  -0.081   0.030 1013.77 1069.86 1.201    878.89    202.95 22.600 22.632 99.999 15.240 15.272 99.999 99.999 99.999  0.262 99.999 99.999 99.999 99.999  99.999  99.999  99.999  99.999  0.003  0.003  0.007  0.006  0.054  0.049   87   62 99.999 99.999   99  19.050542749 -23.218021824 22 37 48.35 2008  7 30 2454678.44292072    45    I                   Himalia3007080001.fits                             Himalia               2045  2050
  -0.074   0.030 1015.63 1062.78 1.186    931.24    220.56 22.592 22.616 99.999 15.169 15.194 99.999 99.999 99.999  0.314 99.999 99.999 99.999 99.999  99.999  99.999  99.999  99.999  0.003  0.003  0.007  0.007  0.056  0.053   87   65 99.999 99.999   99  19.050537139 -23.218040862 22 39  9.16 2008  7 30 2454678.44385602    45    I                   Himalia3007080002.fits                             Himalia               2045  2050
  -0.098   0.027 1016.08 1064.87 1.431    633.61    198.14 22.317 22.432 99.999 15.312 15.428 99.999 99.999 99.999  0.281 99.999 99.999 99.999 99.999  99.999  99.999  99.999  99.999  0.018  0.018  0.007  0.007  0.053  0.056   82   60 99.999 99.999   99  19.050530917 -23.218060265 22 40 29.85 2008  7 30 2454678.44478993    45    I                   Himalia3007080003.fits                             Himalia               2045  2050
  -0.089   0.025 1016.16 1066.79 1.132    953.91    225.57 22.700 22.753 99.999 15.251 15.304 99.999 99.999 99.999  0.269 99.999 99.999 99.999 99.999  99.999  99.999  99.999  99.999  0.006  0.006  0.007  0.006  0.053  0.048   86   64 99.999 99.999   99  19.050525369 -23.218079226 22 41 49.81 2008  7 30 2454678.44571539    45    I                   Himalia3007080004.fits                             Himalia               2045  2050
  -0.082   0.042 1016.98 1063.44 1.741    579.03    147.43 22.188 22.585 99.999 15.281 15.678 99.999 99.999 99.999  0.324 99.999 99.999 99.999 99.999  99.999  99.999  99.999  99.999  0.019  0.019  0.007  0.007  0.053  0.049   73   54 99.999 99.999   99  19.050519812 -23.218093191 22 43  9.74 2008  7 30 2454678.44664051    45    I                   Himalia3007080005.fits                             Himalia               2045  2050
  -0.071   0.022 1016.80 1060.14 1.818    467.46    164.09 21.995 22.123 99.999 15.320 15.449 99.999 99.999 99.999  0.279 99.999 99.999 99.999 99.999  99.999  99.999  99.999  99.999  0.021  0.021  0.007  0.007  0.054  0.049   74   53 99.999 99.999   99  19.050514345 -23.218116925 22 44 29.66 2008  7 30 2454678.44756551    45    I                   Himalia3007080006.fits                             Himalia               2045  2050
  -0.109   0.026 1017.52 1062.61 1.320    714.03    205.53 22.444 22.489 99.999 15.310 15.354 99.999 99.999 99.999  0.262 99.999 99.999 99.999 99.999  99.999  99.999  99.999  99.999  0.005  0.005  0.008  0.007  0.058  0.051   76   60 99.999 99.999   99  19.050507878 -23.218134274 22 45 49.58 2008  7 30 2454678.44849051    45    I                   Himalia3007080007.fits                             Himalia               2045  2050
  -0.086   0.022 1019.52 1053.84 1.445    844.16    162.73 22.645 22.859 99.999 15.329 15.543 99.999 99.999 99.999  0.287 99.999 99.999 99.999 99.999  99.999  99.999  99.999  99.999  0.021  0.021  0.006  0.006  0.046  0.048   83   64 99.999 99.999   99  19.050496903 -23.218172454 22 48 30.10 2008  7 30 2454678.45034838    45    I                   Himalia3007080009.fits                             Himalia               2045  2050
  -0.098   0.013 1018.39 1054.87 1.032   1201.31    243.52 22.889 22.915 99.999 15.190 15.216 99.999 99.999 99.999  0.285 99.999 99.999 99.999 99.999  99.999  99.999  99.999  99.999  0.007  0.007  0.007  0.006  0.055  0.052   89   66 99.999 99.999   99  19.050485242 -23.218211528 22 51  9.91 2008  7 30 2454678.45219803    45    I                   Himalia3007080011.fits                             Himalia               2045  2050
  -0.109   0.024 1019.95 1049.50 1.358    722.23    201.78 22.386 22.494 99.999 15.239 15.348 99.999 99.999 99.999  0.264 99.999 99.999 99.999 99.999  99.999  99.999  99.999  99.999  0.012  0.012  0.007  0.006  0.054  0.052   88   68 99.999 99.999   99  19.050479340 -23.218227354 22 52 29.90 2008  7 30 2454678.45312384    45    I                   Himalia3007080012.fits                             Himalia               2045  2050
  -0.071   0.034 1021.04  956.41 0.855   2725.10    353.16 23.767 23.795 99.999 15.179 15.206 99.999 99.999 99.999  0.253 99.999 99.999 99.999 99.999  99.999  99.999  99.999  99.999  0.007  0.007  0.007  0.007  0.050  0.052   82   59 99.999 99.999   99  19.050396356 -23.218493940 23 12  2.07 2008  7 30 2454678.46669063    55    I                   Himalia3007080015.fits                             Himalia               2045  2050
  -0.109   0.025 1020.29  952.94 0.705   3328.96    553.36 23.909 23.909 99.999 15.103 15.103 99.999 99.999 99.999  0.270 99.999 99.999 99.999 99.999  99.999  99.999  99.999  99.999  0.003  0.003  0.008  0.007  0.060  0.053   83   63 99.999 99.999   99  19.050389170 -23.218517061 23 13 31.68 2008  7 30 2454678.46772778    55    I                   Himalia3007080016.fits                             Himalia               2045  2050
  -0.070   0.031 1017.68  944.82 0.753   3338.82    441.89 23.974 24.017 99.999 15.165 15.208 99.999 99.999 99.999  0.265 99.999 99.999 99.999 99.999  99.999  99.999  99.999  99.999  0.009  0.009  0.007  0.007  0.053  0.050   84   58 99.999 99.999   99  19.050370619 -23.218577182 23 18  2.09 2008  7 30 2454678.47085752    55    I                   Himalia3007080019.fits                             Himalia               2045  2050
  -0.093   0.029 1016.52  940.20 0.684   3644.34    577.78 23.938 23.959 99.999 15.034 15.055 99.999 99.999 99.999  0.264 99.999 99.999 99.999 99.999  99.999  99.999  99.999  99.999  0.010  0.010  0.007  0.007  0.051  0.054   80   58 99.999 99.999   99  19.050363733 -23.218598434 23 19 31.87 2008  7 30 2454678.47189664    55    I                   Himalia3007080020.fits                             Himalia               2045  2050
  -0.066   0.020 1015.01  931.34 1.596   1448.53     33.14 23.285 23.498 99.999 15.382 15.595 99.999 99.999 99.999  0.380 99.999 99.999 99.999 99.999  99.999  99.999  99.999  99.999  0.035  0.036  0.012  0.009  0.065  0.048   57   34 99.999 99.999   99  19.050351393 -23.218641954 23 22 32.08 2008  7 30 2454678.47398241    55    I                   Himalia3007080022.fits                             Himalia               2045  2050
  -0.100   0.020 1014.17  920.24 0.967   2003.85    344.10 23.497 23.555 99.999 15.243 15.300 99.999 99.999 99.999  0.259 99.999 99.999 99.999 99.999  99.999  99.999  99.999  99.999  0.012  0.012  0.007  0.007  0.052  0.050   81   58 99.999 99.999   99  19.050312119 -23.218765284 23 31 31.02 2008  7 30 2454678.48022014    55    I                   Himalia3007080028.fits                             Himalia               2045  2050
  -0.100   0.042 1014.86  917.88 1.131   1610.42    274.00 23.145 23.225 99.999 15.128 15.207 99.999 99.999 99.999  0.269 99.999 99.999 99.999 99.999  99.999  99.999  99.999  99.999  0.014  0.014  0.007  0.008  0.047  0.052   66   47 99.999 99.999   99  19.050305672 -23.218779779 23 33  0.95 2008  7 30 2454678.48126100    55    I                   Himalia3007080029.fits                             Himalia               2045  2050
  -0.079   0.033 1015.59  913.99 1.106   1838.70    257.70 23.364 23.458 99.999 15.202 15.297 99.999 99.999 99.999  0.280 99.999 99.999 99.999 99.999  99.999  99.999  99.999  99.999  0.001  0.001  0.007  0.007  0.052  0.050   84   59 99.999 99.999   99  19.050299676 -23.218802438 23 34 30.77 2008  7 30 2454678.48230058    55    I                   Himalia3007080030.fits                             Himalia               2045  2050
  -0.072   0.024 1015.61  913.40 0.865   2541.17    365.62 23.760 23.764 99.999 15.248 15.252 99.999 99.999 99.999  0.280 99.999 99.999 99.999 99.999  99.999  99.999  99.999  99.999  0.009  0.009  0.008  0.007  0.058  0.052   82   61 99.999 99.999   99  19.050293384 -23.218825445 23 36  0.63 2008  7 30 2454678.48334063    55    I                   Himalia3007080031.fits                             Himalia               2045  2050
  -0.071   0.026 1016.75  906.69 0.889   1944.51    408.85 23.417 23.469 99.999 15.195 15.247 99.999 99.999 99.999  0.231 99.999 99.999 99.999 99.999  99.999  99.999  99.999  99.999  0.004  0.004  0.007  0.007  0.049  0.050   78   56 99.999 99.999   99  19.050274095 -23.218886385 23 40 30.27 2008  7 30 2454678.48646146    55    I                   Himalia3007080034.fits                             Himalia               2045  2050
  -0.068   0.015 1017.17  906.28 0.777   1989.41    481.47 23.510 23.574 99.999 15.263 15.328 99.999 99.999 99.999  0.260 99.999 99.999 99.999 99.999  99.999  99.999  99.999  99.999  0.012  0.012  0.008  0.007  0.058  0.053   83   62 99.999 99.999   99  19.050267713 -23.218910110 23 42  0.17 2008  7 30 2454678.48750197    55    I                   Himalia3007080035.fits                             Himalia               2045  2050
  -0.073   0.035 1017.67  906.19 0.906   1364.06    365.82 23.105 23.162 99.999 15.267 15.325 99.999 99.999 99.999  0.258 99.999 99.999 99.999 99.999  99.999  99.999  99.999  99.999  0.009  0.009  0.007  0.007  0.052  0.052   84   61 99.999 99.999   99  19.050261231 -23.218924585 23 43 29.16 2008  7 30 2454678.48853194    55    I                   Himalia3007080036.fits                             Himalia               2045  2050
  -0.082   0.034 1018.58  902.96 1.260    461.36    333.79 21.792 22.002 99.999 15.132 15.342 99.999 99.999 99.999  0.316 99.999 99.999 99.999 99.999  99.999  99.999  99.999  99.999  0.008  0.008  0.007  0.006  0.054  0.046   83   58 99.999 99.999   99  19.050254540 -23.218945453 23 45  0.07 2008  7 30 2454678.48958414    55    I                   Himalia3007080037.fits                             Himalia               2045  2050
  -0.081   0.022 1019.39  898.63 0.995    650.73    336.39 22.294 22.483 99.999 15.260 15.449 99.999 99.999 99.999  0.258 99.999 99.999 99.999 99.999  99.999  99.999  99.999  99.999  0.002  0.002  0.007  0.007  0.053  0.050   84   63 99.999 99.999   99  19.050241595 -23.218989948 23 48  0.98 2008  7 30 2454678.49167801    55    I                   Himalia3007080039.fits                             Himalia               2045  2050
  -0.093   0.016 1019.20  898.07 1.059    828.84    316.07 22.576 22.854 99.999 15.279 15.557 99.999 99.999 99.999  0.253 99.999 99.999 99.999 99.999  99.999  99.999  99.999  99.999  0.012  0.012  0.007  0.007  0.053  0.053   83   59 99.999 99.999   99  19.050234900 -23.219012084 23 49 30.82 2008  7 30 2454678.49271782    55    I                   Himalia3007080040.fits                             Himalia               2045  2050
  -0.071   0.027 1020.73  892.21 1.114   1036.33    303.53 22.743 22.864 99.999 15.205 15.325 99.999 99.999 99.999  0.245 99.999 99.999 99.999 99.999  99.999  99.999  99.999  99.999  0.006  0.006  0.006  0.007  0.047  0.052   81   58 99.999 99.999   99  19.050222463 -23.219049801 23 52 30.68 2008  7 30 2454678.49479954    55    I                   Himalia3007080042.fits                             Himalia               2045  2050
  -0.087   0.035 1021.43  890.92 0.827   1433.00    350.43 23.114 23.242 99.999 15.223 15.351 99.999 99.999 99.999  0.245 99.999 99.999 99.999 99.999  99.999  99.999  99.999  99.999  0.011  0.011  0.007  0.007  0.052  0.053   83   59 99.999 99.999   99  19.050209245 -23.219088395 23 55 30.40 2008  7 30 2454678.49687963    55    I                   Himalia3007080044.fits                             Himalia               2045  2050
  -0.082   0.041 1021.73  888.75 1.295    703.16    275.69 22.251 22.483 99.999 15.134 15.365 99.999 99.999 99.999  0.311 99.999 99.999 99.999 99.999  99.999  99.999  99.999  99.999  0.014  0.014  0.008  0.007  0.057  0.051   78   59 99.999 99.999   99  19.050202841 -23.219107301 23 57  1.10 2008  7 30 2454678.49792940    55    I                   Himalia3007080045.fits                             Himalia               2045  2050
  -0.071   0.016 1022.37  884.93 1.299    776.79    270.72 22.424 22.599 99.999 15.199 15.373 99.999 99.999 99.999  0.300 99.999 99.999 99.999 99.999  99.999  99.999  99.999  99.999  0.006  0.006  0.007  0.007  0.051  0.055   83   61 99.999 99.999   99  19.050196631 -23.219134367 23 58 30.92 2008  7 30 2454678.49896898    55    I                   Himalia3007080046.fits                             Himalia               2045  2050
  -0.062   0.028 1022.48  883.71 1.174    909.61    304.51 22.641 22.741 99.999 15.244 15.344 99.999 99.999 99.999  0.246 99.999 99.999 99.999 99.999  99.999  99.999  99.999  99.999  0.008  0.008  0.007  0.008  0.049  0.055   81   59 99.999 99.999   99  19.050190368 -23.219151574  0  0  0.78 2008  7 31 2454678.50000903    55    I                   Himalia3007080047.fits                             Himalia               2045  2050
  -0.088   0.036 1023.62  880.76 1.266    958.20    271.63 22.605 22.808 99.999 15.152 15.354 99.999 99.999 99.999  0.279 99.999 99.999 99.999 99.999  99.999  99.999  99.999  99.999  0.009  0.009  0.007  0.007  0.052  0.052   80   58 99.999 99.999   99  19.050176947 -23.219189971  0  3  0.42 2008  7 31 2454678.50208819    55    I                   Himalia3007080049.fits                             Himalia               2045  2050
  -0.073   0.032 1023.64  876.42 1.146   1285.31    278.69 22.931 23.098 99.999 15.159 15.326 99.999 99.999 99.999  0.265 99.999 99.999 99.999 99.999  99.999  99.999  99.999  99.999  0.012  0.012  0.007  0.007  0.050  0.052   79   56 99.999 99.999   99  19.050170759 -23.219211709  0  4 31.12 2008  7 31 2454678.50313796    55    I                   Himalia3007080050.fits                             Himalia               2045  2050
  -0.072   0.012  843.44 1004.68 1.226   1750.62    458.55 23.823 23.515 99.999 15.715 15.407 99.999 99.999 99.999  0.198 99.999 99.999 99.999 99.999  99.999  99.999  99.999  99.999  0.004  0.004  0.031  0.016  0.059  0.029    6    6 99.999 99.999   99  22.011037215 -13.307695201  7 47  2.06 2009  6 21 2455003.82432940   120    I                   himalia_0001.fits                                  Himalia               2045  2050
  -0.077  -0.006  843.66 1004.40 0.964   2727.13    533.29 24.309 24.148 99.999 15.719 15.558 99.999 99.999 99.999  0.205 99.999 99.999 99.999 99.999  99.999  99.999  99.999  99.999  0.005  0.005  0.020  0.009  0.056  0.024    8    8 99.999 99.999   99  22.011035875 -13.307691484  7 49 37.13 2009  6 21 2455003.82612419   120    I                   himalia_0002.fits                                  Himalia               2045  2050
  -0.091  -0.008  843.37 1003.51 0.988   2794.52    506.21 24.305 24.152 99.999 15.689 15.536 99.999 99.999 99.999  0.192 99.999 99.999 99.999 99.999  99.999  99.999  99.999  99.999  0.005  0.005  0.024  0.012  0.059  0.029    7    7 99.999 99.999   99  22.011034330 -13.307682847  7 52 17.41 2009  6 21 2455003.82797928   120    I                   himalia_0003.fits                                  Himalia               2045  2050
  -0.063  -0.002  843.50 1003.26 1.058   2318.60    513.63 24.151 23.948 99.999 15.738 15.535 99.999 99.999 99.999  0.223 99.999 99.999 99.999 99.999  99.999  99.999  99.999  99.999  0.007  0.007  0.022  0.011  0.057  0.028    7    7 99.999 99.999   99  22.011033580 -13.307671743  7 54 57.10 2009  6 21 2455003.82982755   120    I                   himalia_0004.fits                                  Himalia               2045  2050
  -0.074   0.003  843.04 1002.92 1.256   1633.50    468.87 23.724 23.623 99.999 15.692 15.590 99.999 99.999 99.999  0.219 99.999 99.999 99.999 99.999  99.999  99.999  99.999  99.999  0.005  0.005  0.032  0.014  0.061  0.026    6    6 99.999 99.999   99  22.011032118 -13.307661284  7 57 31.90 2009  6 21 2455003.83161921   120    I                   himalia_0005.fits                                  Himalia               2045  2050
  -0.077   0.005  843.08 1001.91 1.215   1979.59    434.35 23.969 23.691 99.999 15.728 15.449 99.999 99.999 99.999  0.215 99.999 99.999 99.999 99.999  99.999  99.999  99.999  99.999  0.006  0.006  0.019  0.012  0.049  0.032    7    7 99.999 99.999   99  22.011030765 -13.307651507  8  0 12.77 2009  6 21 2455003.83348113   120    I                   himalia_0006.fits                                  Himalia               2045  2050
  -0.070   0.006  842.78 1001.54 1.096   2161.90    505.25 24.026 23.868 99.999 15.688 15.531 99.999 99.999 99.999  0.204 99.999 99.999 99.999 99.999  99.999  99.999  99.999  99.999  0.006  0.006  0.034  0.015  0.063  0.029    6    6 99.999 99.999   99  22.011029676 -13.307641920  8  2 47.66 2009  6 21 2455003.83527384   120    I                   himalia_0007.fits                                  Himalia               2045  2050
  -0.074   0.006  841.95 1001.61 1.042   2400.96    526.61 24.114 23.995 99.999 15.663 15.544 99.999 99.999 99.999  0.209 99.999 99.999 99.999 99.999  99.999  99.999  99.999  99.999  0.004  0.004  0.032  0.014  0.060  0.026    6    6 99.999 99.999   99  22.011028318 -13.307632731  8  5 26.70 2009  6 21 2455003.83711458   120    I                   himalia_0008.fits                                  Himalia               2045  2050
  -0.072   0.011  841.40  999.80 1.162   1975.74    488.96 23.902 23.777 99.999 15.662 15.537 99.999 99.999 99.999  0.214 99.999 99.999 99.999 99.999  99.999  99.999  99.999  99.999  0.004  0.004  0.033  0.014  0.062  0.026    6    6 99.999 99.999   99  22.011025848 -13.307613447  8 10 36.58 2009  6 21 2455003.84070116   120    I                   himalia_0010.fits                                  Himalia               2045  2050
  -0.071   0.002  841.15  999.42 1.232   1852.56    461.69 23.840 23.749 99.999 15.670 15.580 99.999 99.999 99.999  0.202 99.999 99.999 99.999 99.999  99.999  99.999  99.999  99.999  0.004  0.004  0.020  0.010  0.051  0.026    7    7 99.999 99.999   99  22.011024625 -13.307606586  8 13 12.31 2009  6 21 2455003.84250359   120    I                   himalia_0011.fits                                  Himalia               2045  2050
  -0.074   0.005  841.34  998.89 1.077   2382.38    514.26 24.082 23.901 99.999 15.639 15.458 99.999 99.999 99.999  0.238 99.999 99.999 99.999 99.999  99.999  99.999  99.999  99.999  0.005  0.005  0.040  0.010  0.072  0.018    5    5 99.999 99.999   99  22.011023322 -13.307596701  8 15 47.25 2009  6 21 2455003.84429687   120    I                   himalia_0012.fits                                  Himalia               2045  2050
  -0.076   0.010  839.85  999.45 1.000   2611.82    579.20 24.165 23.937 99.999 15.622 15.394 99.999 99.999 99.999  0.208 99.999 99.999 99.999 99.999  99.999  99.999  99.999  99.999  0.004  0.004  0.032  0.014  0.060  0.025    6    6 99.999 99.999   99  22.011021240 -13.307580677  8 19 59.53 2009  6 21 2455003.84721678   120    I                   himalia_0013.fits                                  Himalia               2045  2050
  -0.089  -0.002  838.28 1001.69 1.012   2492.66    588.22 24.074 23.886 99.999 15.582 15.394 99.999 99.999 99.999  0.189 99.999 99.999 99.999 99.999  99.999  99.999  99.999  99.999  0.006  0.006  0.024  0.011  0.059  0.027    7    7 99.999 99.999   99  22.011019731 -13.307574334  8 22 39.54 2009  6 21 2455003.84906875   120    I                   himalia_0014.fits                                  Himalia               2045  2050
  -0.109  -0.009  835.65 1004.71 1.427   1502.87    445.17 23.449 23.294 99.999 15.507 15.352 99.999 99.999 99.999  0.076 99.999 99.999 99.999 99.999  99.999  99.999  99.999  99.999  0.006  0.006  0.008  0.010  0.019  0.022    6    6 99.999 99.999   99  22.011018093 -13.307567134  8 25 15.67 2009  6 21 2455003.85087581   120    I                   himalia_0015.fits                                  Himalia               2045  2050
  -0.072   0.001  833.18 1008.04 1.061   2556.28    542.79 24.129 23.896 99.999 15.610 15.377 99.999 99.999 99.999  0.198 99.999 99.999 99.999 99.999  99.999  99.999  99.999  99.999  0.005  0.005  0.020  0.011  0.053  0.029    7    7 99.999 99.999   99  22.011016965 -13.307550845  8 29  5.27 2009  6 21 2455003.85353322   120    I                   himalia_0016.fits                                  Himalia               2045  2050
  -0.105   0.003  831.27 1014.05 1.172   2494.09    451.68 23.969 23.568 99.999 15.476 15.076 99.999 99.999 99.999  0.072 99.999 99.999 99.999 99.999  99.999  99.999  99.999  99.999  0.004  0.004  0.013  0.016  0.021  0.025    5    5 99.999 99.999   99  22.011015087 -13.307541185  8 31 41.64 2009  6 21 2455003.85534306   120    I                   himalia_0017.fits                                  Himalia               2045  2050
  -0.107  -0.006  829.38 1019.05 0.979   2977.34    608.36 24.151 23.987 99.999 15.467 15.303 99.999 99.999 99.999  0.070 99.999 99.999 99.999 99.999  99.999  99.999  99.999  99.999  0.007  0.007  0.008  0.012  0.018  0.028    6    6 99.999 99.999   99  22.011013803 -13.307534557  8 34 17.00 2009  6 21 2455003.85714120   120    I                   himalia_0018.fits                                  Himalia               2045  2050
  -0.123  -0.027  986.08 1278.48 1.214    299.60     78.90 21.698 21.321 99.999 15.507 15.130 99.999 99.999 99.999  0.136 99.999 99.999 99.999 99.999  99.999  99.999  99.999  99.999  0.008  0.008  0.005  0.015  0.010  0.032    5    5 99.999 99.999   99  22.008426696 -13.298052026  8 15 55.22 2009  6 24 2455006.84438912    20    I                   himalia_0001.fits                                  Himalia               2045  2050
  -0.133  -0.025  984.06 1276.98 1.298    598.33    138.07 22.420 21.901 99.999 15.477 14.959 99.999 99.999 99.999  0.139 99.999 99.999 99.999 99.999  99.999  99.999  99.999  99.999  0.005  0.005  0.004  0.017  0.008  0.036    5    5 99.999 99.999   99  22.008424721 -13.298049257  8 17 40.87 2009  6 24 2455006.84561192    40    I                   himalia_0002.fits                                  Himalia               2045  2050
  -0.134  -0.022  983.55 1273.80 1.128    731.12    153.54 22.632 22.233 99.999 15.472 15.073 99.999 99.999 99.999  0.159 99.999 99.999 99.999 99.999  99.999  99.999  99.999  99.999  0.009  0.009  0.003  0.017  0.006  0.037    5    5 99.999 99.999   99  22.008423311 -13.298046786  8 19  3.09 2009  6 24 2455006.84656354    40    I                   himalia_0003.fits                                  Himalia               2045  2050
  -0.130  -0.012  984.26 1275.25 1.191    674.41    140.42 22.572 22.142 99.999 15.500 15.070 99.999 99.999 99.999  0.149 99.999 99.999 99.999 99.999  99.999  99.999  99.999  99.999  0.013  0.013  0.004  0.020  0.008  0.042    5    5 99.999 99.999   99  22.008421826 -13.298042080  8 20 35.77 2009  6 24 2455006.84763623    40    I                   himalia_0004.fits                                  Himalia               2045  2050
  -0.131  -0.028  983.92 1275.46 1.056    854.94    145.89 22.847 22.579 99.999 15.517 15.249 99.999 99.999 99.999  0.136 99.999 99.999 99.999 99.999  99.999  99.999  99.999  99.999  0.006  0.006  0.006  0.015  0.013  0.032    5    5 99.999 99.999   99  22.008420543 -13.298044688  8 21 51.60 2009  6 24 2455006.84851389    40    I                   himalia_0005.fits                                  Himalia               2045  2050
  -0.139  -0.024  984.17 1273.03 0.981    795.03    156.89 22.750 22.403 99.999 15.499 15.152 99.999 99.999 99.999  0.150 99.999 99.999 99.999 99.999  99.999  99.999  99.999  99.999  0.007  0.007  0.004  0.014  0.009  0.029    5    5 99.999 99.999   99  22.008419075 -13.298041993  8 23 10.08 2009  6 24 2455006.84942222    40    I                   himalia_0006.fits                                  Himalia               2045  2050
  -0.125  -0.012  982.97 1274.34 1.112    805.28    139.75 22.776 22.418 99.999 15.511 15.153 99.999 99.999 99.999  0.150 99.999 99.999 99.999 99.999  99.999  99.999  99.999  99.999  0.002  0.002  0.005  0.016  0.010  0.034    5    5 99.999 99.999   99  22.008418041 -13.298037175  8 24 26.62 2009  6 24 2455006.85030810    40    I                   himalia_0007.fits                                  Himalia               2045  2050
  -0.130  -0.025  983.16 1273.67 1.140    769.32    139.46 22.731 22.296 99.999 15.515 15.081 99.999 99.999 99.999  0.152 99.999 99.999 99.999 99.999  99.999  99.999  99.999  99.999  0.005  0.005  0.006  0.019  0.012  0.040    5    5 99.999 99.999   99  22.008416582 -13.298039130  8 25 48.23 2009  6 24 2455006.85125266    40    I                   himalia_0008.fits                                  Himalia               2045  2050
  -0.133  -0.026  983.27 1270.91 1.025    896.62    153.75 22.888 22.468 99.999 15.506 15.087 99.999 99.999 99.999  0.150 99.999 99.999 99.999 99.999  99.999  99.999  99.999  99.999  0.006  0.006  0.003  0.012  0.007  0.027    5    5 99.999 99.999   99  22.008415250 -13.298037877  8 27  5.36 2009  6 24 2455006.85214537    40    I                   himalia_0009.fits                                  Himalia               2045  2050
  -0.134  -0.011  983.53 1272.63 0.956   1070.38    151.49 23.252 22.655 99.999 15.679 15.082 99.999 99.999 99.999  0.385 99.999 99.999 99.999 99.999  99.999  99.999  99.999  99.999  0.007  0.007  0.042  0.029  0.091  0.064    6    6 99.999 99.999   99  22.008412681 -13.298030676  8 29 36.14 2009  6 24 2455006.85389051    40    I                   himalia_0011.fits                                  Himalia               2045  2050
  -0.135  -0.018  982.77 1270.35 1.013    892.79    155.58 22.907 22.383 99.999 15.530 15.006 99.999 99.999 99.999  0.150 99.999 99.999 99.999 99.999  99.999  99.999  99.999  99.999  0.009  0.009  0.003  0.014  0.006  0.031    5    5 99.999 99.999   99  22.008411408 -13.298030745  8 30 51.20 2009  6 24 2455006.85475926    40    I                   himalia_0012.fits                                  Himalia               2045  2050
  -0.134  -0.019  983.09 1274.81 0.979    934.27    162.12 23.100 22.589 99.999 15.674 15.162 99.999 99.999 99.999  0.364 99.999 99.999 99.999 99.999  99.999  99.999  99.999  99.999  0.006  0.006  0.042  0.029  0.090  0.063    6    6 99.999 99.999   99  22.008410170 -13.298029575  8 32  6.21 2009  6 24 2455006.85562743    40    I                   himalia_0013.fits                                  Himalia               2045  2050
  -0.134  -0.025  982.63 1270.86 1.049    765.72    163.88 22.742 22.307 99.999 15.532 15.097 99.999 99.999 99.999  0.158 99.999 99.999 99.999 99.999  99.999  99.999  99.999  99.999  0.005  0.005  0.004  0.014  0.009  0.031    5    5 99.999 99.999   99  22.008408916 -13.298029718  8 33 21.06 2009  6 24 2455006.85649375    40    I                   himalia_0014.fits                                  Himalia               2045  2050
  -0.141  -0.030  982.95 1270.01 1.517    437.32    129.89 22.149 21.815 99.999 15.547 15.213 99.999 99.999 99.999  0.150 99.999 99.999 99.999 99.999  99.999  99.999  99.999  99.999  0.013  0.013  0.005  0.015  0.011  0.032    5    5 99.999 99.999   99  22.008407514 -13.298029404  8 34 36.10 2009  6 24 2455006.85736227    40    I                   himalia_0015.fits                                  Himalia               2045  2050
  -0.134  -0.019  982.30 1270.57 1.108    709.23    156.86 22.702 22.145 99.999 15.575 15.018 99.999 99.999 99.999  0.155 99.999 99.999 99.999 99.999  99.999  99.999  99.999  99.999  0.004  0.004  0.004  0.024  0.007  0.044    4    4 99.999 99.999   99  22.008406401 -13.298024802  8 35 50.97 2009  6 24 2455006.85822882    40    I                   himalia_0016.fits                                  Himalia               2045  2050
  -0.129  -0.017  982.81 1269.39 1.248    559.57    150.14 22.411 21.902 99.999 15.542 15.032 99.999 99.999 99.999  0.145 99.999 99.999 99.999 99.999  99.999  99.999  99.999  99.999  0.005  0.005  0.006  0.017  0.012  0.036    5    5 99.999 99.999   99  22.008405189 -13.298022832  8 37  9.46 2009  6 24 2455006.85913727    40    I                   himalia_0017.fits                                  Himalia               2045  2050
  -0.128  -0.018  982.27 1269.90 1.138    606.22    167.50 22.498 22.139 99.999 15.542 15.182 99.999 99.999 99.999  0.148 99.999 99.999 99.999 99.999  99.999  99.999  99.999  99.999  0.007  0.007  0.003  0.019  0.005  0.041    5    5 99.999 99.999   99  22.008403890 -13.298021419  8 38 26.36 2009  6 24 2455006.86002731    40    I                   himalia_0018.fits                                  Himalia               2045  2050
  -0.131  -0.024  982.42 1267.54 1.064    848.80    143.96 22.877 22.374 99.999 15.555 15.052 99.999 99.999 99.999  0.155 99.999 99.999 99.999 99.999  99.999  99.999  99.999  99.999  0.005  0.005  0.006  0.015  0.012  0.032    5    5 99.999 99.999   99  22.008401197 -13.298019638  8 41  4.88 2009  6 24 2455006.86186204    40    I                   himalia_0019.fits                                  Himalia               2045  2050
  -0.138  -0.018  981.98 1269.65 1.219    691.71    139.19 22.798 22.361 99.999 15.698 15.261 99.999 99.999 99.999  0.354 99.999 99.999 99.999 99.999  99.999  99.999  99.999  99.999  0.008  0.008  0.040  0.037  0.087  0.079    6    6 99.999 99.999   99  22.008399784 -13.298016461  8 42 20.81 2009  6 24 2455006.86274086    40    I                   himalia_0020.fits                                  Himalia               2045  2050
  -0.141  -0.019  982.81 1268.09 1.108    768.77    163.96 22.904 22.462 99.999 15.690 15.248 99.999 99.999 99.999  0.352 99.999 99.999 99.999 99.999  99.999  99.999  99.999  99.999  0.006  0.006  0.043  0.026  0.094  0.056    6    6 99.999 99.999   99  22.008398480 -13.298015094  8 43 34.95 2009  6 24 2455006.86359896    40    I                   himalia_0021.fits                                  Himalia               2045  2050
  -0.123  -0.027  981.94 1264.92 1.063    770.81    183.48 22.778 22.253 99.999 15.561 15.036 99.999 99.999 99.999  0.127 99.999 99.999 99.999 99.999  99.999  99.999  99.999  99.999  0.006  0.006  0.005  0.011  0.011  0.024    5    5 99.999 99.999   99  22.008397585 -13.298015908  8 44 49.94 2009  6 24 2455006.86446690    40    I                   himalia_0022.fits                                  Himalia               2045  2050
  -0.133  -0.021  982.55 1268.60 1.110    763.22    181.09 22.761 22.493 99.999 15.555 15.287 99.999 99.999 99.999  0.139 99.999 99.999 99.999 99.999  99.999  99.999  99.999  99.999  0.004  0.004  0.005  0.013  0.011  0.029    5    5 99.999 99.999   99  22.008396100 -13.298012504  8 46  7.27 2009  6 24 2455006.86536192    40    I                   himalia_0023.fits                                  Himalia               2045  2050
  -0.141  -0.016  981.86 1265.87 1.138    768.23    186.49 22.902 22.541 99.999 15.688 15.327 99.999 99.999 99.999  0.331 99.999 99.999 99.999 99.999  99.999  99.999  99.999  99.999  0.005  0.005  0.043  0.024  0.092  0.053    6    6 99.999 99.999   99  22.008394631 -13.298009473  8 47 27.18 2009  6 24 2455006.86628681    40    I                   himalia_0024.fits                                  Himalia               2045  2050
  -0.143  -0.015  981.80 1264.86 1.055    756.06    230.85 22.912 22.350 99.999 15.715 15.153 99.999 99.999 99.999  0.341 99.999 99.999 99.999 99.999  99.999  99.999  99.999  99.999  0.005  0.005  0.043  0.027  0.093  0.059    6    6 99.999 99.999   99  22.008393340 -13.298007600  8 48 41.28 2009  6 24 2455006.86714444    40    I                   himalia_0025.fits                                  Himalia               2045  2050
  -0.131  -0.016  981.44 1268.72 1.204    654.68    232.63 22.596 22.087 99.999 15.556 15.047 99.999 99.999 99.999  0.115 99.999 99.999 99.999 99.999  99.999  99.999  99.999  99.999  0.005  0.005  0.004  0.019  0.009  0.042    5    5 99.999 99.999   99  22.008392279 -13.298006176  8 49 58.36 2009  6 24 2455006.86803657    40    I                   himalia_0026.fits                                  Himalia               2045  2050
  -0.137  -0.024  981.59 1265.45 1.052    850.24    365.81 22.996 22.606 99.999 15.672 15.282 99.999 99.999 99.999  0.289 99.999 99.999 99.999 99.999  99.999  99.999  99.999  99.999  0.004  0.004  0.044  0.025  0.095  0.054    6    6 99.999 99.999   99  22.008388307 -13.298003287  8 53 49.43 2009  6 24 2455006.87071100    40    I                   himalia_0029.fits                                  Himalia               2045  2050
  -0.127  -0.028  981.19 1265.61 1.170    816.98    598.11 22.817 22.546 99.999 15.537 15.265 99.999 99.999 99.999  0.121 99.999 99.999 99.999 99.999  99.999  99.999  99.999  99.999  0.006  0.006  0.008  0.015  0.017  0.032    5    5 99.999 99.999   99  22.008384480 -13.297999338  8 57 49.45 2009  6 24 2455006.87348900    40    I                   himalia_0032.fits                                  Himalia               2045  2050
   0.015   0.023 1099.71 1046.88 1.011    752.56    217.36 22.712 22.614 99.999 15.521 15.422 99.999 99.999 99.999  0.377 99.999 99.999 99.999 99.999  99.999  99.999  99.999  99.999  0.003  0.003  0.013  0.015  0.056  0.064   27   20 99.999 99.999   99   7.534020583  22.094513402  5 40 42.81 2013 11  9 2456605.73660663    30    I                   Himalia_001.fits                                   Himalia               2048  2048
   0.028  -0.008 1097.28 1046.26 1.116    636.90    204.61 22.486 22.449 99.999 15.476 15.439 99.999 99.999 99.999  0.349 99.999 99.999 99.999 99.999  99.999  99.999  99.999  99.999  0.004  0.004  0.013  0.014  0.056  0.062   30   20 99.999 99.999   99   7.534020887  22.094501415  5 41 55.10 2013 11  9 2456605.73744330    30    I                   Himalia_002.fits                                   Himalia               2048  2048
   0.026   0.062 1096.25 1045.45 1.078    657.10    208.70 22.569 22.415 99.999 15.525 15.371 99.999 99.999 99.999  0.368 99.999 99.999 99.999 99.999  99.999  99.999  99.999  99.999  0.006  0.006  0.014  0.016  0.061  0.068   28   19 99.999 99.999   99   7.534020875  22.094519185  5 42 30.02 2013 11  9 2456605.73784742    30    I                   Himalia_003.fits                                   Himalia               2048  2048
   0.010   0.011 1093.11 1046.22 1.298    590.61    159.12 22.403 22.285 99.999 15.475 15.357 99.999 99.999 99.999  0.395 99.999 99.999 99.999 99.999  99.999  99.999  99.999  99.999  0.007  0.007  0.013  0.016  0.053  0.064   29   19 99.999 99.999   99   7.534020614  22.094503490  5 43  4.93 2013 11  9 2456605.73825153    30    I                   Himalia_004.fits                                   Himalia               2048  2048
   0.004   0.023 1093.81 1045.99 1.109    691.55    193.44 22.570 22.461 99.999 15.470 15.362 99.999 99.999 99.999  0.384 99.999 99.999 99.999 99.999  99.999  99.999  99.999  99.999  0.003  0.003  0.013  0.013  0.052  0.052   29   17 99.999 99.999   99   7.534020532  22.094505292  5 43 39.85 2013 11  9 2456605.73865564    30    I                   Himalia_005.fits                                   Himalia               2048  2048
   0.003   0.034 1091.50 1043.74 1.055    676.35    215.09 22.593 22.535 99.999 15.517 15.460 99.999 99.999 99.999  0.396 99.999 99.999 99.999 99.999  99.999  99.999  99.999  99.999  0.005  0.005  0.014  0.017  0.059  0.071   25   18 99.999 99.999   99   7.534020531  22.094506625  5 44 14.76 2013 11  9 2456605.73905969    30    I                   Himalia_006.fits                                   Himalia               2048  2048
   0.036  -0.003 1090.18 1042.39 1.223    581.30    188.33 22.398 22.296 99.999 15.487 15.385 99.999 99.999 99.999  0.362 99.999 99.999 99.999 99.999  99.999  99.999  99.999  99.999  0.006  0.006  0.012  0.015  0.048  0.059   27   16 99.999 99.999   99   7.534021226  22.094494594  5 44 49.67 2013 11  9 2456605.73946375    30    I                   Himalia_007.fits                                   Himalia               2048  2048
   0.021   0.011 1089.52 1041.64 1.076    690.27    206.36 22.559 22.502 99.999 15.462 15.404 99.999 99.999 99.999  0.378 99.999 99.999 99.999 99.999  99.999  99.999  99.999  99.999  0.004  0.004  0.012  0.017  0.050  0.068   27   19 99.999 99.999   99   7.534021000  22.094495173  5 45 59.49 2013 11  9 2456605.74027193    30    I                   Himalia_009.fits                                   Himalia               2048  2048
   0.037   0.020 1087.48 1041.34 1.099    659.93    203.90 22.546 22.437 99.999 15.497 15.389 99.999 99.999 99.999  0.362 99.999 99.999 99.999 99.999  99.999  99.999  99.999  99.999  0.006  0.006  0.012  0.016  0.052  0.065   30   20 99.999 99.999   99   7.534021341  22.094496063  5 46 34.41 2013 11  9 2456605.74067602    30    I                   Himalia_010.fits                                   Himalia               2048  2048
   0.002   0.027 1085.40 1041.04 1.297    521.80    186.22 22.319 22.238 99.999 15.525 15.444 99.999 99.999 99.999  0.374 99.999 99.999 99.999 99.999  99.999  99.999  99.999  99.999  0.006  0.006  0.013  0.016  0.057  0.067   26   19 99.999 99.999   99   7.534020670  22.094496543  5 47  9.32 2013 11  9 2456605.74108010    30    I                   Himalia_011.fits                                   Himalia               2048  2048
   0.001   0.027 1089.49 1043.22 1.275    513.26    191.71 22.234 22.162 99.999 15.459 15.386 99.999 99.999 99.999  0.361 99.999 99.999 99.999 99.999  99.999  99.999  99.999  99.999  0.005  0.005  0.013  0.017  0.052  0.070   27   18 99.999 99.999   99   7.534020681  22.094495135  5 47 44.23 2013 11  9 2456605.74148419    30    I                   Himalia_012.fits                                   Himalia               2048  2048
   0.007   0.043 1088.53 1041.22 1.162    594.10    197.62 22.439 22.367 99.999 15.505 15.432 99.999 99.999 99.999  0.357 99.999 99.999 99.999 99.999  99.999  99.999  99.999  99.999  0.006  0.006  0.013  0.015  0.056  0.069   28   21 99.999 99.999   99   7.534020840  22.094497716  5 48 19.17 2013 11  9 2456605.74188853    30    I                   Himalia_013.fits                                   Himalia               2048  2048
   0.016   0.008 1085.84 1040.67 1.133    562.58    214.48 22.390 22.232 99.999 15.514 15.357 99.999 99.999 99.999  0.360 99.999 99.999 99.999 99.999  99.999  99.999  99.999  99.999  0.005  0.005  0.012  0.016  0.050  0.065   28   20 99.999 99.999   99   7.534021038  22.094486451  5 48 54.08 2013 11  9 2456605.74229262    30    I                   Himalia_014.fits                                   Himalia               2048  2048
   0.027   0.053 1085.13 1038.21 1.326    484.44    188.52 22.174 22.044 99.999 15.461 15.331 99.999 99.999 99.999  0.351 99.999 99.999 99.999 99.999  99.999  99.999  99.999  99.999  0.004  0.004  0.014  0.016  0.062  0.069   28   20 99.999 99.999   99   7.534021317  22.094497191  5 49 28.99 2013 11  9 2456605.74269668    30    I                   Himalia_015.fits                                   Himalia               2048  2048
   0.017   0.036 1084.62 1036.54 1.380    443.39    186.78 22.157 22.078 99.999 15.540 15.461 99.999 99.999 99.999  0.354 99.999 99.999 99.999 99.999  99.999  99.999  99.999  99.999  0.006  0.006  0.012  0.015  0.050  0.062   26   18 99.999 99.999   99   7.534021139  22.094490800  5 50  3.90 2013 11  9 2456605.74310074    30    I                   Himalia_016.fits                                   Himalia               2048  2048
   0.009  -0.005 1086.17 1036.04 1.191    559.89    200.80 22.364 22.291 99.999 15.494 15.421 99.999 99.999 99.999  0.352 99.999 99.999 99.999 99.999  99.999  99.999  99.999  99.999  0.005  0.005  0.014  0.014  0.060  0.060   30   20 99.999 99.999   99   7.534021016  22.094477903  5 50 38.82 2013 11  9 2456605.74350484    30    I                   Himalia_017.fits                                   Himalia               2048  2048
   0.031  -0.003 1085.43 1037.01 1.162    607.73    203.99 22.445 22.373 99.999 15.486 15.413 99.999 99.999 99.999  0.369 99.999 99.999 99.999 99.999  99.999  99.999  99.999  99.999  0.005  0.005  0.011  0.016  0.046  0.067   27   18 99.999 99.999   99   7.534021503  22.094475219  5 51 48.64 2013 11  9 2456605.74431300    30    I                   Himalia_019.fits                                   Himalia               2048  2048
   0.032   0.052 1084.61 1035.03 0.966    764.49    209.88 22.658 22.552 99.999 15.450 15.343 99.999 99.999 99.999  0.369 99.999 99.999 99.999 99.999  99.999  99.999  99.999  99.999  0.004  0.006  0.013  0.016  0.054  0.065   28   19 99.999 99.999   99   7.534021557  22.094488752  5 52 23.56 2013 11  9 2456605.74471708    30    I                   Himalia_020.fits                                   Himalia               2048  2048
   0.017   0.056 1081.20 1033.38 1.147    653.76    200.52 22.511 22.393 99.999 15.472 15.355 99.999 99.999 99.999  0.373 99.999 99.999 99.999 99.999  99.999  99.999  99.999  99.999  0.007  0.007  0.014  0.016  0.063  0.068   28   20 99.999 99.999   99   7.534021318  22.094486608  5 53 33.38 2013 11  9 2456605.74552523    30    I                   Himalia_022.fits                                   Himalia               2048  2048
   0.015   0.042 1081.66 1033.68 1.105    634.12    215.59 22.475 22.356 99.999 15.469 15.351 99.999 99.999 99.999  0.371 99.999 99.999 99.999 99.999  99.999  99.999  99.999  99.999  0.005  0.005  0.010  0.017  0.042  0.069   29   18 99.999 99.999   99   7.534021336  22.094481120  5 54  8.29 2013 11  9 2456605.74592929    30    I                   Himalia_023.fits                                   Himalia               2048  2048
   0.010   0.045 1079.66 1035.81 1.152    560.92    210.50 22.296 22.185 99.999 15.424 15.313 99.999 99.999 99.999  0.355 99.999 99.999 99.999 99.999  99.999  99.999  99.999  99.999  0.004  0.004  0.013  0.015  0.062  0.069   30   22 99.999 99.999   99   7.534021288  22.094478541  5 55 18.11 2013 11  9 2456605.74673743    30    I                   Himalia_025.fits                                   Himalia               2048  2048
  -0.003   0.024 1081.08 1033.68 1.288    531.74    189.11 22.309 22.203 99.999 15.495 15.389 99.999 99.999 99.999  0.358 99.999 99.999 99.999 99.999  99.999  99.999  99.999  99.999  0.006  0.006  0.012  0.016  0.051  0.065   28   19 99.999 99.999   99   7.534021060  22.094471109  5 55 53.03 2013 11  9 2456605.74714150    30    I                   Himalia_026.fits                                   Himalia               2048  2048
   0.007   0.030 1080.44 1032.40 1.047    791.10    200.03 22.685 22.643 99.999 15.439 15.397 99.999 99.999 99.999  0.389 99.999 99.999 99.999 99.999  99.999  99.999  99.999  99.999  0.005  0.005  0.014  0.016  0.058  0.069   26   19 99.999 99.999   99   7.534021280  22.094471443  5 56 27.94 2013 11  9 2456605.74754557    30    I                   Himalia_027.fits                                   Himalia               2048  2048
   0.000   0.065 1076.96 1031.30 1.001    782.62    218.86 22.732 22.638 99.999 15.498 15.404 99.999 99.999 99.999  0.411 99.999 99.999 99.999 99.999  99.999  99.999  99.999  99.999  0.004  0.004  0.012  0.015  0.049  0.065   28   19 99.999 99.999   99   7.534021173  22.094479564  5 57  2.85 2013 11  9 2456605.74794966    30    I                   Himalia_028.fits                                   Himalia               2048  2048
   0.015   0.004 1078.50 1031.06 1.041    716.27    217.36 22.608 22.462 99.999 15.470 15.324 99.999 99.999 99.999  0.365 99.999 99.999 99.999 99.999  99.999  99.999  99.999  99.999  0.005  0.005  0.013  0.015  0.059  0.068   30   21 99.999 99.999   99   7.534021500  22.094460810  5 57 37.76 2013 11  9 2456605.74835374    30    I                   Himalia_029.fits                                   Himalia               2048  2048
   0.016   0.048 1077.75 1031.11 1.102    691.55    201.92 22.553 22.417 99.999 15.453 15.318 99.999 99.999 99.999  0.380 99.999 99.999 99.999 99.999  99.999  99.999  99.999  99.999  0.004  0.004  0.014  0.015  0.062  0.066   27   20 99.999 99.999   99   7.534021536  22.094471264  5 58 12.68 2013 11  9 2456605.74875789    30    I                   Himalia_030.fits                                   Himalia               2048  2048
