  -0.035  -0.085  431.03  535.36 1.452     57.95   1449.65 23.519 23.367 99.999 19.112 18.959 99.999 99.999 99.999  0.162 99.999 99.999 99.999 99.999  99.999  99.999  99.999  99.999  0.080  0.080  0.060  0.023  0.100  0.039    5    5 99.999 99.999   99  21.540263440 -14.873124363  6  5 13.54 2007  8 14 2454326.75362894   120    Clear               Nereida0002.fits                                   Nereida               1021  1020
   0.034  -0.086  430.20  534.60 2.394    157.51   2851.27 24.620 24.462 99.999 19.126 18.969 99.999 99.999 99.999  0.122 99.999 99.999 99.999 99.999  99.999  99.999  99.999  99.999  0.040  0.040  0.013  0.020  0.020  0.031    4    4 99.999 99.999   99  21.540255067 -14.873171678  6 13  1.44 2007  8 14 2454326.75904444   240    Clear               Nereida0003.fits                                   Nereida               1021  1020
   0.060  -0.115  427.64  533.67 2.111    318.51   2750.26 25.212 25.021 99.999 18.954 18.763 99.999 99.999 99.999  0.180 99.999 99.999 99.999 99.999  99.999  99.999  99.999  99.999  0.007  0.007  0.005  0.018  0.007  0.028    4    4 99.999 99.999   99  21.540240669 -14.873251911  6 25  0.40 2007  8 14 2454326.76736574   240    Clear               Nereida0005.fits                                   Nereida               1021  1020
   0.055  -0.070  425.60  533.21 2.650    364.17   2690.42 25.027 24.942 99.999 18.623 18.538 99.999 99.999 99.999  0.116 99.999 99.999 99.999 99.999  99.999  99.999  99.999  99.999  0.029  0.032  0.009  0.017  0.014  0.026    4    4 99.999 99.999   99  21.540228859 -14.873296393  6 34 27.00 2007  8 14 2454326.77392361   240    Clear               Nereida0007.fits                                   Nereida               1021  1020
  -0.024  -0.075  422.89  532.65 1.849    284.04   2854.57 25.178 25.143 99.999 19.044 19.010 99.999 99.999 99.999  0.152 99.999 99.999 99.999 99.999  99.999  99.999  99.999  99.999  0.030  0.028  0.006  0.017  0.009  0.026    4    4 99.999 99.999   99  21.540214177 -14.873361764  6 45  4.07 2007  8 14 2454326.78129711   240    Clear               Nereida0009.fits                                   Nereida               1021  1020
   0.017  -0.091  422.11  532.13 1.648    295.21   2854.14 25.254 25.074 99.999 19.079 18.899 99.999 99.999 99.999  0.171 99.999 99.999 99.999 99.999  99.999  99.999  99.999  99.999  0.033  0.024  0.001  0.013  0.002  0.019    4    4 99.999 99.999   99  21.540209108 -14.873394533  6 49 46.98 2007  8 14 2454326.78457153   240    Clear               Nereida0010.fits                                   Nereida               1021  1020
   0.273  -0.058  204.65  212.11 2.131    245.17    808.95 24.912 24.921 99.999 18.938 18.947 99.999 99.999 99.999  0.313 99.999 99.999 99.999 99.999  99.999  99.999  99.999  99.999  0.002  0.002  0.000  0.000  0.000  0.000    4    3 99.999 99.999   99  21.527917880 -14.934301238  6 16 41.94 2007  8 21 2454333.76159653    20    Clear               Nereida_rf0036.fits                                Nereida                376   268
   0.295  -0.068  205.25  213.73 1.769    257.91    847.25 25.034 25.114 99.999 19.006 19.086 99.999 99.999 99.999  0.353 99.999 99.999 99.999 99.999  99.999  99.999  99.999  99.999  0.044  0.044  0.192  0.058  0.137  0.042    4    4 99.999 99.999   99  21.527917123 -14.934309484  6 17 38.12 2007  8 21 2454333.76224676    20    Clear               Nereida_rf0038.fits                                Nereida                376   268
   0.201  -0.018  205.00  216.31 1.614    307.87    854.91 25.158 25.820 99.999 18.937 19.599 99.999 99.999 99.999  0.339 99.999 99.999 99.999 99.999  99.999  99.999  99.999  99.999  0.050  0.050  0.111  0.065  0.080  0.046    4    4 99.999 99.999   99  21.527914767 -14.934298417  6 18  6.21 2007  8 21 2454333.76257188    20    Clear               Nereida_rf0039.fits                                Nereida                376   268
   0.114  -0.025  204.72  217.34 1.934    323.80    791.69 24.997 25.048 99.999 18.722 18.772 99.999 99.999 99.999  0.314 99.999 99.999 99.999 99.999  99.999  99.999  99.999  99.999  0.051  0.050  0.168  0.078  0.121  0.056    4    4 99.999 99.999   99  21.527911954 -14.934305480  6 19  0.71 2007  8 21 2454333.76320266    20    Clear               Nereida_rf0041.fits                                Nereida                376   268
   0.201   0.029  204.91  220.25 1.629    301.46    854.32 25.144 25.622 99.999 18.946 19.424 99.999 99.999 99.999  0.335 99.999 99.999 99.999 99.999  99.999  99.999  99.999  99.999  0.013  0.013  0.142  0.066  0.102  0.047    4    4 99.999 99.999   99  21.527911933 -14.934298753  6 20 24.13 2007  8 21 2454333.76416817    20    Clear               Nereida_rf0044.fits                                Nereida                376   268
   0.265  -0.009  204.16  220.19 2.308    334.01    761.59 25.018 25.591 99.999 18.709 19.281 99.999 99.999 99.999  0.347 99.999 99.999 99.999 99.999  99.999  99.999  99.999  99.999  0.010  0.010  0.102  0.071  0.073  0.051    4    4 99.999 99.999   99  21.527912602 -14.934312246  6 20 51.40 2007  8 21 2454333.76448380    20    Clear               Nereida_rf0045.fits                                Nereida                376   268
   0.257  -0.009  204.83  221.28 2.438    604.11    533.62 25.236 25.991 99.999 18.283 19.038 99.999 99.999 99.999  0.377 99.999 99.999 99.999 99.999  99.999  99.999  99.999  99.999  0.062  0.059  0.105  0.065  0.075  0.047    4    4 99.999 99.999   99  21.527911891 -14.934314621  6 21 18.63 2007  8 21 2454333.76479896    20    Clear               Nereida_rf0046.fits                                Nereida                376   268
   0.228  -0.046  204.63  224.69 1.694    307.86    843.02 25.109 25.735 99.999 18.888 19.514 99.999 99.999 99.999  0.326 99.999 99.999 99.999 99.999  99.999  99.999  99.999  99.999  0.041  0.041  0.120  0.062  0.087  0.045    4    4 99.999 99.999   99  21.527909626 -14.934333417  6 22 41.44 2007  8 21 2454333.76575741    20    Clear               Nereida_rf0049.fits                                Nereida                376   268
   0.098  -0.075  204.19  223.68 1.500    269.21    874.51 25.119 25.754 99.999 19.044 19.678 99.999 99.999 99.999  0.331 99.999 99.999 99.999 99.999  99.999  99.999  99.999  99.999  0.045  0.045  0.114  0.073  0.082  0.052    4    4 99.999 99.999   99  21.527906024 -14.934346740  6 23 35.90 2007  8 21 2454333.76638773    20    Clear               Nereida_rf0051.fits                                Nereida                376   268
   0.546  -0.277  194.83   89.62 1.824   1520.34   3820.13 26.295 26.655 99.999 18.341 18.700 99.999 99.999 99.999  0.239 99.999 99.999 99.999 99.999  99.999  99.999  99.999  99.999  0.077  0.075  0.000  0.000  0.000  0.000    3    3 99.999 99.999   99  21.521193627 -14.967606647  3  2  1.26 2007  8 25 2454337.62640347    40    Clear               nereida0001.fits                                   Nereida                376   268
   0.460  -0.251  194.81   95.59 1.159   1405.46   3087.48 26.397 26.485 99.999 18.528 18.616 99.999 99.999 99.999  0.319 99.999 99.999 99.999 99.999  99.999  99.999  99.999  99.999  0.035  0.034  0.000  0.000  0.000  0.000    3    3 99.999 99.999   99  21.521190293 -14.967607582  3  3 24.61 2007  8 25 2454337.62736817    30    Clear               nereida0002.fits                                   Nereida                376   268
   0.627  -0.301  192.91   95.28 1.160   1724.81   4196.28 26.459 26.684 99.999 18.367 18.592 99.999 99.999 99.999  0.447 99.999 99.999 99.999 99.999  99.999  99.999  99.999  99.999  0.028  0.028  0.000  0.000  0.000  0.000    3    3 99.999 99.999   99  21.521189246 -14.967642050  3  6 52.45 2007  8 25 2454337.62977373    40    Clear               nereida0005.fits                                   Nereida                376   268
   0.409  -0.303  194.24   94.90 0.999   1024.72   4487.77 26.312 26.401 99.999 18.785 18.875 99.999 99.999 99.999  0.264 99.999 99.999 99.999 99.999  99.999  99.999  99.999  99.999  0.039  0.040  0.000  0.000  0.000  0.000    3    3 99.999 99.999   99  21.521182167 -14.967656488  3  9 14.16 2007  8 25 2454337.63141389    40    Clear               nereida0008.fits                                   Nereida                376   268
   0.531  -0.262  192.27   94.57 0.977   1971.39   4288.82 26.519 27.081 99.999 18.282 18.844 99.999 99.999 99.999  0.565 99.999 99.999 99.999 99.999  99.999  99.999  99.999  99.999  0.019  0.018  0.000  0.000  0.000  0.000    3    3 99.999 99.999   99  21.521182536 -14.967654534  3 10 50.36 2007  8 25 2454337.63252731    40    Clear               nereida0010.fits                                   Nereida                376   268
   0.447  -0.220  191.63   93.82 1.013   1630.43   4346.74 26.397 26.616 99.999 18.366 18.585 99.999 99.999 99.999  0.428 99.999 99.999 99.999 99.999  99.999  99.999  99.999  99.999  0.018  0.019  0.000  0.000  0.000  0.000    3    3 99.999 99.999   99  21.521176130 -14.967666222  3 14 46.58 2007  8 25 2454337.63526134    40    Clear               nereida0015.fits                                   Nereida                376   268
   0.557  -0.251  194.05   93.87 1.054   1767.50   4269.12 26.524 26.822 99.999 18.405 18.703 99.999 99.999 99.999  0.407 99.999 99.999 99.999 99.999  99.999  99.999  99.999  99.999  0.031  0.031  0.000  0.000  0.000  0.000    3    3 99.999 99.999   99  21.521177268 -14.967679582  3 15 34.67 2007  8 25 2454337.63581794    40    Clear               nereida0016.fits                                   Nereida                376   268
   0.473  -0.227  192.77   93.36 1.007   1895.12   4307.71 26.498 26.912 99.999 18.304 18.718 99.999 99.999 99.999  0.502 99.999 99.999 99.999 99.999  99.999  99.999  99.999  99.999  0.017  0.016  0.000  0.000  0.000  0.000    3    3 99.999 99.999   99  21.521170767 -14.967696080  3 19 33.40 2007  8 25 2454337.63858102    40    Clear               nereida0021.fits                                   Nereida                376   268
   0.482  -0.228  190.85   92.99 1.092    911.20   4505.38 26.190 26.233 99.999 18.791 18.834 99.999 99.999 99.999  0.234 99.999 99.999 99.999 99.999  99.999  99.999  99.999  99.999  0.000  0.000  0.000  0.000  0.000  0.000    3    3 99.999 99.999   99  21.521168015 -14.967710522  3 21 56.86 2007  8 25 2454337.64024144    40    Clear               nereida0024.fits                                   Nereida                376   268
  -0.029  -0.025 1087.26 1212.64 1.845    128.10    419.29 23.907 23.873 99.999 18.638 18.604 99.999 99.999 99.999  0.190 99.999 99.999 99.999 99.999  99.999  99.999  99.999  99.999  0.025  0.027  0.025  0.027  0.069  0.076   11    8 99.999 99.999   99  21.745471283 -13.915352346  8 32 14.13 2008  7  9 2454656.85571910   150    I                   nereida0001.fits                                   Nereida               2045  2050
   0.013  -0.019 1087.42 1211.85 1.759    119.06    445.65 24.059 23.991 99.999 18.869 18.802 99.999 99.999 99.999  0.194 99.999 99.999 99.999 99.999  99.999  99.999  99.999  99.999  0.028  0.029  0.025  0.026  0.070  0.073   11    8 99.999 99.999   99  21.745469247 -13.915365046  8 35 19.69 2008  7  9 2454656.85786678   150    I                   nereida0002.fits                                   Nereida               2045  2050
  -0.049   0.013 1087.38 1210.76 1.433     89.28    492.24 24.047 24.017 99.999 19.170 19.140 99.999 99.999 99.999  0.213 99.999 99.999 99.999 99.999  99.999  99.999  99.999  99.999  0.027  0.027  0.027  0.025  0.073  0.068   10    8 99.999 99.999   99  21.745465269 -13.915370462  8 38 24.16 2008  7  9 2454656.86000185   150    I                   nereida0003.fits                                   Nereida               2045  2050
  -0.054  -0.059 1087.83 1209.71 1.465     66.70    548.34 23.813 23.804 99.999 19.253 19.244 99.999 99.999 99.999  0.187 99.999 99.999 99.999 99.999  99.999  99.999  99.999  99.999  0.034  0.034  0.025  0.027  0.070  0.076   11    8 99.999 99.999   99  21.745462350 -13.915405108  8 41 28.86 2008  7  9 2454656.86213958   150    I                   nereida0004.fits                                   Nereida               2045  2050
  -0.119   0.086 1087.14 1207.20 2.040    131.83    735.28 23.884 23.904 99.999 18.584 18.604 99.999 99.999 99.999  0.196 99.999 99.999 99.999 99.999  99.999  99.999  99.999  99.999  0.004  0.004  0.027  0.024  0.072  0.065   10    8 99.999 99.999   99  21.745455290 -13.915394651  8 47 51.81 2008  7  9 2454656.86657187   150    I                   nereida0006.fits                                   Nereida               2045  2050
  -0.077  -0.062 1089.10 1206.18 1.689     69.50   1137.41 23.798 23.846 99.999 19.193 19.241 99.999 99.999 99.999  0.176 99.999 99.999 99.999 99.999  99.999  99.999  99.999  99.999  0.052  0.052  0.023  0.024  0.067  0.070   11    9 99.999 99.999   99  21.745453089 -13.915451375  8 51  8.78 2008  7  9 2454656.86885162   150    I                   nereida0007.fits                                   Nereida               2045  2050
  -0.204   0.023 1088.00 1204.97 1.053     29.43   1808.46 23.781 23.815 99.999 20.109 20.143 99.999 99.999 99.999  0.177 99.999 99.999 99.999 99.999  99.999  99.999  99.999  99.999  0.005  0.005  0.024  0.023  0.068  0.068   11    9 99.999 99.999   99  21.745447833 -13.915442274  8 54 14.49 2008  7  9 2454656.87100104   150    I                   nereida0008.fits                                   Nereida               2045  2050
  -0.160  -0.090 1089.10 1203.91 3.117    328.15   2631.81 23.854 24.003 99.999 17.564 17.713 99.999 99.999 99.999  0.129 99.999 99.999 99.999 99.999  99.999  99.999  99.999  99.999  0.026  0.026  0.020  0.026  0.055  0.073   11    8 99.999 99.999   99  21.745445841 -13.915488401  8 57 21.10 2008  7  9 2454656.87316088   150    I                   nereida0009.fits                                   Nereida               2045  2050
   0.014  -0.012 1037.35 1051.62 1.781     98.24    697.67 24.361 23.729 99.999 19.380 18.748 99.999 99.999 99.999  0.236 99.999 99.999 99.999 99.999  99.999  99.999  99.999  99.999  0.003  0.003  0.023  0.022  0.077  0.071   12   11 99.999 99.999   99  21.742844161 -13.929281645  8 31 17.96 2008  7 11 2454658.85506898   120    Clear               nereida0002.fits                                   Nereida               2045  2050
  -0.051  -0.077 1037.89 1050.63 2.049     63.57    700.55 23.895 23.396 99.999 19.387 18.888 99.999 99.999 99.999  0.180 99.999 99.999 99.999 99.999  99.999  99.999  99.999  99.999  0.048  0.049  0.022  0.024  0.068  0.076   11   10 99.999 99.999   99  21.742840473 -13.929312358  8 33 52.91 2008  7 11 2454658.85686238   120    Clear               nereida0003.fits                                   Nereida               2045  2050
   0.046  -0.072  915.98 1240.55 1.874    194.05   1310.24 25.156 24.728 99.999 19.437 19.008 99.999 99.999 99.999  0.504 99.999 99.999 99.999 99.999  99.999  99.999  99.999  99.999  0.004  0.004  0.019  0.016  0.046  0.039    8    7 99.999 99.999   99  21.714330402 -14.078834124  4 34 58.22 2008  7 30 2454677.69095162   600    I                   Nereida2907080001.fits                             Nereida               2045  2050
  -0.009  -0.211  919.84 1231.07 2.393    135.91   1374.33 24.856 24.442 99.999 19.523 19.109 99.999 99.999 99.999  0.477 99.999 99.999 99.999 99.999  99.999  99.999  99.999  99.999  0.003  0.002  0.019  0.015  0.046  0.037    8    7 99.999 99.999   99  21.714305015 -14.078996506  4 55 40.83 2008  7 30 2454677.70533368   600    I                   Nereida2907080002.fits                             Nereida               2045  2050
   0.004  -0.134  921.15 1226.44 0.535     98.58   1449.87 24.775 24.392 99.999 19.790 19.407 99.999 99.999 99.999  0.482 99.999 99.999 99.999 99.999  99.999  99.999  99.999  99.999  0.043  0.043  0.019  0.017  0.046  0.041    8    7 99.999 99.999   99  21.714292802 -14.079038568  5  6 18.82 2008  7 30 2454677.71271782   600    I                   Nereida2907080003.fits                             Nereida               2045  2050
  -0.009  -0.084  921.52 1222.23 1.470    178.80   1361.58 25.275 24.914 99.999 19.644 19.283 99.999 99.999 99.999  0.492 99.999 99.999 99.999 99.999  99.999  99.999  99.999  99.999  0.024  0.024  0.019  0.016  0.047  0.039    8    7 99.999 99.999   99  21.714280109 -14.079088050  5 16 53.73 2008  7 30 2454677.72006632   600    I                   Nereida2907080004.fits                             Nereida               2045  2050
   0.052  -0.074  922.03 1218.05 2.132    224.52   1287.94 25.213 24.711 99.999 19.335 18.833 99.999 99.999 99.999  0.496 99.999 99.999 99.999 99.999  99.999  99.999  99.999  99.999  0.023  0.023  0.019  0.016  0.047  0.039    8    7 99.999 99.999   99  21.714268854 -14.079148345  5 27 28.74 2008  7 30 2454677.72741597   600    I                   Nereida2907080005.fits                             Nereida               2045  2050
   0.047  -0.118  923.51 1213.54 3.562    679.35    826.54 25.197 24.820 99.999 18.117 17.740 99.999 99.999 99.999  0.494 99.999 99.999 99.999 99.999  99.999  99.999  99.999  99.999  0.029  0.032  0.019  0.015  0.046  0.038    8    7 99.999 99.999   99  21.714256323 -14.079223581  5 38  3.58 2008  7 30 2454677.73476366   600    I                   Nereida2907080006.fits                             Nereida               2045  2050
   0.008  -0.127  924.79 1209.10 1.325    189.39   1345.66 25.398 24.958 99.999 19.705 19.264 99.999 99.999 99.999  0.494 99.999 99.999 99.999 99.999  99.999  99.999  99.999  99.999  0.032  0.037  0.020  0.016  0.050  0.039    8    7 99.999 99.999   99  21.714243146 -14.079289028  5 48 38.43 2008  7 30 2454677.74211146   600    I                   Nereida2907080007.fits                             Nereida               2045  2050
   0.005  -0.040  926.04 1200.56 1.810    239.73   1266.32 25.423 25.096 99.999 19.474 19.147 99.999 99.999 99.999  0.509 99.999 99.999 99.999 99.999  99.999  99.999  99.999  99.999  0.015  0.012  0.019  0.015  0.047  0.037    8    7 99.999 99.999   99  21.714218256 -14.079391143  6  9 48.40 2008  7 30 2454677.75681019   600    I                   Nereida2907080009.fits                             Nereida               2045  2050
  -0.108  -0.130 1029.01 1151.28 4.657    233.24    273.36 23.690 23.149 99.999 17.771 17.229 99.999 99.999 99.999  0.137 99.999 99.999 99.999 99.999  99.999  99.999  99.999  99.999  0.008  0.008  0.000  0.000  0.000  0.000    3    3 99.999 99.999   99  21.908658784 -13.135737575  6 30 27.64 2009  6 24 2455006.77115324   200    I                   nereid_0002.fits                                   Nereida               2045  2050
  -0.131  -0.214 1030.26 1149.99 5.781    218.22    298.63 23.792 23.226 99.999 17.945 17.378 99.999 99.999 99.999  0.131 99.999 99.999 99.999 99.999  99.999  99.999  99.999  99.999  0.006  0.005  0.000  0.000  0.000  0.000    3    3 99.999 99.999   99  21.908656004 -13.135773255  6 34 25.33 2009  6 24 2455006.77390428   200    I                   nereid_0003.fits                                   Nereida               2045  2050
  -0.108  -0.010 1029.45 1149.21 1.186     37.96    481.54 23.723 23.261 99.999 19.775 19.312 99.999 99.999 99.999  0.138 99.999 99.999 99.999 99.999  99.999  99.999  99.999  99.999  0.004  0.004  0.000  0.000  0.000  0.000    3    3 99.999 99.999   99  21.908654147 -13.135729347  6 38 21.64 2009  6 24 2455006.77663935   200    I                   nereid_0004.fits                                   Nereida               2045  2050
  -0.078  -0.094 1031.13 1146.66 0.937     34.34    483.46 23.764 23.250 99.999 19.925 19.411 99.999 99.999 99.999  0.136 99.999 99.999 99.999 99.999  99.999  99.999  99.999  99.999  0.060  0.061  0.000  0.000  0.000  0.000    3    3 99.999 99.999   99  21.908647730 -13.135790960  6 50 15.45 2009  6 24 2455006.78490104   200    I                   nereid_0007.fits                                   Nereida               2045  2050
  -0.137  -0.124 1031.67 1145.25 0.977     42.02    471.70 23.701 23.168 99.999 19.643 19.109 99.999 99.999 99.999  0.137 99.999 99.999 99.999 99.999  99.999  99.999  99.999  99.999  0.051  0.063  0.000  0.000  0.000  0.000    3    3 99.999 99.999   99  21.908644256 -13.135811896  6 54 16.00 2009  6 24 2455006.78768519   200    I                   nereid_0008.fits                                   Nereida               2045  2050
  -0.031  -0.034 1032.51 1144.58 0.760     33.88    486.93 23.702 23.253 99.999 19.877 19.428 99.999 99.999 99.999  0.147 99.999 99.999 99.999 99.999  99.999  99.999  99.999  99.999  0.045  0.045  0.062  0.070  0.067  0.076    4    4 99.999 99.999   99  21.908643905 -13.135800049  6 58 18.79 2009  6 24 2455006.79049525   200    I                   nereid_0009.fits                                   Nereida               2045  2050
  -0.016  -0.160 1032.11 1144.06 1.364     43.24    469.56 23.732 23.181 99.999 19.642 19.091 99.999 99.999 99.999  0.117 99.999 99.999 99.999 99.999  99.999  99.999  99.999  99.999  0.018  0.018  0.000  0.000  0.000  0.000    3    3 99.999 99.999   99  21.908641887 -13.135847444  7  2 15.82 2009  6 24 2455006.79323866   200    I                   nereid_0010.fits                                   Nereida               2045  2050
  -0.349  -0.071 1034.89  894.92 1.295    119.91    232.59 24.799 23.776 99.999 19.602 18.579 99.999 99.999 99.999  0.083 99.999 99.999 99.999 99.999  99.999  99.999  99.999  99.999  0.028  0.020  0.000  0.000  0.000  0.000    4    3 99.999 99.999   99  22.489118498 -10.178051621  8  2 27.31 2013  6  9 2456452.83503830   180    R                   Nereida_08.04.03_0001.fits                         Nereida               2048  2048
  -0.266  -0.082 1035.97  894.91 1.450    137.76    193.96 24.840 24.267 99.999 19.492 18.919 99.999 99.999 99.999  0.089 99.999 99.999 99.999 99.999  99.999  99.999  99.999  99.999  0.017  0.017  0.000  0.000  0.000  0.000    4    3 99.999 99.999   99  22.489119940 -10.178055714  8  5 33.06 2013  6  9 2456452.83718825   180    R                   Nereida_08.07.08_0002.fits                         Nereida               2048  2048
  -0.292  -0.133 1035.12  895.28 1.442    139.12    213.33 24.853 23.662 99.999 19.495 18.304 99.999 99.999 99.999  0.095 99.999 99.999 99.999 99.999  99.999  99.999  99.999  99.999  0.015  0.015  0.000  0.000  0.000  0.000    4    3 99.999 99.999   99  22.489119343 -10.178071267  8  8 38.79 2013  6  9 2456452.83933786   180    R                   Nereida_08.10.14_0003.fits                         Nereida               2048  2048
  -0.277  -0.068 1036.13  895.54 1.598    137.81    182.59 24.746 23.961 99.999 19.398 18.613 99.999 99.999 99.999  0.090 99.999 99.999 99.999 99.999  99.999  99.999  99.999  99.999  0.022  0.021  0.000  0.000  0.000  0.000    4    3 99.999 99.999   99  22.489119517 -10.178054672  8 11 44.52 2013  6  9 2456452.84148745   180    R                   Nereida_08.13.20_0004.fits                         Nereida               2048  2048
  -0.293  -0.080 1035.77  895.49 1.325    130.74    220.72 24.806 24.080 99.999 19.515 18.789 99.999 99.999 99.999  0.090 99.999 99.999 99.999 99.999  99.999  99.999  99.999  99.999  0.017  0.017  0.000  0.000  0.000  0.000    4    3 99.999 99.999   99  22.489119128 -10.178059476  8 14 50.24 2013  6  9 2456452.84363706   180    R                   Nereida_08.16.26_0005.fits                         Nereida               2048  2048
  -0.204   0.059 1066.24  963.21 0.939    309.93   1257.21 25.413 25.276 99.999 19.185 19.047 99.999 99.999 99.999  0.207 99.999 99.999 99.999 99.999  99.999  99.999  99.999  99.999  0.013  0.013  0.050  0.126  0.052  0.132    4    4 99.999 99.999   99  22.391914046 -10.773573116  4 23 59.52 2013  9  2 2456537.68332777   180    I                   Nereida_001.fits                                   Nereida               2048  2048
  -0.216   0.045 1068.20  963.67 1.014    315.54   1257.22 25.320 25.001 99.999 19.072 18.753 99.999 99.999 99.999  0.190 99.999 99.999 99.999 99.999  99.999  99.999  99.999  99.999  0.014  0.014  0.048  0.119  0.051  0.127    4    4 99.999 99.999   99  22.391908008 -10.773610249  4 28 46.35 2013  9  2 2456537.68664755   180    I                   Nereida_002.fits                                   Nereida               2048  2048
  -0.215   0.064 1069.59  963.70 1.286    311.32   1163.52 25.264 24.821 99.999 19.031 18.588 99.999 99.999 99.999  0.176 99.999 99.999 99.999 99.999  99.999  99.999  99.999  99.999  0.014  0.014  0.049  0.122  0.053  0.131    4    4 99.999 99.999   99  22.391904284 -10.773626401  4 31 51.32 2013  9  2 2456537.68878839   180    I                   Nereida_003.fits                                   Nereida               2048  2048
  -0.192   0.068 1072.36  964.33 1.075    289.81   1220.38 25.294 25.137 99.999 19.138 18.982 99.999 99.999 99.999  0.180 99.999 99.999 99.999 99.999  99.999  99.999  99.999  99.999  0.016  0.016  0.044  0.119  0.048  0.130    4    4 99.999 99.999   99  22.391897213 -10.773668040  4 38  1.26 2013  9  2 2456537.69307008   180    I                   Nereida_005.fits                                   Nereida               2048  2048
  -0.224   0.051 1073.24  964.58 1.048    332.26   1230.29 25.347 25.025 99.999 19.044 18.721 99.999 99.999 99.999  0.198 99.999 99.999 99.999 99.999  99.999  99.999  99.999  99.999  0.011  0.011  0.048  0.116  0.053  0.128    4    4 99.999 99.999   99  22.391892855 -10.773694197  4 41  6.21 2013  9  2 2456537.69521075   180    I                   Nereida_006.fits                                   Nereida               2048  2048
  -0.202   0.048 1075.05  965.10 1.225    382.82   1182.04 25.384 25.121 99.999 18.926 18.664 99.999 99.999 99.999  0.212 99.999 99.999 99.999 99.999  99.999  99.999  99.999  99.999  0.014  0.014  0.046  0.105  0.051  0.117    4    4 99.999 99.999   99  22.391889530 -10.773716356  4 44 11.18 2013  9  2 2456537.69735160   180    I                   Nereida_007.fits                                   Nereida               2048  2048
  -0.190   0.036 1075.67  965.54 1.013    295.99   1244.96 25.406 25.207 99.999 19.228 19.029 99.999 99.999 99.999  0.209 99.999 99.999 99.999 99.999  99.999  99.999  99.999  99.999  0.014  0.014  0.047  0.121  0.052  0.136    4    4 99.999 99.999   99  22.391886008 -10.773741356  4 47 16.15 2013  9  2 2456537.69949244   180    I                   Nereida_008.fits                                   Nereida               2048  2048
  -0.178   0.049 1077.47  965.71 1.033    344.35   1217.92 25.448 25.194 99.999 19.106 18.851 99.999 99.999 99.999  0.210 99.999 99.999 99.999 99.999  99.999  99.999  99.999  99.999  0.014  0.014  0.043  0.120  0.049  0.136    4    4 99.999 99.999   99  22.391882472 -10.773759294  4 50 21.12 2013  9  2 2456537.70163329   180    I                   Nereida_009.fits                                   Nereida               2048  2048
  -0.056  -0.033 1057.62  982.10 0.954    478.21   1261.06 25.758 25.249 99.999 19.059 18.550 99.999 99.999 99.999  0.221 99.999 99.999 99.999 99.999  99.999  99.999  99.999  99.999  0.013  0.013  0.040  0.018  0.086  0.039    6    5 99.999 99.999   99  22.390298863 -10.783045810  2 59 38.67 2013  9  3 2456538.62475318   180    I                   Nereida_001.fits                                   Nereida               2048  2048
  -0.056  -0.033 1057.62  982.10 0.954    478.21   1261.06 25.758 25.249 99.999 19.059 18.550 99.999 99.999 99.999  0.221 99.999 99.999 99.999 99.999  99.999  99.999  99.999  99.999  0.013  0.013  0.040  0.018  0.086  0.039    6    5 99.999 99.999   99  22.390298863 -10.783045810  2 59 38.67 2013  9  3 2456538.62475318   180    I                   Nereida_001.fits                                   Nereida               2048  2048
  -0.123  -0.037 1060.23  982.54 0.982    355.60   1305.47 25.569 24.838 99.999 19.192 18.460 99.999 99.999 99.999  0.218 99.999 99.999 99.999 99.999  99.999  99.999  99.999  99.999  0.018  0.018  0.044  0.002  0.082  0.004    5    4 99.999 99.999   99  22.390292382 -10.783076577  3  3 55.30 2013  9  3 2456538.62772339   180    I                   Nereida_002.fits                                   Nereida               2048  2048
  -0.123  -0.037 1060.23  982.54 0.982    355.60   1305.47 25.569 24.838 99.999 19.192 18.460 99.999 99.999 99.999  0.218 99.999 99.999 99.999 99.999  99.999  99.999  99.999  99.999  0.018  0.018  0.044  0.002  0.082  0.004    5    4 99.999 99.999   99  22.390292382 -10.783076577  3  3 55.30 2013  9  3 2456538.62772339   180    I                   Nereida_002.fits                                   Nereida               2048  2048
  -0.068  -0.064 1061.11  983.40 1.019    339.83   1255.83 25.465 24.952 99.999 19.137 18.624 99.999 99.999 99.999  0.224 99.999 99.999 99.999 99.999  99.999  99.999  99.999  99.999  0.013  0.013  0.043  0.006  0.081  0.012    5    4 99.999 99.999   99  22.390289662 -10.783105566  3  7  0.24 2013  9  3 2456538.62986388   180    I                   Nereida_003.fits                                   Nereida               2048  2048
  -0.068  -0.064 1061.11  983.40 1.019    339.83   1255.83 25.465 24.952 99.999 19.137 18.624 99.999 99.999 99.999  0.224 99.999 99.999 99.999 99.999  99.999  99.999  99.999  99.999  0.013  0.013  0.043  0.006  0.081  0.012    5    4 99.999 99.999   99  22.390289662 -10.783105566  3  7  0.24 2013  9  3 2456538.62986388   180    I                   Nereida_003.fits                                   Nereida               2048  2048
  -0.060  -0.031 1062.66  983.83 0.855    354.61   1313.16 25.495 25.121 99.999 19.121 18.747 99.999 99.999 99.999  0.199 99.999 99.999 99.999 99.999  99.999  99.999  99.999  99.999  0.004  0.004  0.039  0.013  0.084  0.028    6    5 99.999 99.999   99  22.390286063 -10.783118079  3 10  5.16 2013  9  3 2456538.63200418   180    I                   Nereida_004.fits                                   Nereida               2048  2048
  -0.060  -0.031 1062.66  983.83 0.855    354.61   1313.16 25.495 25.121 99.999 19.121 18.747 99.999 99.999 99.999  0.199 99.999 99.999 99.999 99.999  99.999  99.999  99.999  99.999  0.004  0.004  0.039  0.013  0.084  0.028    6    5 99.999 99.999   99  22.390286063 -10.783118079  3 10  5.16 2013  9  3 2456538.63200418   180    I                   Nereida_004.fits                                   Nereida               2048  2048
  -0.113   0.043 1063.52  983.95 0.989    319.05   1282.12 25.544 25.175 99.999 19.285 18.916 99.999 99.999 99.999  0.139 99.999 99.999 99.999 99.999  99.999  99.999  99.999  99.999  0.014  0.014  0.090  0.067  0.151  0.112    4    4 99.999 99.999   99  22.390281322 -10.783119015  3 13 10.10 2013  9  3 2456538.63414466   180    I                   Nereida_005.fits                                   Nereida               2048  2048
  -0.113   0.043 1063.52  983.95 0.989    319.05   1282.12 25.544 25.175 99.999 19.285 18.916 99.999 99.999 99.999  0.139 99.999 99.999 99.999 99.999  99.999  99.999  99.999  99.999  0.014  0.014  0.090  0.067  0.151  0.112    4    4 99.999 99.999   99  22.390281322 -10.783119015  3 13 10.10 2013  9  3 2456538.63414466   180    I                   Nereida_005.fits                                   Nereida               2048  2048
  -0.092  -0.029 1065.15  983.99 0.929    230.57   1286.83 25.200 24.802 99.999 19.293 18.895 99.999 99.999 99.999  0.180 99.999 99.999 99.999 99.999  99.999  99.999  99.999  99.999  0.015  0.015  0.040  0.015  0.087  0.033    6    5 99.999 99.999   99  22.390277987 -10.783160158  3 16 15.02 2013  9  3 2456538.63628497   180    I                   Nereida_006.fits                                   Nereida               2048  2048
  -0.092  -0.029 1065.15  983.99 0.929    230.57   1286.83 25.200 24.802 99.999 19.293 18.895 99.999 99.999 99.999  0.180 99.999 99.999 99.999 99.999  99.999  99.999  99.999  99.999  0.015  0.015  0.040  0.015  0.087  0.033    6    5 99.999 99.999   99  22.390277987 -10.783160158  3 16 15.02 2013  9  3 2456538.63628497   180    I                   Nereida_006.fits                                   Nereida               2048  2048
  -0.124   0.003 1065.65  986.25 2.543    722.83    654.60 24.141 23.799 99.999 16.994 16.652 99.999 99.999 99.999  0.221 99.999 99.999 99.999 99.999  99.999  99.999  99.999  99.999  0.053  0.046  0.044  0.025  0.104  0.059    6    6 99.999 99.999   99  22.390273629 -10.783172694  3 19 19.96 2013  9  3 2456538.63842545   180    I                   Nereida_007.fits                                   Nereida               2048  2048
  -0.124   0.003 1065.65  986.25 2.543    722.83    654.60 24.141 23.799 99.999 16.994 16.652 99.999 99.999 99.999  0.221 99.999 99.999 99.999 99.999  99.999  99.999  99.999  99.999  0.053  0.046  0.044  0.025  0.104  0.059    6    6 99.999 99.999   99  22.390273629 -10.783172694  3 19 19.96 2013  9  3 2456538.63842545   180    I                   Nereida_007.fits                                   Nereida               2048  2048
  -0.084  -0.009 1067.00  986.88 0.887    149.34   1315.73 24.863 24.838 99.999 19.427 19.403 99.999 99.999 99.999  0.135 99.999 99.999 99.999 99.999  99.999  99.999  99.999  99.999  0.000  0.000  0.049  0.017  0.095  0.033    5    4 99.999 99.999   99  22.390270641 -10.783197606  3 22 24.88 2013  9  3 2456538.64056576   180    I                   Nereida_008.fits                                   Nereida               2048  2048
  -0.084  -0.009 1067.00  986.88 0.887    149.34   1315.73 24.863 24.838 99.999 19.427 19.403 99.999 99.999 99.999  0.135 99.999 99.999 99.999 99.999  99.999  99.999  99.999  99.999  0.000  0.000  0.049  0.017  0.095  0.033    5    4 99.999 99.999   99  22.390270641 -10.783197606  3 22 24.88 2013  9  3 2456538.64056576   180    I                   Nereida_008.fits                                   Nereida               2048  2048
  -0.124  -0.011 1070.09  987.75 1.153    190.32   1275.96 25.011 24.693 99.999 19.312 18.994 99.999 99.999 99.999  0.124 99.999 99.999 99.999 99.999  99.999  99.999  99.999  99.999  0.007  0.007  0.093  0.071  0.153  0.117    4    4 99.999 99.999   99  22.390262383 -10.783240727  3 28 34.74 2013  9  3 2456538.64484655   180    I                   Nereida_010.fits                                   Nereida               2048  2048
  -0.124  -0.011 1070.09  987.75 1.153    190.32   1275.96 25.011 24.693 99.999 19.312 18.994 99.999 99.999 99.999  0.124 99.999 99.999 99.999 99.999  99.999  99.999  99.999  99.999  0.007  0.007  0.093  0.071  0.153  0.117    4    4 99.999 99.999   99  22.390262383 -10.783240727  3 28 34.74 2013  9  3 2456538.64484655   180    I                   Nereida_010.fits                                   Nereida               2048  2048
  -0.051  -0.075 1072.02  988.35 0.845    178.68   1334.50 24.902 24.598 99.999 19.272 18.968 99.999 99.999 99.999  0.207 99.999 99.999 99.999 99.999  99.999  99.999  99.999  99.999  0.024  0.023  0.043  0.016  0.092  0.035    6    5 99.999 99.999   99  22.390256256 -10.783301257  3 34 44.60 2013  9  3 2456538.64912734   180    I                   Nereida_012.fits                                   Nereida               2048  2048
  -0.051  -0.075 1072.02  988.35 0.845    178.68   1334.50 24.902 24.598 99.999 19.272 18.968 99.999 99.999 99.999  0.207 99.999 99.999 99.999 99.999  99.999  99.999  99.999  99.999  0.024  0.023  0.043  0.016  0.092  0.035    6    5 99.999 99.999   99  22.390256256 -10.783301257  3 34 44.60 2013  9  3 2456538.64912734   180    I                   Nereida_012.fits                                   Nereida               2048  2048
  -0.137  -0.031 1073.62  988.02 0.811    255.73   1315.80 25.218 24.679 99.999 19.198 18.659 99.999 99.999 99.999  0.231 99.999 99.999 99.999 99.999  99.999  99.999  99.999  99.999  0.018  0.017  0.043  0.010  0.081  0.018    5    4 99.999 99.999   99  22.390250888 -10.783310510  3 37 49.52 2013  9  3 2456538.65126764   180    I                   Nereida_013.fits                                   Nereida               2048  2048
  -0.137  -0.031 1073.62  988.02 0.811    255.73   1315.80 25.218 24.679 99.999 19.198 18.659 99.999 99.999 99.999  0.231 99.999 99.999 99.999 99.999  99.999  99.999  99.999  99.999  0.018  0.017  0.043  0.010  0.081  0.018    5    4 99.999 99.999   99  22.390250888 -10.783310510  3 37 49.52 2013  9  3 2456538.65126764   180    I                   Nereida_013.fits                                   Nereida               2048  2048
  -0.080  -0.049 1074.93  988.20 1.269    195.02   1249.14 24.839 24.300 99.999 19.114 18.575 99.999 99.999 99.999  0.198 99.999 99.999 99.999 99.999  99.999  99.999  99.999  99.999  0.003  0.003  0.043  0.016  0.093  0.035    6    5 99.999 99.999   99  22.390248207 -10.783336961  3 40 54.45 2013  9  3 2456538.65340795   180    I                   Nereida_014.fits                                   Nereida               2048  2048
  -0.080  -0.049 1074.93  988.20 1.269    195.02   1249.14 24.839 24.300 99.999 19.114 18.575 99.999 99.999 99.999  0.198 99.999 99.999 99.999 99.999  99.999  99.999  99.999  99.999  0.003  0.003  0.043  0.016  0.093  0.035    6    5 99.999 99.999   99  22.390248207 -10.783336961  3 40 54.45 2013  9  3 2456538.65340795   180    I                   Nereida_014.fits                                   Nereida               2048  2048
  -0.093  -0.084 1075.94  988.89 0.780    271.23   1387.84 25.486 24.943 99.999 19.402 18.859 99.999 99.999 99.999  0.208 99.999 99.999 99.999 99.999  99.999  99.999  99.999  99.999  0.001  0.002  0.043  0.004  0.081  0.007    5    4 99.999 99.999   99  22.390244223 -10.783367977  3 43 59.38 2013  9  3 2456538.65554843   180    I                   Nereida_015.fits                                   Nereida               2048  2048
  -0.093  -0.084 1075.94  988.89 0.780    271.23   1387.84 25.486 24.943 99.999 19.402 18.859 99.999 99.999 99.999  0.208 99.999 99.999 99.999 99.999  99.999  99.999  99.999  99.999  0.001  0.002  0.043  0.004  0.081  0.007    5    4 99.999 99.999   99  22.390244223 -10.783367977  3 43 59.38 2013  9  3 2456538.65554843   180    I                   Nereida_015.fits                                   Nereida               2048  2048
  -0.139   0.037 1076.99  988.78 0.975    385.49   1292.28 25.630 25.261 99.999 19.165 18.796 99.999 99.999 99.999  0.180 99.999 99.999 99.999 99.999  99.999  99.999  99.999  99.999  0.015  0.015  0.096  0.069  0.157  0.113    4    4 99.999 99.999   99  22.390239601 -10.783355949  3 47  4.31 2013  9  3 2456538.65768874   180    I                   Nereida_016.fits                                   Nereida               2048  2048
  -0.139   0.037 1076.99  988.78 0.975    385.49   1292.28 25.630 25.261 99.999 19.165 18.796 99.999 99.999 99.999  0.180 99.999 99.999 99.999 99.999  99.999  99.999  99.999  99.999  0.015  0.015  0.096  0.069  0.157  0.113    4    4 99.999 99.999   99  22.390239601 -10.783355949  3 47  4.31 2013  9  3 2456538.65768874   180    I                   Nereida_016.fits                                   Nereida               2048  2048
  -0.079  -0.026 1078.89  988.81 0.872    479.16   1283.19 25.832 25.343 99.999 19.131 18.641 99.999 99.999 99.999  0.228 99.999 99.999 99.999 99.999  99.999  99.999  99.999  99.999  0.014  0.014  0.034  0.020  0.073  0.044    6    5 99.999 99.999   99  22.390236990 -10.783394592  3 50  9.25 2013  9  3 2456538.65982922   180    I                   Nereida_017.fits                                   Nereida               2048  2048
  -0.079  -0.026 1078.89  988.81 0.872    479.16   1283.19 25.832 25.343 99.999 19.131 18.641 99.999 99.999 99.999  0.228 99.999 99.999 99.999 99.999  99.999  99.999  99.999  99.999  0.014  0.014  0.034  0.020  0.073  0.044    6    5 99.999 99.999   99  22.390236990 -10.783394592  3 50  9.25 2013  9  3 2456538.65982922   180    I                   Nereida_017.fits                                   Nereida               2048  2048
  -0.129   0.054 1079.78  989.04 0.805    451.61   1338.24 25.724 24.996 99.999 19.087 18.359 99.999 99.999 99.999  0.195 99.999 99.999 99.999 99.999  99.999  99.999  99.999  99.999  0.013  0.013  0.052  0.046  0.095  0.084    5    5 99.999 99.999   99  22.390232282 -10.783393796  3 53 14.17 2013  9  3 2456538.66196953   180    I                   Nereida_018.fits                                   Nereida               2048  2048
  -0.129   0.054 1079.78  989.04 0.805    451.61   1338.24 25.724 24.996 99.999 19.087 18.359 99.999 99.999 99.999  0.195 99.999 99.999 99.999 99.999  99.999  99.999  99.999  99.999  0.013  0.013  0.052  0.046  0.095  0.084    5    5 99.999 99.999   99  22.390232282 -10.783393796  3 53 14.17 2013  9  3 2456538.66196953   180    I                   Nereida_018.fits                                   Nereida               2048  2048
  -0.095  -0.029 1080.93  989.46 0.772    574.01   1332.50 26.047 25.393 99.999 19.150 18.496 99.999 99.999 99.999  0.171 99.999 99.999 99.999 99.999  99.999  99.999  99.999  99.999  0.013  0.013  0.041  0.003  0.079  0.006    5    4 99.999 99.999   99  22.390229205 -10.783438383  3 56 19.10 2013  9  3 2456538.66411001   180    I                   Nereida_019.fits                                   Nereida               2048  2048
  -0.095  -0.029 1080.93  989.46 0.772    574.01   1332.50 26.047 25.393 99.999 19.150 18.496 99.999 99.999 99.999  0.171 99.999 99.999 99.999 99.999  99.999  99.999  99.999  99.999  0.013  0.013  0.041  0.003  0.079  0.006    5    4 99.999 99.999   99  22.390229205 -10.783438383  3 56 19.10 2013  9  3 2456538.66411001   180    I                   Nereida_019.fits                                   Nereida               2048  2048
  -0.133  -0.003 1082.42  989.55 0.800    586.71   1295.34 25.935 25.204 99.999 19.014 18.283 99.999 99.999 99.999  0.255 99.999 99.999 99.999 99.999  99.999  99.999  99.999  99.999  0.005  0.005  0.031  0.023  0.067  0.051    6    5 99.999 99.999   99  22.390224742 -10.783452608  3 59 24.04 2013  9  3 2456538.66625050   180    I                   Nereida_020.fits                                   Nereida               2048  2048
  -0.133  -0.003 1082.42  989.55 0.800    586.71   1295.34 25.935 25.204 99.999 19.014 18.283 99.999 99.999 99.999  0.255 99.999 99.999 99.999 99.999  99.999  99.999  99.999  99.999  0.005  0.005  0.031  0.023  0.067  0.051    6    5 99.999 99.999   99  22.390224742 -10.783452608  3 59 24.04 2013  9  3 2456538.66625050   180    I                   Nereida_020.fits                                   Nereida               2048  2048
   0.010   0.039  937.86  942.48 1.001    113.90    638.81 24.432 24.540 99.999 19.290 19.398 99.999 99.999 99.999  0.607 99.999 99.999 99.999 99.999  99.999  99.999  99.999  99.999  0.003  0.003  0.087  0.062  0.129  0.093    5    5 99.999 99.999   99  22.621678072  -9.478409375  7 31 55.76 2014  7  3 2456841.81383981    90    I                   Nereida_0001.fits                                  Nereida               2048  2048
   0.006   0.039  939.10  943.08 0.983    133.02    644.44 24.624 24.766 99.999 19.314 19.456 99.999 99.999 99.999  0.716 99.999 99.999 99.999 99.999  99.999  99.999  99.999  99.999  0.008  0.008  0.056  0.011  0.083  0.016    4    4 99.999 99.999   99  22.621677165  -9.478414703  7 33 30.99 2014  7  3 2456841.81494206    90    I                   Nereida_0002.fits                                  Nereida               2048  2048
   0.029   0.041  938.84  943.39 0.973    126.43    656.51 24.633 24.773 99.999 19.378 19.519 99.999 99.999 99.999  0.622 99.999 99.999 99.999 99.999  99.999  99.999  99.999  99.999  0.026  0.025  0.037  0.059  0.055  0.088    5    5 99.999 99.999   99  22.621675931  -9.478425086  7 36 41.44 2014  7  3 2456841.81714634    90    I                   Nereida_0004.fits                                  Nereida               2048  2048
   0.007   0.047  938.40  943.37 1.514    227.98    564.77 24.711 24.885 99.999 18.816 18.990 99.999 99.999 99.999  0.760 99.999 99.999 99.999 99.999  99.999  99.999  99.999  99.999  0.019  0.018  0.053  0.011  0.078  0.016    4    4 99.999 99.999   99  22.621674692  -9.478428733  7 38 16.66 2014  7  3 2456841.81824844    90    I                   Nereida_0005.fits                                  Nereida               2048  2048
   0.004   0.020  940.13  943.72 0.867    151.86    669.43 24.675 24.827 99.999 19.221 19.374 99.999 99.999 99.999  0.727 99.999 99.999 99.999 99.999  99.999  99.999  99.999  99.999  0.029  0.029  0.057  0.016  0.084  0.024    4    4 99.999 99.999   99  22.621673806  -9.478441344  7 39 51.89 2014  7  3 2456841.81935060    90    I                   Nereida_0006.fits                                  Nereida               2048  2048
   0.003   0.020  940.81  943.82 1.063    114.52    660.70 24.508 24.633 99.999 19.360 19.486 99.999 99.999 99.999  0.591 99.999 99.999 99.999 99.999  99.999  99.999  99.999  99.999  0.031  0.031  0.038  0.056  0.056  0.083    5    5 99.999 99.999   99  22.621672940  -9.478446678  7 41 27.14 2014  7  3 2456841.82045301    90    I                   Nereida_0007.fits                                  Nereida               2048  2048
   0.060  -0.003  941.24  944.13 1.974    160.48    583.58 24.322 24.390 99.999 18.808 18.876 99.999 99.999 99.999  0.622 99.999 99.999 99.999 99.999  99.999  99.999  99.999  99.999  0.003  0.003  0.054  0.022  0.080  0.032    4    4 99.999 99.999   99  22.621673177  -9.478458460  7 43  2.37 2014  7  3 2456841.82155516    90    I                   Nereida_0008.fits                                  Nereida               2048  2048
   0.047   0.022  941.34  943.96 0.796    119.67    680.19 24.597 24.622 99.999 19.402 19.427 99.999 99.999 99.999  0.596 99.999 99.999 99.999 99.999  99.999  99.999  99.999  99.999  0.030  0.030  0.033  0.060  0.048  0.089    5    5 99.999 99.999   99  22.621670439  -9.478467183  7 47 48.06 2014  7  3 2456841.82486183    90    I                   Nereida_0011.fits                                  Nereida               2048  2048
   0.028   0.014  942.12  944.42 1.127    146.01    659.31 24.697 24.853 99.999 19.286 19.442 99.999 99.999 99.999  0.734 99.999 99.999 99.999 99.999  99.999  99.999  99.999  99.999  0.022  0.022  0.029  0.009  0.043  0.014    4    4 99.999 99.999   99  22.621667576  -9.478485419  7 52 33.75 2014  7  3 2456841.82816837    90    I                   Nereida_0014.fits                                  Nereida               2048  2048
  -0.017   0.023  942.46  945.14 0.928    130.11    674.38 24.667 24.816 99.999 19.381 19.531 99.999 99.999 99.999  0.634 99.999 99.999 99.999 99.999  99.999  99.999  99.999  99.999  0.032  0.029  0.043  0.059  0.064  0.087    5    5 99.999 99.999   99  22.621665909  -9.478488218  7 54  8.97 2014  7  3 2456841.82927050    90    I                   Nereida_0015.fits                                  Nereida               2048  2048
  -0.006   0.046  943.89  944.71 1.064    161.84    653.89 24.720 24.916 99.999 19.198 19.393 99.999 99.999 99.999  0.606 99.999 99.999 99.999 99.999  99.999  99.999  99.999  99.999  0.027  0.027  0.066  0.067  0.097  0.100    6    5 99.999 99.999   99  22.621665276  -9.478487125  7 55 44.21 2014  7  3 2456841.83037277    90    I                   Nereida_0016.fits                                  Nereida               2048  2048
   0.063   0.010  943.16  944.45 1.467    212.64    587.72 24.722 24.879 99.999 18.903 19.060 99.999 99.999 99.999  0.656 99.999 99.999 99.999 99.999  99.999  99.999  99.999  99.999  0.003  0.003  0.046  0.059  0.069  0.088    5    5 99.999 99.999   99  22.621665738  -9.478502366  7 57 19.43 2014  7  3 2456841.83147490    90    I                   Nereida_0017.fits                                  Nereida               2048  2048
  -0.008   0.040  945.66  944.90 0.898    151.02    669.66 24.654 24.799 99.999 19.206 19.352 99.999 99.999 99.999  0.593 99.999 99.999 99.999 99.999  99.999  99.999  99.999  99.999  0.002  0.002  0.074  0.056  0.110  0.082    6    5 99.999 99.999   99  22.621663563  -9.478499326  7 58 54.68 2014  7  3 2456841.83257727    90    I                   Nereida_0018.fits                                  Nereida               2048  2048
   0.023   0.067  943.24  945.20 1.012    153.07    670.40 24.834 25.012 99.999 19.372 19.550 99.999 99.999 99.999  0.689 99.999 99.999 99.999 99.999  99.999  99.999  99.999  99.999  0.024  0.023  0.039  0.060  0.058  0.089    5    5 99.999 99.999   99  22.621663318  -9.478497087  8  0 29.90 2014  7  3 2456841.83367941    90    I                   Nereida_0019.fits                                  Nereida               2048  2048
  -0.001   0.057  943.33  944.74 0.841    107.91    689.10 24.622 24.740 99.999 19.539 19.657 99.999 99.999 99.999  0.620 99.999 99.999 99.999 99.999  99.999  99.999  99.999  99.999  0.011  0.011  0.048  0.062  0.072  0.092    5    5 99.999 99.999   99  22.621662029  -9.478505392  8  2  5.14 2014  7  3 2456841.83478166    90    I                   Nereida_0020.fits                                  Nereida               2048  2048
  -0.044   0.001  815.68 1076.75 0.904    226.53    645.68 24.692 24.562 99.999 18.804 18.674 99.999 99.999 99.999  0.937 99.999 99.999 99.999 99.999  99.999  99.999  99.999  99.999  0.015  0.015  0.019  0.019  0.032  0.031    7    5 99.999 99.999   99  22.620267943  -9.487794809  4 35 22.16 2014  7  5 2456843.69122869    90    I                   Nereida_0001.fits                                  Nereida               2048  2048
  -0.020  -0.009  814.55 1076.78 0.822    195.33    669.81 24.781 24.652 99.999 19.054 18.925 99.999 99.999 99.999  0.923 99.999 99.999 99.999 99.999  99.999  99.999  99.999  99.999  0.017  0.017  0.019  0.018  0.031  0.029    7    5 99.999 99.999   99  22.620267514  -9.487803367  4 36 57.43 2014  7  5 2456843.69233135    90    I                   Nereida_0002.fits                                  Nereida               2048  2048
   0.003   0.075  817.34 1076.92 0.755    129.34    713.68 24.480 24.378 99.999 19.201 19.099 99.999 99.999 99.999  0.930 99.999 99.999 99.999 99.999  99.999  99.999  99.999  99.999  0.026  0.026  0.015  0.019  0.026  0.032    7    5 99.999 99.999   99  22.620265285  -9.487796809  4 41 43.22 2014  7  5 2456843.69563914    90    I                   Nereida_0005.fits                                  Nereida               2048  2048
  -0.003   0.023  817.19 1077.43 0.995    171.77    666.47 24.645 24.536 99.999 19.058 18.949 99.999 99.999 99.999  1.002 99.999 99.999 99.999 99.999  99.999  99.999  99.999  99.999  0.019  0.019  0.016  0.022  0.026  0.036    6    5 99.999 99.999   99  22.620264279  -9.487817143  4 43 18.48 2014  7  5 2456843.69674167    90    I                   Nereida_0006.fits                                  Nereida               2048  2048
  -0.063   0.017  817.25 1077.82 1.092    152.03    670.57 24.440 24.261 99.999 18.985 18.806 99.999 99.999 99.999  1.015 99.999 99.999 99.999 99.999  99.999  99.999  99.999  99.999  0.007  0.007  0.019  0.018  0.031  0.029    6    5 99.999 99.999   99  22.620261382  -9.487830178  4 46 29.00 2014  7  5 2456843.69894681    90    I                   Nereida_0008.fits                                  Nereida               2048  2048
  -0.023  -0.014  818.58 1078.54 0.676     92.34    727.29 24.325 24.190 99.999 19.411 19.276 99.999 99.999 99.999  0.940 99.999 99.999 99.999 99.999  99.999  99.999  99.999  99.999  0.031  0.031  0.015  0.025  0.025  0.042    7    5 99.999 99.999   99  22.620260324  -9.487850515  4 49 39.53 2014  7  5 2456843.70115198    90    I                   Nereida_0010.fits                                  Nereida               2048  2048
  -0.011   0.009  818.35 1078.58 1.129    104.80    686.67 24.118 23.909 99.999 19.067 18.858 99.999 99.999 99.999  0.941 99.999 99.999 99.999 99.999  99.999  99.999  99.999  99.999  0.027  0.027  0.020  0.025  0.033  0.042    7    5 99.999 99.999   99  22.620259657  -9.487849746  4 51 14.76 2014  7  5 2456843.70225412    90    I                   Nereida_0011.fits                                  Nereida               2048  2048
  -0.002   0.030  818.96 1078.03 1.166    143.80    661.37 24.316 24.117 99.999 18.921 18.722 99.999 99.999 99.999  1.015 99.999 99.999 99.999 99.999  99.999  99.999  99.999  99.999  0.008  0.008  0.017  0.018  0.027  0.030    7    5 99.999 99.999   99  22.620258050  -9.487855469  4 54 25.29 2014  7  5 2456843.70445941    90    I                   Nereida_0013.fits                                  Nereida               2048  2048
  -0.019  -0.001  819.79 1078.77 1.134    145.48    672.35 24.372 24.275 99.999 18.965 18.868 99.999 99.999 99.999  0.930 99.999 99.999 99.999 99.999  99.999  99.999  99.999  99.999  0.023  0.023  0.018  0.020  0.030  0.033    7    5 99.999 99.999   99  22.620256843  -9.487869747  4 56  0.55 2014  7  5 2456843.70556194    90    I                   Nereida_0014.fits                                  Nereida               2048  2048
  -0.073  -0.008  820.66 1078.96 1.157    109.30    685.52 24.175 23.925 99.999 19.079 18.828 99.999 99.999 99.999  0.951 99.999 99.999 99.999 99.999  99.999  99.999  99.999  99.999  0.032  0.031  0.018  0.028  0.030  0.045    7    5 99.999 99.999   99  22.620254929  -9.487877416  4 57 35.81 2014  7  5 2456843.70666446    90    I                   Nereida_0015.fits                                  Nereida               2048  2048
  -0.064   0.066  820.99 1078.71 0.664    112.75    733.49 24.440 24.366 99.999 19.310 19.236 99.999 99.999 99.999  0.927 99.999 99.999 99.999 99.999  99.999  99.999  99.999  99.999  0.067  0.034  0.015  0.024  0.025  0.040    7    5 99.999 99.999   99  22.620254191  -9.487862458  4 59 11.07 2014  7  5 2456843.70776704    90    I                   Nereida_0016.fits                                  Nereida               2048  2048
  -0.059  -0.006  820.92 1078.83 0.799    190.52    688.98 24.683 24.590 99.999 18.983 18.890 99.999 99.999 99.999  0.922 99.999 99.999 99.999 99.999  99.999  99.999  99.999  99.999  0.021  0.019  0.016  0.017  0.027  0.029    7    5 99.999 99.999   99  22.620253395  -9.487888231  5  0 46.34 2014  7  5 2456843.70886963    90    I                   Nereida_0017.fits                                  Nereida               2048  2048
  -0.055   0.055  820.76 1078.78 0.900    171.93    680.75 24.661 24.601 99.999 19.073 19.013 99.999 99.999 99.999  0.927 99.999 99.999 99.999 99.999  99.999  99.999  99.999  99.999  0.021  0.021  0.016  0.018  0.026  0.029    7    5 99.999 99.999   99  22.620252584  -9.487877302  5  2 21.59 2014  7  5 2456843.70997209    90    I                   Nereida_0018.fits                                  Nereida               2048  2048
  -0.023   0.040  821.68 1079.39 0.766    156.81    688.98 24.491 24.371 99.999 19.002 18.882 99.999 99.999 99.999  1.004 99.999 99.999 99.999 99.999  99.999  99.999  99.999  99.999  0.031  0.025  0.015  0.024  0.024  0.039    6    5 99.999 99.999   99  22.620252295  -9.487886864  5  3 56.84 2014  7  5 2456843.71107455    90    I                   Nereida_0019.fits                                  Nereida               2048  2048
