   80509.733590780001       0.99785590    
   80562.765047249995        1.0025042    
   80615.640117529998       0.99924701    
   80668.561818000002       0.99942267    
   80721.625259819994       0.99797839    
   80774.515015180004        1.0024971    
   80827.499801219994        1.0019369    
   80880.545983019998       0.99869996    
   80933.656055030006        1.0024025    
   80986.545810399999        1.0014054    
   81039.686982629995       0.99855548    
   81092.937025730003        1.0013732    
   81146.109338399998        1.0013946    
   81199.125224649993       0.99517602    
   81252.155836220001        1.0010649    
   81305.170877580007       0.99382883    
   81358.186763820006        1.0013657    
   81411.078249219994       0.99691117    
   81464.217691419995       0.94441932    
   81517.421104309993       0.95129508    
   81570.328159929995       0.94814759    
   81623.437346820006        1.0002981    
   81676.499903499993        1.0025196    
   81729.389658870001        1.0005338    
   81782.515301110005        1.0037445    
   81835.734243989995        1.0026929    
   81888.764855560003       0.99407101    
   81942.031313779997        1.0040430    
   81995.968216959998       0.99678665    
   82048.999673429993       0.99760771    
   82101.905884149994       0.99927860    
   82155.030641260004       0.99879551    
   82208.156283499993       0.99644578    
   82261.155754630003        1.0037736    
   82314.264981750006       0.99701518    
   82367.186682219995        1.0136527    
   82420.312324459999       0.99698251    
   82473.374881149997       0.99505013    
