   80509.733590780001      -1.02970302E-02
   80562.765047249995       1.20271547E-02
   80615.640117529998      -3.61661660E-03
   80668.561818000002      -2.77319853E-03
   80721.625259819994      -9.71124601E-03
   80774.515015180004       1.19959125E-02
   80827.499801219994       9.30494349E-03
   80880.545983019998      -6.24573277E-03
   80933.656055030006       1.15424674E-02
   80986.545810399999       6.75182836E-03
   81039.686982629995      -6.94027636E-03
   81092.937025730003       6.59739552E-03
   81146.109338399998       6.70059491E-03
   81199.125224649993      -2.31769010E-02
   81252.155836220001       5.11598354E-03
   81305.170877580007      -2.96485499E-02
   81358.186763820006       6.56115217E-03
   81411.078249219994      -1.48389796E-02
   81464.217691419995      -0.26700345    
   81517.421104309993      -0.23396221    
   81570.328159929995      -0.24906851    
   81623.437346820006       1.43224781E-03
   81676.499903499993       1.21014668E-02
   81729.389658870001       2.56341626E-03
   81782.515301110005       1.79815963E-02
   81835.734243989995       1.29305515E-02
   81888.764855560003      -2.84669250E-02
   81942.031313779997       1.94093566E-02
   81995.968216959998      -1.54247582E-02
   82048.999673429993      -1.14825182E-02
   82101.905884149994      -3.46248993E-03
   82155.030641260004      -5.77998580E-03
   82208.156283499993      -1.70531180E-02
   82261.155754630003       1.81020852E-02
   82314.264981750006      -1.43170748E-02
   82367.186682219995       6.54756874E-02
   82420.312324459999      -1.44694829E-02
   82473.374881149997      -2.37313714E-02
