   80509.733590780001      -2.14410410E-03
   80562.765047249995       2.50419695E-03
   80615.640117529998      -7.52991764E-04
   80668.561818000002      -5.77330589E-04
   80721.625259819994      -2.02160934E-03
   80774.515015180004       2.49710190E-03
   80827.499801219994       1.93690311E-03
   80880.545983019998      -1.30003574E-03
   80933.656055030006       2.40250560E-03
   80986.545810399999       1.40540674E-03
   81039.686982629995      -1.44451205E-03
   81092.937025730003       1.37320918E-03
   81146.109338399998       1.39461039E-03
   81199.125224649993      -4.82396828E-03
   81252.155836220001       1.06491277E-03
   81305.170877580007      -6.17115619E-03
   81358.186763820006       1.36571517E-03
   81411.078249219994      -3.08881351E-03
   81464.217691419995      -5.55806607E-02
   81517.421104309993      -4.87048998E-02
   81570.328159929995      -5.18523902E-02
   81623.437346820006       2.98121246E-04
   81676.499903499993       2.51962245E-03
   81729.389658870001       5.33823681E-04
   81782.515301110005       3.74452490E-03
   81835.734243989995       2.69292621E-03
   81888.764855560003      -5.92902256E-03
   81942.031313779997       4.04302869E-03
   81995.968216959998      -3.21332016E-03
   82048.999673429993      -2.39231903E-03
   82101.905884149994      -7.21417833E-04
   82155.030641260004      -1.20451662E-03
   82208.156283499993      -3.55424546E-03
   82261.155754630003       3.77353583E-03
   82314.264981750006      -2.98484298E-03
   82367.186682219995       1.36526385E-02
   82420.312324459999      -3.01750051E-03
   82473.374881149997      -4.94988915E-03
