   81200.518015330003       0.99665755    
   81202.557030619995       0.99605864    
   81204.596086139994       0.99712044    
   81206.635101439999       0.99519038    
   81208.673312069994       0.99751121    
   81210.712327360001        1.0027697    
   81212.751382889997       0.98101038    
   81214.790398180005       0.99722636    
   81216.828568579993       0.99996430    
   81218.867624100007        1.0038661    
   81220.905794499995        1.0007864    
   81222.944850030006       0.99698895    
   81224.983865319999        1.0042914    
   81227.022920849995       0.98803884    
   81229.061976369994       0.99304760    
   81231.100991669999        1.0042479    
   81233.139162060004        1.0003583    
   81235.178217590001        1.0070094    
   81237.217273119997        1.0038042    
   81239.256288410004        1.0051900    
   81241.295343940001        1.0004274    
   81243.334399460000       0.99547493    
   81245.371684729995       0.99968517    
   81247.410740260006       0.99511653    
   81249.449755549998        1.0006406    
   81251.488811079995        1.0071205    
   81253.527866599994       0.99912030    
   81255.566881899998       0.99185997    
   81257.605052290004       0.99687737    
   81259.644107820000        1.0029765    
   81261.683163340000        1.0093319    
   81263.722178640004        1.0002855    
   81265.761234160003        1.0151331    
   81267.800249459993        1.0030717    
   81269.838460090003       0.99979883    
   81271.876630490005       0.98546779    
   81273.915645779998       0.99591124    
   81275.954701299997       0.99770433    
   81277.993756829994        1.0030341    
   81280.032772120001       0.99934477    
   81282.070942520004        1.0055507    
   81284.109998050000        1.0059609    
   81286.149053570000        1.0006887    
   81288.188068870004       0.98915625    
   81290.227124390003       0.99546623    
   81292.266139689993        1.0038193    
   81294.304350320002        1.0118288    
   81296.343365609995       0.99798721    
   81298.382421140006        1.0051374    
   81300.420591529997       0.99449354    
   81302.459647059994        1.0070713    
   81304.497817459996        1.0065929    
   81306.536832750004       0.99803013    
   81308.575888280000        1.0097258    
   81310.614943799999       0.99813569    
   81312.653959100004        1.0011518    
   81314.693014620003       0.99608845    
   81316.731185020006        1.0092392    
   81318.770200309998        1.0033587    
   81320.809255839995       0.99212962    
   81322.848311359994        1.0060458    
   81324.887326659999        1.0027430    
   81326.926382179998        1.0007795    
   81328.963707689996        1.0009321    
   81331.002722980003        1.0035787    
   81333.041778500003       0.99296898    
   81335.080793800007        1.0041558    
   81337.119849320006        1.0046120    
   81339.158904850003        1.0007038    
   81341.197075250006       0.99464422    
   81343.236090539998       0.99667877    
   81345.275146069995       0.99808347    
   81347.314201589994        1.0019746    
   81349.353216889998       0.99082363    
   81351.392272409998        1.0039763    
   81353.429597909999       0.99507862    
   81355.468613210003       0.99619633    
   81357.507668730002       0.99888623    
   81359.546684030007       0.99572062    
   81361.585739550006        1.0090401    
   81363.624795080003        1.0057697    
   81365.662965480005       0.99627048    
   81367.701980769998       0.99076957    
   81369.741036299994        1.0136936    
   81371.780091819994        1.0008394    
   81373.819107119998       0.99700904    
   81375.858162639997       0.99376595    
   81377.896333040000       0.99758738    
   81379.935388569997       0.99819398    
   81381.974403860004        1.0039054    
   81384.012574260007        1.0091094    
   81386.051629780006       0.99419975    
   81388.090685310002       0.99778259    
   81390.128855710005       0.99805802    
   81392.167870999998       0.99933189    
   81394.206926519997       0.99505216    
   81396.245982049993        1.0096351    
   81398.284997340001        1.0010420    
   81400.324052869997        1.0019991    
   81402.362223270000       0.99864304    
   81404.401278789999        1.0026920    
   81406.440294090004        1.0013989    
   81408.479349610003       0.99758279    
   81410.518364910007       0.99682647    
   81412.555690409994       0.98905385    
   81414.594745929993        1.0072168    
   81416.633761229998        1.0053790    
   81418.672816749997       0.99607372    
   81420.711872279993       0.99853814    
   81422.750887570000        1.0158734    
   81424.789057970003       0.99197006    
   81426.828113500000       0.99529296    
   81428.867128790007       0.99516952    
   81430.906184320003        1.0066282    
   81432.945239840003        1.0064222    
   81434.984255140007       0.99450606    
   81437.022425529998        1.0052283    
   81439.060636159993       0.99516940    
   81441.099651459997        1.0077249    
   81443.138706979997        1.0017830    
   81445.177722280001        1.0030861    
   81447.216777800000        1.0004513    
   81449.254948200003        1.0021300    
   81451.294003730000       0.94365913    
   81453.333019020007       0.95509702    
   81455.372074540006       0.92866737    
   81457.411130070002       0.93888581    
   81459.450145359995       0.94306707    
   81461.488315759998       0.94133991    
   81463.527371289994       0.96147573    
   81465.566426809994       0.94864935    
   81467.604597209996       0.93656331    
   81469.643612500004       0.93934250    
   81471.682668030000       0.94433773    
   81473.720838430003       0.95724356    
   81475.759893950002       0.95254219    
   81477.798909250007       0.94161814    
   81479.837964770006       0.94441140    
   81481.877020300002       0.93660063    
   81483.916035589995       0.94930011    
   81485.954205989998       0.93424302    
   81487.993261519994       0.94970691    
   81490.032317039993       0.94409728    
   81492.071332339998       0.94757158    
   81494.110387859997       0.95002288    
   81496.149403150004       0.94933987    
   81498.186728660003       0.93956596    
   81500.225784180002       0.93680030    
   81502.264799480006       0.94605786    
   81504.303855000006       0.94847590    
   81506.342910530002       0.94067997    
   81508.381080930005       0.94873792    
   81510.420096219998       0.95063502    
   81512.459151739997       0.95748830    
   81514.498207269993       0.94881541    
   81516.537222560000       0.95102084    
   81518.576278089997       0.93751246    
   81520.613563360006       0.94138938    
   81522.652618890002       0.94660550    
   81524.691674410002       0.94391114    
   81526.730689699994       0.94695252    
   81528.769745230005       0.94794339    
   81530.808760519998       0.94857395    
   81532.846971149993       0.94208711    
   81534.885986449997       0.94857031    
   81536.925041969997       0.94123536    
   81538.964057270001       0.93816876    
   81541.003112790000       0.94437581    
   81543.042168319997       0.94397819    
   81545.080338719999       0.93716824    
   81547.119354010007       0.93827552    
   81549.158409540003       0.94357979    
   81551.197465060002       0.94661087    
   81553.235635460005       0.94765639    
   81555.274650749998       0.94214314    
   81557.312861380007       0.93929207    
   81559.351876679997       0.95021343    
   81561.390932199996       0.94135773    
   81563.429947500001       0.94324172    
   81565.469003020000       0.93790108    
   81567.508058549996       0.95539844    
   81569.546228949999       0.94053519    
   81571.585244240006       0.93107879    
   81573.624299760006       0.93921739    
   81575.663355290002       0.94549650    
   81577.702370579995       0.94529265    
   81579.741426110006       0.94370776    
   81581.778751610007       0.93626672    
   81583.817766900000       0.94633532    
   81585.856822429996       0.94451207    
   81587.895837720003       0.95788133    
   81589.934893250000       0.94101703    
   81591.973948779996       0.95166969    
   81594.012119170002       0.94842148    
   81596.051134470006       0.94427305    
   81598.090189990005       0.94818354    
   81600.129245520002       0.93907452    
   81602.168260809995       0.94779491    
   81604.207316340005       0.95219404    
   81606.244601610000       0.95123285    
   81608.283657129999       0.95525789    
   81610.322712659996       0.95276821    
   81612.361727950003       0.93897021    
   81614.400783480000       0.93522573    
   81616.438953880002       0.94574046    
   81618.478009400002       0.94691944    
   81620.517024700006       0.94680762    
   81622.556080220005       0.94031131    
   81624.595135750002       0.95654666    
   81626.634151039994       0.93545163    
   81628.672321439997       0.94850570    
   81630.711376969994       0.94380909    
   81632.750392260001       0.94016165    
   81634.788602889996       0.94149876    
   81636.827618180003       0.93986738    
   81638.866673709999       0.94416177    
   81640.904844110002       0.94933361    
   81642.943899630001       0.94138497    
   81644.982914919994       0.94029170    
   81647.021970450005       0.94855344    
   81649.060985739998       0.93834162    
   81651.100041269994       0.93965429    
   81653.138211669997       0.94315028    
   81655.177267189996       0.93445611    
   81657.216282490001       0.93387455    
   81659.255338010000       0.96070904    
   81661.294393539996       0.94117302    
   81663.333408830003       0.94052517    
   81665.370734330005       0.93238813    
   81667.409789860001       0.94065517    
   81669.448805149994       0.95368618    
   81671.487860680005       0.92994875    
   81673.526875969997       0.94387752    
   81675.565931499994       0.94076973    
   81677.604101899997       0.94639438    
   81679.643157419996       0.94720352    
   81681.682172720000       0.95071983    
   81683.721228240000       0.95745456    
   81685.760283769996       0.95351410    
   81687.799299060003       0.94987983    
   81689.836624560005       0.95090532    
   81691.875680090001       0.94614232    
   81693.914695379994       0.93482405    
   81695.953750910005       0.93863696    
   81697.992766199997       0.94246018    
   81700.031821729994       0.93153679    
   81702.069992129997       0.94965762    
   81704.109047649996       0.93734074    
   81706.148062940003       0.95270139    
   81708.187118469999       0.95561409    
   81710.226173999996       0.95112258    
   81712.264344390001       0.94792986    
   81714.303359690006       0.94729358    
   81716.342415210005       0.99997336    
   81718.381470740002        1.0068092    
   81720.419641140004       0.99461013    
   81722.458656429997       0.99838352    
   81724.496826830000       0.99810517    
   81726.535882349999        1.0096710    
   81728.574937879996       0.99492013    
   81730.613953170003        1.0050895    
   81732.653008699999        1.0029891    
   81734.692064229996        1.0032195    
   81736.730234620001       0.99673176    
   81738.769249920006       0.99838042    
   81740.808305440005        1.0085061    
   81742.847320739995        1.0068629    
   81744.886376259994       0.99805683    
   81746.925431790005       0.98792773    
   81748.962717060000       0.99042886    
   81751.001772579999       0.99323547    
   81753.040828109995       0.99895829    
   81755.079843400003       0.99663645    
   81757.118898929999       0.99410599    
   81759.157914220006       0.99773204    
   81761.196124850001        1.0029010    
   81763.235140139994        1.0068310    
   81765.274195670005        1.0052625    
   81767.313210959997        1.0119021    
   81769.352266489994       0.99643868    
   81771.391322020005       0.98908144    
   81773.428607289999       0.99927843    
   81775.467662809999        1.0044136    
   81777.506718339995        1.0089469    
   81779.545733630002       0.99152595    
   81781.584789159999        1.0026271    
   81783.623804450006        1.0004270    
   81785.662015080001       0.98942113    
   81787.701030369994        1.0021536    
   81789.740085900004        1.0088209    
   81791.779101189997        1.0054201    
   81793.818156719994        1.0097176    
   81795.857212250005       0.99906820    
   81797.895382639996        1.0016338    
   81799.934397940000       0.99207658    
   81801.972568330006       0.99247545    
   81804.011623860002       0.99111152    
   81806.050679389999        1.0021042    
   81808.089694680006        1.0019115    
   81810.127865079994        1.0031914    
   81812.166920599993        1.0068083    
   81814.205976130004       0.99562693    
   81816.244991419997       0.99635589    
   81818.284046949993       0.98458827    
   81820.322217349996       0.99320447    
   81822.361272869995       0.99302995    
   81824.400288160003        1.0041404    
   81826.439343689999       0.99596083    
   81828.478399219995       0.99647456    
   81830.517414510003       0.99617541    
   81832.554740010004       0.98980981    
   81834.593755299997       0.99994743    
   81836.632810829993        1.0012890    
   81838.671866360004       0.99838388    
   81840.710881649997        1.0090982    
   81842.749937179993        1.0058112    
   81844.788107569999        1.0055943    
   81846.827163099995       0.99622995    
   81848.866178390002        1.0093194    
   81850.905233919999       0.99687779    
   81852.944249210006        1.0043685    
   81854.983304740002       0.99249399    
   81857.020630240004        1.0036116    
   81859.059645529996        1.0035541    
   81861.098701059993       0.99710977    
   81863.137756590004       0.99642771    
   81865.176771879997       0.99011618    
   81867.215827409993       0.99242926    
   81869.253997799999       0.98849863    
   81871.293053329995        1.0045869    
   81873.332068620002       0.99875832    
   81875.371124149999       0.99766845    
   81877.410139440006        1.0034586    
   81879.449194970002       0.99782401    
   81881.487365370005       0.99894339    
   81883.526420890004       0.99022263    
   81885.564591290007        1.0030519    
   81887.603646810006       0.99673980    
   81889.642662109996       0.99359816    
   81891.681717629996       0.99249041    
   81893.719888029998       0.99577886    
   81895.758943559995        1.0039673    
   81897.797958850002       0.99453557    
   81899.837014379998        1.0023569    
   81901.876029670006        1.0048796    
   81903.915085200002        1.0052290    
   81905.953255589993       0.99569017    
   81907.992311120004       0.99949014    
   81910.031326409997       0.99644536    
   81912.070381939993        1.0105348    
   81914.109437470004       0.99341398    
   81916.147607859995       0.99670202    
   81918.185778259998       0.99994600    
   81920.224793550005       0.99623519    
   81922.263849080002        1.0092831    
   81924.302904609998        1.0040594    
   81926.341919900005        1.0133959    
   81928.380090299994        1.0098239    
   81930.419145819993        1.0033915    
   81932.458201350004       0.99893373    
   81934.497216639997        1.0013145    
   81936.536272169993       0.99651748    
   81938.575327690007        1.0066401    
   81940.612612960002        1.0052956    
   81942.651668489998        1.0055476    
   81944.690683780005       0.99167442    
   81946.729739310002        1.0061144    
   81948.768794830001        1.0001996    
   81950.807810130005        1.0014005    
   81952.845980529994        1.0046903    
   81954.885036049993       0.99940193    
   81956.924091580004        1.0063975    
   81958.963106869996        1.0050815    
   81961.002162399993        1.0067649    
   81963.041177690000       0.99961203    
   81965.079388319995        1.0011710    
   81967.118403610002       0.99843144    
   81969.156574010005        1.0016540    
   81971.195629540001       0.99479479    
   81973.234685060001        1.0010328    
   81975.273700360005       0.99605983    
   81977.311870749996       0.99063015    
   81979.350926280007        1.0099605    
   81981.389981810004        1.0156587    
   81983.428997099996       0.99925375    
   81985.468052630007       0.99444568    
   81987.507067920000        1.0049785    
   81989.545278549995       0.99282563    
   81991.584293840002       0.99348968    
   81993.623349369998        1.0023942    
   81995.662364660006       0.99404055    
   81997.701420190002       0.99991155    
   81999.739590590005        1.0001668    
