 09 23 50.6358 +15 50 10.131   16   11 2454200.65495686 20.4 RE E  809
 09 23 50.6235 +15 50 10.165   16   11 2454200.65689311 20.4 RE E  809
 09 23 50.6130 +15 50 10.230   16   11 2454200.65881523 20.4 RE E  809
 09 23 41.3763 +15 50 52.715    2    1 2454202.64806108 20.4 RE E  809
 09 23 41.3675 +15 50 52.753    2    1 2454202.65005811 20.5 RE E  809
 09 23 37.3659 +15 51 11.126   44   33 2454203.64949169 20.5 RE E  809
 09 23 37.3623 +15 51 11.111   44   33 2454203.65146047 20.5 RE E  809
 10 19 15.3918 +12 27 10.221   93   75 2454623.47355226 20.6 RE E  809
 10 19 15.5202 +12 27 09.681   93   75 2454623.48235249 21.2 RE E  809
 10 19 15.6218 +12 27 09.039   93   75 2454623.48907434 20.6 RE E  809
 11 09 13.9373 +07 08 01.232   36   44 2454973.54426270 20.7 RE E  809
 11 09 13.9417 +07 08 01.133   36   44 2454973.54562476 20.8 RE E  809
 11 09 13.9404 +07 08 01.113   36   44 2454973.54717759 20.7 RE E  809
 11 09 13.9421 +07 08 01.123   36   44 2454973.54831348 20.8 RE E  809
 11 09 13.9425 +07 08 01.103   36   44 2454973.54947761 20.9 RE E  809
 11 09 13.9433 +07 08 01.083   36   44 2454973.55063572 20.8 RE E  809
 11 09 13.9448 +07 08 01.042   36   44 2454973.55179117 20.8 RE E  809
 11 09 13.9425 +07 08 01.027   36   44 2454973.55295067 20.9 RE E  809
 11 09 13.9483 +07 08 01.009   36   44 2454973.55410414 20.8 RE E  809
 11 09 13.9454 +07 08 01.001   36   44 2454973.55522776 20.8 RE E  809
 11 09 13.9478 +07 08 00.994   36   44 2454973.55637974 20.8 RE E  809
 11 09 13.9471 +07 08 00.916   36   44 2454973.55753426 20.7 RE E  809
 11 09 13.9512 +07 08 00.939   36   44 2454973.55869121 20.8 RE E  809
 11 09 13.9478 +07 08 00.868   36   44 2454973.55971679 20.8 RE E  809
 11 09 13.9471 +07 08 00.885   36   44 2454973.56086703 20.9 RE E  809
 11 09 13.9489 +07 08 00.813   36   44 2454973.56199064 20.5 RE E  809
 11 09 13.9521 +07 08 00.822   36   44 2454973.56331497 20.9 RE E  809
 11 09 13.9539 +07 08 00.722   36   44 2454973.56491329 20.8 RE E  809
 11 09 13.9600 +07 08 00.651   36   44 2454973.56607754 20.9 RE E  809
 11 09 13.9552 +07 08 00.637   36   44 2454973.56723090 20.8 RE E  809
 11 09 13.9582 +07 08 00.628   36   44 2454973.56838947 20.7 RE E  809
 11 09 13.9593 +07 08 00.626   36   44 2454973.56951193 20.7 RE E  809
 11 09 13.9617 +07 08 00.545   36   44 2454973.57065951 20.8 RE E  809
 11 09 13.9607 +07 08 00.548   36   44 2454973.57181484 20.8 RE E  809
 11 09 13.9628 +07 08 00.518   36   44 2454973.57297295 21.0 RE E  809
 11 09 13.9643 +07 08 00.453   36   44 2454973.57413130 20.7 RE E  809
 11 09 13.9646 +07 08 00.486   36   44 2454973.57528917 20.8 RE E  809
 11 09 13.9635 +07 08 00.463   36   44 2454973.57644590 20.5 RE E  809
 11 09 13.9638 +07 08 00.457   36   44 2454973.57747170 20.7 RE E  809
 11 09 13.9679 +07 08 00.419   36   44 2454973.57862275 20.7 RE E  809
 11 09 13.9654 +07 08 00.373   36   44 2454973.57977889 20.7 RE E  809
 11 09 13.9675 +07 08 00.373   36   44 2454973.58090239 20.6 RE E  809
 11 09 15.1752 +07 07 38.065   27   50 2454974.58275898 20.7 RE E  809
 11 09 15.1831 +07 07 37.948   27   50 2454974.58893446 20.7 RE E  809
 11 09 15.1855 +07 07 37.811   27   50 2454974.59112555 20.7 RE E  809
 11 09 15.1855 +07 07 37.815   27   50 2454974.59329083 20.2 RE E  809
 11 09 15.1916 +07 07 37.743   27   50 2454974.59547000 20.7 RE E  809
 11 09 15.1923 +07 07 37.732   27   50 2454974.59756895 20.7 RE E  809
 11 09 15.1944 +07 07 37.673   27   50 2454974.59974291 20.8 RE E  809
 11 09 15.1999 +07 07 37.550   27   50 2454974.60236264 20.8 RE E  809
 11 09 15.1999 +07 07 37.569   27   50 2454974.60454748 19.8 RE E  809
 11 09 15.2040 +07 07 37.388   27   50 2454974.60671484 20.7 RE E  809
 11 09 15.2084 +07 07 37.375   27   50 2454974.60889216 20.9 RE E  809
 11 09 15.2116 +07 07 37.319   27   50 2454974.61098949 21.0 RE E  809
 11 09 15.2129 +07 07 37.265   27   50 2454974.61315546 20.6 RE E  809
 11 09 15.2165 +07 07 37.163   27   50 2454974.61526229 20.9 RE E  809
 04 34 30.1957 +19 36 29.522   26   71 2452262.41334977 18.3 R  OH 511
 04 34 29.5857 +19 36 28.161   26   71 2452262.44268831 17.6 R  OH 511
 04 34 29.4158 +19 36 27.939   26   71 2452262.45103900 18.0 R  OH 511
 04 33 51.1410 +19 35 06.532  117   99 2452264.35559525 19.7 R  OH 511
 04 33 50.9675 +19 35 06.416  117   99 2452264.36350625 19.4 R  OH 511
 04 33 50.8062 +19 35 06.047  117   99 2452264.37141366 18.8 R  OH 511
 04 33 50.6410 +19 35 05.599  117   99 2452264.37932164 20.0 R  OH 511
 04 28 22.7232 +19 24 12.999   58   50 2452283.32773183 17.6 R  OH 511
 04 28 22.4226 +19 24 12.499   58   50 2452283.34817824 19.5 R  OH 511
 04 28 22.2824 +19 24 12.316   58   50 2452283.35840509 18.9 R  OH 511
 04 27 55.2080 +19 23 24.152   17   42 2452285.32418021 19.3 R  OH 511
 04 27 55.0661 +19 23 23.976   17   42 2452285.33439919 19.7 R  OH 511
 04 27 54.9251 +19 23 23.656   17   42 2452285.34462824 20.3 R  OH 511
 04 27 42.5052 +19 23 01.934   77   41 2452286.28850891 19.5 R  OH 511
 04 27 42.3565 +19 23 01.618   77   41 2452286.29873507 19.0 R  OH 511
 04 27 41.9379 +19 23 00.945   77   41 2452286.33069688 20.0 R  OH 511
 04 27 41.7974 +19 23 00.753   77   41 2452286.34092280 19.8 R  OH 511
 05 34 02.7147 +21 21 00.543  100   50 2452637.47449560 19.6 R  OH 511
 05 34 02.5420 +21 21 00.496  100   50 2452637.48239942 20.2 R  OH 511
 05 34 02.3822 +21 21 00.597  100   50 2452637.49087083 19.7 R  OH 511
