 00 16 23.4853 -00 06 36.433   67   35 2455367.82969907 21.5 R  PE 874
 00 16 23.5315 -00 06 36.212   67   35 2455367.83145833 21.9 R  PE 874
 00 16 23.5749 -00 06 35.989   67   35 2455367.83322917 21.5 R  PE 874
 00 16 23.6216 -00 06 35.782   67   35 2455367.83498843 19.9 R  PE 874
 00 16 23.6687 -00 06 35.639   67   35 2455367.83674768 21.6 R  PE 874
 00 16 23.7053 -00 06 35.449   67   35 2455367.83850694 21.5 R  PE 874
 00 16 23.8100 -00 06 35.005   67   35 2455367.84203704 21.9 R  PE 874
 00 16 23.8409 -00 06 34.756   67   35 2455367.84379630 21.8 R  PE 874
 00 16 23.8901 -00 06 34.548   67   35 2455367.84555556 21.6 R  PE 874
 21 59 02.2088 -14 05 25.020   29   34 2454973.78341954 21.1 RE E  809
 21 59 02.2260 -14 05 24.945   29   34 2454973.78456874 21.0 RE E  809
 21 59 02.3890 -14 05 24.081   29   34 2454973.79609720 20.9 RE E  809
 21 59 02.4164 -14 05 23.909   29   34 2454973.79803618 20.7 RE E  809
 21 59 02.4472 -14 05 23.729   29   34 2454973.79997574 20.2 RE E  809
 21 59 02.4751 -14 05 23.577   29   34 2454973.80191379 21.2 RE E  809
 21 59 02.5256 -14 05 23.309   29   34 2454973.80569881 21.1 RE E  809
 21 59 02.5524 -14 05 23.160   29   34 2454973.80757413 21.1 RE E  809
 21 59 02.5842 -14 05 23.076   29   34 2454973.80950663 21.2 RE E  809
 21 59 02.6841 -14 05 22.561   29   34 2454973.81636361 20.8 RE E  809
 21 59 02.7367 -14 05 22.224   29   34 2454973.82023486 20.9 RE E  809
 21 59 02.7922 -14 05 21.994   29   34 2454973.82404881 20.7 RE E  809
 21 59 03.6467 -14 05 17.438   29   34 2454973.88453310 20.7 RE E  809
 21 59 03.6730 -14 05 17.257   29   34 2454973.88645877 20.7 RE E  809
 21 59 03.7945 -14 05 16.596   29   34 2454973.89502439 21.7 RE E  809
 21 59 03.8191 -14 05 16.377   29   34 2454973.89694867 19.8 RE E  809
