 09 23 07.6381 +17 17 31.142   38   57 2454200.61767102 21.4 RE E  809
 09 23 07.6333 +17 17 31.175   38   57 2454200.61961804 21.6 RE E  809
 09 23 07.6287 +17 17 31.255   38   57 2454200.62153935 21.6 RE E  809
 09 22 59.2285 +17 17 26.025   20   50 2454203.61496694 21.7 RE E  809
 09 22 59.2215 +17 17 26.085   20   50 2454203.61694059 21.6 RE E  809
 10 19 22.0628 +12 40 22.518   58    5 2454623.49671373 21.9 RE E  809
 10 19 22.1609 +12 40 21.977   58    5 2454623.50410688 20.2 RE E  809
 11 06 49.6930 +08 18 59.568   68   76 2454973.58254782 20.1 RE E  809
 11 06 49.7043 +08 18 59.598   68   76 2454973.58387412 21.2 RE E  809
 11 06 49.7005 +08 18 59.630   68   76 2454973.58503768 19.3 RE E  809
 11 06 49.7093 +08 18 59.538   68   76 2454973.58619197 19.5 RE E  809
