   0.143  -0.069 1072.01 1002.13 2.068    655.73    677.27 22.673 22.808 99.999 15.632 15.766 99.999 99.999 99.999  0.582 99.999 99.999 99.999 99.999  99.999  99.999  99.999  99.999  0.011  0.011  0.006  0.006  0.051  0.055  101   82 99.999 99.999   99  16.521999566 -20.963045415  1 32 41.66 2007  8 22 2454334.56437106    40    Clear               himalia0001.fits                                   Himalia               2045  2050     1   0.000   0.000
   0.101  -0.091 1069.38 1002.62 2.050    661.83    905.27 22.782 23.012 99.999 15.730 15.960 99.999 99.999 99.999  0.574 99.999 99.999 99.999 99.999  99.999  99.999  99.999  99.999  0.023  0.023  0.006  0.006  0.053  0.051   93   76 99.999 99.999   99  16.522001389 -20.963062332  1 33 54.85 2007  8 22 2454334.56521817    40    Clear               himalia0002.fits                                   Himalia               2045  2050     1   0.000   0.000
   0.088  -0.062 1064.98 1002.41 1.820    760.44    879.98 22.985 23.162 99.999 15.782 15.960 99.999 99.999 99.999  0.571 99.999 99.999 99.999 99.999  99.999  99.999  99.999  99.999  0.013  0.013  0.006  0.007  0.050  0.057   95   75 99.999 99.999   99  16.522003775 -20.963064987  1 35  7.45 2007  8 22 2454334.56605845    40    Clear               himalia0003.fits                                   Himalia               2045  2050     1   0.000   0.000
   0.136  -0.054 1065.34 1001.79 1.981    652.39    808.30 22.738 22.929 99.999 15.702 15.892 99.999 99.999 99.999  0.554 99.999 99.999 99.999 99.999  99.999  99.999  99.999  99.999  0.015  0.015  0.007  0.006  0.058  0.051   98   76 99.999 99.999   99  16.522007443 -20.963074179  1 36 22.10 2007  8 22 2454334.56692245    40    Clear               himalia0004.fits                                   Himalia               2045  2050     1   0.000   0.000
   0.139  -0.064 1067.71 1001.53 1.883    733.93    773.46 22.894 23.048 99.999 15.730 15.884 99.999 99.999 99.999  0.547 99.999 99.999 99.999 99.999  99.999  99.999  99.999  99.999  0.004  0.004  0.006  0.006  0.057  0.053   96   79 99.999 99.999   99  16.522010202 -20.963087767  1 37 35.55 2007  8 22 2454334.56777257    40    Clear               himalia0005.fits                                   Himalia               2045  2050     1   0.000   0.000
   0.122  -0.086 1064.70 1001.60 1.911    758.32    736.78 22.851 22.966 99.999 15.652 15.766 99.999 99.999 99.999  0.622 99.999 99.999 99.999 99.999  99.999  99.999  99.999  99.999  0.009  0.009  0.006  0.006  0.052  0.051   94   75 99.999 99.999   99  16.522012533 -20.963104943  1 38 49.03 2007  8 22 2454334.56862303    40    Clear               himalia0006.fits                                   Himalia               2045  2050     1   0.000   0.000
   0.162  -0.071 1064.56 1000.99 2.465    573.82    680.21 22.614 22.945 99.999 15.717 16.048 99.999 99.999 99.999  0.613 99.999 99.999 99.999 99.999  99.999  99.999  99.999  99.999  0.006  0.006  0.006  0.006  0.056  0.055   98   76 99.999 99.999   99  16.522016016 -20.963111936  1 40  2.51 2007  8 22 2454334.56947350    40    Clear               himalia0007.fits                                   Himalia               2045  2050     1   0.000   0.000
   0.137  -0.093 1069.26 1000.79 2.189    610.94    710.97 22.641 22.886 99.999 15.676 15.921 99.999 99.999 99.999  0.554 99.999 99.999 99.999 99.999  99.999  99.999  99.999  99.999  0.016  0.016  0.006  0.006  0.055  0.056  100   82 99.999 99.999   99  16.522018214 -20.963128760  1 41 16.00 2007  8 22 2454334.57032407    40    Clear               himalia0008.fits                                   Himalia               2045  2050     1   0.000   0.000
   0.147  -0.079 1064.91  999.60 1.959    643.04    733.01 22.692 22.873 99.999 15.671 15.852 99.999 99.999 99.999  0.613 99.999 99.999 99.999 99.999  99.999  99.999  99.999  99.999  0.014  0.013  0.007  0.006  0.060  0.053  100   84 99.999 99.999   99  16.522023776 -20.963146980  1 43 43.04 2007  8 22 2454334.57202593    40    Clear               himalia0010.fits                                   Himalia               2045  2050     1   0.000   0.000
   0.121  -0.053 1070.59  998.52 1.930    649.33    740.71 22.729 22.943 99.999 15.698 15.912 99.999 99.999 99.999  0.545 99.999 99.999 99.999 99.999  99.999  99.999  99.999  99.999  0.015  0.015  0.006  0.006  0.054  0.055   95   77 99.999 99.999   99  16.522025948 -20.963150937  1 44 56.53 2007  8 22 2454334.57287650    40    Clear               himalia0011.fits                                   Himalia               2045  2050     1   0.000   0.000
   0.129  -0.094 1065.87  998.89 2.370    520.19    708.34 22.444 22.605 99.999 15.654 15.815 99.999 99.999 99.999  0.610 99.999 99.999 99.999 99.999  99.999  99.999  99.999  99.999  0.005  0.005  0.006  0.006  0.054  0.055   97   76 99.999 99.999   99  16.522028802 -20.963173166  1 46 10.02 2007  8 22 2454334.57372708    40    Clear               himalia0012.fits                                   Himalia               2045  2050     1   0.000   0.000
   0.140  -0.066 1060.59  998.18 2.294    591.85   1002.03 22.715 22.921 99.999 15.785 15.990 99.999 99.999 99.999  0.557 99.999 99.999 99.999 99.999  99.999  99.999  99.999  99.999  0.018  0.018  0.007  0.006  0.056  0.056   95   75 99.999 99.999   99  16.522031723 -20.963176283  1 47 23.45 2007  8 22 2454334.57457697    40    Clear               himalia0013.fits                                   Himalia               2045  2050     1   0.000   0.000
   0.155  -0.081 1061.19  998.10 2.209    500.06   1040.31 22.511 22.700 99.999 15.763 15.953 99.999 99.999 99.999  0.549 99.999 99.999 99.999 99.999  99.999  99.999  99.999  99.999  0.024  0.024  0.007  0.007  0.056  0.054   90   68 99.999 99.999   99  16.522034678 -20.963191716  1 48 36.92 2007  8 22 2454334.57542731    40    Clear               himalia0014.fits                                   Himalia               2045  2050     1   0.000   0.000
   0.121  -0.121 1061.01  997.31 2.111    575.79    991.28 22.637 22.804 99.999 15.736 15.903 99.999 99.999 99.999  0.562 99.999 99.999 99.999 99.999  99.999  99.999  99.999  99.999  0.003  0.002  0.007  0.007  0.058  0.056   89   71 99.999 99.999   99  16.522036702 -20.963213535  1 49 50.41 2007  8 22 2454334.57627789    40    Clear               himalia0015.fits                                   Himalia               2045  2050     1   0.000   0.000
   0.105  -0.035 1137.41  907.93 1.418   1046.35   1807.95 23.160 23.334 99.999 15.611 15.785 99.999 99.999 99.999  0.606 99.999 99.999 99.999 99.999  99.999  99.999  99.999  99.999  0.014  0.014  0.007  0.006  0.053  0.052   82   65 99.999 99.999   99  16.525220832 -20.976601006  0 29 58.34 2007  8 23 2454335.52081412    30    Clear               Himalia0001.fits                                   Himalia               2045  2050     1   0.000   0.000
   0.107  -0.038 1135.26  907.88 1.273    985.68   1875.78 23.109 23.248 99.999 15.625 15.763 99.999 99.999 99.999  0.600 99.999 99.999 99.999 99.999  99.999  99.999  99.999  99.999  0.016  0.016  0.007  0.006  0.053  0.050   83   63 99.999 99.999   99  16.525223338 -20.976612343  0 31  2.66 2007  8 23 2454335.52155856    30    Clear               Himalia0002.fits                                   Himalia               2045  2050     1   0.000   0.000
   0.093  -0.081 1132.96  907.42 1.567    757.14   1820.05 22.842 23.066 99.999 15.645 15.868 99.999 99.999 99.999  0.594 99.999 99.999 99.999 99.999  99.999  99.999  99.999  99.999  0.017  0.016  0.007  0.007  0.059  0.054   81   65 99.999 99.999   99  16.525225536 -20.976634386  0 32  6.13 2007  8 23 2454335.52229317    30    Clear               Himalia0003.fits                                   Himalia               2045  2050     1   0.000   0.000
   0.143  -0.059 1136.04  907.35 1.663    838.85   1779.13 22.836 23.043 99.999 15.526 15.734 99.999 99.999 99.999  0.640 99.999 99.999 99.999 99.999  99.999  99.999  99.999  99.999  0.023  0.023  0.006  0.007  0.052  0.054   84   66 99.999 99.999   99  16.525228952 -20.976638468  0 33  9.43 2007  8 23 2454335.52302581    30    Clear               Himalia0004.fits                                   Himalia               2045  2050     1   0.000   0.000
   0.169  -0.105 1134.81  906.41 1.519    914.92   1827.30 22.917 23.033 99.999 15.514 15.629 99.999 99.999 99.999  0.636 99.999 99.999 99.999 99.999  99.999  99.999  99.999  99.999  0.027  0.026  0.006  0.007  0.051  0.056   84   67 99.999 99.999   99  16.525234353 -20.976671056  0 35 15.54 2007  8 23 2454335.52448542    30    Clear               Himalia0006.fits                                   Himalia               2045  2050     1   0.000   0.000
   0.197  -0.082 1133.76  906.10 1.453    872.67   1895.72 22.976 23.184 99.999 15.624 15.832 99.999 99.999 99.999  0.606 99.999 99.999 99.999 99.999  99.999  99.999  99.999  99.999  0.029  0.029  0.007  0.007  0.054  0.054   80   66 99.999 99.999   99  16.525237348 -20.976674728  0 36 19.00 2007  8 23 2454335.52521991    30    Clear               Himalia0007.fits                                   Himalia               2045  2050     1   0.000   0.000
   0.171  -0.100 1137.73  904.84 1.424   1000.87   1879.52 23.076 23.200 99.999 15.575 15.699 99.999 99.999 99.999  0.591 99.999 99.999 99.999 99.999  99.999  99.999  99.999  99.999  0.031  0.030  0.007  0.007  0.056  0.057   84   68 99.999 99.999   99  16.525246608 -20.976720072  0 40 32.00 2007  8 23 2454335.52814815    30    Clear               Himalia0011.fits                                   Himalia               2045  2050     1   0.000   0.000
   0.108  -0.030 1169.06  919.28 1.592    922.74    467.03 23.121 23.210 99.999 15.708 15.797 99.999 99.999 99.999  0.350 99.999 99.999 99.999 99.999  99.999  99.999  99.999  99.999  0.011  0.011  0.008  0.007  0.056  0.051   78   55 99.999 99.999   99  16.528835083 -20.991499477  0 39 28.12 2007  8 24 2454336.52740880    40    Clear               himalia0001.fits                                   Himalia               2045  2050     1   0.000   0.000
   0.110  -0.051 1168.02  918.13 1.618    925.15    462.54 23.071 23.199 99.999 15.656 15.784 99.999 99.999 99.999  0.430 99.999 99.999 99.999 99.999  99.999  99.999  99.999  99.999  0.010  0.010  0.007  0.006  0.052  0.047   80   59 99.999 99.999   99  16.528841173 -20.991529609  0 41 54.81 2007  8 24 2454336.52910660    40    Clear               himalia0003.fits                                   Himalia               2045  2050     1   0.000   0.000
   0.126  -0.041 1163.85  917.94 1.710    905.66    441.86 23.103 23.191 99.999 15.711 15.798 99.999 99.999 99.999  0.345 99.999 99.999 99.999 99.999  99.999  99.999  99.999  99.999  0.008  0.008  0.008  0.007  0.058  0.051   79   59 99.999 99.999   99  16.528844526 -20.991539032  0 43  8.00 2007  8 24 2454336.52995370    40    Clear               himalia0004.fits                                   Himalia               2045  2050     1   0.000   0.000
   0.077  -0.042 1159.73  917.59 1.595    971.47    463.85 23.155 23.265 99.999 15.687 15.796 99.999 99.999 99.999  0.332 99.999 99.999 99.999 99.999  99.999  99.999  99.999  99.999  0.009  0.009  0.007  0.007  0.051  0.054   78   60 99.999 99.999   99  16.528846602 -20.991551574  0 44 21.18 2007  8 24 2454336.53080069    40    Clear               himalia0005.fits                                   Himalia               2045  2050     1   0.000   0.000
   0.128  -0.062 1162.73  917.75 1.566   1039.18    466.90 23.202 23.234 99.999 15.660 15.692 99.999 99.999 99.999  0.380 99.999 99.999 99.999 99.999  99.999  99.999  99.999  99.999  0.009  0.009  0.008  0.007  0.054  0.052   79   55 99.999 99.999   99  16.528850643 -20.991569228  0 45 34.39 2007  8 24 2454336.53164803    40    Clear               himalia0006.fits                                   Himalia               2045  2050     1   0.000   0.000
   0.086  -0.021 1160.93  916.98 1.533   1085.96    472.34 23.262 23.280 99.999 15.672 15.690 99.999 99.999 99.999  0.440 99.999 99.999 99.999 99.999  99.999  99.999  99.999  99.999  0.010  0.010  0.007  0.006  0.054  0.049   80   61 99.999 99.999   99  16.528852875 -20.991570305  0 46 48.43 2007  8 24 2454336.53250498    40    Clear               himalia0007.fits                                   Himalia               2045  2050     1   0.000   0.000
   0.054  -0.016 1157.97  916.68 1.794    753.80    446.82 22.815 22.927 99.999 15.622 15.734 99.999 99.999 99.999  0.439 99.999 99.999 99.999 99.999  99.999  99.999  99.999  99.999  0.009  0.009  0.008  0.007  0.057  0.053   78   56 99.999 99.999   99  16.528855263 -20.991581148  0 48  1.63 2007  8 24 2454336.53335220    40    Clear               himalia0008.fits                                   Himalia               2045  2050     1   0.000   0.000
   0.097  -0.019 1159.56  916.50 1.907    847.59    414.62 22.953 23.093 99.999 15.633 15.773 99.999 99.999 99.999  0.429 99.999 99.999 99.999 99.999  99.999  99.999  99.999  99.999  0.011  0.011  0.007  0.006  0.054  0.046   78   55 99.999 99.999   99  16.528859171 -20.991593917  0 49 14.81 2007  8 24 2454336.53419919    40    Clear               himalia0009.fits                                   Himalia               2045  2050     1   0.000   0.000
   0.071  -0.031 1160.61  916.63 1.705    855.10    465.75 23.024 23.123 99.999 15.694 15.793 99.999 99.999 99.999  0.425 99.999 99.999 99.999 99.999  99.999  99.999  99.999  99.999  0.009  0.009  0.007  0.007  0.055  0.050   79   58 99.999 99.999   99  16.528861682 -20.991609518  0 50 28.00 2007  8 24 2454336.53504630    40    Clear               himalia0010.fits                                   Himalia               2045  2050     1   0.000   0.000
   0.145  -0.110 1157.83  916.73 1.864    800.74    440.20 23.040 23.095 99.999 15.782 15.836 99.999 99.999 99.999  0.344 99.999 99.999 99.999 99.999  99.999  99.999  99.999  99.999  0.008  0.008  0.008  0.009  0.058  0.064   74   53 99.999 99.999   99  16.528866179 -20.991643518  0 51 41.18 2007  8 24 2454336.53589329    40    Clear               himalia0011.fits                                   Himalia               2045  2050     1   0.000   0.000
   0.096  -0.038 1158.70  915.57 1.832    853.51    438.48 22.916 22.994 99.999 15.588 15.666 99.999 99.999 99.999  0.429 99.999 99.999 99.999 99.999  99.999  99.999  99.999  99.999  0.004  0.004  0.008  0.008  0.056  0.056   79   57 99.999 99.999   99  16.528868270 -20.991635839  0 52 54.72 2007  8 24 2454336.53674444    40    Clear               himalia0012.fits                                   Himalia               2045  2050     1   0.000   0.000
   0.071  -0.054 1163.55  915.36 1.671    916.78    473.04 23.075 23.129 99.999 15.669 15.724 99.999 99.999 99.999  0.432 99.999 99.999 99.999 99.999  99.999  99.999  99.999  99.999  0.011  0.011  0.007  0.007  0.053  0.049   79   59 99.999 99.999   99  16.528870790 -20.991652634  0 54  7.91 2007  8 24 2454336.53759155    40    Clear               himalia0013.fits                                   Himalia               2045  2050     1   0.000   0.000
   0.097  -0.043 1161.39  914.49 1.714    856.92    471.74 23.004 23.062 99.999 15.672 15.730 99.999 99.999 99.999  0.358 99.999 99.999 99.999 99.999  99.999  99.999  99.999  99.999  0.010  0.010  0.008  0.007  0.059  0.051   75   56 99.999 99.999   99  16.528874365 -20.991661740  0 55 21.13 2007  8 24 2454336.53843900    40    Clear               himalia0014.fits                                   Himalia               2045  2050     1   0.000   0.000
   0.084  -0.022 1160.53  914.26 1.533   1064.00    479.65 23.248 23.262 99.999 15.680 15.695 99.999 99.999 99.999  0.339 99.999 99.999 99.999 99.999  99.999  99.999  99.999  99.999  0.010  0.010  0.008  0.006  0.061  0.046   77   59 99.999 99.999   99  16.528877132 -20.991667796  0 56 34.31 2007  8 24 2454336.53928600    40    Clear               himalia0015.fits                                   Himalia               2045  2050     1   0.000   0.000
   0.020  -0.004 1165.50  913.69 1.611    967.02    473.86 23.091 23.146 99.999 15.628 15.682 99.999 99.999 99.999  0.429 99.999 99.999 99.999 99.999  99.999  99.999  99.999  99.999  0.010  0.010  0.008  0.007  0.061  0.050   79   58 99.999 99.999   99  16.528878873 -20.991674622  0 57 46.64 2007  8 24 2454336.54012315    40    Clear               himalia0016.fits                                   Himalia               2045  2050     1   0.000   0.000
   0.195  -0.078 1162.14  913.42 1.955    735.01    433.10 22.813 22.948 99.999 15.647 15.782 99.999 99.999 99.999  0.385 99.999 99.999 99.999 99.999  99.999  99.999  99.999  99.999  0.010  0.010  0.010  0.008  0.066  0.053   78   55 99.999 99.999   99  16.528885404 -20.991707380  0 58 59.83 2007  8 24 2454336.54097025    40    Clear               himalia0017.fits                                   Himalia               2045  2050     1   0.000   0.000
   0.104  -0.006 1156.21  913.22 1.864    834.75    430.41 22.958 23.073 99.999 15.654 15.769 99.999 99.999 99.999  0.419 99.999 99.999 99.999 99.999  99.999  99.999  99.999  99.999  0.009  0.009  0.007  0.006  0.055  0.046   81   60 99.999 99.999   99  16.528886613 -20.991699694  1  0 13.02 2007  8 24 2454336.54181736    40    Clear               himalia0018.fits                                   Himalia               2045  2050     1   0.000   0.000
   0.086  -0.048 1158.30  912.71 1.977    719.58    434.69 22.801 22.892 99.999 15.658 15.749 99.999 99.999 99.999  0.377 99.999 99.999 99.999 99.999  99.999  99.999  99.999  99.999  0.012  0.012  0.008  0.007  0.055  0.049   80   57 99.999 99.999   99  16.528889316 -20.991723692  1  1 26.22 2007  8 24 2454336.54266458    40    Clear               himalia0019.fits                                   Himalia               2045  2050     1   0.000   0.000
   0.168  -0.115 1156.17  913.15 1.902    759.56    449.77 22.880 22.967 99.999 15.679 15.765 99.999 99.999 99.999  0.395 99.999 99.999 99.999 99.999  99.999  99.999  99.999  99.999  0.012  0.012  0.008  0.008  0.058  0.057   78   54 99.999 99.999   99  16.528893948 -20.991754231  1  2 38.58 2007  8 24 2454336.54350208    40    Clear               himalia0020.fits                                   Himalia               2045  2050     1   0.000   0.000
   0.049  -0.022 1064.42  963.29 1.034   2305.28    465.33 24.060 24.062 99.999 15.653 15.655 99.999 99.999 99.999  0.313 99.999 99.999 99.999 99.999  99.999  99.999  99.999  99.999  0.010  0.010  0.006  0.006  0.050  0.049   83   64 99.999 99.999   99  16.532475755 -21.006240550 23 30 30.86 2007  8 24 2454337.47952384    40    Clear               himalia0001.fits                                   Himalia               2045  2050     1   0.000   0.000
   0.047   0.015 1062.51  962.57 1.110   2174.99    400.02 23.907 23.935 99.999 15.564 15.592 99.999 99.999 99.999  0.361 99.999 99.999 99.999 99.999  99.999  99.999  99.999  99.999  0.005  0.005  0.007  0.006  0.051  0.049   84   64 99.999 99.999   99  16.532478882 -21.006243074 23 31 44.05 2007  8 24 2454337.48037095    40    Clear               himalia0002.fits                                   Himalia               2045  2050     1   0.000   0.000
   0.060  -0.017 1069.04  961.12 1.145   2037.64    400.32 23.860 23.890 99.999 15.587 15.617 99.999 99.999 99.999  0.349 99.999 99.999 99.999 99.999  99.999  99.999  99.999  99.999  0.014  0.014  0.006  0.007  0.049  0.053   82   66 99.999 99.999   99  16.532485460 -21.006277376 23 34  9.60 2007  8 24 2454337.48205556    40    Clear               himalia0004.fits                                   Himalia               2045  2050     1   0.000   0.000
   0.075  -0.016 1065.22  960.58 1.315   1646.16    358.08 23.664 23.719 99.999 15.623 15.678 99.999 99.999 99.999  0.349 99.999 99.999 99.999 99.999  99.999  99.999  99.999  99.999  0.002  0.002  0.006  0.006  0.045  0.049   84   65 99.999 99.999   99  16.532488958 -21.006290349 23 35 22.82 2007  8 24 2454337.48290301    40    Clear               himalia0005.fits                                   Himalia               2045  2050     1   0.000   0.000
   0.053  -0.024 1059.67  960.53 1.186   1916.24    386.67 23.824 23.841 99.999 15.618 15.635 99.999 99.999 99.999  0.357 99.999 99.999 99.999 99.999  99.999  99.999  99.999  99.999  0.021  0.021  0.006  0.007  0.049  0.054   84   65 99.999 99.999   99  16.532491688 -21.006305169 23 36 36.05 2007  8 24 2454337.48375058    40    Clear               himalia0006.fits                                   Himalia               2045  2050     1   0.000   0.000
   0.050  -0.014 1062.64  959.63 1.207   1847.62    392.78 23.742 23.794 99.999 15.576 15.627 99.999 99.999 99.999  0.307 99.999 99.999 99.999 99.999  99.999  99.999  99.999  99.999  0.009  0.009  0.006  0.007  0.049  0.052   80   64 99.999 99.999   99  16.532494844 -21.006315637 23 37 50.11 2007  8 24 2454337.48460775    40    Clear               himalia0007.fits                                   Himalia               2045  2050     1   0.000   0.000
   0.053  -0.003 1062.20  958.99 1.189   1887.07    396.58 23.851 23.854 99.999 15.662 15.665 99.999 99.999 99.999  0.309 99.999 99.999 99.999 99.999  99.999  99.999  99.999  99.999  0.018  0.018  0.006  0.006  0.050  0.050   83   66 99.999 99.999   99  16.532498075 -21.006325297 23 39  2.69 2007  8 24 2454337.48544780    40    Clear               himalia0008.fits                                   Himalia               2045  2050     1   0.000   0.000
   0.059  -0.024 1058.13  958.72 1.173   1901.23    404.92 23.865 23.877 99.999 15.667 15.679 99.999 99.999 99.999  0.350 99.999 99.999 99.999 99.999  99.999  99.999  99.999  99.999  0.022  0.022  0.007  0.007  0.053  0.052   83   65 99.999 99.999   99  16.532501388 -21.006343820 23 40 15.90 2007  8 24 2454337.48629514    40    Clear               himalia0009.fits                                   Himalia               2045  2050     1   0.000   0.000
   0.058  -0.010 1057.32  957.91 1.365   1631.02    331.38 23.613 23.658 99.999 15.582 15.627 99.999 99.999 99.999  0.372 99.999 99.999 99.999 99.999  99.999  99.999  99.999  99.999  0.027  0.027  0.007  0.007  0.050  0.051   75   59 99.999 99.999   99  16.532504573 -21.006353106 23 41 29.11 2007  8 24 2454337.48714248    40    Clear               himalia0010.fits                                   Himalia               2045  2050     1   0.000   0.000
   0.045  -0.032 1059.01  957.77 1.258   1777.97    366.10 23.781 23.839 99.999 15.656 15.714 99.999 99.999 99.999  0.245 99.999 99.999 99.999 99.999  99.999  99.999  99.999  99.999  0.022  0.022  0.007  0.007  0.055  0.056   81   66 99.999 99.999   99  16.532507496 -21.006371879 23 42 42.31 2007  8 24 2454337.48798970    40    Clear               himalia0011.fits                                   Himalia               2045  2050     1   0.000   0.000
   0.039  -0.018 1055.39  957.34 1.015   2255.57    484.12 24.002 24.009 99.999 15.618 15.626 99.999 99.999 99.999  0.359 99.999 99.999 99.999 99.999  99.999  99.999  99.999  99.999  0.013  0.013  0.006  0.006  0.046  0.046   80   59 99.999 99.999   99  16.532510554 -21.006380824 23 43 55.54 2007  8 24 2454337.48883727    40    Clear               himalia0012.fits                                   Himalia               2045  2050     1   0.000   0.000
   0.044  -0.021 1052.80  956.94 1.107   2094.96    404.21 23.858 23.868 99.999 15.556 15.565 99.999 99.999 99.999  0.352 99.999 99.999 99.999 99.999  99.999  99.999  99.999  99.999  0.018  0.018  0.006  0.006  0.050  0.049   83   65 99.999 99.999   99  16.532513867 -21.006394853 23 45  8.90 2007  8 24 2454337.48968634    40    Clear               himalia0013.fits                                   Himalia               2045  2050     1   0.000   0.000
   0.041   0.000 1057.20  956.26 1.173   1860.47    404.06 23.827 23.846 99.999 15.653 15.672 99.999 99.999 99.999  0.312 99.999 99.999 99.999 99.999  99.999  99.999  99.999  99.999  0.009  0.009  0.006  0.006  0.048  0.050   82   65 99.999 99.999   99  16.532516954 -21.006401634 23 46 21.18 2007  8 24 2454337.49052292    40    Clear               himalia0014.fits                                   Himalia               2045  2050     1   0.000   0.000
   0.046  -0.002 1054.57  955.75 1.092   2083.25    421.82 23.928 23.931 99.999 15.631 15.634 99.999 99.999 99.999  0.306 99.999 99.999 99.999 99.999  99.999  99.999  99.999  99.999  0.007  0.007  0.007  0.006  0.052  0.049   78   61 99.999 99.999   99  16.532520239 -21.006414993 23 47 34.40 2007  8 24 2454337.49137037    40    Clear               himalia0015.fits                                   Himalia               2045  2050     1   0.000   0.000
   0.052  -0.020 1052.79  954.85 1.244   1724.51    371.63 23.725 23.792 99.999 15.633 15.700 99.999 99.999 99.999  0.397 99.999 99.999 99.999 99.999  99.999  99.999  99.999  99.999  0.009  0.009  0.006  0.006  0.050  0.048   82   63 99.999 99.999   99  16.532523553 -21.006432742 23 48 47.63 2007  8 24 2454337.49221794    40    Clear               himalia0016.fits                                   Himalia               2045  2050     1   0.000   0.000
   0.043  -0.006 1058.16  954.54 1.234   1703.19    393.45 23.673 23.698 99.999 15.595 15.620 99.999 99.999 99.999  0.354 99.999 99.999 99.999 99.999  99.999  99.999  99.999  99.999  0.009  0.009  0.006  0.007  0.051  0.051   83   66 99.999 99.999   99  16.532526542 -21.006441615 23 50  0.49 2007  8 24 2454337.49306123    40    Clear               himalia0017.fits                                   Himalia               2045  2050     1   0.000   0.000
   0.054  -0.007 1056.53  954.51 1.177   1737.50    412.07 23.756 23.786 99.999 15.656 15.687 99.999 99.999 99.999  0.320 99.999 99.999 99.999 99.999  99.999  99.999  99.999  99.999  0.010  0.010  0.007  0.006  0.051  0.046   74   58 99.999 99.999   99  16.532529969 -21.006454811 23 51 13.70 2007  8 24 2454337.49390857    40    Clear               himalia0018.fits                                   Himalia               2045  2050     1   0.000   0.000
   0.061  -0.032 1054.05  954.23 1.189   1788.76    415.31 23.799 23.813 99.999 15.668 15.681 99.999 99.999 99.999  0.316 99.999 99.999 99.999 99.999  99.999  99.999  99.999  99.999  0.010  0.010  0.006  0.007  0.050  0.051   83   65 99.999 99.999   99  16.532533269 -21.006474316 23 52 26.18 2007  8 24 2454337.49474745    40    Clear               himalia0019.fits                                   Himalia               2045  2050     1   0.000   0.000
   0.084  -0.026 1057.36  953.49 1.530   1228.07    343.13 23.331 23.468 99.999 15.608 15.745 99.999 99.999 99.999  0.353 99.999 99.999 99.999 99.999  99.999  99.999  99.999  99.999  0.026  0.026  0.006  0.007  0.049  0.052   82   61 99.999 99.999   99  16.532536921 -21.006485466 23 53 39.37 2007  8 24 2454337.49559456    40    Clear               himalia0020.fits                                   Himalia               2045  2050     1   0.000   0.000
  -0.018   0.021 1210.81  991.59 2.220    741.34    308.02 21.710 21.817 99.999 14.534 14.642 99.999 99.999 99.999  0.901 99.999 99.999 99.999 99.999  99.999  99.999  99.999  99.999  0.015  0.015  0.007  0.007  0.057  0.054  118   75 99.999 99.999   99  16.646060559 -21.405457362 23  3 41.10 2007  9 12 2454356.46089236    70    clear               himalia0001.fits                                   Himalia               2045  2050     1   0.000   0.000
   0.048   0.052 1199.95  990.60 2.001    839.63    329.85 21.834 21.902 99.999 14.524 14.592 99.999 99.999 99.999  0.896 99.999 99.999 99.999 99.999  99.999  99.999  99.999  99.999  0.015  0.015  0.007  0.006  0.058  0.049  115   77 99.999 99.999   99  16.646100874 -21.405572680 23 10 53.39 2007  9 12 2454356.46589572    70    clear               himalia0002.fits                                   Himalia               2045  2050     1   0.000   0.000
   0.032   0.084 1188.51  989.85 3.309    326.91    279.68 20.815 20.937 99.999 14.529 14.651 99.999 99.999 99.999  0.922 99.999 99.999 99.999 99.999  99.999  99.999  99.999  99.999  0.012  0.012  0.008  0.007  0.065  0.059  111   69 99.999 99.999   99  16.646133720 -21.405669248 23 17  0.90 2007  9 12 2454356.47014931    70    clear               himalia0003.fits                                   Himalia               2045  2050     1   0.000   0.000
   0.017   0.043 1189.50  988.99 2.813    416.71    290.91 21.106 21.240 99.999 14.557 14.690 99.999 99.999 99.999  0.926 99.999 99.999 99.999 99.999  99.999  99.999  99.999  99.999  0.011  0.011  0.008  0.007  0.063  0.056  110   69 99.999 99.999   99  16.646145777 -21.405720023 23 19 17.80 2007  9 12 2454356.47173380    70    clear               himalia0004.fits                                   Himalia               2045  2050     1   0.000   0.000
   0.101  -0.089 1190.46  989.63 3.899    220.80    271.57 20.447 20.630 99.999 14.587 14.770 99.999 99.999 99.999  0.948 99.999 99.999 99.999 99.999  99.999  99.999  99.999  99.999  0.016  0.016  0.008  0.008  0.060  0.056  105   58 99.999 99.999   99  16.646160043 -21.405796346 23 21 37.22 2007  9 12 2454356.47334745    70    clear               himalia0005.fits                                   Himalia               2045  2050     1   0.000   0.000
   0.048   0.048 1191.61  987.53 2.717    465.69    289.46 21.246 21.423 99.999 14.576 14.753 99.999 99.999 99.999  0.889 99.999 99.999 99.999 99.999  99.999  99.999  99.999  99.999  0.011  0.011  0.008  0.008  0.059  0.062  109   69 99.999 99.999   99  16.646172341 -21.405800493 23 24  5.00 2007  9 12 2454356.47505787    70    clear               himalia0006.fits                                   Himalia               2045  2050     1   0.000   0.000
  -0.011  -0.012 1191.11  986.81 2.771    325.21    284.77 20.869 20.997 99.999 14.588 14.717 99.999 99.999 99.999  0.905 99.999 99.999 99.999 99.999  99.999  99.999  99.999  99.999  0.018  0.018  0.007  0.007  0.059  0.057  126   79 99.999 99.999   99  16.646189250 -21.405874791 23 27 25.20 2007  9 12 2454356.47737500    70    clear               himalia0007.fits                                   Himalia               2045  2050     1   0.000   0.000
  -0.017   0.076 1184.79  987.18 2.620    104.16    200.23 19.665 19.862 99.999 14.621 14.817 99.999 99.999 99.999  0.952 99.999 99.999 99.999 99.999  99.999  99.999  99.999  99.999  0.029  0.028  0.008  0.007  0.064  0.057  118   70 99.999 99.999   99  16.646198492 -21.405879789 23 29  8.63 2007  9 12 2454356.47857211    70    clear               himalia0008.fits                                   Himalia               2045  2050     1   0.000   0.000
   0.098   0.098 1179.60  984.52 2.550    515.76    280.55 21.366 21.486 99.999 14.585 14.705 99.999 99.999 99.999  0.905 99.999 99.999 99.999 99.999  99.999  99.999  99.999  99.999  0.010  0.010  0.007  0.007  0.058  0.055  120   73 99.999 99.999   99  16.646228790 -21.405962236 23 34 18.22 2007  9 12 2454356.48215532    70    clear               himalia0011.fits                                   Himalia               2045  2050     1   0.000   0.000
   0.005   0.059 1175.90  985.23 2.327    682.31    302.68 21.669 21.820 99.999 14.584 14.735 99.999 99.999 99.999  0.895 99.999 99.999 99.999 99.999  99.999  99.999  99.999  99.999  0.011  0.011  0.007  0.006  0.055  0.050  125   81 99.999 99.999   99  16.646236378 -21.406002677 23 36  2.52 2007  9 12 2454356.48336250    70    clear               himalia0012.fits                                   Himalia               2045  2050     1   0.000   0.000
   0.120  -0.020 1176.29  985.36 2.498    621.09    290.55 21.537 21.691 99.999 14.554 14.708 99.999 99.999 99.999  0.910 99.999 99.999 99.999 99.999  99.999  99.999  99.999  99.999  0.020  0.020  0.007  0.008  0.060  0.061  119   73 99.999 99.999   99  16.646248000 -21.406054429 23 37 45.94 2007  9 12 2454356.48455949    70    clear               himalia0013.fits                                   Himalia               2045  2050     1   0.000   0.000
   0.070  -0.013 1175.16  984.42 2.147    764.98    314.34 21.752 21.898 99.999 14.543 14.689 99.999 99.999 99.999  0.887 99.999 99.999 99.999 99.999  99.999  99.999  99.999  99.999  0.011  0.011  0.007  0.006  0.059  0.052  121   87 99.999 99.999   99  16.646256393 -21.406081874 23 39 29.49 2007  9 12 2454356.48575799    70    clear               himalia0014.fits                                   Himalia               2045  2050     1   0.000   0.000
   0.048   0.044 1175.02  983.71 2.359    687.57    292.65 21.659 21.813 99.999 14.566 14.719 99.999 99.999 99.999  0.907 99.999 99.999 99.999 99.999  99.999  99.999  99.999  99.999  0.014  0.014  0.007  0.006  0.059  0.055  122   83 99.999 99.999   99  16.646265316 -21.406095441 23 41 12.91 2007  9 12 2454356.48695498    70    clear               himalia0015.fits                                   Himalia               2045  2050     1   0.000   0.000
   0.041   0.007 1177.58  983.53 2.215    713.65    307.88 21.734 21.878 99.999 14.600 14.745 99.999 99.999 99.999  0.900 99.999 99.999 99.999 99.999  99.999  99.999  99.999  99.999  0.014  0.014  0.007  0.006  0.059  0.053  123   86 99.999 99.999   99  16.646274541 -21.406135467 23 42 56.44 2007  9 12 2454356.48815324    70    clear               himalia0016.fits                                   Himalia               2045  2050     1   0.000   0.000
   0.062   0.016 1174.89  983.16 2.268    669.99    307.07 21.584 21.701 99.999 14.518 14.636 99.999 99.999 99.999  0.888 99.999 99.999 99.999 99.999  99.999  99.999  99.999  99.999  0.012  0.012  0.007  0.006  0.058  0.055  128   86 99.999 99.999   99  16.646284320 -21.406162475 23 44 39.87 2007  9 12 2454356.48935035    70    clear               himalia0017.fits                                   Himalia               2045  2050     1   0.000   0.000
   0.057   0.014 1178.48  982.42 2.312    688.66    300.28 21.696 21.825 99.999 14.601 14.730 99.999 99.999 99.999  0.906 99.999 99.999 99.999 99.999  99.999  99.999  99.999  99.999  0.011  0.011  0.007  0.006  0.058  0.052  122   77 99.999 99.999   99  16.646293615 -21.406192875 23 46 23.37 2007  9 12 2454356.49054826    70    clear               himalia0018.fits                                   Himalia               2045  2050     1   0.000   0.000
   0.115   0.052 1171.30  982.45 2.333    583.35    315.49 21.528 21.648 99.999 14.613 14.733 99.999 99.999 99.999  0.876 99.999 99.999 99.999 99.999  99.999  99.999  99.999  99.999  0.021  0.021  0.007  0.007  0.060  0.058  124   82 99.999 99.999   99  16.646304112 -21.406211676 23 48  6.79 2007  9 12 2454356.49174525    70    clear               himalia0019.fits                                   Himalia               2045  2050     1   0.000   0.000
   0.052  -0.011 1169.14  982.47 2.444    593.12    293.00 21.467 21.556 99.999 14.534 14.623 99.999 99.999 99.999  0.889 99.999 99.999 99.999 99.999  99.999  99.999  99.999  99.999  0.013  0.013  0.007  0.006  0.060  0.051  122   76 99.999 99.999   99  16.646312138 -21.406258386 23 49 49.42 2007  9 12 2454356.49293310    70    clear               himalia0020.fits                                   Himalia               2045  2050     1   0.000   0.000
   0.032   0.060  986.85 1344.45 2.589    220.92     93.13 21.640 21.727 99.999 15.780 15.866 99.999 99.999 99.999  0.234 99.999 99.999 99.999 99.999  99.999  99.999  99.999  99.999  0.023  0.023  0.009  0.008  0.055  0.049   63   45 99.999 99.999   99   7.378489883  22.410414130  7 11 14.82 2013 10  6 2456571.79947713    60    I                   Himalia_0001.fits                                  Himalia               2048  2048     1   0.000   0.000
   0.086   0.155  984.82 1343.63 2.348    195.38    120.97 21.587 21.640 99.999 15.859 15.913 99.999 99.999 99.999  0.220 99.999 99.999 99.999 99.999  99.999  99.999  99.999  99.999  0.021  0.021  0.010  0.009  0.060  0.055   64   45 99.999 99.999   99   7.378504216  22.410422334  7 13 32.53 2013 10  6 2456571.80107090    60    I                   Himalia_0002.fits                                  Himalia               2048  2048     1   0.000   0.000
   0.044   0.065  983.71 1338.04 2.393    174.63    116.66 21.444 21.363 99.999 15.839 15.758 99.999 99.999 99.999  0.210 99.999 99.999 99.999 99.999  99.999  99.999  99.999  99.999  0.021  0.021  0.010  0.009  0.061  0.056   61   46 99.999 99.999   99   7.378509625  22.410388444  7 14 37.50 2013 10  6 2456571.80182287    60    I                   Himalia_0003.fits                                  Himalia               2048  2048     1   0.000   0.000
   0.045   0.072  982.75 1337.15 2.476    185.17    106.94 21.430 21.364 99.999 15.761 15.695 99.999 99.999 99.999  0.245 99.999 99.999 99.999 99.999  99.999  99.999  99.999  99.999  0.023  0.023  0.010  0.009  0.058  0.051   62   43 99.999 99.999   99   7.378515882  22.410381596  7 15 42.46 2013 10  6 2456571.80257476    60    I                   Himalia_0004.fits                                  Himalia               2048  2048     1   0.000   0.000
   0.068   0.088  982.17 1337.03 2.484    224.02     97.69 21.609 21.656 99.999 15.733 15.780 99.999 99.999 99.999  0.222 99.999 99.999 99.999 99.999  99.999  99.999  99.999  99.999  0.039  0.040  0.009  0.009  0.056  0.054   59   44 99.999 99.999   99   7.378522588  22.410377602  7 16 47.44 2013 10  6 2456571.80332682    60    I                   Himalia_0005.fits                                  Himalia               2048  2048     1   0.000   0.000
   0.116   0.021  980.86 1330.40 2.289    187.60    115.72 21.471 21.431 99.999 15.788 15.748 99.999 99.999 99.999  0.450 99.999 99.999 99.999 99.999  99.999  99.999  99.999  99.999  0.022  0.022  0.010  0.009  0.061  0.054   59   42 99.999 99.999   99   7.378529789  22.410350300  7 17 52.41 2013 10  6 2456571.80407882    60    I                   Himalia_0006.fits                                  Himalia               2048  2048     1   0.000   0.000
   0.061   0.079  980.91 1324.10 2.726    157.92    107.82 21.368 21.420 99.999 15.872 15.924 99.999 99.999 99.999  0.270 99.999 99.999 99.999 99.999  99.999  99.999  99.999  99.999  0.027  0.027  0.010  0.009  0.059  0.057   63   45 99.999 99.999   99   7.378534944  22.410357704  7 18 57.37 2013 10  6 2456571.80483066    60    I                   Himalia_0007.fits                                  Himalia               2048  2048     1   0.000   0.000
   0.066   0.106  981.56 1324.18 2.991    189.88     91.94 21.468 21.516 99.999 15.772 15.820 99.999 99.999 99.999  0.448 99.999 99.999 99.999 99.999  99.999  99.999  99.999  99.999  0.002  0.002  0.009  0.008  0.062  0.050   64   49 99.999 99.999   99   7.378541269  22.410356272  7 20  2.33 2013 10  6 2456571.80558257    60    I                   Himalia_0008.fits                                  Himalia               2048  2048     1   0.000   0.000
   0.100   0.056  980.62 1319.81 2.807    165.07    110.12 21.416 21.425 99.999 15.872 15.881 99.999 99.999 99.999  0.273 99.999 99.999 99.999 99.999  99.999  99.999  99.999  99.999  0.007  0.007  0.010  0.009  0.060  0.053   63   47 99.999 99.999   99   7.378548190  22.410333885  7 21  7.33 2013 10  6 2456571.80633483    60    I                   Himalia_0009.fits                                  Himalia               2048  2048     1   0.000   0.000
   0.049   0.065  979.10 1313.53 2.495    168.67    116.20 21.472 21.470 99.999 15.904 15.902 99.999 99.999 99.999  0.288 99.999 99.999 99.999 99.999  99.999  99.999  99.999  99.999  0.027  0.027  0.009  0.008  0.059  0.053   60   46 99.999 99.999   99   7.378553425  22.410327801  7 22 12.29 2013 10  6 2456571.80708671    60    I                   Himalia_0010.fits                                  Himalia               2048  2048     1   0.000   0.000
   0.076   0.107  979.41 1307.24 2.659    186.58     99.47 21.627 21.612 99.999 15.950 15.935 99.999 99.999 99.999  0.306 99.999 99.999 99.999 99.999  99.999  99.999  99.999  99.999  0.023  0.023  0.009  0.008  0.059  0.054   61   49 99.999 99.999   99   7.378560196  22.410330717  7 23 17.26 2013 10  6 2456571.80783868    60    I                   Himalia_0011.fits                                  Himalia               2048  2048     1   0.000   0.000
   0.051   0.063  978.35 1308.24 2.314    198.16    121.07 21.603 21.537 99.999 15.860 15.794 99.999 99.999 99.999  0.271 99.999 99.999 99.999 99.999  99.999  99.999  99.999  99.999  0.018  0.018  0.010  0.008  0.064  0.052   62   48 99.999 99.999   99   7.378565939  22.410309783  7 24 22.22 2013 10  6 2456571.80859056    60    I                   Himalia_0012.fits                                  Himalia               2048  2048     1   0.000   0.000
   0.054   0.085  978.79 1303.29 2.558    191.86    105.38 21.651 21.683 99.999 15.944 15.976 99.999 99.999 99.999  0.336 99.999 99.999 99.999 99.999  99.999  99.999  99.999  99.999  0.016  0.016  0.009  0.008  0.064  0.056   65   50 99.999 99.999   99   7.378572242  22.410307279  7 25 27.20 2013 10  6 2456571.80934255    60    I                   Himalia_0013.fits                                  Himalia               2048  2048     1   0.000   0.000
   0.033   0.074  978.06 1297.21 2.362    186.49    111.50 21.604 21.549 99.999 15.927 15.873 99.999 99.999 99.999  0.283 99.999 99.999 99.999 99.999  99.999  99.999  99.999  99.999  0.018  0.018  0.008  0.008  0.055  0.050   62   47 99.999 99.999   99   7.378578042  22.410295649  7 26 32.16 2013 10  6 2456571.81009446    60    I                   Himalia_0014.fits                                  Himalia               2048  2048     1   0.000   0.000
   0.086   0.081  977.85 1295.78 2.409    188.52    117.06 21.477 21.393 99.999 15.788 15.705 99.999 99.999 99.999  0.294 99.999 99.999 99.999 99.999  99.999  99.999  99.999  99.999  0.026  0.026  0.010  0.008  0.063  0.052   62   46 99.999 99.999   99   7.378585360  22.410288778  7 27 37.12 2013 10  6 2456571.81084627    60    I                   Himalia_0015.fits                                  Himalia               2048  2048     1   0.000   0.000
   0.124   0.073  977.72 1296.81 2.397    199.85    105.64 21.595 21.471 99.999 15.843 15.719 99.999 99.999 99.999  0.284 99.999 99.999 99.999 99.999  99.999  99.999  99.999  99.999  0.025  0.026  0.009  0.009  0.059  0.059   62   49 99.999 99.999   99   7.378592355  22.410277850  7 28 42.06 2013 10  6 2456571.81159791    60    I                   Himalia_0016.fits                                  Himalia               2048  2048     1   0.000   0.000
   0.077   0.087  977.49 1292.79 2.256    212.27    109.57 21.705 21.604 99.999 15.888 15.786 99.999 99.999 99.999  0.308 99.999 99.999 99.999 99.999  99.999  99.999  99.999  99.999  0.011  0.011  0.010  0.007  0.071  0.052   63   52 99.999 99.999   99   7.378597647  22.410273037  7 29 47.03 2013 10  6 2456571.81234987    60    I                   Himalia_0017.fits                                  Himalia               2048  2048     1   0.000   0.000
   0.082   0.072  976.85 1288.46 2.227    230.83    109.55 21.801 21.789 99.999 15.893 15.881 99.999 99.999 99.999  0.295 99.999 99.999 99.999 99.999  99.999  99.999  99.999  99.999  0.010  0.010  0.009  0.009  0.063  0.057   63   49 99.999 99.999   99   7.378603984  22.410260183  7 30 51.97 2013 10  6 2456571.81310148    60    I                   Himalia_0018.fits                                  Himalia               2048  2048     1   0.000   0.000
   0.124   0.059  976.81 1290.55 2.729    219.92     90.30 21.645 21.621 99.999 15.789 15.765 99.999 99.999 99.999  0.321 99.999 99.999 99.999 99.999  99.999  99.999  99.999  99.999  0.038  0.040  0.010  0.009  0.063  0.056   61   46 99.999 99.999   99   7.378611059  22.410247816  7 31 56.93 2013 10  6 2456571.81385332    60    I                   Himalia_0019.fits                                  Himalia               2048  2048     1   0.000   0.000
   0.115   0.083  975.82 1288.57 2.132    230.09    111.39 21.772 21.684 99.999 15.867 15.780 99.999 99.999 99.999  0.302 99.999 99.999 99.999 99.999  99.999  99.999  99.999  99.999  0.028  0.028  0.009  0.009  0.060  0.059   58   44 99.999 99.999   99   7.378617101  22.410245863  7 33  1.87 2013 10  6 2456571.81460501    60    I                   Himalia_0020.fits                                  Himalia               2048  2048     1   0.000   0.000
   0.092   0.076  976.13 1284.08 2.618    195.77     96.55 21.643 21.676 99.999 15.914 15.947 99.999 99.999 99.999  0.292 99.999 99.999 99.999 99.999  99.999  99.999  99.999  99.999  0.028  0.029  0.009  0.008  0.058  0.054   63   48 99.999 99.999   99   7.378622897  22.410234931  7 34  6.85 2013 10  6 2456571.81535703    60    I                   Himalia_0021.fits                                  Himalia               2048  2048     1   0.000   0.000
   0.065   0.065  976.11 1279.75 2.560    172.41    116.84 21.504 21.507 99.999 15.913 15.915 99.999 99.999 99.999  0.293 99.999 99.999 99.999 99.999  99.999  99.999  99.999  99.999  0.019  0.019  0.009  0.008  0.058  0.053   62   44 99.999 99.999   99   7.378628573  22.410223396  7 35 11.81 2013 10  6 2456571.81610894    60    I                   Himalia_0022.fits                                  Himalia               2048  2048     1   0.000   0.000
   0.141   0.035  975.85 1282.09 2.778    232.47     70.38 21.637 21.710 99.999 15.721 15.795 99.999 99.999 99.999  0.284 99.999 99.999 99.999 99.999  99.999  99.999  99.999  99.999  0.022  0.022  0.009  0.008  0.061  0.055   62   48 99.999 99.999   99   7.378636355  22.410206526  7 36 16.77 2013 10  6 2456571.81686080    60    I                   Himalia_0023.fits                                  Himalia               2048  2048     1   0.000   0.000
   0.100   0.082  974.98 1277.66 2.037    163.29    133.32 21.506 21.460 99.999 15.974 15.928 99.999 99.999 99.999  0.295 99.999 99.999 99.999 99.999  99.999  99.999  99.999  99.999  0.030  0.034  0.009  0.007  0.058  0.048   60   46 99.999 99.999   99   7.378641759  22.410210686  7 37 21.75 2013 10  6 2456571.81761284    60    I                   Himalia_0024.fits                                  Himalia               2048  2048     1   0.000   0.000
   0.001   0.044  974.85 1269.37 2.888    189.86     94.35 21.475 21.574 99.999 15.779 15.878 99.999 99.999 99.999  0.310 99.999 99.999 99.999 99.999  99.999  99.999  99.999  99.999  0.041  0.043  0.009  0.008  0.062  0.052   62   48 99.999 99.999   99   7.378646030  22.410191428  7 38 26.73 2013 10  6 2456571.81836493    60    I                   Himalia_0025.fits                                  Himalia               2048  2048     1   0.000   0.000
   0.072   0.084  974.76 1265.60 2.701    202.83    104.83 21.623 21.673 99.999 15.855 15.905 99.999 99.999 99.999  0.300 99.999 99.999 99.999 99.999  99.999  99.999  99.999  99.999  0.024  0.024  0.010  0.008  0.064  0.054   63   48 99.999 99.999   99   7.378653666  22.410193683  7 39 31.69 2013 10  6 2456571.81911682    60    I                   Himalia_0026.fits                                  Himalia               2048  2048     1   0.000   0.000
   0.060   0.080  974.80 1265.29 2.781    184.49    106.06 21.552 21.649 99.999 15.887 15.984 99.999 99.999 99.999  0.303 99.999 99.999 99.999 99.999  99.999  99.999  99.999  99.999  0.023  0.023  0.009  0.008  0.059  0.052   62   47 99.999 99.999   99   7.378659641  22.410183897  7 40 36.65 2013 10  6 2456571.81986868    60    I                   Himalia_0027.fits                                  Himalia               2048  2048     1   0.000   0.000
   0.061   0.071  974.71 1259.05 2.516    192.55    118.13 21.591 21.501 99.999 15.880 15.789 99.999 99.999 99.999  0.283 99.999 99.999 99.999 99.999  99.999  99.999  99.999  99.999  0.021  0.021  0.008  0.009  0.056  0.059   62   47 99.999 99.999   99   7.378665911  22.410172910  7 41 41.62 2013 10  6 2456571.82062059    60    I                   Himalia_0028.fits                                  Himalia               2048  2048     1   0.000   0.000
   0.115   0.071  973.57 1251.89 2.553    201.97    119.73 21.606 21.568 99.999 15.843 15.805 99.999 99.999 99.999  0.276 99.999 99.999 99.999 99.999  99.999  99.999  99.999  99.999  0.009  0.009  0.009  0.009  0.056  0.057   65   48 99.999 99.999   99   7.378673229  22.410163760  7 42 46.59 2013 10  6 2456571.82137257    60    I                   Himalia_0029.fits                                  Himalia               2048  2048     1   0.000   0.000
   0.061   0.113  973.12 1251.60 2.314    201.46    126.62 21.603 21.535 99.999 15.843 15.774 99.999 99.999 99.999  0.299 99.999 99.999 99.999 99.999  99.999  99.999  99.999  99.999  0.001  0.001  0.009  0.007  0.064  0.047   61   50 99.999 99.999   99   7.378678359  22.410166895  7 43 51.57 2013 10  6 2456571.82212459    60    I                   Himalia_0030.fits                                  Himalia               2048  2048     1   0.000   0.000
   0.044   0.042  958.25 1342.65 2.520    141.00    208.83 21.121 21.151 99.999 15.748 15.778 99.999 99.999 99.999  0.363 99.999 99.999 99.999 99.999  99.999  99.999  99.999  99.999  0.025  0.025  0.012  0.008  0.069  0.046   58   38 99.999 99.999   99   7.378721165  22.410086364  7 51 21.11 2013 10  6 2456571.82732766    60    I                   Himalia_0031.fits                                  Himalia               2048  2048     1   0.000   0.000
   0.051   0.067  957.00 1339.33 2.469    154.49    338.41 21.384 21.405 99.999 15.911 15.933 99.999 99.999 99.999  0.201 99.999 99.999 99.999 99.999  99.999  99.999  99.999  99.999  0.033  0.033  0.012  0.010  0.068  0.059   59   43 99.999 99.999   99   7.378739211  22.410068384  7 54 28.10 2013 10  6 2456571.82949188    60    I                   Himalia_0032.fits                                  Himalia               2048  2048     1   0.000   0.000
   0.081   0.061  955.87 1339.26 2.404    184.91    394.96 21.424 21.505 99.999 15.757 15.837 99.999 99.999 99.999  0.301 99.999 99.999 99.999 99.999  99.999  99.999  99.999  99.999  0.003  0.003  0.009  0.009  0.054  0.052   62   42 99.999 99.999   99   7.378746045  22.410057780  7 55 33.07 2013 10  6 2456571.83024390    60    I                   Himalia_0033.fits                                  Himalia               2048  2048     1   0.000   0.000
   0.055   0.038  955.70 1341.60 2.489    192.70    476.18 21.607 21.682 99.999 15.895 15.970 99.999 99.999 99.999  0.288 99.999 99.999 99.999 99.999  99.999  99.999  99.999  99.999  0.039  0.039  0.012  0.009  0.066  0.052   53   43 99.999 99.999   99   7.378751739  22.410042598  7 56 38.06 2013 10  6 2456571.83099604    60    I                   Himalia_0034.fits                                  Himalia               2048  2048     1   0.000   0.000
   0.095   0.030  955.10 1334.52 1.981    194.56    588.99 21.590 21.614 99.999 15.868 15.892 99.999 99.999 99.999  0.270 99.999 99.999 99.999 99.999  99.999  99.999  99.999  99.999  0.035  0.035  0.010  0.010  0.058  0.056   60   42 99.999 99.999   99   7.378758772  22.410031691  7 57 43.02 2013 10  6 2456571.83174790    60    I                   Himalia_0035.fits                                  Himalia               2048  2048     1   0.000   0.000
   0.049   0.084  955.14 1327.04 2.459    182.58    714.25 21.604 21.762 99.999 15.951 16.109 99.999 99.999 99.999  0.292 99.999 99.999 99.999 99.999  99.999  99.999  99.999  99.999  0.003  0.003  0.011  0.010  0.063  0.056   60   41 99.999 99.999   99   7.378764087  22.410037651  7 58 47.98 2013 10  6 2456571.83249975    60    I                   Himalia_0036.fits                                  Himalia               2048  2048     1   0.000   0.000
   0.134  -0.020  954.52 1326.22 2.152    209.18    885.94 21.556 21.730 99.999 15.754 15.929 99.999 99.999 99.999  0.252 99.999 99.999 99.999 99.999  99.999  99.999  99.999  99.999  0.039  0.039  0.010  0.010  0.061  0.062   62   45 99.999 99.999   99   7.378772018  22.410000002  7 59 52.92 2013 10  6 2456571.83325144    60    I                   Himalia_0037.fits                                  Himalia               2048  2048     1   0.000   0.000
   0.125   0.033  954.31 1324.47 2.380    186.35   1096.48 21.601 21.786 99.999 15.926 16.110 99.999 99.999 99.999  0.441 99.999 99.999 99.999 99.999  99.999  99.999  99.999  99.999  0.035  0.035  0.011  0.010  0.063  0.056   58   42 99.999 99.999   99   7.378778063  22.410006211  8  0 57.90 2013 10  6 2456571.83400346    60    I                   Himalia_0038.fits                                  Himalia               2048  2048     1   0.000   0.000
   0.052   0.052  953.77 1317.97 1.983    163.75   1393.05 21.462 21.568 99.999 15.926 16.033 99.999 99.999 99.999  0.362 99.999 99.999 99.999 99.999  99.999  99.999  99.999  99.999  0.047  0.047  0.010  0.011  0.055  0.057   54   35 99.999 99.999   99   7.378782810  22.410002395  8  2  2.84 2013 10  6 2456571.83475505    60    I                   Himalia_0039.fits                                  Himalia               2048  2048     1   0.000   0.000
   0.213  -0.064  953.81 1311.32 3.546    250.56   1639.77 21.415 21.422 99.999 15.417 15.425 99.999 99.999 99.999  0.351 99.999 99.999 99.999 99.999  99.999  99.999  99.999  99.999  0.024  0.021  0.012  0.011  0.063  0.059   51   38 99.999 99.999   99   7.378792271  22.409961523  8  3  7.84 2013 10  6 2456571.83550741    60    I                   Himalia_0040.fits                                  Himalia               2048  2048     1   0.000   0.000
   0.099   0.051  953.50 1314.17 1.990    161.73   2248.01 21.845 21.939 99.999 16.323 16.417 99.999 99.999 99.999  0.336 99.999 99.999 99.999 99.999  99.999  99.999  99.999  99.999  0.074  0.076  0.013  0.011  0.063  0.054   51   34 99.999 99.999   99   7.378796212  22.409984620  8  4 12.78 2013 10  6 2456571.83625898    60    I                   Himalia_0041.fits                                  Himalia               2048  2048     1   0.000   0.000
   0.238   0.048  953.65 1308.85 2.413    127.92   2867.99 21.512 21.547 99.999 16.244 16.280 99.999 99.999 99.999  0.444 99.999 99.999 99.999 99.999  99.999  99.999  99.999  99.999  0.008  0.008  0.010  0.010  0.057  0.053   53   39 99.999 99.999   99   7.378805220  22.409974975  8  5 17.77 2013 10  6 2456571.83701128    60    I                   Himalia_0042.fits                                  Himalia               2048  2048     1   0.000   0.000
   0.330  -0.007  953.00 1303.92 1.797    137.26   3681.42 21.551 21.636 99.999 16.207 16.292 99.999 99.999 99.999  0.620 99.999 99.999 99.999 99.999  99.999  99.999  99.999  99.999  0.004  0.004  0.014  0.014  0.061  0.059   48   30 99.999 99.999   99   7.378813281  22.409950831  8  6 22.71 2013 10  6 2456571.83776288    60    I                   Himalia_0043.fits                                  Himalia               2048  2048     1   0.000   0.000
   0.463  -0.064  951.82 1304.08 2.666    458.25   6152.29 21.946 21.983 99.999 15.293 15.330 99.999 99.999 99.999  0.576 99.999 99.999 99.999 99.999  99.999  99.999  99.999  99.999  0.000  0.000  0.011  0.011  0.056  0.055   44   33 99.999 99.999   99   7.378828383  22.409917491  8  8 32.65 2013 10  6 2456571.83926678    60    I                   Himalia_0045.fits                                  Himalia               2048  2048     1   0.000   0.000
   0.197  -0.057  952.52 1301.04 3.726    377.31   8369.25 21.820 21.913 99.999 15.378 15.472 99.999 99.999 99.999  0.604 99.999 99.999 99.999 99.999  99.999  99.999  99.999  99.999  0.154  0.180  0.015  0.015  0.063  0.061   46   31 99.999 99.999   99   7.378829279  22.409910631  8  9 37.64 2013 10  6 2456571.84001892    60    I                   Himalia_0046.fits                                  Himalia               2048  2048     1   0.000   0.000
   0.658   0.163  951.01 1293.74 1.785    457.10  24604.01 21.574 21.706 99.999 14.924 15.056 99.999 99.999 99.999  0.593 99.999 99.999 99.999 99.999  99.999  99.999  99.999  99.999  0.006  0.005  0.016  0.016  0.054  0.051   30   20 99.999 99.999   99   7.378863394  22.409936472  8 13 57.51 2013 10  6 2456571.84302670    60    I                   Himalia_0050.fits                                  Himalia               2048  2048     1   0.000   0.000
   0.099  -0.044 1086.54 1029.67 1.610    798.28    343.22 22.389 22.448 99.999 15.134 15.192 99.999 99.999 99.999  0.230 99.999 99.999 99.999 99.999  99.999  99.999  99.999  99.999  0.000  0.000  0.007  0.008  0.057  0.061   95   66 99.999 99.999   99   6.806120482  22.702548652  0  0 27.82 2014  2  9 2456697.50032196    50    I                   himalia_00.00.57_0026.fits                         Himalia               2048  2048     1   0.000   0.000
   0.060  -0.005 1084.89 1029.79 1.560    875.98    342.65 22.556 22.671 99.999 15.200 15.314 99.999 99.999 99.999  0.215 99.999 99.999 99.999 99.999  99.999  99.999  99.999  99.999  0.009  0.009  0.007  0.006  0.056  0.052   98   66 99.999 99.999   99   6.806114806  22.702564381  0  1 22.76 2014  2  9 2456697.50095782    50    I                   himalia_00.01.52_0027.fits                         Himalia               2048  2048     1   0.000   0.000
   0.051  -0.018 1083.89 1031.52 1.946    687.04    296.83 22.247 22.387 99.999 15.155 15.295 99.999 99.999 99.999  0.233 99.999 99.999 99.999 99.999  99.999  99.999  99.999  99.999  0.012  0.012  0.007  0.008  0.050  0.059   93   62 99.999 99.999   99   6.806109748  22.702565661  0  2 17.68 2014  2  9 2456697.50159351    50    I                   himalia_00.02.47_0028.fits                         Himalia               2048  2048     1   0.000   0.000
   0.077  -0.066 1084.47 1028.93 1.577    794.83    350.92 22.423 22.455 99.999 15.172 15.204 99.999 99.999 99.999  0.230 99.999 99.999 99.999 99.999  99.999  99.999  99.999  99.999  0.012  0.012  0.007  0.007  0.057  0.054   93   66 99.999 99.999   99   6.806105389  22.702557109  0  3 12.62 2014  2  9 2456697.50222936    50    I                   himalia_00.03.42_0029.fits                         Himalia               2048  2048     1   0.000   0.000
   0.056  -0.023 1084.87 1033.18 1.286   1126.99    395.63 22.797 22.783 99.999 15.168 15.153 99.999 99.999 99.999  0.227 99.999 99.999 99.999 99.999  99.999  99.999  99.999  99.999  0.008  0.008  0.007  0.006  0.057  0.052   93   69 99.999 99.999   99   6.806100074  22.702573780  0  4  7.54 2014  2  9 2456697.50286505    50    I                   himalia_00.04.37_0030.fits                         Himalia               2048  2048     1   0.000   0.000
   0.069  -0.026 1085.13 1033.10 1.526    967.93    332.78 22.623 22.695 99.999 15.158 15.231 99.999 99.999 99.999  0.235 99.999 99.999 99.999 99.999  99.999  99.999  99.999  99.999  0.008  0.008  0.007  0.007  0.053  0.055  101   68 99.999 99.999   99   6.806095422  22.702577823  0  5  2.48 2014  2  9 2456697.50350091    50    I                   himalia_00.05.32_0031.fits                         Himalia               2048  2048     1   0.000   0.000
   0.076  -0.031 1084.96 1036.27 1.624    924.94    307.84 22.553 22.598 99.999 15.138 15.183 99.999 99.999 99.999  0.232 99.999 99.999 99.999 99.999  99.999  99.999  99.999  99.999  0.010  0.010  0.007  0.007  0.057  0.056   97   65 99.999 99.999   99   6.806090674  22.702581365  0  5 57.40 2014  2  9 2456697.50413660    50    I                   himalia_00.06.27_0032.fits                         Himalia               2048  2048     1   0.000   0.000
   0.072  -0.058 1085.63 1034.19 1.563    799.30    355.48 22.399 22.460 99.999 15.142 15.203 99.999 99.999 99.999  0.230 99.999 99.999 99.999 99.999  99.999  99.999  99.999  99.999  0.020  0.020  0.006  0.008  0.051  0.060   92   66 99.999 99.999   99   6.806085703  22.702578684  0  6 52.34 2014  2  9 2456697.50477245    50    I                   himalia_00.07.22_0033.fits                         Himalia               2048  2048     1   0.000   0.000
   0.035  -0.009 1085.92 1036.42 1.289    949.36    395.17 22.588 22.623 99.999 15.144 15.180 99.999 99.999 99.999  0.216 99.999 99.999 99.999 99.999  99.999  99.999  99.999  99.999  0.010  0.010  0.007  0.007  0.053  0.052   89   63 99.999 99.999   99   6.806080061  22.702596957  0  7 47.26 2014  2  9 2456697.50540814    50    I                   himalia_00.08.17_0034.fits                         Himalia               2048  2048     1   0.000   0.000
   0.081  -0.026 1085.91 1034.93 1.416    814.55    393.22 22.471 22.471 99.999 15.194 15.193 99.999 99.999 99.999  0.221 99.999 99.999 99.999 99.999  99.999  99.999  99.999  99.999  0.015  0.015  0.007  0.007  0.054  0.054   94   63 99.999 99.999   99   6.806076106  22.702597228  0  8 42.20 2014  2  9 2456697.50604400    50    I                   himalia_00.09.12_0035.fits                         Himalia               2048  2048     1   0.000   0.000
   0.069  -0.064 1085.67 1038.21 1.609    774.71    333.32 22.454 22.481 99.999 15.232 15.258 99.999 99.999 99.999  0.210 99.999 99.999 99.999 99.999  99.999  99.999  99.999  99.999  0.020  0.020  0.008  0.008  0.063  0.060   89   66 99.999 99.999   99   6.806070964  22.702591401  0  9 37.13 2014  2  9 2456697.50667969    50    I                   himalia_00.10.07_0036.fits                         Himalia               2048  2048     1   0.000   0.000
   0.046   0.005 1084.84 1037.52 1.380   1006.78    369.03 22.695 22.752 99.999 15.188 15.245 99.999 99.999 99.999  0.226 99.999 99.999 99.999 99.999  99.999  99.999  99.999  99.999  0.009  0.009  0.007  0.006  0.055  0.051   96   66 99.999 99.999   99   6.806060733  22.702620309  0 11 27.00 2014  2  9 2456697.50795141    50    I                   himalia_00.11.57_0038.fits                         Himalia               2048  2048     1   0.000   0.000
   0.041   0.032 1084.94 1038.49 1.539    812.17    332.00 22.430 22.511 99.999 15.156 15.237 99.999 99.999 99.999  0.216 99.999 99.999 99.999 99.999  99.999  99.999  99.999  99.999  0.009  0.009  0.007  0.007  0.054  0.057   98   67 99.999 99.999   99   6.806055732  22.702632442  0 12 21.92 2014  2  9 2456697.50858709    50    I                   himalia_00.12.52_0039.fits                         Himalia               2048  2048     1   0.000   0.000
   0.038  -0.021 1084.28 1039.64 1.669    797.02    314.30 22.450 22.508 99.999 15.196 15.254 99.999 99.999 99.999  0.258 99.999 99.999 99.999 99.999  99.999  99.999  99.999  99.999  0.018  0.018  0.006  0.007  0.052  0.055  101   70 99.999 99.999   99   6.806050790  22.702622571  0 13 16.85 2014  2  9 2456697.50922278    50    I                   himalia_00.13.46_0040.fits                         Himalia               2048  2048     1   0.000   0.000
   0.034  -0.050 1084.37 1041.47 1.335    975.50    379.30 22.607 22.615 99.999 15.134 15.142 99.999 99.999 99.999  0.237 99.999 99.999 99.999 99.999  99.999  99.999  99.999  99.999  0.010  0.010  0.007  0.008  0.056  0.061   88   67 99.999 99.999   99   6.806045830  22.702619392  0 14 11.79 2014  2  9 2456697.50985863    50    I                   himalia_00.14.41_0041.fits                         Himalia               2048  2048     1   0.000   0.000
   0.064  -0.039 1084.06 1040.39 1.522    868.40    350.48 22.549 22.606 99.999 15.203 15.259 99.999 99.999 99.999  0.218 99.999 99.999 99.999 99.999  99.999  99.999  99.999  99.999  0.020  0.020  0.008  0.007  0.061  0.055   93   64 99.999 99.999   99   6.806041527  22.702627169  0 15  6.72 2014  2  9 2456697.51049450    50    I                   himalia_00.15.36_0042.fits                         Himalia               2048  2048     1   0.000   0.000
   0.076  -0.006 1084.78 1042.53 1.375    890.15    383.85 22.546 22.619 99.999 15.173 15.246 99.999 99.999 99.999  0.233 99.999 99.999 99.999 99.999  99.999  99.999  99.999  99.999  0.010  0.010  0.007  0.007  0.055  0.055   93   65 99.999 99.999   99   6.806036892  22.702641238  0 16  1.66 2014  2  9 2456697.51113036    50    I                   himalia_00.16.31_0043.fits                         Himalia               2048  2048     1   0.000   0.000
   0.050   0.007 1086.02 1043.34 1.591    805.13    333.34 22.497 22.572 99.999 15.233 15.307 99.999 99.999 99.999  0.217 99.999 99.999 99.999 99.999  99.999  99.999  99.999  99.999  0.012  0.012  0.007  0.007  0.055  0.057   99   68 99.999 99.999   99   6.806031481  22.702649363  0 16 56.60 2014  2  9 2456697.51176623    50    I                   himalia_00.17.26_0044.fits                         Himalia               2048  2048     1   0.000   0.000
   0.039   0.004 1086.47 1047.78 1.528    905.34    332.85 22.555 22.599 99.999 15.163 15.207 99.999 99.999 99.999  0.211 99.999 99.999 99.999 99.999  99.999  99.999  99.999  99.999  0.012  0.012  0.007  0.007  0.054  0.057   94   64 99.999 99.999   99   6.806026371  22.702653720  0 17 51.52 2014  2  9 2456697.51240191    50    I                   himalia_00.18.21_0045.fits                         Himalia               2048  2048     1   0.000   0.000
   0.075  -0.042 1086.22 1045.49 1.678    816.50    317.60 22.385 22.472 99.999 15.105 15.192 99.999 99.999 99.999  0.213 99.999 99.999 99.999 99.999  99.999  99.999  99.999  99.999  0.023  0.023  0.007  0.007  0.053  0.051   94   65 99.999 99.999   99   6.806022197  22.702645461  0 18 46.46 2014  2  9 2456697.51303777    50    I                   himalia_00.19.16_0046.fits                         Himalia               2048  2048     1   0.000   0.000
   0.055  -0.045 1086.00 1048.66 1.368   1034.88    365.16 22.724 22.783 99.999 15.187 15.246 99.999 99.999 99.999  0.229 99.999 99.999 99.999 99.999  99.999  99.999  99.999  99.999  0.009  0.009  0.006  0.007  0.051  0.054   93   63 99.999 99.999   99   6.806012019  22.702654039  0 20 36.32 2014  2  9 2456697.51430932    50    I                   himalia_00.21.06_0048.fits                         Himalia               2048  2048     1   0.000   0.000
   0.040  -0.035 1085.39 1050.80 1.553    931.91    321.41 22.595 22.657 99.999 15.171 15.234 99.999 99.999 99.999  0.221 99.999 99.999 99.999 99.999  99.999  99.999  99.999  99.999  0.015  0.015  0.008  0.007  0.062  0.053   95   68 99.999 99.999   99   6.806006799  22.702661690  0 21 31.25 2014  2  9 2456697.51494500    50    I                   himalia_00.22.01_0049.fits                         Himalia               2048  2048     1   0.000   0.000
   0.041   0.012 1085.67 1050.54 1.371   1038.61    362.28 22.693 22.687 99.999 15.152 15.146 99.999 99.999 99.999  0.227 99.999 99.999 99.999 99.999  99.999  99.999  99.999  99.999  0.010  0.010  0.007  0.007  0.058  0.053   94   65 99.999 99.999   99   6.806001942  22.702679360  0 22 26.17 2014  2  9 2456697.51558068    50    I                   himalia_00.22.56_0050.fits                         Himalia               2048  2048     1   0.000   0.000
   0.057  -0.024 1089.26 1028.72 1.610    807.88    324.26 22.530 22.553 99.999 15.261 15.284 99.999 99.999 99.999  0.228 99.999 99.999 99.999 99.999  99.999  99.999  99.999  99.999  0.009  0.009  0.008  0.007  0.059  0.052   97   64 99.999 99.999   99   6.806241895  22.702432332 23 37 34.46 2014  2  8 2456697.48442665    50    I                   himalia_23.38.04_0001.fits                         Himalia               2048  2048     1   0.000   0.000
   0.013  -0.007 1088.84 1029.22 1.939    652.61    290.24 22.271 22.414 99.999 15.234 15.377 99.999 99.999 99.999  0.223 99.999 99.999 99.999 99.999  99.999  99.999  99.999  99.999  0.020  0.020  0.007  0.007  0.054  0.054   94   61 99.999 99.999   99   6.806236128  22.702441588 23 38 29.42 2014  2  8 2456697.48506270    50    I                   himalia_23.38.59_0002.fits                         Himalia               2048  2048     1   0.000   0.000
   0.047  -0.016 1087.13 1026.57 1.422    937.37    347.28 22.657 22.691 99.999 15.227 15.261 99.999 99.999 99.999  0.236 99.999 99.999 99.999 99.999  99.999  99.999  99.999  99.999  0.007  0.007  0.007  0.008  0.052  0.059   96   66 99.999 99.999   99   6.806231914  22.702444168 23 39 24.36 2014  2  8 2456697.48569856    50    I                   himalia_23.39.54_0003.fits                         Himalia               2048  2048     1   0.000   0.000
   0.020  -0.071 1086.99 1031.12 1.668    722.36    329.64 22.293 22.387 99.999 15.146 15.240 99.999 99.999 99.999  0.213 99.999 99.999 99.999 99.999  99.999  99.999  99.999  99.999  0.018  0.018  0.007  0.007  0.052  0.053   98   68 99.999 99.999   99   6.806226476  22.702433934 23 40 19.29 2014  2  8 2456697.48633442    50    I                   himalia_23.40.49_0004.fits                         Himalia               2048  2048     1   0.000   0.000
   0.086  -0.029 1087.13 1030.56 1.795    748.56    306.44 22.443 22.568 99.999 15.257 15.382 99.999 99.999 99.999  0.248 99.999 99.999 99.999 99.999  99.999  99.999  99.999  99.999  0.024  0.024  0.007  0.008  0.056  0.060   94   63 99.999 99.999   99   6.806222917  22.702450425 23 41 14.23 2014  2  8 2456697.48697029    50    I                   himalia_23.41.44_0005.fits                         Himalia               2048  2048     1   0.000   0.000
   0.069  -0.014 1087.73 1033.77 1.310   1048.87    385.30 22.718 22.810 99.999 15.166 15.258 99.999 99.999 99.999  0.224 99.999 99.999 99.999 99.999  99.999  99.999  99.999  99.999  0.008  0.008  0.007  0.007  0.055  0.052   95   67 99.999 99.999   99   6.806217681  22.702459575 23 42  9.16 2014  2  8 2456697.48760597    50    I                   himalia_23.42.39_0006.fits                         Himalia               2048  2048     1   0.000   0.000
   0.048  -0.043 1087.54 1033.59 1.393    993.80    369.80 22.584 22.670 99.999 15.090 15.177 99.999 99.999 99.999  0.229 99.999 99.999 99.999 99.999  99.999  99.999  99.999  99.999  0.020  0.020  0.007  0.008  0.056  0.062   91   67 99.999 99.999   99   6.806212375  22.702456253 23 43  4.09 2014  2  8 2456697.48824183    50    I                   himalia_23.43.34_0007.fits                         Himalia               2048  2048     1   0.000   0.000
   0.037  -0.038 1087.61 1033.54 1.373   1062.43    350.78 22.818 22.905 99.999 15.252 15.339 99.999 99.999 99.999  0.239 99.999 99.999 99.999 99.999  99.999  99.999  99.999  99.999  0.009  0.009  0.007  0.007  0.060  0.056   97   67 99.999 99.999   99   6.806207262  22.702462664 23 43 59.02 2014  2  8 2456697.48887751    50    I                   himalia_23.44.29_0008.fits                         Himalia               2048  2048     1   0.000   0.000
   0.053  -0.037 1088.46 1035.01 1.445   1045.93    329.39 22.765 22.772 99.999 15.216 15.223 99.999 99.999 99.999  0.223 99.999 99.999 99.999 99.999  99.999  99.999  99.999  99.999  0.009  0.009  0.007  0.007  0.054  0.053   94   68 99.999 99.999   99   6.806202699  22.702467705 23 44 53.96 2014  2  8 2456697.48951338    50    I                   himalia_23.45.24_0009.fits                         Himalia               2048  2048     1   0.000   0.000
   0.057  -0.039 1088.12 1037.71 2.077    697.86    262.80 22.468 22.701 99.999 15.359 15.592 99.999 99.999 99.999  0.261 99.999 99.999 99.999 99.999  99.999  99.999  99.999  99.999  0.031  0.031  0.008  0.007  0.059  0.058   88   65 99.999 99.999   99   6.806197896  22.702472140 23 45 48.89 2014  2  8 2456697.49014924    50    I                   himalia_23.46.18_0010.fits                         Himalia               2048  2048     1   0.000   0.000
   0.076   0.012 1087.99 1039.38 1.369   1052.12    354.10 22.717 22.770 99.999 15.161 15.215 99.999 99.999 99.999  0.226 99.999 99.999 99.999 99.999  99.999  99.999  99.999  99.999  0.009  0.009  0.007  0.007  0.056  0.054   94   69 99.999 99.999   99   6.806193380  22.702491205 23 46 43.83 2014  2  8 2456697.49078510    50    I                   himalia_23.47.13_0011.fits                         Himalia               2048  2048     1   0.000   0.000
   0.073  -0.053 1087.75 1036.53 1.345   1119.11    350.31 22.794 22.835 99.999 15.172 15.213 99.999 99.999 99.999  0.228 99.999 99.999 99.999 99.999  99.999  99.999  99.999  99.999  0.010  0.010  0.007  0.007  0.055  0.054   93   68 99.999 99.999   99   6.806188439  22.702478162 23 47 38.76 2014  2  8 2456697.49142079    50    I                   himalia_23.48.08_0012.fits                         Himalia               2048  2048     1   0.000   0.000
   0.042  -0.043 1087.82 1033.98 1.407   1026.28    347.14 22.681 22.745 99.999 15.153 15.217 99.999 99.999 99.999  0.224 99.999 99.999 99.999 99.999  99.999  99.999  99.999  99.999  0.013  0.013  0.008  0.008  0.058  0.059   95   65 99.999 99.999   99   6.806182930  22.702485865 23 48 33.68 2014  2  8 2456697.49205647    50    I                   himalia_23.49.03_0013.fits                         Himalia               2048  2048     1   0.000   0.000
   0.060   0.003 1087.60 1033.40 1.428   1035.76    331.45 22.770 22.812 99.999 15.231 15.274 99.999 99.999 99.999  0.234 99.999 99.999 99.999 99.999  99.999  99.999  99.999  99.999  0.013  0.013  0.007  0.007  0.054  0.053  100   65 99.999 99.999   99   6.806178407  22.702503247 23 49 28.62 2014  2  8 2456697.49269233    50    I                   himalia_23.49.58_0014.fits                         Himalia               2048  2048     1   0.000   0.000
   0.042  -0.016 1086.99 1035.29 1.443    953.94    346.08 22.607 22.600 99.999 15.158 15.152 99.999 99.999 99.999  0.214 99.999 99.999 99.999 99.999  99.999  99.999  99.999  99.999  0.007  0.007  0.007  0.008  0.055  0.062   94   66 99.999 99.999   99   6.806173146  22.702502938 23 50 23.54 2014  2  8 2456697.49332801    50    I                   himalia_23.50.53_0015.fits                         Himalia               2048  2048     1   0.000   0.000
   0.046  -0.015 1087.02 1031.95 1.439    921.78    357.59 22.574 22.620 99.999 15.163 15.208 99.999 99.999 99.999  0.218 99.999 99.999 99.999 99.999  99.999  99.999  99.999  99.999  0.008  0.008  0.007  0.007  0.055  0.057   96   68 99.999 99.999   99   6.806168310  22.702507968 23 51 18.48 2014  2  8 2456697.49396388    50    I                   himalia_23.51.48_0016.fits                         Himalia               2048  2048     1   0.000   0.000
   0.005  -0.029 1086.99 1030.12 1.415    877.15    373.41 22.548 22.610 99.999 15.190 15.252 99.999 99.999 99.999  0.214 99.999 99.999 99.999 99.999  99.999  99.999  99.999  99.999  0.008  0.008  0.007  0.008  0.054  0.059   95   66 99.999 99.999   99   6.806162609  22.702509238 23 52 13.40 2014  2  8 2456697.49459956    50    I                   himalia_23.52.43_0017.fits                         Himalia               2048  2048     1   0.000   0.000
   0.045  -0.008 1086.64 1028.77 1.652    728.65    333.23 22.333 22.450 99.999 15.177 15.294 99.999 99.999 99.999  0.219 99.999 99.999 99.999 99.999  99.999  99.999  99.999  99.999  0.009  0.009  0.007  0.008  0.054  0.060   96   60 99.999 99.999   99   6.806158524  22.702519828 23 53  8.34 2014  2  8 2456697.49523542    50    I                   himalia_23.53.38_0018.fits                         Himalia               2048  2048     1   0.000   0.000
   0.058  -0.008 1086.97 1030.83 1.552    781.05    325.85 22.438 22.517 99.999 15.206 15.285 99.999 99.999 99.999  0.213 99.999 99.999 99.999 99.999  99.999  99.999  99.999  99.999  0.008  0.008  0.007  0.007  0.057  0.055   96   65 99.999 99.999   99   6.806153887  22.702524737 23 54  3.26 2014  2  8 2456697.49587110    50    I                   himalia_23.54.33_0019.fits                         Himalia               2048  2048     1   0.000   0.000
   0.059  -0.048 1086.55 1029.40 1.489    881.11    343.29 22.480 22.527 99.999 15.118 15.164 99.999 99.999 99.999  0.220 99.999 99.999 99.999 99.999  99.999  99.999  99.999  99.999  0.008  0.008  0.007  0.007  0.055  0.057   98   67 99.999 99.999   99   6.806149022  22.702518211 23 54 58.20 2014  2  8 2456697.49650697    50    I                   himalia_23.55.28_0020.fits                         Himalia               2048  2048     1   0.000   0.000
   0.067  -0.005 1087.02 1026.62 1.536    808.01    348.11 22.444 22.506 99.999 15.176 15.237 99.999 99.999 99.999  0.224 99.999 99.999 99.999 99.999  99.999  99.999  99.999  99.999  0.012  0.012  0.007  0.007  0.058  0.059  100   69 99.999 99.999   99   6.806144294  22.702535248 23 55 53.14 2014  2  8 2456697.49714282    50    I                   himalia_23.56.23_0021.fits                         Himalia               2048  2048     1   0.000   0.000
   0.040  -0.025 1086.40 1026.80 1.311   1009.61    386.66 22.658 22.699 99.999 15.148 15.188 99.999 99.999 99.999  0.222 99.999 99.999 99.999 99.999  99.999  99.999  99.999  99.999  0.011  0.011  0.007  0.007  0.055  0.053   96   63 99.999 99.999   99   6.806138866  22.702534309 23 56 48.08 2014  2  8 2456697.49777869    50    I                   himalia_23.57.18_0022.fits                         Himalia               2048  2048     1   0.000   0.000
  -0.018  -0.011 1086.02 1029.25 1.693    701.28    338.48 22.370 22.437 99.999 15.256 15.322 99.999 99.999 99.999  0.206 99.999 99.999 99.999 99.999  99.999  99.999  99.999  99.999  0.018  0.018  0.007  0.006  0.054  0.051   93   65 99.999 99.999   99   6.806132806  22.702543398 23 57 43.00 2014  2  8 2456697.49841437    50    I                   himalia_23.58.13_0023.fits                         Himalia               2048  2048     1   0.000   0.000
   0.042  -0.021 1086.35 1027.94 1.704    765.30    324.87 22.355 22.372 99.999 15.145 15.163 99.999 99.999 99.999  0.222 99.999 99.999 99.999 99.999  99.999  99.999  99.999  99.999  0.015  0.015  0.007  0.007  0.057  0.054   95   62 99.999 99.999   99   6.806129124  22.702545303 23 58 37.94 2014  2  8 2456697.49905023    50    I                   himalia_23.59.08_0024.fits                         Himalia               2048  2048     1   0.000   0.000
