        2450297.8911   17.5000  -66.0000   94.4002   68.7002  -84.2143  -14.5714   86.7683   64.3492 -154.8571  -58.7857   76.7406   72.6058
        2451042.5130  -25.9333   10.1333   53.3260   50.3109  -68.0667   62.0667   53.1231   49.7533  -55.8000   43.5333   53.3419   48.7550
        2451495.1604   -1.7174   11.9565   58.6106   32.9162   31.1087 -114.0217   59.8989   36.1654  118.5652 -165.3478   59.1224   33.3422
        2451876.6015  140.2500   -3.2500   70.3647   59.2131  265.2500   49.7500   70.3647   59.2131  326.5000  124.5000   70.7972   59.4496
        2452270.2398   36.1020  -28.6735   46.1211   36.4867  -19.6939  -94.1837   51.7984   36.7794    9.1224 -185.0204   49.7855   39.1123
        2452650.8728   52.3333   35.5833   37.7499   39.5273   32.7500   11.9167   45.1629   43.7406   76.0000   46.5000   43.7664   45.1710
        2453103.5970   -0.6842   13.6316   73.3564   39.3944   44.3684   11.0526   78.3818   34.7085  -11.0526  -39.3684   81.8210   32.2853
        2453471.9094  -14.4531  -19.8594   74.9395   45.4611 -122.0156  -87.2969   75.6242   50.2832 -120.6250  -86.5156   73.5022   57.9585
        2453881.3925  114.7143  -55.4286   86.2881   62.5160  167.4286  -10.8571   86.1259   62.5173  123.4286  -30.7143   86.2602   62.4836
        2454651.0995   21.1474   23.3368   73.8707   44.1661   46.5579   -8.1158  100.6941   86.0838   10.3053  -42.4105   88.4327  115.5183
        2456606.7595   23.1667   29.6667    5.5202    5.7927  -65.1667   21.5000    5.7855    5.7373  -28.8333  -64.3333    5.8428    5.7927
