   0.097  -0.087 1027.24  964.21 2.601     58.46     16.59 21.129 20.709 99.999 16.712 16.292 99.999 99.999 99.999  0.208 99.999 99.999 99.999 99.999  99.999  99.999  99.999  99.999  0.024  0.024  0.011  0.015  0.043  0.060   24   16 99.999 99.999   99   9.416205180  16.564159243  1 59  1.50 2007  4 18 2454208.58265625    40  U                     Phoebe0001.fits                                    Phoebe                2045  2050     1   0.000   0.000
   0.029  -0.082 1016.47  968.39 2.144    163.42     67.77 22.180 21.655 99.999 16.647 16.122 99.999 99.999 99.999  0.263 99.999 99.999 99.999 99.999  99.999  99.999  99.999  99.999  0.007  0.007  0.014  0.015  0.060  0.062   26   18 99.999 99.999   99   9.416203976  16.564153419  2 11 35.95 2007  4 18 2454208.59138831    40  U                     Phoebe0002.fits                                    Phoebe                2045  2050     1   0.000   0.000
   0.057  -0.090 1012.21  967.29 2.009    207.48     65.03 22.433 21.853 99.999 16.640 16.061 99.999 99.999 99.999  0.267 99.999 99.999 99.999 99.999  99.999  99.999  99.999  99.999  0.016  0.016  0.017  0.017  0.067  0.069   26   16 99.999 99.999   99   9.416204527  16.564150160  2 12 49.42 2007  4 18 2454208.59223866    40  U                     Phoebe0003.fits                                    Phoebe                2045  2050     1   0.000   0.000
   0.031  -0.034 1010.16  967.53 2.040    189.06     68.60 22.315 21.714 99.999 16.624 16.023 99.999 99.999 99.999  0.272 99.999 99.999 99.999 99.999  99.999  99.999  99.999  99.999  0.021  0.021  0.015  0.017  0.062  0.066   26   17 99.999 99.999   99   9.416204039  16.564164920  2 14  3.79 2007  4 18 2454208.59309942    40  U                     Phoebe0004.fits                                    Phoebe                2045  2050     1   0.000   0.000
  -0.015  -0.067 1014.05  967.98 1.974    194.97     70.65 22.338 21.778 99.999 16.613 16.053 99.999 99.999 99.999  0.255 99.999 99.999 99.999 99.999  99.999  99.999  99.999  99.999  0.006  0.006  0.014  0.019  0.057  0.078   26   18 99.999 99.999   99   9.416203156  16.564155346  2 15 17.45 2007  4 18 2454208.59395197    40  U                     Phoebe0005.fits                                    Phoebe                2045  2050     1   0.000   0.000
   0.025  -0.084 1010.22  968.43 1.905    225.09     68.82 22.478 21.882 99.999 16.597 16.001 99.999 99.999 99.999  0.267 99.999 99.999 99.999 99.999  99.999  99.999  99.999  99.999  0.021  0.021  0.016  0.014  0.064  0.056   26   17 99.999 99.999   99   9.416203953  16.564149638  2 16 30.96 2007  4 18 2454208.59480278    40  U                     Phoebe0006.fits                                    Phoebe                2045  2050     1   0.000   0.000
   0.034  -0.010 1003.84  968.41 2.074    211.28     61.98 22.413 21.810 99.999 16.601 15.998 99.999 99.999 99.999  0.264 99.999 99.999 99.999 99.999  99.999  99.999  99.999  99.999  0.024  0.024  0.016  0.017  0.067  0.069   26   17 99.999 99.999   99   9.416204165  16.564169319  2 17 44.46 2007  4 18 2454208.59565347    40  U                     Phoebe0007.fits                                    Phoebe                2045  2050     1   0.000   0.000
  -0.008  -0.079 1003.96  968.43 1.898    224.73     69.90 22.503 21.960 99.999 16.623 16.081 99.999 99.999 99.999  0.271 99.999 99.999 99.999 99.999  99.999  99.999  99.999  99.999  0.021  0.021  0.016  0.015  0.064  0.057   26   16 99.999 99.999   99   9.416203341  16.564149590  2 18 57.08 2007  4 18 2454208.59649398    40  U                     Phoebe0008.fits                                    Phoebe                2045  2050     1   0.000   0.000
  -0.043  -0.006 1001.29  968.73 2.055    191.28     68.37 22.368 21.822 99.999 16.664 16.118 99.999 99.999 99.999  0.279 99.999 99.999 99.999 99.999  99.999  99.999  99.999  99.999  0.025  0.025  0.013  0.015  0.051  0.059   27   16 99.999 99.999   99   9.416202693  16.564169212  2 20 10.55 2007  4 18 2454208.59734433    40  U                     Phoebe0009.fits                                    Phoebe                2045  2050     1   0.000   0.000
   0.077  -0.058  995.85  968.44 1.969    218.90     68.04 22.454 21.785 99.999 16.603 15.934 99.999 99.999 99.999  0.274 99.999 99.999 99.999 99.999  99.999  99.999  99.999  99.999  0.021  0.021  0.015  0.013  0.061  0.055   27   17 99.999 99.999   99   9.416205009  16.564153855  2 21 24.04 2007  4 18 2454208.59819491    40  U                     Phoebe0010.fits                                    Phoebe                2045  2050     1   0.000   0.000
  -0.001  -0.068  993.65  968.40 1.954    181.57     73.70 22.252 21.788 99.999 16.605 16.140 99.999 99.999 99.999  0.255 99.999 99.999 99.999 99.999  99.999  99.999  99.999  99.999  0.026  0.026  0.016  0.011  0.070  0.049   27   19 99.999 99.999   99   9.416203542  16.564150415  2 22 37.50 2007  4 18 2454208.59904514    40  U                     Phoebe0011.fits                                    Phoebe                2045  2050     1   0.000   0.000
   0.127  -0.101  991.41  968.76 1.897    328.87    114.90 22.861 22.254 99.999 16.569 15.962 99.999 99.999 99.999  0.307 99.999 99.999 99.999 99.999  99.999  99.999  99.999  99.999  0.019  0.019  0.017  0.016  0.060  0.056   27   14 99.999 99.999   99   9.416206040  16.564140376  2 24 21.49 2007  4 18 2454208.60024873    60  U                     Phoebe0012.fits                                    Phoebe                2045  2050     1   0.000   0.000
  -0.022  -0.064  987.59  969.21 1.943    322.84    112.08 22.880 22.296 99.999 16.608 16.024 99.999 99.999 99.999  0.275 99.999 99.999 99.999 99.999  99.999  99.999  99.999  99.999  0.024  0.024  0.015  0.016  0.056  0.059   26   15 99.999 99.999   99   9.416203187  16.564149484  2 25 55.89 2007  4 18 2454208.60134132    60  U                     Phoebe0013.fits                                    Phoebe                2045  2050     1   0.000   0.000
   0.032  -0.041  989.01  968.91 1.894    347.88    108.43 22.911 22.305 99.999 16.557 15.952 99.999 99.999 99.999  0.331 99.999 99.999 99.999 99.999  99.999  99.999  99.999  99.999  0.021  0.021  0.019  0.014  0.074  0.057   27   18 99.999 99.999   99   9.416204256  16.564155039  2 27 28.43 2007  4 18 2454208.60241238    60  U                     Phoebe0014.fits                                    Phoebe                2045  2050     1   0.000   0.000
   0.077  -0.107  983.97  970.12 1.785    328.14    119.99 22.912 22.282 99.999 16.622 15.992 99.999 99.999 99.999  0.307 99.999 99.999 99.999 99.999  99.999  99.999  99.999  99.999  0.025  0.025  0.015  0.014  0.060  0.059   26   17 99.999 99.999   99   9.416205158  16.564135588  2 29  1.86 2007  4 18 2454208.60349375    60  U                     Phoebe0015.fits                                    Phoebe                2045  2050     1   0.000   0.000
   0.001  -0.028  982.15  970.25 1.912    324.49    106.76 22.834 22.387 99.999 16.556 16.109 99.999 99.999 99.999  0.220 99.999 99.999 99.999 99.999  99.999  99.999  99.999  99.999  0.023  0.023  0.013  0.015  0.052  0.060   25   17 99.999 99.999   99   9.416203716  16.564156672  2 30 35.31 2007  4 18 2454208.60457535    60  U                     Phoebe0016.fits                                    Phoebe                2045  2050     1   0.000   0.000
   0.012  -0.061  980.54  970.87 2.038    290.27     99.65 22.759 22.232 99.999 16.602 16.075 99.999 99.999 99.999  0.249 99.999 99.999 99.999 99.999  99.999  99.999  99.999  99.999  0.026  0.026  0.017  0.012  0.067  0.048   25   15 99.999 99.999   99   9.416203962  16.564146258  2 32  9.81 2007  4 18 2454208.60566910    60  U                     Phoebe0017.fits                                    Phoebe                2045  2050     1   0.000   0.000
   0.117  -0.104  978.18  971.55 1.975    299.76     98.94 22.758 22.149 99.999 16.566 15.957 99.999 99.999 99.999  0.273 99.999 99.999 99.999 99.999  99.999  99.999  99.999  99.999  0.025  0.025  0.019  0.014  0.072  0.054   26   17 99.999 99.999   99   9.416206018  16.564133620  2 33 43.27 2007  4 18 2454208.60675081    60  U                     Phoebe0018.fits                                    Phoebe                2045  2050     1   0.000   0.000
   0.040  -0.086  978.77  972.84 1.947    282.27    100.01 22.682 22.080 99.999 16.555 15.953 99.999 99.999 99.999  0.285 99.999 99.999 99.999 99.999  99.999  99.999  99.999  99.999  0.020  0.020  0.017  0.018  0.066  0.069   27   16 99.999 99.999   99   9.416204543  16.564137467  2 35 16.71 2007  4 18 2454208.60783229    60  U                     Phoebe0019.fits                                    Phoebe                2045  2050     1   0.000   0.000
   0.054  -0.087  969.51  974.02 2.368    198.90     88.90 22.411 21.763 99.999 16.665 16.017 99.999 99.999 99.999  0.194 99.999 99.999 99.999 99.999  99.999  99.999  99.999  99.999  0.011  0.011  0.017  0.014  0.067  0.053   25   16 99.999 99.999   99   9.416204840  16.564136515  2 36 49.31 2007  4 18 2454208.60890405    60  U                     Phoebe0020.fits                                    Phoebe                2045  2050     1   0.000   0.000
  -0.009  -0.009  961.36  974.43 1.949    252.06     96.28 22.590 22.123 99.999 16.586 16.119 99.999 99.999 99.999  0.262 99.999 99.999 99.999 99.999  99.999  99.999  99.999  99.999  0.024  0.024  0.009  0.014  0.036  0.055   28   16 99.999 99.999   99   9.416203654  16.564156889  2 38 21.90 2007  4 18 2454208.60997569    60  U                     Phoebe0021.fits                                    Phoebe                2045  2050     1   0.000   0.000
   0.037   0.104  929.58  852.86 3.792     89.25    419.21 21.142 21.203 99.999 16.265 16.326 99.999 99.999 99.999  0.113 99.999 99.999 99.999 99.999  99.999  99.999  99.999  99.999  0.033  0.031  0.019  0.020  0.052  0.056   10    9 99.999 99.999   99  10.255325570  12.726504518  1  9 25.67 2008  4 18 2454574.54821377   150  R                     phoebe0001.fits                                    Phoebe                2045  2050     1   0.000   0.000
   0.500  -0.197  923.19  840.28 0.727     31.79    766.00 21.097 21.089 99.999 17.341 17.333 99.999 99.999 99.999  0.103 99.999 99.999 99.999 99.999  99.999  99.999  99.999  99.999  0.043  0.043  0.023  0.025  0.060  0.065   11    9 99.999 99.999   99  10.255330903  12.726433877  1 12 30.44 2008  4 18 2454574.55035231   150  R                     phoebe0002.fits                                    Phoebe                2045  2050     1   0.000   0.000
   0.156   0.079  912.19  827.39 1.348     33.77    648.26 21.103 21.038 99.999 17.282 17.217 99.999 99.999 99.999  0.146 99.999 99.999 99.999 99.999  99.999  99.999  99.999  99.999  0.029  0.030  0.025  0.027  0.071  0.075    9    9 99.999 99.999   99  10.255317525  12.726537293  1 18 40.01 2008  4 18 2454574.55462975   150  R                     phoebe0004.fits                                    Phoebe                2045  2050     1   0.000   0.000
   0.395   0.170  907.20  810.15 2.506     39.07    450.19 20.655 20.739 99.999 16.676 16.759 99.999 99.999 99.999  0.117 99.999 99.999 99.999 99.999  99.999  99.999  99.999  99.999  0.034  0.033  0.025  0.032  0.059  0.074    6    6 99.999 99.999   99  10.255318644  12.726575839  1 21 44.78 2008  4 18 2454574.55676829   150  R                     phoebe0005.fits                                    Phoebe                2045  2050     1   0.000   0.000
  -0.229  -0.011  882.74  754.55 4.902    160.80    352.06 21.143 21.012 99.999 15.627 15.496 99.999 99.999 99.999  0.110 99.999 99.999 99.999 99.999  99.999  99.999  99.999  99.999  0.083  0.085  0.019  0.018  0.048  0.046    9    7 99.999 99.999   99  10.255292540  12.726580422  1 34 34.71 2008  4 18 2454574.56567951   150  R                     phoebe0009.fits                                    Phoebe                2045  2050     1   0.000   0.000
   0.068  -0.201  876.01  735.75 3.042     60.81    462.50 21.218 20.928 99.999 16.758 16.469 99.999 99.999 99.999  0.121 99.999 99.999 99.999 99.999  99.999  99.999  99.999  99.999  0.043  0.044  0.022  0.024  0.053  0.058    8    7 99.999 99.999   99  10.255294757  12.726540913  1 37 39.48 2008  4 18 2454574.56781806   150  R                     phoebe0010.fits                                    Phoebe                2045  2050     1   0.000   0.000
