   0.162   0.006  371.63  264.91 2.184    438.72   2195.04 25.233 24.788 99.999 18.627 18.182 99.999 99.999 99.999  0.369  0.722 99.999 99.999 99.999  99.999  99.999  99.999  99.999  0.031  0.033  0.025  0.037  0.050  0.072   13   11 99.999 99.999   99  23.800508561  -2.578674935 23 28  5.47 1998  8 19 2451045.47784109   180             R Cousins  1998/N19980819/P74291F1.FITS                       Ananke                1024  1024
   0.310   0.083  378.77  262.71 1.717    394.89   2507.88 25.508 25.098 99.999 19.017 18.606 99.999 99.999 99.999  0.385  0.654 99.999 99.999 99.999  99.999  99.999  99.999  99.999  0.047  0.046  0.026  0.036  0.051  0.070   13   10 99.999 99.999   99  23.800421748  -2.579148149 23 45 21.21 1998  8 19 2451045.48982882   200             R Cousins  1998/N19980819/P74292F1.FITS                       Ananke                1024  1024
   0.278   0.009  380.74  261.92 1.548    243.53   2606.47 25.190 24.836 99.999 19.224 18.869 99.999 99.999 99.999  0.330  0.612 99.999 99.999 99.999  99.999  99.999  99.999  99.999  0.019  0.018  0.028  0.038  0.054  0.074   13   11 99.999 99.999   99  23.800396799  -2.579303107 23 50  3.10 1998  8 19 2451045.49309144   200             R Cousins  1998/N19980819/P74293F1.FITS                       Ananke                1024  1024
   0.345   0.013  382.55  260.96 1.290    139.60   2590.08 24.947 24.635 99.999 19.585 19.272 99.999 99.999 99.999  0.313  0.504 99.999 99.999 99.999  99.999  99.999  99.999  99.999  0.078  0.082  0.030  0.035  0.060  0.068   13   11 99.999 99.999   99  23.800373595  -2.579437013 23 54 45.49 1998  8 19 2451045.49635984   200             R Cousins  1998/N19980819/P74294F1.FITS                       Ananke                1024  1024
   0.330  -0.003  384.64  260.47 2.886    310.85   2413.46 25.076 24.697 99.999 18.845 18.466 99.999 99.999 99.999  0.314  0.626 99.999 99.999 99.999  99.999  99.999  99.999  99.999  0.029  0.030  0.027  0.030  0.053  0.059   13   10 99.999 99.999   99  23.800348790  -2.579576648 23 59 28.90 1998  8 19 2451045.49964005   200             R Cousins  1998/N19980819/P74295F1.FITS                       Ananke                1024  1024
   0.149   0.147  386.73  404.72 2.123    172.32   2166.42 24.147 23.608 99.999 18.556 18.018 99.999 99.999 99.999  0.194  0.756 99.999 99.999 99.999  99.999  99.999  99.999  99.999  0.023  0.023  0.023  0.017  0.060  0.044   14   12 99.999 99.999   99  23.432009387  -4.720122959 21 51  1.74 1998  9 30 2451087.41043681   200             V Cousins  1998/N19980930/P79583F1.FITS                       Ananke                1024  1024
   0.161   0.098  394.26  401.54 3.406    259.82   2226.43 24.353 23.866 99.999 18.317 17.830 99.999 99.999 99.999  0.166  0.815 99.999 99.999 99.999  99.999  99.999  99.999  99.999  0.050  0.049  0.022  0.025  0.056  0.065   14   12 99.999 99.999   99  23.431912716  -4.720704495 22  7 15.74 1998  9 30 2451087.42170995   200             V Cousins  1998/N19980930/P79586F1.FITS                       Ananke                1024  1024
   0.194   0.102  396.45  400.73 3.717    228.04   2208.12 24.419 23.804 99.999 18.524 17.909 99.999 99.999 99.999  0.167  0.796 99.999 99.999 99.999  99.999  99.999  99.999  99.999  0.009  0.009  0.024  0.020  0.063  0.053   14   12 99.999 99.999   99  23.431885224  -4.720868103 22 11 58.35 1998  9 30 2451087.42498090   200             V Cousins  1998/N19980930/P79587F1.FITS                       Ananke                1024  1024
   0.188   0.087  398.63  399.72 4.041    320.12   2110.04 24.442 23.828 99.999 18.179 17.565 99.999 99.999 99.999  0.166  0.822 99.999 99.999 99.999  99.999  99.999  99.999  99.999  0.066  0.068  0.025  0.024  0.066  0.063   14   13 99.999 99.999   99  23.431857018  -4.721036858 22 16 40.85 1998  9 30 2451087.42825058   200             V Cousins  1998/N19980930/P79588F1.FITS                       Ananke                1024  1024
   0.166   0.104  401.13  399.11 2.643    251.23   2184.87 24.460 23.870 99.999 18.460 17.870 99.999 99.999 99.999  0.164  0.792 99.999 99.999 99.999  99.999  99.999  99.999  99.999  0.054  0.054  0.024  0.023  0.063  0.062   14   13 99.999 99.999   99  23.431828482  -4.721196982 22 21 23.56 1998  9 30 2451087.43152269   200             V Cousins  1998/N19980930/P79589F1.FITS                       Ananke                1024  1024
   0.243   0.188  405.30  397.53 3.191    239.64   2071.68 24.476 23.731 99.999 18.527 17.782 99.999 99.999 99.999  0.167  0.881 99.999 99.999 99.999  99.999  99.999  99.999  99.999  0.059  0.058  0.020  0.016  0.052  0.043   14   11 99.999 99.999   99  23.431773774  -4.721502356 22 30 47.89 1998  9 30 2451087.43805428   200             V Cousins  1998/N19980930/P79591F1.FITS                       Ananke                1024  1024
   0.106   0.158  407.56  396.63 2.378    218.69   2095.17 24.429 24.005 99.999 18.579 18.155 99.999 99.999 99.999  0.159  0.678 99.999 99.999 99.999  99.999  99.999  99.999  99.999  0.079  0.079  0.028  0.024  0.074  0.065   14   13 99.999 99.999   99  23.431743155  -4.721675120 22 35 30.01 1998  9 30 2451087.44131956   200             V Cousins  1998/N19980930/P79592F1.FITS                       Ananke                1024  1024
   0.247   0.111  409.83  395.67 2.411    238.12   2060.09 24.439 23.812 99.999 18.497 17.870 99.999 99.999 99.999  0.164  0.827 99.999 99.999 99.999  99.999  99.999  99.999  99.999  0.068  0.068  0.026  0.024  0.068  0.063   14   13 99.999 99.999   99  23.431714815  -4.721869522 22 40 41.52 1998  9 30 2451087.44492500   200             V Cousins  1998/N19980930/P79593F1.FITS                       Ananke                1024  1024
   0.274   0.135  412.07  394.75 2.323    290.85   2018.72 24.603 23.819 99.999 18.444 17.660 99.999 99.999 99.999  0.166  0.901 99.999 99.999 99.999  99.999  99.999  99.999  99.999  0.058  0.057  0.018  0.020  0.047  0.052   14   11 99.999 99.999   99  23.431687265  -4.722026979 22 45 23.58 1998  9 30 2451087.44818958   200             V Cousins  1998/N19980930/P79594F1.FITS                       Ananke                1024  1024
   0.168   0.069  414.43  393.89 2.839    308.75   1940.98 24.599 23.847 99.999 18.374 17.623 99.999 99.999 99.999  0.173  0.867 99.999 99.999 99.999  99.999  99.999  99.999  99.999  0.063  0.064  0.023  0.020  0.062  0.054   14   12 99.999 99.999   99  23.431657263  -4.722209552 22 50  5.45 1998  9 30 2451087.45145197   200             V Cousins  1998/N19980930/P79595F1.FITS                       Ananke                1024  1024
   0.138   0.212  416.69  393.12 3.389    331.21   1841.90 24.484 23.729 99.999 18.183 17.428 99.999 99.999 99.999  0.167  0.849 99.999 99.999 99.999  99.999  99.999  99.999  99.999  0.051  0.053  0.024  0.022  0.066  0.061   14   12 99.999 99.999   99  23.431628625  -4.722334241 22 54 47.89 1998  9 30 2451087.45472095   200             V Cousins  1998/N19980930/P79596F1.FITS                       Ananke                1024  1024
   0.207   0.025  418.96  392.16 3.463    310.86   1794.74 24.463 23.845 99.999 18.232 17.614 99.999 99.999 99.999  0.163  0.800 99.999 99.999 99.999  99.999  99.999  99.999  99.999  0.006  0.006  0.019  0.019  0.049  0.050   14   11 99.999 99.999   99  23.431601868  -4.722550201 22 59 29.76 1998  9 30 2451087.45798333   200             V Cousins  1998/N19980930/P79597F1.FITS                       Ananke                1024  1024
   0.088   0.087  421.36  391.23 2.521    275.61   1811.50 24.529 23.893 99.999 18.428 17.792 99.999 99.999 99.999  0.164  0.782 99.999 99.999 99.999  99.999  99.999  99.999  99.999  0.042  0.042  0.026  0.022  0.070  0.059   14   13 99.999 99.999   99  23.431571577  -4.722697560 23  4 12.48 1998  9 30 2451087.46125556   200             V Cousins  1998/N19980930/P79598F1.FITS                       Ananke                1024  1024
   0.171   0.166  423.29  390.46 2.439    225.36   1799.60 24.408 23.704 99.999 18.526 17.822 99.999 99.999 99.999  0.162  0.813 99.999 99.999 99.999  99.999  99.999  99.999  99.999  0.019  0.018  0.026  0.025  0.070  0.066   14   13 99.999 99.999   99  23.431545011  -4.722839961 23  8 55.17 1998  9 30 2451087.46452743   200             V Cousins  1998/N19980930/P79599F1.FITS                       Ananke                1024  1024
   0.004  -0.158  807.37  433.88 2.716    394.47   1187.07 25.083 24.746 99.999 18.593 18.255 99.999 99.999 99.999  0.580  0.688 99.999 99.999 99.999  99.999  99.999  99.999  99.999  0.042  0.042  0.017  0.020  0.052  0.062   18   15 99.999 99.999   99   2.164217327  10.186155321  3 14 29.79 1999 10 10 2451461.63506701   300             R Cousins  1999/N19991009/P114400F1.FITS                      Ananke                1024  1024
   0.024  -0.178  811.35  432.50 2.666    416.86   1249.32 25.175 24.742 99.999 18.625 18.192 99.999 99.999 99.999  0.441  0.676 99.999 99.999 99.999  99.999  99.999  99.999  99.999  0.058  0.057  0.022  0.019  0.063  0.054   17   14 99.999 99.999   99   2.164168783  10.185901247  3 22 47.73 1999 10 10 2451461.64083021   300             R Cousins  1999/N19991009/P114401F1.FITS                      Ananke                1024  1024
   0.038  -0.154  515.32  429.47 2.202    561.91   1358.89 25.446 24.755 99.999 18.572 17.881 99.999 99.999 99.999  0.329  0.750 99.999 99.999 99.999  99.999  99.999  99.999  99.999  0.047  0.047  0.014  0.010  0.053  0.037   17   14 99.999 99.999   99   2.164105778  10.185585802  3 33 32.25 1999 10 10 2451461.64828993   300             R Cousins  1999/N19991009/P114402F1.FITS                      Ananke                1024  1024
   0.092  -0.162  518.44  428.34 2.186    497.30   1359.79 25.381 24.679 99.999 18.639 17.937 99.999 99.999 99.999  0.306  0.743 99.999 99.999 99.999  99.999  99.999  99.999  99.999  0.035  0.035  0.014  0.009  0.051  0.034   18   15 99.999 99.999   99   2.164065841  10.185375322  3 40 29.39 1999 10 10 2451461.65311794   300             R Cousins  1999/N19991009/P114403F1.FITS                      Ananke                1024  1024
   0.117  -0.167  525.01  426.13 2.760    457.71   1350.16 25.203 24.606 99.999 18.551 17.954 99.999 99.999 99.999  0.287  0.730 99.999 99.999 99.999  99.999  99.999  99.999  99.999  0.028  0.028  0.014  0.009  0.051  0.034   18   15 99.999 99.999   99   2.163981399  10.184941419  3 54 55.24 1999 10 10 2451461.66313935   300             R Cousins  1999/N19991009/P114405F1.FITS                      Ananke                1024  1024
  -0.034  -0.170  529.25  424.53 2.705    399.52   1389.65 25.027 24.365 99.999 18.523 17.861 99.999 99.999 99.999  0.279  0.787 99.999 99.999 99.999  99.999  99.999  99.999  99.999  0.056  0.055  0.014  0.009  0.052  0.033   18   15 99.999 99.999   99   2.163927688  10.184681177  4  3 34.12 1999 10 10 2451461.66914491   300             R Cousins  1999/N19991009/P114406F1.FITS                      Ananke                1024  1024
   0.056  -0.194  532.69  423.36 2.417    551.13   1382.93 25.401 24.737 99.999 18.548 17.883 99.999 99.999 99.999  0.310  0.751 99.999 99.999 99.999  99.999  99.999  99.999  99.999  0.024  0.024  0.016  0.010  0.057  0.038   18   15 99.999 99.999   99   2.163884356  10.184444724  4 11 13.84 1999 10 10 2451461.67446574   300             R Cousins  1999/N19991009/P114407F1.FITS                      Ananke                1024  1024
   0.013  -0.069  957.64  447.70 2.265    635.82   1108.39 25.724 25.140 99.999 18.716 18.131 99.999 99.999 99.999  0.440  0.778 99.999 99.999 99.999  99.999  99.999  99.999  99.999  0.046  0.046  0.036  0.027  0.067  0.050   19   16 99.999 99.999   99   2.156004241  10.144152288  2 43 20.61 1999 10 11 2451462.61343299   300             R Cousins  1999/N19991010/P114482F1.FITS                      Ananke                1024  1024
   0.083  -0.143  960.56  446.72 2.082    796.52   1116.32 25.785 25.313 99.999 18.532 18.060 99.999 99.999 99.999  0.710  0.801 99.999 99.999 99.999  99.999  99.999  99.999  99.999  0.033  0.033  0.022  0.028  0.040  0.051   20   15 99.999 99.999   99   2.155965425  10.143929180  2 50  3.73 1999 10 11 2451462.61809873   300             R Cousins  1999/N19991010/P114483F1.FITS                      Ananke                1024  1024
   0.057  -0.147  370.09  443.97 1.930    831.24   1171.76 25.948 25.460 99.999 18.649 18.161 99.999 99.999 99.999  0.554  0.812 99.999 99.999 99.999  99.999  99.999  99.999  99.999  0.041  0.041  0.016  0.008  0.050  0.025   20   16 99.999 99.999   99   2.155892163  10.143560276  3  2 15.59 1999 10 11 2451462.62656933   300             R Cousins  1999/N19991010/P114485F1.FITS                      Ananke                1024  1024
  -0.015  -0.175  372.87  442.97 1.949    884.40   1152.99 26.023 25.419 99.999 18.657 18.052 99.999 99.999 99.999  0.365  0.831 99.999 99.999 99.999  99.999  99.999  99.999  99.999  0.030  0.030  0.018  0.008  0.056  0.025   18   15 99.999 99.999   99   2.155852308  10.143358048  3  8 42.90 1999 10 11 2451462.63105208   300             R Cousins  1999/N19991010/P114486F1.FITS                      Ananke                1024  1024
   0.066  -0.154  379.03  191.39 1.787    418.55    457.96 24.969 24.590 99.999 18.415 18.035 99.999 99.999 99.999  0.299  0.722 99.999 99.999 99.999  99.999  99.999  99.999  99.999  0.032  0.029  0.019  0.019  0.046  0.047   21   20 99.999 99.999   99   2.155775797  10.142968837  3 21 48.12 1999 10 11 2451462.64014028   120             R Cousins  1999/N19991010/P114488F1.FITS                      Ananke                1024  1024
   0.054  -0.185  381.46  190.63 2.046    178.03    229.34 24.029 23.653 99.999 18.403 18.027 99.999 99.999 99.999  0.283  0.730 99.999 99.999 99.999  99.999  99.999  99.999  99.999  0.011  0.011  0.021  0.015  0.051  0.036   21   20 99.999 99.999   99   2.155745681  10.142808775  3 26 49.02 1999 10 11 2451462.64362292    60             R Cousins  1999/N19991010/P114489F1.FITS                      Ananke                1024  1024
   0.008  -0.244  384.37  189.19 2.563    547.97   1145.17 25.323 24.905 99.999 18.476 18.058 99.999 99.999 99.999  0.278  0.839 99.999 99.999 99.999  99.999  99.999  99.999  99.999  0.024  0.024  0.018  0.013  0.044  0.033   21   20 99.999 99.999   99   2.155707614  10.142604279  3 33  3.70 1999 10 11 2451462.64795949   300             R Cousins  1999/N19991010/P114490F1.FITS                      Ananke                1024  1024
   0.112  -0.221  386.69  188.51 2.070    324.23    444.31 24.725 24.323 99.999 18.448 18.046 99.999 99.999 99.999  0.277  0.717 99.999 99.999 99.999  99.999  99.999  99.999  99.999  0.007  0.007  0.015  0.013  0.037  0.031   21   20 99.999 99.999   99   2.155680267  10.142461874  3 37 58.75 1999 10 11 2451462.65137442   120             R Cousins  1999/N19991010/P114491F1.FITS                      Ananke                1024  1024
   0.086  -0.250  388.11  187.86 2.005    288.89    427.09 24.459 24.109 99.999 18.308 17.957 99.999 99.999 99.999  0.258  0.696 99.999 99.999 99.999  99.999  99.999  99.999  99.999  0.056  0.055  0.015  0.021  0.037  0.050   21   20 99.999 99.999   99   2.155659459  10.142350766  3 41 23.70 1999 10 11 2451462.65374653   120             R Cousins  1999/N19991010/P114492F1.FITS                      Ananke                1024  1024
   0.227  -0.112  646.40  445.30 2.311    449.12   1167.50 25.088 24.481 99.999 18.458 17.851 99.999 99.999 99.999  0.344  0.785 99.999 99.999 99.999  99.999  99.999  99.999  99.999  0.028  0.028  0.008  0.020  0.023  0.054   16   13 99.999 99.999   99   2.114143873   9.932363781 22 56 23.98 1999 10 15 2451467.45583310   240             R Cousins  1999/N19991015/P114721F1.FITS                      Ananke                1024  1024
   0.054  -0.112  649.23  444.52 2.316    542.31    973.72 25.308 24.712 99.999 18.473 17.876 99.999 99.999 99.999  0.545  0.783 99.999 99.999 99.999  99.999  99.999  99.999  99.999  0.022  0.021  0.023  0.020  0.059  0.049   16   14 99.999 99.999   99   2.114106848   9.932198693 23  1 47.79 1999 10 15 2451467.45958090   240             R Cousins  1999/N19991015/P114722F1.FITS                      Ananke                1024  1024
   0.081  -0.190  653.81  442.73 2.242    820.35   1474.31 25.941 25.383 99.999 18.656 18.098 99.999 99.999 99.999  0.531  0.790 99.999 99.999 99.999  99.999  99.999  99.999  99.999  0.030  0.030  0.008  0.028  0.018  0.066   15   11 99.999 99.999   99   2.114048879   9.931890858 23 11  8.49 1999 10 15 2451467.46607049   360             R Cousins  1999/N19991015/P114723F1.FITS                      Ananke                1024  1024
   0.127  -0.128  652.17  435.49 2.548    766.33   1446.29 25.726 25.199 99.999 18.515 17.988 99.999 99.999 99.999  0.705  0.719 99.999 99.999 99.999  99.999  99.999  99.999  99.999  0.036  0.036  0.009  0.029  0.020  0.064   15   12 99.999 99.999   99   2.113793387   9.930652547 23 52  5.52 1999 10 15 2451467.49450833   360             R Cousins  1999/N19991015/P114728F1.FITS                      Ananke                1024  1024
   0.090  -0.122  656.64  434.21 2.276    790.56   1408.30 25.652 25.085 99.999 18.407 17.840 99.999 99.999 99.999  0.590  0.697 99.999 99.999 99.999  99.999  99.999  99.999  99.999  0.020  0.020  0.008  0.021  0.021  0.053   15   13 99.999 99.999   99   2.113737494   9.930383731 24  0 54.42 1999 10 15 2451467.50062986   360             R Cousins  1999/N19991015/P114729F1.FITS                      Ananke                1024  1024
   0.055  -0.151  661.00  432.74 2.273    826.35   1400.65 25.681 25.145 99.999 18.388 17.852 99.999 99.999 99.999  0.627  0.705 99.999 99.999 99.999  99.999  99.999  99.999  99.999  0.020  0.020  0.009  0.023  0.022  0.058   15   13 99.999 99.999   99   2.113682417   9.930108606  0  9 35.68 1999 10 16 2451467.50666296   360             R Cousins  1999/N19991015/P114730F1.FITS                      Ananke                1024  1024
   0.295  -0.047  664.26  431.65 1.923    826.61   1639.83 25.639 25.121 99.999 18.345 17.828 99.999 99.999 99.999  0.650  0.738 99.999 99.999 99.999  99.999  99.999  99.999  99.999  0.024  0.024  0.009  0.025  0.024  0.065   15   13 99.999 99.999   99   2.113640553   9.929910108  0 17  0.12 1999 10 16 2451467.51180694   360             R Cousins  1999/N19991015/P114731F1.FITS                      Ananke                1024  1024
   0.006  -0.158  677.50  427.51 2.168    669.09   1461.46 25.540 24.984 99.999 18.476 17.920 99.999 99.999 99.999  0.591  0.722 99.999 99.999 99.999  99.999  99.999  99.999  99.999  0.034  0.034  0.017  0.019  0.045  0.050   15   14 99.999 99.999   99   2.113475356   9.929094939  0 42 30.30 1999 10 16 2451467.52951736   360             R Cousins  1999/N19991015/P114733F1.FITS                      Ananke                1024  1024
  -0.188   0.008  756.52  430.35 3.539     78.88    258.92 23.310 22.913 99.999 18.567 18.170 99.999 99.999 99.999  1.079  0.646 99.999 99.999 99.999  99.999  99.999  99.999  99.999  0.017  0.017  0.026  0.035  0.050  0.068   15    9 99.999 99.999   99   1.890519862   8.871404352 21 26  7.22 1999 11  9 2451492.39313912    60             R Cousins  1999/N19991109/P116690F1.FITS                      Ananke                1024  1024
  -0.091  -0.151  481.23  427.81 3.713    726.99   3454.47 25.868 25.102 99.999 18.714 17.948 99.999 99.999 99.999  0.776  0.766 99.999 99.999 99.999  99.999  99.999  99.999  99.999  0.016  0.016  0.013  0.020  0.038  0.059   11    9 99.999 99.999   99   1.890449180   8.871046671 21 38 14.30 1999 11  9 2451492.40155440   750             R Cousins  1999/N19991109/P116691F1.FITS                      Ananke                1024  1024
  -0.241  -0.199  488.04  425.92 3.407    856.52   3301.35 26.049 25.258 99.999 18.717 17.926 99.999 99.999 99.999  0.770  0.785 99.999 99.999 99.999  99.999  99.999  99.999  99.999  0.060  0.060  0.014  0.018  0.042  0.053   11    9 99.999 99.999   99   1.890363395   8.870673989 21 52  6.31 1999 11  9 2451492.41118414   750             R Cousins  1999/N19991109/P116692F1.FITS                      Ananke                1024  1024
  -0.359  -0.200  494.78  424.02 3.472   1162.78   3108.40 26.343 25.514 99.999 18.680 17.849 99.999 99.999 99.999  0.790  0.731 99.999 99.999 99.999  99.999  99.999  99.999  99.999  0.061  0.060  0.014  0.018  0.042  0.053   10    9 99.999 99.999   99   1.890278192   8.870314102 22  5 58.27 1999 11  9 2451492.42081331   750             R Cousins  1999/N19991109/P116693F1.FITS                      Ananke                1024  1024
  -0.083  -0.152  500.94  422.21 3.870   1236.11   2851.24 26.405 25.616 99.999 18.675 17.886 99.999 99.999 99.999  0.746  0.788 99.999 99.999 99.999  99.999  99.999  99.999  99.999  0.081  0.079  0.015  0.018  0.043  0.054   11    9 99.999 99.999   99   1.890200411   8.869967736 22 19 50.05 1999 11  9 2451492.43044039   750             R Cousins  1999/N19991109/P116694F1.FITS                      Ananke                1024  1024
  -0.080  -0.138  784.01  426.35 2.908    247.32    470.31 23.972 23.135 99.999 17.988 17.152 99.999 99.999 99.999  0.979  0.832 99.999 99.999 99.999  99.999  99.999  99.999  99.999  0.037  0.036  0.026  0.021  0.077  0.060   18   16 99.999 99.999   99   1.881237917   8.830482378 23 57 20.54 1999 11 10 2451493.49815440   100             R Cousins  1999/N19991110/P116796F1.FITS                      Ananke                1024  1024
  -0.079  -0.103  786.28  425.75 2.284    212.18    527.04 24.008 23.200 99.999 18.191 17.383 99.999 99.999 99.999  0.990  0.767 99.999 99.999 99.999  99.999  99.999  99.999  99.999  0.048  0.048  0.026  0.020  0.071  0.055   18   15 99.999 99.999   99   1.881208180   8.830363424  0  2 23.33 1999 11 11 2451493.50165891   100             R Cousins  1999/N19991110/P116797F1.FITS                      Ananke                1024  1024
  -0.081  -0.083  475.24  423.04 2.112    856.57   1545.43 25.314 24.872 99.999 17.982 17.540 99.999 99.999 99.999  0.909  0.771 99.999 99.999 99.999  99.999  99.999  99.999  99.999  0.026  0.026  0.016  0.015  0.052  0.050   23   12 99.999 99.999   99   1.881154791   8.830137645  0 11 26.58 1999 11 11 2451493.50794653   300             R Cousins  1999/N19991110/P116798F1.FITS                      Ananke                1024  1024
  -0.023  -0.078  478.05  422.02 2.531    703.42   1448.09 25.242 24.853 99.999 18.124 17.735 99.999 99.999 99.999  0.890  0.720 99.999 99.999 99.999  99.999  99.999  99.999  99.999  0.038  0.038  0.018  0.018  0.065  0.064   23   15 99.999 99.999   99   1.881118216   8.829975603  0 17 50.17 1999 11 11 2451493.51238623   300             R Cousins  1999/N19991110/P116799F1.FITS                      Ananke                1024  1024
  -0.115  -0.139  481.29  421.13 2.269    672.99   1475.15 25.106 24.657 99.999 18.036 17.587 99.999 99.999 99.999  0.890  0.717 99.999 99.999 99.999  99.999  99.999  99.999  99.999  0.026  0.026  0.019  0.021  0.070  0.078   23   16 99.999 99.999   99   1.881078851   8.829795226  0 24 13.55 1999 11 11 2451493.51682350   300             R Cousins  1999/N19991110/P116800F1.FITS                      Ananke                1024  1024
  -0.101  -0.024  484.00  420.40 2.958    677.89   1340.60 25.149 24.641 99.999 18.072 17.563 99.999 99.999 99.999  0.897  0.787 99.999 99.999 99.999  99.999  99.999  99.999  99.999  0.056  0.053  0.020  0.015  0.072  0.052   23   15 99.999 99.999   99   1.881041529   8.829664090  0 30 36.58 1999 11 11 2451493.52125671   300             R Cousins  1999/N19991110/P116801F1.FITS                      Ananke                1024  1024
  -0.088  -0.124  487.41  419.03 2.314    712.40   1444.00 25.201 24.706 99.999 18.070 17.574 99.999 99.999 99.999  0.892  0.799 99.999 99.999 99.999  99.999  99.999  99.999  99.999  0.025  0.025  0.019  0.016  0.071  0.060   23   16 99.999 99.999   99   1.881004135   8.829472771  0 37  0.37 1999 11 11 2451493.52569873   300             R Cousins  1999/N19991110/P116802F1.FITS                      Ananke                1024  1024
  -0.048  -0.053  490.54  418.31 2.012    806.96   1542.32 25.252 24.806 99.999 17.985 17.539 99.999 99.999 99.999  0.898  0.751 99.999 99.999 99.999  99.999  99.999  99.999  99.999  0.033  0.033  0.023  0.015  0.085  0.055   23   15 99.999 99.999   99   1.880967206   8.829329008  0 43 24.55 1999 11 11 2451493.53014525   300             R Cousins  1999/N19991110/P116803F1.FITS                      Ananke                1024  1024
  -0.045  -0.033  493.14  417.61 2.059    816.03   1604.96 25.296 24.869 99.999 18.016 17.590 99.999 99.999 99.999  0.899  0.770 99.999 99.999 99.999  99.999  99.999  99.999  99.999  0.037  0.037  0.012  0.015  0.041  0.053   23   13 99.999 99.999   99   1.880929652   8.829170770  0 49 48.18 1999 11 11 2451493.53458542   300             R Cousins  1999/N19991110/P116804F1.FITS                      Ananke                1024  1024
  -0.094  -0.075  499.15  415.61 2.266    627.98   1608.50 25.073 24.584 99.999 18.078 17.589 99.999 99.999 99.999  0.894  0.742 99.999 99.999 99.999  99.999  99.999  99.999  99.999  0.034  0.034  0.019  0.016  0.066  0.057   23   14 99.999 99.999   99   1.880853622   8.828832066  1  2 35.31 1999 11 11 2451493.54346424   300             R Cousins  1999/N19991110/P116806F1.FITS                      Ananke                1024  1024
  -0.053  -0.048  502.25  414.85 2.111    753.04   1604.62 25.161 24.711 99.999 17.969 17.519 99.999 99.999 99.999  0.892  0.732 99.999 99.999 99.999  99.999  99.999  99.999  99.999  0.019  0.019  0.021  0.015  0.081  0.056   23   17 99.999 99.999   99   1.880816871   8.828676190  1  8 58.78 1999 11 11 2451493.54790255   300             R Cousins  1999/N19991110/P116807F1.FITS                      Ananke                1024  1024
   0.109  -0.109  831.02  412.64 2.402    168.18    525.65 24.743 24.273 99.999 19.179 18.709 99.999 99.999 99.999  0.252  0.669 99.999 99.999 99.999  99.999  99.999  99.999  99.999  0.059  0.058  0.036  0.027  0.050  0.038   14   11 99.999 99.999   99   1.747278563   8.296589853 22 56 16.40 1999 11 29 2451512.45574537   100             R Cousins  1999/N19991129/P116953F1.FITS                      Ananke                1024  1024
   0.056  -0.204  832.38  412.20 1.833    209.06    557.23 24.787 24.250 99.999 18.986 18.449 99.999 99.999 99.999  0.264  0.727 99.999 99.999 99.999  99.999  99.999  99.999  99.999  0.035  0.035  0.035  0.039  0.052  0.058   14   12 99.999 99.999   99   1.747260880   8.296508610 23  0 29.24 1999 11 29 2451512.45867176   100             R Cousins  1999/N19991129/P116954F1.FITS                      Ananke                1024  1024
  -0.004  -0.134  533.18  410.13 2.468    524.29   1742.47 25.738 25.458 99.999 18.939 18.659 99.999 99.999 99.999  0.250  0.709 99.999 99.999 99.999  99.999  99.999  99.999  99.999  0.024  0.025  0.017  0.015  0.059  0.054   15   13 99.999 99.999   99   1.747218515   8.296392775 23 10 54.59 1999 11 29 2451512.46590961   300             R Cousins  1999/N19991129/P116955F1.FITS                      Ananke                1024  1024
   0.062  -0.191  535.21  409.80 2.546    553.86   1803.26 25.711 25.471 99.999 18.853 18.612 99.999 99.999 99.999  0.240  0.714 99.999 99.999 99.999  99.999  99.999  99.999  99.999  0.027  0.027  0.010  0.019  0.037  0.065   15   13 99.999 99.999   99   1.747194465   8.296294213 23 17 18.28 1999 11 29 2451512.47035046   300             R Cousins  1999/N19991129/P116956F1.FITS                      Ananke                1024  1024
   0.062  -0.181  537.20  409.23 2.878    510.77   1723.50 25.561 25.206 99.999 18.791 18.436 99.999 99.999 99.999  0.193  0.703 99.999 99.999 99.999  99.999  99.999  99.999  99.999  0.025  0.025  0.015  0.013  0.054  0.046   15   14 99.999 99.999   99   1.747169238   8.296214200 23 23 41.42 1999 11 29 2451512.47478495   300             R Cousins  1999/N19991129/P116957F1.FITS                      Ananke                1024  1024
   0.030  -0.105  539.10  408.88 2.294    473.12   1916.46 25.610 25.305 99.999 18.922 18.618 99.999 99.999 99.999  0.225  0.691 99.999 99.999 99.999  99.999  99.999  99.999  99.999  0.033  0.033  0.012  0.016  0.044  0.055   15   13 99.999 99.999   99   1.747143448   8.296152621 23 30  4.14 1999 11 29 2451512.47921458   300             R Cousins  1999/N19991129/P116958F1.FITS                      Ananke                1024  1024
   0.047  -0.192  541.09  408.41 2.505    454.36   2004.07 25.529 25.135 99.999 18.885 18.491 99.999 99.999 99.999  0.194  0.695 99.999 99.999 99.999  99.999  99.999  99.999  99.999  0.029  0.029  0.015  0.013  0.056  0.047   15   14 99.999 99.999   99   1.747118569   8.296045200 23 36 27.54 1999 11 29 2451512.48365208   300             R Cousins  1999/N19991129/P116959F1.FITS                      Ananke                1024  1024
  -0.002  -0.137  543.11  407.96 2.900    389.90   2159.06 25.451 25.108 99.999 18.974 18.631 99.999 99.999 99.999  0.190  0.656 99.999 99.999 99.999  99.999  99.999  99.999  99.999  0.046  0.047  0.011  0.014  0.038  0.048   15   13 99.999 99.999   99   1.747092412   8.295977631 23 42 51.47 1999 11 29 2451512.48809572   300             R Cousins  1999/N19991129/P116960F1.FITS                      Ananke                1024  1024
   0.036  -0.118  621.50  428.23 1.703    290.74    524.72 24.732 23.754 99.999 18.574 17.595 99.999 99.999 99.999  0.873  0.703 99.999 99.999 99.999  99.999  99.999  99.999  99.999  0.048  0.049  0.014  0.015  0.049  0.053   15   13 99.999 99.999   99   1.742389373   8.280500437 20 26 42.93 1999 11 30 2451513.35188576   100             R Cousins  1999/N19991130/P117047F1.FITS                      Ananke                1024  1024
  -0.003  -0.260  622.63  427.75 4.299    657.65     72.27 24.547 23.590 99.999 17.502 16.545 99.999 99.999 99.999  0.864  0.659 99.999 99.999 99.999  99.999  99.999  99.999  99.999  0.042  0.043  0.007  0.011  0.024  0.037   15   12 99.999 99.999   99   1.742373414   8.280413329 20 30 39.16 1999 11 30 2451513.35461991   100             R Cousins  1999/N19991130/P117048F1.FITS                      Ananke                1024  1024
  -0.015  -0.186  625.31  427.50 2.289   1183.40   1872.85 26.087 25.312 99.999 18.404 17.629 99.999 99.999 99.999  0.848  0.704 99.999 99.999 99.999  99.999  99.999  99.999  99.999  0.026  0.025  0.015  0.016  0.052  0.056   15   13 99.999 99.999   99   1.742339242   8.280327439 20 39 26.37 1999 11 30 2451513.36072187   400             R Cousins  1999/N19991130/P117049F1.FITS                      Ananke                1024  1024
   0.104  -0.145  630.06  426.30 2.106    844.81   2020.97 25.959 25.158 99.999 18.642 17.841 99.999 99.999 99.999  0.853  0.676 99.999 99.999 99.999  99.999  99.999  99.999  99.999  0.023  0.023  0.009  0.012  0.031  0.039   15   12 99.999 99.999   99   1.742279398   8.280144417 20 55 30.96 1999 11 30 2451513.37188611   400             R Cousins  1999/N19991130/P117051F1.FITS                      Ananke                1024  1024
   0.079  -0.170  632.56  425.86 2.025    967.50   2048.08 26.093 25.318 99.999 18.629 17.854 99.999 99.999 99.999  0.846  0.694 99.999 99.999 99.999  99.999  99.999  99.999  99.999  0.035  0.035  0.014  0.017  0.049  0.058   15   13 99.999 99.999   99   1.742247896   8.280040126 21  3 32.92 1999 11 30 2451513.37746435   400             R Cousins  1999/N19991130/P117052F1.FITS                      Ananke                1024  1024
   0.081  -0.151  634.95  425.39 2.399    899.64   1993.53 25.991 25.240 99.999 18.606 17.855 99.999 99.999 99.999  0.845  0.665 99.999 99.999 99.999  99.999  99.999  99.999  99.999  0.029  0.028  0.015  0.016  0.051  0.055   15   13 99.999 99.999   99   1.742216938   8.279947976 21 11 34.83 1999 11 30 2451513.38304201   400             R Cousins  1999/N19991130/P117053F1.FITS                      Ananke                1024  1024
  -0.055  -0.168  652.72  451.75 3.379    127.70    422.67 24.006 23.324 99.999 18.741 18.059 99.999 99.999 99.999  0.674  0.642 99.999 99.999 99.999  99.999  99.999  99.999  99.999  0.053  0.053  0.014  0.020  0.032  0.048   15   14 99.999 99.999   99   1.737156750   8.263816281 20  8 41.41 1999 12  1 2451514.33936817   100             R Cousins  1999/N19991201/P117169F1.FITS                      Ananke                1024  1024
   0.052  -0.259  654.06  451.30 3.065    130.61    424.37 24.004 23.309 99.999 18.714 18.019 99.999 99.999 99.999  0.672  0.664 99.999 99.999 99.999  99.999  99.999  99.999  99.999  0.019  0.019  0.007  0.020  0.017  0.047   15   14 99.999 99.999   99   1.737143995   8.263746410 20 12 38.43 1999 12  1 2451514.34211146   100             R Cousins  1999/N19991201/P117170F1.FITS                      Ananke                1024  1024
   0.026  -0.147  516.07  450.19 2.858    544.89   1753.84 25.632 24.957 99.999 18.791 18.116 99.999 99.999 99.999  0.602  0.621 99.999 99.999 99.999  99.999  99.999  99.999  99.999  0.028  0.028  0.009  0.013  0.037  0.053   19   17 99.999 99.999   99   1.737110788   8.263678708 20 21 24.03 1999 12  1 2451514.34819479   400             R Cousins  1999/N19991201/P117171F1.FITS                      Ananke                1024  1024
   0.094  -0.118  518.37  449.65 3.131    510.86   1760.93 25.561 24.863 99.999 18.790 18.092 99.999 99.999 99.999  0.600  0.625 99.999 99.999 99.999  99.999  99.999  99.999  99.999  0.026  0.026  0.009  0.014  0.036  0.057   19   17 99.999 99.999   99   1.737082063   8.263595760 20 29 26.09 1999 12  1 2451514.35377419   400             R Cousins  1999/N19991201/P117172F1.FITS                      Ananke                1024  1024
   0.209  -0.101  520.51  449.33 2.848    432.93   1800.92 25.431 24.652 99.999 18.840 18.061 99.999 99.999 99.999  0.603  0.638 99.999 99.999 99.999  99.999  99.999  99.999  99.999  0.033  0.033  0.009  0.012  0.035  0.050   19   17 99.999 99.999   99   1.737054181   8.263509738 20 37 28.71 1999 12  1 2451514.35936007   400             R Cousins  1999/N19991201/P117173F1.FITS                      Ananke                1024  1024
   0.038  -0.103  523.17  448.75 3.315    400.10   1752.91 25.314 24.616 99.999 18.808 18.111 99.999 99.999 99.999  0.602  0.592 99.999 99.999 99.999  99.999  99.999  99.999  99.999  0.028  0.028  0.009  0.010  0.038  0.040   19   16 99.999 99.999   99   1.737020998   8.263418425 20 45 30.75 1999 12  1 2451514.36493924   400             R Cousins  1999/N19991201/P117174F1.FITS                      Ananke                1024  1024
   0.045  -0.160  525.53  448.20 3.413    399.28   1765.01 25.360 24.617 99.999 18.857 18.114 99.999 99.999 99.999  0.616  0.639 99.999 99.999 99.999  99.999  99.999  99.999  99.999  0.034  0.035  0.010  0.014  0.039  0.056   18   17 99.999 99.999   99   1.736991124   8.263311349 20 53 33.04 1999 12  1 2451514.37052130   400             R Cousins  1999/N19991201/P117175F1.FITS                      Ananke                1024  1024
  -0.018  -0.193  796.44  472.46 3.174    330.06   1877.37 25.162 24.325 99.999 18.866 18.029 99.999 99.999 99.999  0.639  0.747 99.999 99.999 99.999  99.999  99.999  99.999  99.999  0.050  0.050  0.021  0.018  0.038  0.032   12   11 99.999 99.999   99   1.712892633   8.195505896 23 37 11.80 1999 12  6 2451519.48416435   360             R Cousins  1999/N19991206/P117823F1.FITS                      Ananke                1024  1024
   0.104  -0.122  797.99  472.26 2.986    352.80   1824.58 25.259 24.442 99.999 18.890 18.073 99.999 99.999 99.999  0.643  0.723 99.999 99.999 99.999  99.999  99.999  99.999  99.999  0.005  0.005  0.027  0.019  0.051  0.038   12   12 99.999 99.999   99   1.712872776   8.195471866 23 44 35.29 1999 12  6 2451519.48929734   360             R Cousins  1999/N19991206/P117824F1.FITS                      Ananke                1024  1024
   0.091  -0.181  800.20  471.51 2.871    325.76   1956.29 25.112 24.387 99.999 18.830 18.105 99.999 99.999 99.999  0.649  0.770 99.999 99.999 99.999  99.999  99.999  99.999  99.999  0.046  0.046  0.018  0.018  0.033  0.033   12   11 99.999 99.999   99   1.712850483   8.195402004 23 51 57.43 1999 12  6 2451519.49441470   360             R Cousins  1999/N19991206/P117825F1.FITS                      Ananke                1024  1024
  -0.039  -0.165  509.30  456.18 2.339    254.97   2400.87 24.935 24.098 99.999 18.919 18.081 99.999 99.999 99.999  0.681  0.699 99.999 99.999 99.999  99.999  99.999  99.999  99.999  0.217  0.094  0.011  0.007  0.039  0.023   14   12 99.999 99.999   99   1.712803915   8.195298975  0  6 44.68 1999 12  7 2451519.50468380   360             R Cousins  1999/N19991206/P117827F1.FITS                      Ananke                1024  1024
   0.100  -0.165  692.29  444.07 1.992   1383.67   3052.48 26.565 25.766 99.999 18.712 17.913 99.999 99.999 99.999  0.697  0.792 99.999 99.999 99.999  99.999  99.999  99.999  99.999  0.038  0.038  0.022  0.009  0.064  0.025   11   11 99.999 99.999   99   1.709537173   8.187582186 19 19 24.32 1999 12  7 2451520.30514259   600             R Cousins  1999/N19991207/P117930F1.FITS                      Ananke                1024  1024
   0.071  -0.152  601.76  442.26 2.144   1365.64   2918.12 26.731 25.879 99.999 18.893 18.040 99.999 99.999 99.999  0.478  0.728 99.999 99.999 99.999  99.999  99.999  99.999  99.999  0.044  0.044  0.011  0.010  0.035  0.032   11   11 99.999 99.999   99   1.709491576   8.187488302 19 34 49.52 1999 12  7 2451520.31585093   600             R Cousins  1999/N19991207/P117931F1.FITS                      Ananke                1024  1024
   0.135  -0.153  604.27  441.88 2.122   1495.69   2760.25 26.777 25.992 99.999 18.840 18.055 99.999 99.999 99.999  0.467  0.721 99.999 99.999 99.999  99.999  99.999  99.999  99.999  0.037  0.038  0.008  0.012  0.026  0.038   11   11 99.999 99.999   99   1.709459535   8.187416204 19 46 12.60 1999 12  7 2451520.32375694   600             R Cousins  1999/N19991207/P117932F1.FITS                      Ananke                1024  1024
   0.132  -0.163  606.89  441.54 1.895   1828.35   2790.31 26.906 25.982 99.999 18.750 17.826 99.999 99.999 99.999  0.506  0.740 99.999 99.999 99.999  99.999  99.999  99.999  99.999  0.033  0.032  0.014  0.009  0.044  0.027   11   11 99.999 99.999   99   1.709426117   8.187341059 19 57 38.07 1999 12  7 2451520.33169062   600             R Cousins  1999/N19991207/P117933F1.FITS                      Ananke                1024  1024
   0.122  -0.152  609.61  441.14 2.067   1576.17   2760.90 26.897 26.073 99.999 18.903 18.079 99.999 99.999 99.999  0.589  0.745 99.999 99.999 99.999  99.999  99.999  99.999  99.999  0.031  0.031  0.010  0.011  0.032  0.034   11   11 99.999 99.999   99   1.709392584   8.187271645 20  9  3.53 1999 12  7 2451520.33962419   600             R Cousins  1999/N19991207/P117934F1.FITS                      Ananke                1024  1024
   0.100  -0.158  614.74  440.53 1.848   1868.18   2537.47 26.896 26.100 99.999 18.718 17.921 99.999 99.999 99.999  0.493  0.714 99.999 99.999 99.999  99.999  99.999  99.999  99.999  0.028  0.028  0.012  0.014  0.039  0.045   11   11 99.999 99.999   99   1.709325781   8.187125506 20 31 48.33 1999 12  7 2451520.35542049   600             R Cousins  1999/N19991207/P117936F1.FITS                      Ananke                1024  1024
   0.167  -0.150  617.29  440.15 1.807   1799.63   2611.96 26.912 26.009 99.999 18.774 17.871 99.999 99.999 99.999  0.500  0.781 99.999 99.999 99.999  99.999  99.999  99.999  99.999  0.034  0.034  0.012  0.013  0.037  0.040   11   11 99.999 99.999   99   1.709293818   8.187055437 20 43 11.70 1999 12  7 2451520.36332986   600             R Cousins  1999/N19991207/P117937F1.FITS                      Ananke                1024  1024
   0.206  -0.082  578.96  424.05 3.555    530.58   2799.08 24.542 24.280 99.999 17.730 17.468 99.999 99.999 99.999  1.034  0.527 99.999 99.999 99.999  99.999  99.999  99.999  99.999  0.000  0.000  0.015  0.016  0.052  0.055   34   20 99.999 99.999   99   4.454196505  20.188455325  3 48 50.97 2000 11 28 2451876.65892326   420             R Cousins  2000/N20001127/p136301f1.fits                      Ananke                1024  1024
   0.003  -0.223  583.32  422.93 2.836    349.05   2905.96 24.392 24.133 99.999 18.034 17.776 99.999 99.999 99.999  1.040  0.582 99.999 99.999 99.999  99.999  99.999  99.999  99.999  0.072  0.073  0.017  0.015  0.058  0.051   34   19 99.999 99.999   99   4.454138316  20.188256124  3 57 15.41 2000 11 28 2451876.66476169   420             R Cousins  2000/N20001127/p136302f1.fits                      Ananke                1024  1024
   0.048  -0.109  664.48  411.71 1.450     52.64    167.11 23.505 23.359 99.999 19.202 19.055 99.999 99.999 99.999  0.606  0.517 99.999 99.999 99.999  99.999  99.999  99.999  99.999  0.074  0.075  0.005  0.005  0.045  0.045  163  114 99.999 99.999   99   6.969847684  22.628187910  0 16 34.97 2001 11 21 2452234.51151586    30             R Cousins  2001/N20011120/P147574F1.FITS                      Ananke                1024  1024
   0.088  -0.144  492.18  407.97 2.001    800.69   2029.36 26.121 25.980 99.999 18.863 18.721 99.999 99.999 99.999  0.562  0.675 99.999 99.999 99.999  99.999  99.999  99.999  99.999  0.025  0.025  0.004  0.005  0.041  0.045  152  113 99.999 99.999   99   6.969808049  22.628337729  0 29 11.33 2001 11 21 2452234.52027002   400             R Cousins  2001/N20011120/P147575F1.FITS                      Ananke                1024  1024
   0.041  -0.109  494.01  408.41 2.559    556.96   1941.43 25.812 25.584 99.999 18.947 18.719 99.999 99.999 99.999  0.522  0.630 99.999 99.999 99.999  99.999  99.999  99.999  99.999  0.028  0.028  0.005  0.005  0.044  0.045  150  111 99.999 99.999   99   6.969781216  22.628449465  0 37 14.91 2001 11 21 2452234.52586701   400             R Cousins  2001/N20011120/P147576F1.FITS                      Ananke                1024  1024
  -0.001  -0.105  495.87  409.04 2.245    587.37   1950.38 25.839 25.625 99.999 18.917 18.702 99.999 99.999 99.999  0.469  0.624 99.999 99.999 99.999  99.999  99.999  99.999  99.999  0.030  0.030  0.005  0.005  0.043  0.047  152  112 99.999 99.999   99   6.969754474  22.628551831  0 45 18.34 2001 11 21 2452234.53146227   400             R Cousins  2001/N20011120/P147577F1.FITS                      Ananke                1024  1024
   0.035  -0.111  497.87  409.65 2.195    690.84   1978.17 26.053 25.822 99.999 18.954 18.724 99.999 99.999 99.999  0.568  0.660 99.999 99.999 99.999  99.999  99.999  99.999  99.999  0.031  0.031  0.004  0.005  0.042  0.045  152  112 99.999 99.999   99   6.969729248  22.628651861  0 53 22.05 2001 11 21 2452234.53706076   400             R Cousins  2001/N20011120/P147578F1.FITS                      Ananke                1024  1024
   0.028  -0.134  499.83  410.04 2.073    793.04   1972.96 26.192 26.021 99.999 18.944 18.772 99.999 99.999 99.999  0.571  0.638 99.999 99.999 99.999  99.999  99.999  99.999  99.999  0.020  0.020  0.004  0.005  0.042  0.048  151  110 99.999 99.999   99   6.969703136  22.628746839  1  1 25.65 2001 11 21 2452234.54265799   400             R Cousins  2001/N20011120/P147579F1.FITS                      Ananke                1024  1024
   0.091  -0.147  502.60  410.79 2.199    776.19   1909.26 26.126 25.948 99.999 18.901 18.723 99.999 99.999 99.999  0.564  0.648 99.999 99.999 99.999  99.999  99.999  99.999  99.999  0.022  0.022  0.005  0.005  0.044  0.045  153  113 99.999 99.999   99   6.969667419  22.628887342  1 12 54.15 2001 11 21 2452234.55062674   400             R Cousins  2001/N20011120/P147580F1.FITS                      Ananke                1024  1024
   0.087  -0.128  609.62  456.85 1.268     63.52     83.10 23.440 23.212 99.999 18.932 18.704 99.999 99.999 99.999  0.514  0.500 99.999 99.999 99.999  99.999  99.999  99.999  99.999  0.024  0.025  0.004  0.004  0.043  0.040  166  132 99.999 99.999   99   6.964787489  22.647899652  2 41 52.19 2001 11 22 2452235.61240961    30             R Cousins  2001/N20011121/P147724F1.FITS                      Ananke                1024  1024
   0.012  -0.155  494.56  457.10 2.100    794.73   1568.48 26.124 25.863 99.999 18.874 18.612 99.999 99.999 99.999  0.518  0.614 99.999 99.999 99.999  99.999  99.999  99.999  99.999  0.025  0.025  0.004  0.004  0.046  0.045  151  119 99.999 99.999   99   6.964759438  22.647990374  2 49 42.70 2001 11 22 2452235.61785532   420             R Cousins  2001/N20011121/P147725F1.FITS                      Ananke                1024  1024
   0.071  -0.155  496.52  457.80 2.109    860.98   1561.39 26.226 25.956 99.999 18.889 18.618 99.999 99.999 99.999  0.530  0.620 99.999 99.999 99.999  99.999  99.999  99.999  99.999  0.027  0.027  0.004  0.004  0.046  0.046  153  123 99.999 99.999   99   6.964732151  22.648095405  2 58  7.56 2001 11 22 2452235.62369861   420             R Cousins  2001/N20011121/P147726F1.FITS                      Ananke                1024  1024
   0.067  -0.151  498.65  458.40 2.400    760.02   1519.10 26.045 25.755 99.999 18.843 18.553 99.999 99.999 99.999  0.516  0.611 99.999 99.999 99.999  99.999  99.999  99.999  99.999  0.010  0.010  0.005  0.004  0.049  0.045  155  123 99.999 99.999   99   6.964703686  22.648200465  3  6 30.46 2001 11 22 2452235.62951921   420             R Cousins  2001/N20011121/P147727F1.FITS                      Ananke                1024  1024
   0.041  -0.143  500.78  459.08 2.524    642.22   1516.12 25.914 25.611 99.999 18.894 18.591 99.999 99.999 99.999  0.501  0.612 99.999 99.999 99.999  99.999  99.999  99.999  99.999  0.000  0.000  0.004  0.004  0.046  0.045  155  123 99.999 99.999   99   6.964674659  22.648307571  3 14 55.62 2001 11 22 2452235.63536597   420             R Cousins  2001/N20011121/P147728F1.FITS                      Ananke                1024  1024
   0.057  -0.137  502.79  459.57 2.563    678.33   1573.83 26.005 25.700 99.999 18.926 18.621 99.999 99.999 99.999  0.505  0.610 99.999 99.999 99.999  99.999  99.999  99.999  99.999  0.037  0.037  0.005  0.004  0.049  0.047  152  122 99.999 99.999   99   6.964646384  22.648413770  3 23 21.88 2001 11 22 2452235.64122546   420             R Cousins  2001/N20011121/P147729F1.FITS                      Ananke                1024  1024
   0.006  -0.154  505.00  460.14 2.661    549.57   1652.24 25.782 25.474 99.999 18.932 18.624 99.999 99.999 99.999  0.492  0.589 99.999 99.999 99.999  99.999  99.999  99.999  99.999  0.001  0.001  0.004  0.004  0.049  0.043  157  125 99.999 99.999   99   6.964616868  22.648513722  3 31 47.16 2001 11 22 2452235.64707361   420             R Cousins  2001/N20011121/P147730F1.FITS                      Ananke                1024  1024
   0.016  -0.151  506.99  460.71 2.345    734.28   1684.57 26.040 25.724 99.999 18.875 18.560 99.999 99.999 99.999  0.505  0.630 99.999 99.999 99.999  99.999  99.999  99.999  99.999  0.026  0.026  0.004  0.004  0.047  0.042  154  122 99.999 99.999   99   6.964588581  22.648618338  3 40 12.16 2001 11 22 2452235.65291852   420             R Cousins  2001/N20011121/P147731F1.FITS                      Ananke                1024  1024
   0.086  -0.139  509.07  461.31 2.569    557.56   1732.49 25.875 25.577 99.999 19.009 18.711 99.999 99.999 99.999  0.501  0.587 99.999 99.999 99.999  99.999  99.999  99.999  99.999  0.032  0.032  0.004  0.004  0.047  0.043  155  124 99.999 99.999   99   6.964561480  22.648725736  3 48 37.68 2001 11 22 2452235.65876944   420             R Cousins  2001/N20011121/P147732F1.FITS                      Ananke                1024  1024
  -0.078  -0.034  769.90  411.36 2.074     90.01    138.76 23.245 23.029 99.999 18.359 18.143 99.999 99.999 99.999  0.315  0.490 99.999 99.999 99.999  99.999  99.999  99.999  99.999  0.047  0.047  0.006  0.005  0.052  0.045  176  138 99.999 99.999   99   6.784917604  23.189805256  1 24 48.29 2001 12 18 2452261.55889225    30             R Cousins  2001/N20011217/P149362F1.FITS                      Ananke                1024  1024
   0.100  -0.093  562.59  411.94 2.341   1030.96   1900.96 26.035 25.685 99.999 18.502 18.152 99.999 99.999 99.999  0.347  0.607 99.999 99.999 99.999  99.999  99.999  99.999  99.999  0.031  0.031  0.004  0.004  0.049  0.048  172  138 99.999 99.999   99   6.784872184  23.189910191  1 32 47.53 2001 12 18 2452261.56443900   420             R Cousins  2001/N20011217/P149363F1.FITS                      Ananke                1024  1024
   0.052  -0.085  566.11  412.36 2.318    850.00   1922.90 26.102 25.768 99.999 18.778 18.445 99.999 99.999 99.999  0.374  0.591 99.999 99.999 99.999  99.999  99.999  99.999  99.999  0.052  0.052  0.004  0.005  0.049  0.051  171  136 99.999 99.999   99   6.784819637  23.190040157  1 41 12.11 2001 12 18 2452261.57027905   420             R Cousins  2001/N20011217/P149364F1.FITS                      Ananke                1024  1024
   0.019  -0.072  569.94  413.11 2.125    820.00   1975.69 26.078 25.734 99.999 18.794 18.449 99.999 99.999 99.999  0.392  0.607 99.999 99.999 99.999  99.999  99.999  99.999  99.999  0.000  0.000  0.004  0.005  0.050  0.052  172  139 99.999 99.999   99   6.784767263  23.190171772  1 49 37.77 2001 12 18 2452261.57613160   420             R Cousins  2001/N20011217/P149365F1.FITS                      Ananke                1024  1024
   0.073  -0.064  573.60  413.71 2.436    679.21   1873.10 25.818 25.481 99.999 18.738 18.401 99.999 99.999 99.999  0.344  0.585 99.999 99.999 99.999  99.999  99.999  99.999  99.999  0.038  0.039  0.004  0.004  0.048  0.048  171  136 99.999 99.999   99   6.784716813  23.190300981  1 58  2.16 2001 12 18 2452261.58196944   420             R Cousins  2001/N20011217/P149366F1.FITS                      Ananke                1024  1024
   0.009  -0.050  577.59  414.55 2.621    804.66   1847.52 25.934 25.601 99.999 18.670 18.337 99.999 99.999 99.999  0.355  0.584 99.999 99.999 99.999  99.999  99.999  99.999  99.999  0.015  0.015  0.004  0.004  0.049  0.046  172  136 99.999 99.999   99   6.784663817  23.190432133  2  6 27.87 2001 12 18 2452261.58782257   420             R Cousins  2001/N20011217/P149367F1.FITS                      Ananke                1024  1024
  -0.038  -0.066  581.44  415.28 2.453    695.68   1913.92 25.860 25.509 99.999 18.754 18.403 99.999 99.999 99.999  0.344  0.592 99.999 99.999 99.999  99.999  99.999  99.999  99.999  0.054  0.054  0.004  0.004  0.048  0.048  171  138 99.999 99.999   99   6.784610197  23.190557599  2 15  3.64 2001 12 18 2452261.59379213   420             R Cousins  2001/N20011217/P149368F1.FITS                      Ananke                1024  1024
   0.066  -0.071  585.25  415.91 2.416    728.08   1906.11 25.876 25.534 99.999 18.721 18.378 99.999 99.999 99.999  0.341  0.592 99.999 99.999 99.999  99.999  99.999  99.999  99.999  0.005  0.005  0.004  0.004  0.049  0.047  170  136 99.999 99.999   99   6.784560753  23.190682655  2 23 28.32 2001 12 18 2452261.59963333   420             R Cousins  2001/N20011217/P149369F1.FITS                      Ananke                1024  1024
   0.010  -0.055  589.02  416.66 2.336    923.44   1872.85 26.073 25.740 99.999 18.660 18.326 99.999 99.999 99.999  0.369  0.597 99.999 99.999 99.999  99.999  99.999  99.999  99.999  0.005  0.004  0.005  0.005  0.051  0.050  172  139 99.999 99.999   99   6.784508042  23.190813542  2 31 53.61 2001 12 18 2452261.60548160   420             R Cousins  2001/N20011217/P149370F1.FITS                      Ananke                1024  1024
   0.061  -0.073  592.63  417.41 2.209    910.35   1940.71 26.051 25.714 99.999 18.653 18.316 99.999 99.999 99.999  0.355  0.590 99.999 99.999 99.999  99.999  99.999  99.999  99.999  0.044  0.044  0.004  0.005  0.049  0.052  171  140 99.999 99.999   99   6.784457480  23.190935182  2 40 19.05 2001 12 18 2452261.61133160   420             R Cousins  2001/N20011217/P149371F1.FITS                      Ananke                1024  1024
  -0.092  -0.077  499.79  346.84 3.873    260.10   2454.20 24.549 24.392 99.999 18.511 18.354 99.999 99.999 99.999  0.486  0.448 99.999 99.999 99.999  99.999  99.999  99.999  99.999  0.075  0.082  0.004  0.004  0.040  0.046  209  146 99.999 99.999   99   6.758572489  23.256121183  1 35  6.19 2001 12 21 2452264.56604387   440             R Cousins  2001/N20011220/P149649F1.FITS                      Ananke                1024  1024
  -0.131   0.006  503.79  347.69 3.509    303.31   2051.85 24.851 24.661 99.999 18.646 18.456 99.999 99.999 99.999  0.524  0.467 99.999 99.999 99.999  99.999  99.999  99.999  99.999  0.053  0.052  0.004  0.004  0.040  0.047  211  147 99.999 99.999   99   6.758516923  23.256275219  1 43 49.70 2001 12 21 2452264.57210301   440             R Cousins  2001/N20011220/P149650F1.FITS                      Ananke                1024  1024
   0.058  -0.150  507.47  348.28 3.200    240.08   1811.55 24.774 24.576 99.999 18.823 18.625 99.999 99.999 99.999  0.529  0.479 99.999 99.999 99.999  99.999  99.999  99.999  99.999  0.083  0.068  0.004  0.004  0.040  0.043  202  140 99.999 99.999   99   6.758465970  23.256362603  1 52 32.92 2001 12 21 2452264.57815880   440             R Cousins  2001/N20011220/P149651F1.FITS                      Ananke                1024  1024
  -0.123  -0.136  511.81  348.89 4.035    250.91   1751.86 24.625 24.436 99.999 18.626 18.437 99.999 99.999 99.999  0.532  0.487 99.999 99.999 99.999  99.999  99.999  99.999  99.999  0.058  0.059  0.004  0.004  0.042  0.042  204  137 99.999 99.999   99   6.758407551  23.256496948  2  1 16.58 2001 12 21 2452264.58421968   440             R Cousins  2001/N20011220/P149652F1.FITS                      Ananke                1024  1024
   0.005  -0.030  526.93  532.62 3.839    223.57   1925.96 24.667 24.403 99.999 18.793 18.529 99.999 99.999 99.999  0.490  0.467 99.999 99.999 99.999  99.999  99.999  99.999  99.999  0.062  0.061  0.004  0.004  0.044  0.047  196  140 99.999 99.999   99   6.750857073  23.275224932 22 29 38.09 2001 12 21 2452265.43724641   400             R Cousins  2001/N20011221/P149728F1.FITS                      Ananke                1024  1024
   0.006  -0.037  530.48  533.23 3.468    312.15   1860.21 24.884 24.577 99.999 18.648 18.341 99.999 99.999 99.999  0.490  0.520 99.999 99.999 99.999  99.999  99.999  99.999  99.999  0.046  0.047  0.004  0.004  0.045  0.046  196  141 99.999 99.999   99   6.750806234  23.275348154 22 37 41.92 2001 12 21 2452265.44284630   400             R Cousins  2001/N20011221/P149729F1.FITS                      Ananke                1024  1024
   0.102  -0.090  534.18  533.80 4.821    398.07   1744.97 24.851 24.559 99.999 18.351 18.059 99.999 99.999 99.999  0.484  0.501 99.999 99.999 99.999  99.999  99.999  99.999  99.999  0.043  0.043  0.004  0.004  0.044  0.044  200  138 99.999 99.999   99   6.750757331  23.275458298 22 45 45.43 2001 12 21 2452265.44844248   400             R Cousins  2001/N20011221/P149730F1.FITS                      Ananke                1024  1024
   0.053  -0.053  538.15  534.52 3.774    449.07   1772.41 25.192 24.843 99.999 18.561 18.213 99.999 99.999 99.999  0.488  0.559 99.999 99.999 99.999  99.999  99.999  99.999  99.999  0.039  0.038  0.004  0.004  0.050  0.045  202  154 99.999 99.999   99   6.750705561  23.275593107 22 53 48.20 2001 12 21 2452265.45403009   400             R Cousins  2001/N20011221/P149731F1.FITS                      Ananke                1024  1024
  -0.046  -0.037  815.36  495.82 2.054    129.93    109.17 23.561 23.424 99.999 18.276 18.139 99.999 99.999 99.999  0.496  0.443 99.999 99.999 99.999  99.999  99.999  99.999  99.999  0.064  0.069  0.005  0.005  0.049  0.048  241  188 99.999 99.999   99   6.579435706  23.661079557  0 34 37.76 2002  1 10 2452284.52404815    30             R Cousins  2002/N20020109/P149898F1.FITS                      Ananke                1024  1024
   0.053  -0.077  510.77  494.77 2.026   1082.66   1930.22 26.273 26.170 99.999 18.686 18.584 99.999 99.999 99.999  0.592  0.561 99.999 99.999 99.999  99.999  99.999  99.999  99.999  0.051  0.051  0.004  0.004  0.046  0.047  242  170 99.999 99.999   99   6.579383732  23.661174975  0 43 28.71 2002  1 10 2452284.53019340   400             R Cousins  2002/N20020109/P149899F1.FITS                      Ananke                1024  1024
   0.042  -0.047  514.32  495.28 2.075   1001.69   2039.35 26.137 26.028 99.999 18.635 18.527 99.999 99.999 99.999  0.566  0.528 99.999 99.999 99.999  99.999  99.999  99.999  99.999  0.046  0.046  0.004  0.004  0.048  0.050  242  179 99.999 99.999   99   6.579334414  23.661280613  0 51 31.98 2002  1 10 2452284.53578681   400             R Cousins  2002/N20020109/P149900F1.FITS                      Ananke                1024  1024
  -0.006  -0.058  518.04  495.85 2.071   1025.51   2086.70 26.148 26.015 99.999 18.621 18.488 99.999 99.999 99.999  0.570  0.566 99.999 99.999 99.999  99.999  99.999  99.999  99.999  0.035  0.035  0.004  0.004  0.047  0.048  241  177 99.999 99.999   99   6.579284291  23.661374501  0 59 35.77 2002  1 10 2452284.54138623   400             R Cousins  2002/N20020109/P149901F1.FITS                      Ananke                1024  1024
  -0.130  -0.089  521.81  496.28 1.804    961.42   2277.19 26.144 26.021 99.999 18.687 18.564 99.999 99.999 99.999  0.574  0.550 99.999 99.999 99.999  99.999  99.999  99.999  99.999  0.000  0.000  0.003  0.004  0.044  0.047  241  175 99.999 99.999   99   6.579232708  23.661462500  1  7 39.17 2002  1 10 2452284.54698113   400             R Cousins  2002/N20020109/P149902F1.FITS                      Ananke                1024  1024
   0.081  -0.086  525.13  496.84 1.917   1037.89   2258.15 26.179 26.075 99.999 18.639 18.535 99.999 99.999 99.999  0.571  0.541 99.999 99.999 99.999  99.999  99.999  99.999  99.999  0.062  0.062  0.003  0.004  0.046  0.048  242  176 99.999 99.999   99   6.579187889  23.661559653  1 15 42.81 2002  1 10 2452284.55257882   400             R Cousins  2002/N20020109/P149903F1.FITS                      Ananke                1024  1024
   0.184  -0.093  540.63  404.33 1.669    168.08    166.26 23.753 23.525 99.999 18.189 17.962 99.999 99.999 99.999  0.299  0.477 99.999 99.999 99.999  99.999  99.999  99.999  99.999  0.032  0.032  0.004  0.004  0.045  0.046  203  165 99.999 99.999   99   6.563538308  23.693880277 21 24 27.96 2002  1 11 2452286.39199028    30             R Cousins  2002/N20020111/P150105F1.FITS                      Ananke                1024  1024
   0.303  -0.158  540.50  405.51 2.132   1480.76   2482.74 26.639 26.566 99.999 18.713 18.640 99.999 99.999 99.999  0.556  0.648 99.999 99.999 99.999  99.999  99.999  99.999  99.999  0.083  0.083  0.005  0.005  0.056  0.052  192  133 99.999 99.999   99   6.563489232  23.693967632 21 33  4.07 2002  1 11 2452286.39796377   500             R Cousins  2002/N20020111/P150106F1.FITS                      Ananke                1024  1024
   0.083  -0.027  545.05  406.29 2.192   1512.78   2248.19 26.538 26.416 99.999 18.588 18.467 99.999 99.999 99.999  0.522  0.621 99.999 99.999 99.999  99.999  99.999  99.999  99.999  0.052  0.052  0.005  0.005  0.053  0.052  195  140 99.999 99.999   99   6.563426507  23.694122710 21 42 47.95 2002  1 11 2452286.40472164   500             R Cousins  2002/N20020111/P150107F1.FITS                      Ananke                1024  1024
   0.082  -0.049  549.31  406.86 2.252   1264.58   2305.18 26.455 26.261 99.999 18.700 18.506 99.999 99.999 99.999  0.468  0.611 99.999 99.999 99.999  99.999  99.999  99.999  99.999  0.066  0.066  0.005  0.004  0.052  0.051  199  145 99.999 99.999   99   6.563368239  23.694234927 21 52 31.57 2002  1 11 2452286.41147650   500             R Cousins  2002/N20020111/P150108F1.FITS                      Ananke                1024  1024
   0.040  -0.042  553.60  407.49 2.224   1370.25   2267.92 26.390 26.206 99.999 18.548 18.364 99.999 99.999 99.999  0.456  0.594 99.999 99.999 99.999  99.999  99.999  99.999  99.999  0.041  0.041  0.004  0.004  0.052  0.051  198  147 99.999 99.999   99   6.563309197  23.694355084 22  2 14.64 2002  1 11 2452286.41822500   500             R Cousins  2002/N20020111/P150109F1.FITS                      Ananke                1024  1024
   0.049  -0.016  557.72  408.20 2.149   1335.75   2285.11 26.338 26.128 99.999 18.524 18.314 99.999 99.999 99.999  0.451  0.594 99.999 99.999 99.999  99.999  99.999  99.999  99.999  0.027  0.027  0.004  0.004  0.050  0.051  193  146 99.999 99.999   99   6.563251162  23.694480031 22 11 57.93 2002  1 11 2452286.42497604   500             R Cousins  2002/N20020111/P150110F1.FITS                      Ananke                1024  1024
  -0.023   0.047  461.13  492.18 2.317    297.37   3826.75 25.220 24.971 99.999 19.036 18.788 99.999 99.999 99.999  0.369  0.457 99.999 99.999 99.999  99.999  99.999  99.999  99.999  0.079  0.078  0.004  0.004  0.043  0.046  158  125 99.999 99.999   99   6.391976832  24.033100471 22 32  7.39 2002  2  7 2452313.43897442   400             R Cousins  2002/N20020207/p152261f1.fits                      Ananke                1024  1024
  -0.174   0.246  463.10  492.70 2.702    279.98   3731.62 25.121 24.864 99.999 19.004 18.747 99.999 99.999 99.999  0.309  0.473 99.999 99.999 99.999  99.999  99.999  99.999  99.999  0.057  0.057  0.004  0.004  0.041  0.044  158  125 99.999 99.999   99   6.391952387  24.033195798 22 40 11.03 2002  2  7 2452313.44457211   400             R Cousins  2002/N20020207/p152262f1.fits                      Ananke                1024  1024
  -0.084   0.131  464.41  492.86 2.354    384.95   3529.67 25.333 25.082 99.999 18.869 18.619 99.999 99.999 99.999  0.362  0.472 99.999 99.999 99.999  99.999  99.999  99.999  99.999  0.054  0.054  0.004  0.004  0.043  0.046  162  128 99.999 99.999   99   6.391932820  24.033203751 22 48 14.63 2002  2  7 2452313.45016933   400             R Cousins  2002/N20020207/p152263f1.fits                      Ananke                1024  1024
  -0.004   0.055  466.04  492.98 2.451    318.04   3569.21 25.174 24.888 99.999 18.918 18.632 99.999 99.999 99.999  0.306  0.467 99.999 99.999 99.999  99.999  99.999  99.999  99.999  0.064  0.064  0.004  0.004  0.045  0.044  156  123 99.999 99.999   99   6.391913133  24.033222576 22 56 17.64 2002  2  7 2452313.45575972   400             R Cousins  2002/N20020207/p152264f1.fits                      Ananke                1024  1024
  -0.151   0.050  528.00  409.15 3.323    179.32   2442.43 24.805 24.213 99.999 19.171 18.579 99.999 99.999 99.999  0.642  0.680 99.999 99.999 99.999  99.999  99.999  99.999  99.999  0.004  0.003  0.009  0.013  0.043  0.058   29   22 99.999 99.999   99   9.247383597  15.578732822  2 37  4.69 2002 12 29 2452637.60908206   360             R Cousins  2002/N20021228/p161676f1.fits                      Ananke                1024  1024
   0.074  -0.121  532.68  410.52 2.123    107.20   2405.24 24.805 24.173 99.999 19.729 19.097 99.999 99.999 99.999  0.642  0.695 99.999 99.999 99.999  99.999  99.999  99.999  99.999  0.018  0.017  0.011  0.013  0.048  0.056   29   21 99.999 99.999   99   9.247322179  15.578983792  2 52 37.34 2002 12 29 2452637.61987662   360             R Cousins  2002/N20021228/p161678f1.fits                      Ananke                1024  1024
  -0.082  -0.155  673.27  447.45 1.325    159.14   1765.55 25.098 24.392 99.999 19.593 18.888 99.999 99.999 99.999  0.245  0.698 99.999 99.999 99.999  99.999  99.999  99.999  99.999  0.027  0.027  0.014  0.015  0.048  0.052   19   19 99.999 99.999   99   9.124513177  16.152743702 23 47 24.08 2003  1 14 2452654.49125093   150             R Cousins  2003/N20030114/p161881f1.fits                      Ananke                1024  1024
   0.009  -0.277  674.72  447.87 2.651    294.27   1609.66 24.976 24.451 99.999 18.804 18.279 99.999 99.999 99.999  0.334  0.671 99.999 99.999 99.999  99.999  99.999  99.999  99.999  0.017  0.018  0.011  0.015  0.039  0.052   20   19 99.999 99.999   99   9.124491792  16.152815738 23 51 16.90 2003  1 14 2452654.49394560   150             R Cousins  2003/N20030114/p161882f1.fits                      Ananke                1024  1024
   0.175   0.022  691.87  575.05 1.415     60.46    197.21 22.596 22.384 99.999 18.142 17.931 99.999 99.999 99.999  0.164  0.509 99.999 99.999 99.999  99.999  99.999  99.999  99.999  0.085  0.081  0.018  0.015  0.055  0.047   22   21 99.999 99.999   99   8.988472915  16.780571832  1 42 34.35 2003  1 30 2452669.57123090    30             R Cousins  2003/N20030129/p162774f1.fits                      Ananke                1024  1024
  -0.085  -0.184  512.85  289.62 1.876    642.50   1639.23 26.127 25.517 99.999 19.107 18.497 99.999 99.999 99.999  0.433  0.808 99.999 99.999 99.999  99.999  99.999  99.999  99.999  0.035  0.035  0.022  0.022  0.057  0.058   21   16 99.999 99.999   99   8.612340148  18.543326865 21 25 17.45 2003  3 24 2452723.39256308   450             R Cousins  2003/N20030324/p164434f1.fits                      Ananke                1024  1024
  -0.146  -0.228  526.43  293.78 1.633    381.61   1179.63 25.488 24.924 99.999 19.034 18.470 99.999 99.999 99.999  0.350  0.786 99.999 99.999 99.999  99.999  99.999  99.999  99.999  0.049  0.049  0.025  0.023  0.067  0.061   22   18 99.999 99.999   99   8.612198101  18.544122409 22 44 52.52 2003  3 24 2452723.44783009   300             R Cousins  2003/N20030324/p164437f1.fits                      Ananke                1024  1024
  -0.092  -0.199  527.69  294.40 1.202    349.76   1270.56 25.600 25.108 99.999 19.241 18.749 99.999 99.999 99.999  0.361  0.743 99.999 99.999 99.999  99.999  99.999  99.999  99.999  0.056  0.053  0.024  0.023  0.065  0.061   22   17 99.999 99.999   99   8.612179814  18.544241353 22 55 54.32 2003  3 24 2452723.45548981   300             R Cousins  2003/N20030324/p164438f1.fits                      Ananke                1024  1024
  -0.149  -0.182  513.82  522.11 3.337    147.90   2052.13 24.704 24.198 99.999 19.279 18.773 99.999 99.999 99.999  0.170  0.619 99.999 99.999 99.999  99.999  99.999  99.999  99.999  0.012  0.012  0.019  0.022  0.063  0.075   15   13 99.999 99.999   99  12.992605567  -5.066480869  2 28 33.41 2005  3  8 2453437.60316447   380             R Cousins  2005/N20050307/p25468f1.fits                       Ananke                1024  1024
  -0.191  -0.277  516.52  523.31 3.636    223.57   1968.08 24.864 24.335 99.999 18.991 18.461 99.999 99.999 99.999  0.173  0.611 99.999 99.999 99.999  99.999  99.999  99.999  99.999  0.002  0.002  0.017  0.020  0.056  0.069   15   13 99.999 99.999   99  12.992575364  -5.066271449  2 36 17.08 2005  3  8 2453437.60853102   380             R Cousins  2005/N20050307/p25469f1.fits                       Ananke                1024  1024
  -0.181  -0.083  571.24  332.04 2.929    429.63   4245.23 25.907 25.306 99.999 19.324 18.723 99.999 99.999 99.999  0.265  0.600 99.999 99.999 99.999  99.999  99.999  99.999  99.999  0.012  0.012  0.021  0.022  0.062  0.064   21   16 99.999 99.999   99  12.833233423  -3.811161639 23 14  6.34 2005  4  1 2453462.46812893   700             R Cousins  2005/N20050401/p26958f1.fits                       Ananke                1024  1024
  -0.091  -0.133  577.46  334.96 2.162    385.14   4342.61 25.978 25.324 99.999 19.514 18.860 99.999 99.999 99.999  0.262  0.591 99.999 99.999 99.999  99.999  99.999  99.999  99.999  0.135  0.159  0.019  0.020  0.060  0.062   20   16 99.999 99.999   99  12.833159399  -3.810609002 23 29 21.13 2005  4  1 2453462.47871678   700             R Cousins  2005/N20050401/p26959f1.fits                       Ananke                1024  1024
  -0.109  -0.088  477.90  480.05 1.600    321.46   4602.32 25.567 25.178 99.999 19.299 18.910 99.999 99.999 99.999  0.150  0.544 99.999 99.999 99.999  99.999  99.999  99.999  99.999  0.000  0.000  0.016  0.016  0.057  0.057   19   15 99.999 99.999   99  12.757715371  -3.234976391 22 45 42.21 2005  4 12 2453473.44840521   600           R Cousins    2005/N20050412/p27478f1.fits                       Ananke                1024  1024
  -0.150  -0.118  491.04  486.42 2.930    534.67   4261.73 25.658 25.233 99.999 18.837 18.413 99.999 99.999 99.999  0.147  0.640 99.999 99.999 99.999  99.999  99.999  99.999  99.999  0.011  0.009  0.014  0.015  0.055  0.060   19   15 99.999 99.999   99  12.757552466  -3.233782956 23 19 53.20 2005  4 12 2453473.47214352   600           R Cousins    2005/N20050412/p27481f1.fits                       Ananke                1024  1024
  -0.192  -0.609  563.95  510.55 2.809    114.21   1391.74 24.349 24.048 99.999 19.205 18.904 99.999 99.999 99.999  0.263  0.626 99.999 99.999 99.999  99.999  99.999  99.999  99.999  0.123  0.115  0.012  0.008  0.056  0.038   32   24 99.999 99.999   99  14.453754795 -14.423072185 22 24 42.50 2006  5 25 2453881.43382523   300            R Cousins   2006/N20060525/p37777f1.fits                       Ananke                1024  1024
   0.283  -0.781  565.31  511.06 2.113     55.70   1438.39 24.065 23.780 99.999 19.701 19.415 99.999 99.999 99.999  0.267  0.639 99.999 99.999 99.999  99.999  99.999  99.999  99.999  0.173  0.175  0.009  0.008  0.042  0.039   32   23 99.999 99.999   99  14.453732280 -14.422974709 22 31  6.65 2006  5 25 2453881.43827141   300            R Cousins   2006/N20060525/p37778f1.fits                       Ananke                1024  1024
