  -0.113  -0.193  568.45  481.87 1.218    296.31   1212.27 25.957 26.476 99.999 19.778 20.297 99.999 99.999 99.999  0.678 99.999 99.999 99.999 99.999  99.999  99.999  99.999  99.999  0.019  0.019  0.004  0.007  0.030  0.052   80   52 99.999 99.999   99  18.980551926 -22.518826886  3 28 36.00 1996  6 24 2450258.64486111   300  CLEAR                 23069601.led.fits                                  Leda                  1024  1024
  -0.168  -0.157  573.35  480.93 1.587    356.32   1109.75 25.995 26.583 99.999 19.615 20.203 99.999 99.999 99.999  0.751 99.999 99.999 99.999 99.999  99.999  99.999  99.999  99.999  0.004  0.004  0.004  0.007  0.031  0.050   79   55 99.999 99.999   99  18.980519959 -22.518829836  3 34 19.00 1996  6 24 2450258.64883102   300  CLEAR                 23069602.led.fits                                  Leda                  1024  1024
   0.065   0.087  611.28  412.40 1.120    328.14   1740.70 24.910 26.838 99.999 18.619 20.547 99.999 99.999 99.999  2.204 99.999 99.999 99.999 99.999  99.999  99.999  99.999  99.999  0.046  0.046  0.084  0.027  0.090  0.029    6    6 99.999 99.999   99  21.288225380 -17.206423067  5 42 40.00 1997  8 13 2450673.73796296   300  Clear                 13089701.led.fits                                  Leda                   739  1140
   0.322   0.149  619.21  409.99 0.936    180.69   1812.50 24.904 26.796 99.999 19.261 21.153 99.999 99.999 99.999  2.197 99.999 99.999 99.999 99.999  99.999  99.999  99.999  99.999  0.006  0.006  0.048  0.041  0.044  0.037    6    5 99.999 99.999   99  21.288185628 -17.206597262  5 48 24.00 1997  8 13 2450673.74194444   300  Clear                 13089702.led.fits                                  Leda                   739  1140
   0.482   0.144  526.24  532.21 1.661    609.74   2248.10 26.057 26.051 99.999 19.094 19.088 99.999 99.999 99.999  0.992 99.999 99.999 99.999 99.999  99.999  99.999  99.999  99.999  0.059  0.055  0.017  0.053  0.022  0.066    6    4 99.999 99.999   99  21.278169216 -17.250643148  3 37 54.00 1997  8 14 2450674.65131944   300  filtro desconhecido   14089702.led.fits                                  Leda                   739  1140
   0.620   0.133  587.44  460.27 1.566    505.28   1884.66 26.256 25.518 99.999 19.497 18.759 99.999 99.999 99.999  0.145 99.999 99.999 99.999 99.999  99.999  99.999  99.999  99.999  0.005  0.005  0.117  0.067  0.090  0.051    5    5 99.999 99.999   99  21.277032521 -17.255452057  6  3 55.00 1997  8 14 2450674.75271991   300  filtro desconhecido   14089704.led.fits                                  Leda                   739  1140
   0.072  -0.114  366.10  595.26 3.160    730.26    986.15 25.423 25.478 99.999 18.264 18.319 99.999 99.999 99.999  1.008 99.999 99.999 99.999 99.999  99.999  99.999  99.999  99.999  0.033  0.029  0.020  0.042  0.041  0.084    6    6 99.999 99.999   99   2.249757224  11.752501428  7 52 43.77 1999  8 22 2451412.82828437   240  CuSO4                 led22089900002.fits                                Leda                  1016  1020
   0.397  -0.008  417.37  606.53 2.275    635.23   2134.18 24.429 25.972 99.999 17.422 18.964 99.999 99.999 99.999  2.921 99.999 99.999 99.999 99.999  99.999  99.999  99.999  99.999  0.012  0.012  0.000  0.000  0.000  0.000    3    3 99.999 99.999   99   2.249178894  11.753017046  6 21  5.38 1999  8 23 2451413.76464560   300    CuSO4               led23089900001.fits                                Leda                  1016  1020
   0.160   0.010  417.81  608.23 1.996    620.39   2080.76 24.990 25.648 99.999 18.009 18.666 99.999 99.999 99.999  2.240 99.999 99.999 99.999 99.999  99.999  99.999  99.999  99.999  0.036  0.035  0.050  0.046  0.084  0.078    5    5 99.999 99.999   99   2.249170443  11.753022679  6 26 56.98 1999  8 23 2451413.76871505   300    CuSO4               led23089900002.fits                                Leda                  1016  1020
   0.189  -0.050 1071.38 1174.08 1.085     84.14    984.32 24.623 24.497 99.999 19.811 19.685 99.999 99.999 99.999  0.338 99.999 99.999 99.999 99.999  99.999  99.999  99.999  99.999  0.046  0.047  0.009  0.010  0.053  0.062   53   39 99.999 99.999   99  19.300651274 -21.936727903  6 23 57.95 2008  7  9 2454656.76664294   240    I                   leda0001.fits                                      Leda                  2045  2050
   0.113  -0.078 1072.82 1166.35 1.540     73.48    964.76 24.487 24.371 99.999 19.821 19.706 99.999 99.999 99.999  0.326 99.999 99.999 99.999 99.999  99.999  99.999  99.999  99.999  0.017  0.015  0.009  0.010  0.056  0.061   56   41 99.999 99.999   99  19.300624174 -21.936802802  6 28 38.04 2008  7  9 2454656.76988472   240    I                   leda0002.fits                                      Leda                  2045  2050
   0.196   0.005 1075.17 1150.62 1.777    153.35    908.19 24.718 24.661 99.999 19.253 19.197 99.999 99.999 99.999  0.365 99.999 99.999 99.999 99.999  99.999  99.999  99.999  99.999  0.080  0.068  0.009  0.009  0.054  0.055   56   40 99.999 99.999   99  19.300568657 -21.936930006  6 39  4.87 2008  7  9 2454656.77713970   240    I                   leda0004.fits                                      Leda                  2045  2050
   0.113  -0.130 1077.03 1142.88 1.807     90.92    997.12 24.407 24.300 99.999 19.511 19.404 99.999 99.999 99.999  0.328 99.999 99.999 99.999 99.999  99.999  99.999  99.999  99.999  0.012  0.010  0.009  0.010  0.054  0.062   55   39 99.999 99.999   99  19.300541562 -21.937034054  6 43 44.00 2008  7  9 2454656.78037037   240    I                   leda0005.fits                                      Leda                  2045  2050
  -0.858   0.817  424.12  584.68 1.012    655.46   5541.04 23.731 23.999 99.999 16.690 16.957 99.999 99.999 99.999  0.723 99.999 99.999 99.999 99.999  99.999  99.999  99.999  99.999  0.007  0.007  0.013  0.015  0.051  0.061   28   19 99.999 99.999   99  19.293439359 -21.956793623  4 44  7.00 2008  7 10 2454657.69730324    60                        leda0012.fits                                      Leda                  1024  1024
   0.877  -0.727  491.55  522.24 0.915    207.84   5898.30 23.892 23.767 99.999 18.097 17.973 99.999 99.999 99.999  0.798 99.999 99.999 99.999 99.999  99.999  99.999  99.999  99.999  0.050  0.047  0.010  0.025  0.024  0.060   11    7 99.999 99.999   99  19.293454067 -21.957275725  4 47 43.00 2008  7 10 2454657.69980324    60                        leda0015.fits                                      Leda                  1024  1024
