  -0.108  -0.164  532.76  396.20 3.336    717.90   2308.95 25.422 25.238 99.999 18.282 18.098 99.999 99.999 99.999  0.987  0.664 99.999 99.999 99.999  99.999  99.999  99.999  99.999  0.056  0.057  0.010  0.010  0.055  0.054   46   36 99.999 99.999   99   4.575054354  19.608200506 21 55 13.42 2001 12 18 2452262.41334977   600             R Cousins  2001/N20011218/P149407F1.FITS                      Siarnaq               1024  1024
  -0.158  -0.257  545.62  394.17 4.741   1228.95   1734.87 25.312 25.126 99.999 17.588 17.402 99.999 99.999 99.999  1.002  0.658 99.999 99.999 99.999  99.999  99.999  99.999  99.999  0.057  0.057  0.009  0.011  0.051  0.060   44   36 99.999 99.999   99   4.574884929  19.607822606 22 37 28.27 2001 12 18 2452262.44268831   600             R Cousins  2001/N20011218/P149410F1.FITS                      Siarnaq               1024  1024
  -0.121  -0.117  549.17  393.95 3.851    901.31   2120.10 25.413 25.193 99.999 18.026 17.806 99.999 99.999 99.999  1.003  0.682 99.999 99.999 99.999  99.999  99.999  99.999  99.999  0.057  0.059  0.010  0.010  0.053  0.056   44   34 99.999 99.999   99   4.574837735  19.607760950 22 49 29.77 2001 12 18 2452262.45103900   600             R Cousins  2001/N20011218/P149411F1.FITS                      Siarnaq               1024  1024
  -0.098  -0.209  495.76  347.98 2.389    452.86   2791.80 25.464 25.210 99.999 18.824 18.570 99.999 99.999 99.999  1.073  0.664 99.999 99.999 99.999  99.999  99.999  99.999  99.999  0.000  0.000  0.010  0.010  0.060  0.057   55   39 99.999 99.999   99   4.569750135  19.596900920 20 36  2.59 2001 12 19 2452263.35836331   600             R Cousins  2001/N20011219/P149491F1.FITS                      Siarnaq               1024  1024
  -0.040  -0.246  502.46  347.07 2.292    518.03   2678.86 25.598 25.383 99.999 18.812 18.598 99.999 99.999 99.999  1.052  0.616 99.999 99.999 99.999  99.999  99.999  99.999  99.999  0.028  0.032  0.010  0.010  0.059  0.059   55   37 99.999 99.999   99   4.569661427  19.596705741 20 58 48.76 2001 12 19 2452263.37417546   600             R Cousins  2001/N20011219/P149493F1.FITS                      Siarnaq               1024  1024
   0.094  -0.280  303.74  421.52 1.617    181.55   3198.11 25.334 25.029 99.999 19.686 19.382 99.999 99.999 99.999  1.216  0.618 99.999 99.999 99.999  99.999  99.999  99.999  99.999  0.122  0.121  0.013  0.012  0.064  0.058   54   34 99.999 99.999   99   4.564205822  19.585147703 20 32  3.43 2001 12 20 2452264.35559525   600             R Cousins  2001/N20011220/P149606F1.FITS                      Siarnaq               1024  1024
  -0.093  -0.069  307.30  421.26 1.756    281.29   3104.22 25.535 25.273 99.999 19.413 19.151 99.999 99.999 99.999  1.221  0.630 99.999 99.999 99.999  99.999  99.999  99.999  99.999  0.061  0.061  0.011  0.013  0.049  0.060   54   33 99.999 99.999   99   4.564157646  19.585115471 20 43 26.94 2001 12 20 2452264.36350625   600             R Cousins  2001/N20011220/P149607F1.FITS                      Siarnaq               1024  1024
  -0.109  -0.110  310.82  420.83 3.911    493.06   2780.85 25.529 25.254 99.999 18.797 18.522 99.999 99.999 99.999  1.211  0.610 99.999 99.999 99.999  99.999  99.999  99.999  99.999  0.005  0.005  0.012  0.013  0.055  0.060   55   32 99.999 99.999   99   4.564112824  19.585013087 20 54 50.14 2001 12 20 2452264.37141366   600             R Cousins  2001/N20011220/P149608F1.FITS                      Siarnaq               1024  1024
  -0.181  -0.230  314.33  420.09 1.417    112.57   2998.04 25.150 24.814 99.999 20.021 19.685 99.999 99.999 99.999  1.240  0.590 99.999 99.999 99.999  99.999  99.999  99.999  99.999  0.135  0.139  0.011  0.012  0.052  0.057   54   32 99.999 99.999   99   4.564066951  19.584888590 21  6 13.39 2001 12 20 2452264.37932164   600             R Cousins  2001/N20011220/P149609F1.FITS                      Siarnaq               1024  1024
  -0.012  -0.314  601.77  527.81 4.960   2270.34   2449.03 25.965 25.840 99.999 17.575 17.450 99.999 99.999 99.999  0.952  0.622 99.999 99.999 99.999  99.999  99.999  99.999  99.999  0.074  0.060  0.014  0.023  0.033  0.053   22   10 99.999 99.999   99   4.472978675  19.403610901 19 51 56.03 2002  1  8 2452283.32773183   800             R Cousins  2002/N20020108/P149769F1.FITS                      Siarnaq               1024  1024
  -0.070  -0.297  608.26  527.12 1.728    431.00   4167.10 26.055 25.990 99.999 19.469 19.404 99.999 99.999 99.999  0.928  0.607 99.999 99.999 99.999  99.999  99.999  99.999  99.999  0.059  0.062  0.023  0.026  0.060  0.068   22   11 99.999 99.999   99   4.472895161  19.403471810 20 21 22.60 2002  1  8 2452283.34817824   800             R Cousins  2002/N20020108/P149771F1.FITS                      Siarnaq               1024  1024
   0.046  -0.220  611.14  526.88 2.297    725.38   3759.76 26.061 26.011 99.999 18.910 18.859 99.999 99.999 99.999  0.912  0.647 99.999 99.999 99.999  99.999  99.999  99.999  99.999  0.057  0.057  0.025  0.022  0.056  0.050   22   10 99.999 99.999   99   4.472856230  19.403421053 20 36  6.20 2002  1  8 2452283.35840509   800             R Cousins  2002/N20020108/P149772F1.FITS                      Siarnaq               1024  1024
   0.002  -0.189  595.50  565.17 1.917    498.51   3721.87 25.917 25.664 99.999 19.173 18.920 99.999 99.999 99.999  0.957  0.631 99.999 99.999 99.999  99.999  99.999  99.999  99.999  0.091  0.095  0.030  0.013  0.070  0.032   14    6 99.999 99.999   99   4.469040824  19.396574274 20 12 30.06 2002  1  9 2452284.34201458   800             R Cousins  2002/N20020109/P149870F1.FITS                      Siarnaq               1024  1024
   0.022  -0.311  598.46  564.73 1.901    532.91   3553.85 26.013 25.777 99.999 19.197 18.960 99.999 99.999 99.999  1.002  0.642 99.999 99.999 99.999  99.999  99.999  99.999  99.999  0.098  0.099  0.019  0.040  0.047  0.099   13    7 99.999 99.999   99   4.469001118  19.396471119 20 27 13.68 2002  1  9 2452284.35224167   800             R Cousins  2002/N20020109/P149871F1.FITS                      Siarnaq               1024  1024
  -0.061  -0.091  520.63  477.83 2.710    459.62   4279.11 25.907 25.608 99.999 19.251 18.952 99.999 99.999 99.999  1.210  0.556 99.999 99.999 99.999  99.999  99.999  99.999  99.999  0.008  0.008  0.031  0.021  0.071  0.048   10    7 99.999 99.999   99   4.465335560  19.390042298 19 46 49.17 2002  1 10 2452285.32418021   800             R Cousins  2002/N20020110/P149968F1.FITS                      Siarnaq               1024  1024
  -0.085  -0.031  523.54  477.82 2.658    348.68   4011.05 26.014 25.724 99.999 19.658 19.368 99.999 99.999 99.999  1.200  0.570 99.999 99.999 99.999  99.999  99.999  99.999  99.999  0.076  0.079  0.024  0.033  0.051  0.071    9    6 99.999 99.999   99   4.465296137  19.389993435 20  1 32.09 2002  1 10 2452285.33439919   800             R Cousins  2002/N20020110/P149969F1.FITS                      Siarnaq               1024  1024
  -0.093  -0.113  526.71  477.18 1.640    212.09   4071.93 26.123 25.792 99.999 20.307 19.976 99.999 99.999 99.999  1.186  0.602 99.999 99.999 99.999  99.999  99.999  99.999  99.999  0.062  0.064  0.028  0.023  0.054  0.045    9    6 99.999 99.999   99   4.465256972  19.389904334 20 16 15.88 2002  1 10 2452285.34462824   800             R Cousins  2002/N20020110/P149970F1.FITS                      Siarnaq               1024  1024
   0.086  -0.132  557.30  457.99 1.850    560.03   4360.38 26.414 26.201 99.999 19.543 19.331 99.999 99.999 99.999  1.045  0.675 99.999 99.999 99.999  99.999  99.999  99.999  99.999  0.021  0.023  0.031  0.023  0.086  0.065   10    8 99.999 99.999   99   4.461806990  19.383870435 18 55 27.17 2002  1 11 2452286.28850891   800             R Cousins  2002/N20020111/P150077F1.FITS                      Siarnaq               1024  1024
  -0.092  -0.225  560.43  457.53 3.038   1041.31   3705.91 26.531 26.236 99.999 18.987 18.692 99.999 99.999 99.999  1.140  0.652 99.999 99.999 99.999  99.999  99.999  99.999  99.999  0.074  0.073  0.025  0.020  0.073  0.057   10    9 99.999 99.999   99   4.461765691  19.383782696 19 10 10.71 2002  1 11 2452286.29873507   800             R Cousins  2002/N20020111/P150078F1.FITS                      Siarnaq               1024  1024
   0.008  -0.197  569.23  456.50 1.380    333.01   3919.86 26.342 25.992 99.999 20.036 19.686 99.999 99.999 99.999  1.157  0.652 99.999 99.999 99.999  99.999  99.999  99.999  99.999  0.049  0.048  0.019  0.026  0.054  0.076   10    9 99.999 99.999   99   4.461649405  19.383595898 19 56 12.21 2002  1 11 2452286.33069688   800             R Cousins  2002/N20020111/P150081F1.FITS                      Siarnaq               1024  1024
  -0.051  -0.162  572.13  456.35 2.529    417.87   3570.02 26.366 26.044 99.999 19.813 19.491 99.999 99.999 99.999  1.171  0.627 99.999 99.999 99.999  99.999  99.999  99.999  99.999  0.016  0.016  0.021  0.035  0.055  0.089    9    8 99.999 99.999   99   4.461610382  19.383542430 20 10 55.73 2002  1 11 2452286.34092280   800             R Cousins  2002/N20020111/P150082F1.FITS                      Siarnaq               1024  1024
  -0.057  -0.312  513.17  481.88 4.937    231.60   2650.53 25.549 25.254 99.999 19.637 19.342 99.999 99.999 99.999  0.172  0.444 99.999 99.999 99.999  99.999  99.999  99.999  99.999  0.014  0.014  0.006  0.005  0.057  0.050  134  102 99.999 99.999   99   5.567420754  21.350150811 23 23 16.42 2002 12 28 2452637.47449560   600             R Cousins  2002/N20021228/p161646f1.fits                      Siarnaq               1024  1024
  -0.209  -0.411  516.88  481.84 2.470    147.15   2787.66 25.600 25.306 99.999 20.181 19.887 99.999 99.999 99.999  0.179  0.426 99.999 99.999 99.999  99.999  99.999  99.999  99.999  0.108  0.108  0.006  0.005  0.057  0.053  134  102 99.999 99.999   99   5.567372779  21.350137666 23 34 39.31 2002 12 28 2452637.48239942   600             R Cousins  2002/N20021228/p161647f1.fits                      Siarnaq               1024  1024
  -0.020  -0.365  520.35  482.12 4.072    209.93   2730.79 25.462 25.161 99.999 19.657 19.356 99.999 99.999 99.999  0.171  0.450 99.999 99.999 99.999  99.999  99.999  99.999  99.999  0.014  0.014  0.006  0.005  0.058  0.051  134  103 99.999 99.999   99   5.567328382  21.350165948 23 46 51.24 2002 12 28 2452637.49087083   600             R Cousins  2002/N20021228/p161648f1.fits                      Siarnaq               1024  1024
   0.257  -1.383  645.90  494.87 2.873     30.27    143.23 22.103 21.922 99.999 18.400 18.219 16.347 15.965 16.577  0.334  0.356  0.090  0.150  1.000  99.999  99.999  99.999  99.999  0.142  0.147  0.006  0.006  0.050  0.048  124   89 99.999 99.999   99   5.429202060  21.454884054 20 37 27.20 2003  1 28 2452668.35934259    30             R Cousins  2003/N20030128/p162625f1.fits                      Siarnaq               1024  1024
   1.250  -1.416  647.94  493.58 4.605    725.14   2501.81 25.130 24.841 99.999 17.979 17.690 16.347 15.965 16.577  0.351  0.404  0.090  0.150  1.000  99.999  99.999  99.999  99.999  0.010  0.009  0.006  0.006  0.047  0.048  108   78 99.999 99.999   99   5.429199259  21.454912850 20 48  3.80 2003  1 28 2452668.36671065   600             R Cousins  2003/N20030128/p162626f1.fits                      Siarnaq               1024  1024
   1.055   1.306  633.40  609.72 4.877    325.47    412.48 24.222 23.969 99.999 17.941 17.688 99.999 99.999 99.999  0.313  0.503 99.999 99.999 99.999  99.999  99.999  99.999  99.999  0.115  0.117  0.006  0.006  0.052  0.046   94   70 99.999 99.999   99   7.437334830  21.352634166 20  4  5.96 2005  4  6 2453467.33618009   120           R Cousins    2005/N20050406/p27233f1.fits                       Siarnaq               1024  1024
   0.207   1.300  635.37  610.19 2.632    971.96   6968.89 26.319 26.097 99.999 18.850 18.628 99.999 99.999 99.999  0.455  0.578 99.999 99.999 99.999  99.999  99.999  99.999  99.999  0.040  0.040  0.007  0.007  0.049  0.047   85   54 99.999 99.999   99   7.437337980  21.352628287 20 18 49.75 2005  4  6 2453467.34640914  1200           R Cousins    2005/N20050406/p27234f1.fits                       Siarnaq               1024  1024
