   81544.686051544006       0.96456325    
   81556.333368763997       0.94567192    
   81567.980685982999       0.94313550    
   81579.628003202000       0.95075232    
   81591.275320422006       0.94751400    
   81602.922637640993       0.94030601    
   81614.569954859995       0.95562577    
   81626.217272080001       0.98847443    
   81637.864589299003       0.99567258    
   81649.511906518004        1.0115321    
   81661.159223737995        1.0018204    
   81672.806540956997       0.99260658    
   81684.453858175999       0.99677533    
   81696.101175395001       0.99817562    
