  -0.017   0.034 1091.92    6.33 1.059    238.20    134.84 23.533 23.320 99.999 14.911 14.730 99.999 99.999 99.999  0.844 99.999  0.160  1.000  1.000  99.999  99.999  99.999  99.999  0.005  0.005  0.002  0.002  0.027  0.029 1746 1602  0.000  0.000    0  16.623314805 -21.331410249 23 36 10.25 2007  9  9 2454353.48345198    29  filtro desconhecido   targ_cat_global_reduction_sat_gr1                  Himalia               2044  4098
  -0.011   0.029 1091.92    6.33 0.994    238.20    134.84 23.533 23.320 99.999 14.931 14.718 99.999 99.999 99.999  0.844 99.999  0.160  1.000  1.000  99.999  99.999  99.999  99.999  0.003  0.003  0.001  0.002  0.026  0.027 1746 1645  0.000  0.000    0  16.623322612 -21.331437089 23 36 10.25 2007  9  9 2454353.48452182    29  filtro desconhecido   targ_cat_global_reduction_sat_gr1                  Himalia               2044  4098
  -0.008   0.025 1091.92    6.33 1.168    238.20    134.84 23.533 23.320 99.999 14.893 14.729 99.999 99.999 99.999  0.844 99.999  0.160  1.000  1.000  99.999  99.999  99.999  99.999  0.005  0.005  0.002  0.002  0.028  0.033 1746 1495  0.000  0.000    0  16.623330376 -21.331463920 23 36 10.25 2007  9  9 2454353.48559421    29  filtro desconhecido   targ_cat_global_reduction_sat_gr1                  Himalia               2044  4098
  -0.018   0.031 1091.92    6.33 0.975    238.20    134.84 23.533 23.320 99.999 14.905 14.726 99.999 99.999 99.999  0.844 99.999  0.160  1.000  1.000  99.999  99.999  99.999  99.999  0.004  0.004  0.001  0.002  0.025  0.029 1746 1660  0.000  0.000    0  16.623338427 -21.331489829 23 36 10.25 2007  9  9 2454353.48674128    29  filtro desconhecido   targ_cat_global_reduction_sat_gr1                  Himalia               2044  4098
  -0.006   0.032 1091.92    6.33 0.996    238.20    134.84 23.533 23.320 99.999 14.948 14.752 99.999 99.999 99.999  0.844 99.999  0.160  1.000  1.000  99.999  99.999  99.999  99.999  0.003  0.003  0.001  0.001  0.025  0.027 1746 1788  0.000  0.000    0  16.623346707 -21.331516204 23 36 10.25 2007  9  9 2454353.48786369    29  filtro desconhecido   targ_cat_global_reduction_sat_gr1                  Himalia               2044  4098
  -0.005   0.040 1091.92    6.33 0.946    238.20    134.84 23.533 23.320 99.999 14.905 14.746 99.999 99.999 99.999  0.844 99.999  0.160  1.000  1.000  99.999  99.999  99.999  99.999  0.003  0.003  0.001  0.001  0.024  0.025 1746 1774  0.000  0.000    0  16.623354698 -21.331540534 23 36 10.25 2007  9  9 2454353.48897243    29  filtro desconhecido   targ_cat_global_reduction_sat_gr1                  Himalia               2044  4098
  -0.010   0.035 1091.92    6.33 1.032    238.20    134.84 23.533 23.320 99.999 14.967 14.770 99.999 99.999 99.999  0.844 99.999  0.160  1.000  1.000  99.999  99.999  99.999  99.999  0.004  0.004  0.002  0.002  0.027  0.029 1746 1719  0.000  0.000    0  16.623362658 -21.331568712 23 36 10.25 2007  9  9 2454353.49009472    29  filtro desconhecido   targ_cat_global_reduction_sat_gr1                  Himalia               2044  4098
   0.003   0.029 1091.92    6.33 1.132    238.20    134.84 23.533 23.320 99.999 14.882 14.724 99.999 99.999 99.999  0.844 99.999  0.160  1.000  1.000  99.999  99.999  99.999  99.999  0.003  0.003  0.002  0.002  0.031  0.030 1746 1526  0.000  0.000    0  16.623370921 -21.331596904 23 36 10.25 2007  9  9 2454353.49120636    29  filtro desconhecido   targ_cat_global_reduction_sat_gr1                  Himalia               2044  4098
  -0.017   0.026 1091.92    6.33 1.009    238.20    134.84 23.533 23.320 99.999 14.904 14.723 99.999 99.999 99.999  0.844 99.999  0.160  1.000  1.000  99.999  99.999  99.999  99.999  0.003  0.003  0.002  0.002  0.028  0.027 1746 1732  0.000  0.000    0  16.623378636 -21.331624796 23 36 10.25 2007  9  9 2454353.49233618    29  filtro desconhecido   targ_cat_global_reduction_sat_gr1                  Himalia               2044  4098
  -0.172   0.041  547.35    6.61 1.166    329.24    125.49 23.698 23.428 99.999 15.274 14.947 99.999 99.999 99.999  0.865 99.999  0.120  0.150  0.210  99.999  99.999  99.999  99.999  0.003  0.003  0.003  0.003  0.028  0.031 1836 1429 -0.000  0.000    0  16.623396433 -21.331689888 23 51 31.40 2007  9  9 2454353.49524328    29  filtro desconhecido   targ_cat_global_reduction_sat_gr1                  Himalia               2044  4098
  -0.161   0.036  547.35    6.61 1.140    329.24    125.49 23.698 23.428 99.999 15.309 14.974 99.999 99.999 99.999  0.865 99.999  0.120  0.150  0.210  99.999  99.999  99.999  99.999  0.002  0.002  0.003  0.003  0.029  0.028 1836 1588 -0.000  0.000    0  16.623404651 -21.331717698 23 51 31.40 2007  9  9 2454353.49635607    29  filtro desconhecido   targ_cat_global_reduction_sat_gr1                  Himalia               2044  4098
  -0.153   0.041  547.35    6.61 1.076    329.24    125.49 23.698 23.428 99.999 15.255 14.920 99.999 99.999 99.999  0.865 99.999  0.120  0.150  0.210  99.999  99.999  99.999  99.999  0.002  0.002  0.003  0.003  0.028  0.028 1836 1567 -0.000  0.000    0  16.623412854 -21.331743137 23 51 31.40 2007  9  9 2454353.49747003    29  filtro desconhecido   targ_cat_global_reduction_sat_gr1                  Himalia               2044  4098
  -0.145   0.038  547.35    6.61 1.122    329.24    125.49 23.698 23.428 99.999 15.314 14.977 99.999 99.999 99.999  0.865 99.999  0.120  0.150  0.210  99.999  99.999  99.999  99.999  0.003  0.003  0.003  0.003  0.028  0.029 1836 1435 -0.000  0.000    0  16.623421089 -21.331770571 23 51 31.40 2007  9  9 2454353.49859452    29  filtro desconhecido   targ_cat_global_reduction_sat_gr1                  Himalia               2044  4098
  -0.156   0.034  547.35    6.61 1.018    329.24    125.49 23.698 23.428 99.999 15.311 14.976 99.999 99.999 99.999  0.865 99.999  0.120  0.150  0.210  99.999  99.999  99.999  99.999  0.003  0.003  0.003  0.003  0.027  0.028 1836 1580 -0.000  0.000    0  16.623428930 -21.331798540 23 51 31.40 2007  9  9 2454353.49971449    29  filtro desconhecido   targ_cat_global_reduction_sat_gr1                  Himalia               2044  4098
  -0.150   0.037  547.35    6.61 1.279    329.24    125.49 23.698 23.428 99.999 15.298 15.016 99.999 99.999 99.999  0.865 99.999  0.120  0.150  0.210  99.999  99.999  99.999  99.999  0.003  0.003  0.003  0.004  0.031  0.031 1836 1281 -0.000  0.000    0  16.623437277 -21.331825138 23 51 31.40 2007  9  9 2454353.50085797    29  filtro desconhecido   targ_cat_global_reduction_sat_gr1                  Himalia               2044  4098
  -0.151   0.040  547.35    6.61 1.251    329.24    125.49 23.698 23.428 99.999 15.265 14.958 99.999 99.999 99.999  0.865 99.999  0.120  0.150  0.210  99.999  99.999  99.999  99.999  0.003  0.003  0.003  0.003  0.031  0.031 1836 1407 -0.000  0.000    0  16.623445354 -21.331850961 23 51 31.40 2007  9  9 2454353.50198651    29  filtro desconhecido   targ_cat_global_reduction_sat_gr1                  Himalia               2044  4098
  -0.141   0.029  547.35    6.61 1.360    329.24    125.49 23.698 23.428 99.999 15.236 14.996 99.999 99.999 99.999  0.865 99.999  0.120  0.150  0.210  99.999  99.999  99.999  99.999  0.002  0.002  0.004  0.004  0.031  0.033 1836 1229 -0.000  0.000    0  16.623453724 -21.331881210 23 51 31.40 2007  9  9 2454353.50311992    29  filtro desconhecido   targ_cat_global_reduction_sat_gr1                  Himalia               2044  4098
