   0.327   0.580   76.03    7.40 1.561    610.96   2624.39 25.388 25.165 99.999 19.760 19.573 99.999 99.999 99.999  0.453 99.999 99.999 99.999 99.999  99.999  99.999  99.999  99.999  0.006  0.006  0.001  0.002  0.024  0.026 1694 1839 -0.000 -0.000    0  19.503352555 -21.505195314  5 43 10.15 2008  6  1 2454618.73831187   299  filtro desconhecido   targ_cat_global_reduction_sat_gr1                  Themisto              2044  4098
   0.163   0.567   76.03    7.40 3.176    610.96   2624.39 25.388 25.165 99.999 18.330 18.221 99.999 99.999 99.999  0.453 99.999 99.999 99.999 99.999  99.999  99.999  99.999  99.999  0.023  0.025  0.001  0.001  0.022  0.025 1694 2377 -0.000 -0.000    0  19.503331079 -21.505188066  5 43 10.15 2008  6  1 2454618.74278898   299  filtro desconhecido   targ_cat_global_reduction_sat_gr1                  Themisto              2044  4098
   0.306   0.556   76.03    7.40 1.172    610.96   2624.39 25.388 25.165 99.999 20.127 19.975 99.999 99.999 99.999  0.453 99.999 99.999 99.999 99.999  99.999  99.999  99.999  99.999  0.016  0.016  0.003  0.003  0.026  0.025 1694 1716 -0.000 -0.000    0  19.503311591 -21.505178111  5 43 10.15 2008  6  1 2454618.74827064   299  filtro desconhecido   targ_cat_global_reduction_sat_gr1                  Themisto              2044  4098
   0.263   0.615   76.03    7.40 3.066    610.96   2624.39 25.388 25.165 99.999 19.483 19.349 99.999 99.999 99.999  0.453 99.999 99.999 99.999 99.999  99.999  99.999  99.999  99.999  0.030  0.030  0.002  0.002  0.024  0.022 1694 2547 -0.000 -0.000    0  19.503292434 -21.505150914  5 43 10.15 2008  6  1 2454618.75276894   299  filtro desconhecido   targ_cat_global_reduction_sat_gr1                  Themisto              2044  4098
  -0.995   0.612 1208.68   47.09 0.863  15848.55   1985.82 25.876 25.730 99.999 20.553 19.922 99.999 99.999 99.999  0.088 99.999  0.030  0.030  0.010  99.999  99.999   0.002   0.002  0.033  0.033  0.002  0.001  0.022  0.015   34  698  0.000  0.000    0  21.891140690 -13.818524703  8 21 54.39 2009  5 23 2454974.85027828    39  filtro desconhecido   targ_cat_global_reduction_sat_gr1                  Themisto              2044  4098
  -0.987   0.607 1208.68   47.09 1.075  15848.55   1985.82 25.876 25.730 99.999 20.230 19.672 99.999 99.999 99.999  0.088 99.999  0.030  0.030  0.010  99.999  99.999   0.002   0.002  0.000  0.000  0.004  0.004  0.025  0.027   34  342  0.000  0.000    0  21.891282252 -13.817048060  8 21 54.39 2009  5 23 2454974.90695453    39  filtro desconhecido   targ_cat_global_reduction_sat_gr1                  Themisto              2044  4098
  -0.974   0.633 1208.68   47.09 1.080  15848.55   1985.82 25.876 25.730 99.999 20.205 19.738 99.999 99.999 99.999  0.088 99.999  0.030  0.030  0.010  99.999  99.999   0.002   0.002  0.013  0.013  0.005  0.005  0.025  0.025   34  335  0.000  0.000    0  21.891288171 -13.816981223  8 21 54.39 2009  5 23 2454974.90923765    39  filtro desconhecido   targ_cat_global_reduction_sat_gr1                  Themisto              2044  4098
  -0.986   0.624 1208.68   47.09 0.806  15848.55   1985.82 25.876 25.730 99.999 20.391 19.833 99.999 99.999 99.999  0.088 99.999  0.030  0.030  0.010  99.999  99.999   0.002   0.002  0.017  0.016  0.003  0.004  0.024  0.028   34  343  0.000  0.000    0  21.891295866 -13.816899613  8 21 54.39 2009  5 23 2454974.91243510    39  filtro desconhecido   targ_cat_global_reduction_sat_gr1                  Themisto              2044  4098
  -0.981   0.631 1208.68   47.09 1.765  15848.55   1985.82 25.876 25.730 99.999 19.721 19.054 99.999 99.999 99.999  0.088 99.999  0.030  0.030  0.010  99.999  99.999   0.002   0.002  0.022  0.023  0.004  0.004  0.028  0.029   34  338  0.000  0.000    0  21.891300495 -13.816849796  8 21 54.39 2009  5 23 2454974.91426377    39  filtro desconhecido   targ_cat_global_reduction_sat_gr1                  Themisto              2044  4098
  -1.002   0.608 1208.68   47.09 0.909  15848.55   1985.82 25.876 25.730 99.999 20.368 19.770 99.999 99.999 99.999  0.088 99.999  0.030  0.030  0.010  99.999  99.999   0.002   0.002  0.002  0.002  0.004  0.004  0.028  0.027   34  326  0.000  0.000    0  21.891309106 -13.816760661  8 21 54.39 2009  5 23 2454974.91791069    39  filtro desconhecido   targ_cat_global_reduction_sat_gr1                  Themisto              2044  4098
  -0.992   0.636 1208.68   47.09 0.857  15848.55   1985.82 25.876 25.730 99.999 20.355 19.788 99.999 99.999 99.999  0.088 99.999  0.030  0.030  0.010  99.999  99.999   0.002   0.002  0.014  0.014  0.003  0.003  0.024  0.025   34  333  0.000  0.000    0  21.891313635 -13.816706993  8 21 54.39 2009  5 23 2454974.91965798    39  filtro desconhecido   targ_cat_global_reduction_sat_gr1                  Themisto              2044  4098
  -1.028   0.637 1208.68   47.09 0.681  15848.55   1985.82 25.876 25.730 99.999 20.616 20.039 99.999 99.999 99.999  0.088 99.999  0.030  0.030  0.010  99.999  99.999   0.002   0.002  0.019  0.019  0.006  0.006  0.028  0.029   34  278  0.000  0.000    0  21.891318599 -13.816647029  8 21 54.39 2009  5 23 2454974.92193566    39  filtro desconhecido   targ_cat_global_reduction_sat_gr1                  Themisto              2044  4098
  -1.013   0.611 1208.68   47.09 0.758  15848.55   1985.82 25.876 25.730 99.999 20.648 20.000 99.999 99.999 99.999  0.088 99.999  0.030  0.030  0.010  99.999  99.999   0.002   0.002  0.023  0.023  0.005  0.006  0.028  0.031   34  317  0.000  0.000    0  21.891323875 -13.816601228  8 21 54.39 2009  5 23 2454974.92396076    39  filtro desconhecido   targ_cat_global_reduction_sat_gr1                  Themisto              2044  4098
  -0.984   0.605 1208.68   47.09 1.329  15848.55   1985.82 25.876 25.730 99.999 20.198 19.552 99.999 99.999 99.999  0.088 99.999  0.030  0.030  0.010  99.999  99.999   0.002   0.002  0.000  0.000  0.006  0.006  0.029  0.032   34  277  0.000  0.000    0  21.891328920 -13.816555119  8 21 54.39 2009  5 23 2454974.92577947    39  filtro desconhecido   targ_cat_global_reduction_sat_gr1                  Themisto              2044  4098
  -1.024   0.638 1208.68   47.09 1.123  15848.55   1985.82 25.876 25.730 99.999 20.337 19.728 99.999 99.999 99.999  0.088 99.999  0.030  0.030  0.010  99.999  99.999   0.002   0.002  0.021  0.021  0.005  0.006  0.028  0.033   34  312  0.000  0.000    0  21.891332721 -13.816497596  8 21 54.39 2009  5 23 2454974.92762076    39  filtro desconhecido   targ_cat_global_reduction_sat_gr1                  Themisto              2044  4098
  -1.030   0.597 1208.68   47.09 2.736  15848.55   1985.82 25.876 25.730 99.999 19.304 18.654 99.999 99.999 99.999  0.088 99.999  0.030  0.030  0.010  99.999  99.999   0.002   0.002  0.092  0.091  0.006  0.006  0.030  0.031   34  258  0.000  0.000    0  21.891336946 -13.816462659  8 21 54.39 2009  5 23 2454974.92936713    39  filtro desconhecido   targ_cat_global_reduction_sat_gr1                  Themisto              2044  4098
