  -0.044   0.002 1323.69   16.60 1.181     37.93    358.16 99.999 99.999 99.999 16.416 15.660 99.999 99.999 99.999  0.261 99.999 99.999 99.999 99.999  99.999  99.999  99.999  99.999  0.007  0.007  0.006  0.006  0.030  0.031  324  349 -0.000 -0.000    0   9.417717538  16.557403788  2 54 19.70 2007  4 12 2454202.62106132    79  filtro desconhecido   targ_cat_global_reduction_sat_gr1                  Phoebe                2044  4098
  -0.000  -0.015 1323.69   16.60 1.135     37.93    358.16 99.999 99.999 99.999 16.428 15.703 99.999 99.999 99.999  0.261 99.999 99.999 99.999 99.999  99.999  99.999  99.999  99.999  0.008  0.008  0.006  0.006  0.029  0.031  324  349 -0.000 -0.000    0   9.417717025  16.557404270  2 54 19.70 2007  4 12 2454202.62303681    79  filtro desconhecido   targ_cat_global_reduction_sat_gr1                  Phoebe                2044  4098
  -0.035   0.003 1323.69   16.60 1.070     37.93    358.16 99.999 99.999 99.999 16.376 15.701 99.999 99.999 99.999  0.261 99.999 99.999 99.999 99.999  99.999  99.999  99.999  99.999  0.007  0.007  0.010  0.011  0.028  0.032  324  258 -0.000 -0.000    0   9.417713625  16.557419494  2 54 19.70 2007  4 12 2454202.62705844    79  filtro desconhecido   targ_cat_global_reduction_sat_gr1                  Phoebe                2044  4098
  -0.066   0.018 1323.69   16.60 1.102     37.93    358.16 99.999 99.999 99.999 16.393 15.715 99.999 99.999 99.999  0.261 99.999 99.999 99.999 99.999  99.999  99.999  99.999  99.999  0.007  0.007  0.011  0.011  0.032  0.033  324  266 -0.000 -0.000    0   9.417711703  16.557428750  2 54 19.70 2007  4 12 2454202.62903301    79  filtro desconhecido   targ_cat_global_reduction_sat_gr1                  Phoebe                2044  4098
   0.038  -0.060 1179.11   11.67 1.246   2368.26    418.77 99.999 99.999 99.999 16.318 15.661 99.999 99.999 99.999  0.175 99.999 99.999 99.999 99.999  99.999  99.999  99.999  99.999  0.003  0.003  0.004  0.004  0.022  0.022  388  309  0.000 -0.000    0   9.417181364  16.559904774  3  1  5.32 2007  4 13 2454203.62772674    79  filtro desconhecido   targ_cat_global_reduction_sat_gr1                  Phoebe                2044  4098
   0.228   0.028 1972.74  122.44 2.577     59.65    315.18 22.466 22.322 99.999 16.868 16.726 99.999 99.999 99.999  0.549 99.999 99.999 99.999 99.999  99.999  99.999  99.999  99.999  0.016  0.016  0.005  0.005  0.009  0.009  169   71  0.000 -0.000    0  10.306541484  12.337709829  1 20 49.58 2008  6  3 2454620.55612941    34  filtro desconhecido   targ_cat_global_reduction_sat_gr1                  Phoebe                2044  4098
   0.122  -0.067 1972.74  122.44 2.529     59.65    315.18 22.466 22.322 99.999 16.769 16.422 99.999 99.999 99.999  0.549 99.999 99.999 99.999 99.999  99.999  99.999  99.999  99.999  0.014  0.014  0.002  0.001  0.007  0.003  169   74 -0.000 -0.000    0  10.306546624  12.337638182  1 20 49.58 2008  6  3 2454620.55812598    34  filtro desconhecido   targ_cat_global_reduction_sat_gr1                  Phoebe                2044  4098
   0.076  -0.003  161.45    3.23 3.137     23.11    854.25 23.743 23.168 99.999 16.689 16.213 99.999 99.999 99.999  0.321 99.999 99.999 99.999 99.999  99.999  99.999  99.999  99.999  0.008  0.008  0.001  0.001  0.005  0.006  154  179 -0.000 -0.000    0  10.306565859  12.337527568  1 31 48.74 2008  6  3 2454620.56375852   199  filtro desconhecido   targ_cat_global_reduction_sat_gr1                  Phoebe                2044  4098
   0.073   0.074   34.69   11.34 2.262     18.25    159.43 23.030 22.332 99.999 16.891 16.427 99.999 99.999 99.999  0.221 99.999 99.999 99.999 99.999  99.999  99.999  99.999  99.999  0.008  0.008  0.002  0.002  0.011  0.009  100  112  0.000  0.000    0  10.317549719  12.269831780 23 10  3.79 2008  6  5 2454623.46532162    34  filtro desconhecido   targ_cat_global_reduction_sat_gr1                  Phoebe                2044  4098
   0.100   0.087   34.69   11.34 2.054     18.25    159.43 23.030 22.332 99.999 17.076 16.395 99.999 99.999 99.999  0.221 99.999 99.999 99.999 99.999  99.999  99.999  99.999  99.999  0.008  0.008  0.002  0.002  0.012  0.013  100  273  0.000  0.000    0  10.317556099  12.269798018 23 10  3.79 2008  6  5 2454623.46685112    34  filtro desconhecido   targ_cat_global_reduction_sat_gr1                  Phoebe                2044  4098
   0.046   0.018  431.67    5.84 1.714    125.21   1185.03 25.571 25.138 99.999 16.483 16.084 99.999 99.999 99.999  0.923 99.999  0.170  0.250  0.020  99.999  99.999  99.999  99.999  0.002  0.002  0.002  0.002  0.019  0.020  290  537 -0.000 -0.000    0  10.317580758  12.269616484 23 21 54.91 2008  6  5 2454623.47355226   299  filtro desconhecido   targ_cat_global_reduction_sat_gr1                  Phoebe                2044  4098
   0.028   0.023  431.67    5.84 1.589    125.21   1185.03 25.571 25.138 99.999 16.315 15.950 99.999 99.999 99.999  0.923 99.999  0.170  0.250  0.020  99.999  99.999  99.999  99.999  0.003  0.003  0.002  0.002  0.020  0.021  290  655 -0.000 -0.000    0  10.317614200  12.269404322 23 21 54.91 2008  6  5 2454623.48235249   299  filtro desconhecido   targ_cat_global_reduction_sat_gr1                  Phoebe                2044  4098
   0.110   0.027  431.67    5.84 1.614    125.21   1185.03 25.571 25.138 99.999 16.409 15.911 99.999 99.999 99.999  0.923 99.999  0.170  0.250  0.020  99.999  99.999  99.999  99.999  0.004  0.004  0.002  0.002  0.016  0.019  290  654 -0.000 -0.000    0  10.317641555  12.269242345 23 21 54.91 2008  6  5 2454623.48907434   299  filtro desconhecido   targ_cat_global_reduction_sat_gr1                  Phoebe                2044  4098
  -0.088  -0.041  452.38   12.71 0.803     17.74    110.83 25.204 24.224 99.999 15.663 14.611 99.999 99.999 99.999  0.682 99.999 99.999 99.999 99.999  99.999  99.999  99.999  99.999  0.003  0.003  0.011  0.010  0.031  0.029  298  221 -0.000 -0.000    0  11.094470418   8.177538798  1 58 52.13 2009  5 22 2454973.58254782    39  filtro desconhecido   targ_cat_global_reduction_sat_gr1                  Phoebe                2044  4098
  -0.071  -0.042  452.38   12.71 0.784     17.74    110.83 25.204 24.224 99.999 15.622 14.736 99.999 99.999 99.999  0.682 99.999 99.999 99.999 99.999  99.999  99.999  99.999  99.999  0.004  0.004  0.010  0.011  0.028  0.030  298  236 -0.000 -0.000    0  11.094470947   8.177531585  1 58 52.13 2009  5 22 2454973.58387412    39  filtro desconhecido   targ_cat_global_reduction_sat_gr1                  Phoebe                2044  4098
  -0.053  -0.056  452.38   12.71 0.850     17.74    110.83 25.204 24.224 99.999 15.684 14.804 99.999 99.999 99.999  0.682 99.999 99.999 99.999 99.999  99.999  99.999  99.999  99.999  0.007  0.006  0.011  0.011  0.032  0.032  298  218 -0.000 -0.000    0  11.094471479   8.177521507  1 58 52.13 2009  5 22 2454973.58503768    39  filtro desconhecido   targ_cat_global_reduction_sat_gr1                  Phoebe                2044  4098
  -0.086  -0.038  452.38   12.71 0.790     17.74    110.83 25.204 24.224 99.999 15.723 14.831 99.999 99.999 99.999  0.682 99.999 99.999 99.999 99.999  99.999  99.999  99.999  99.999  0.002  0.002  0.008  0.009  0.028  0.030  298  226 -0.000 -0.000    0  11.094471054   8.177520397  1 58 52.13 2009  5 22 2454973.58619197    39  filtro desconhecido   targ_cat_global_reduction_sat_gr1                  Phoebe                2044  4098
  -0.055  -0.035  452.38   12.71 0.849     17.74    110.83 25.204 24.224 99.999 15.715 14.813 99.999 99.999 99.999  0.682 99.999 99.999 99.999 99.999  99.999  99.999  99.999  99.999  0.011  0.011  0.011  0.011  0.027  0.029  298  191 -0.000 -0.000    0  11.094471824   8.177514992  1 58 52.13 2009  5 22 2454973.58734880    39  filtro desconhecido   targ_cat_global_reduction_sat_gr1                  Phoebe                2044  4098
  -0.052  -0.058  452.38   12.71 0.839     17.74    110.83 25.204 24.224 99.999 16.495 15.585 99.999 99.999 99.999  0.682 99.999 99.999 99.999 99.999  99.999  99.999  99.999  99.999  0.003  0.003  0.003  0.003  0.017  0.014  298  633 -0.000 -0.000    0  11.094472129   8.177501495  1 58 52.13 2009  5 22 2454973.58872881    39  filtro desconhecido   targ_cat_global_reduction_sat_gr1                  Phoebe                2044  4098
  -0.044  -0.097  452.38   12.71 0.942     17.74    110.83 25.204 24.224 99.999 16.434 15.508 99.999 99.999 99.999  0.682 99.999 99.999 99.999 99.999  99.999  99.999  99.999  99.999  0.010  0.010  0.003  0.003  0.018  0.015  298  661 -0.000 -0.000    0  11.094472490   8.177484470  1 58 52.13 2009  5 22 2454973.58987083    39  filtro desconhecido   targ_cat_global_reduction_sat_gr1                  Phoebe                2044  4098
  -0.044  -0.079  452.38   12.71 0.814     17.74    110.83 25.204 24.224 99.999 16.620 15.785 99.999 99.999 99.999  0.682 99.999 99.999 99.999 99.999  99.999  99.999  99.999  99.999  0.008  0.008  0.004  0.003  0.016  0.015  298  575 -0.000 -0.000    0  11.094472676   8.177483431  1 58 52.13 2009  5 22 2454973.59102894    39  filtro desconhecido   targ_cat_global_reduction_sat_gr1                  Phoebe                2044  4098
  -0.056  -0.081  452.38   12.71 0.905     17.74    110.83 25.204 24.224 99.999 16.476 15.601 99.999 99.999 99.999  0.682 99.999 99.999 99.999 99.999  99.999  99.999  99.999  99.999  0.005  0.005  0.003  0.003  0.017  0.016  298  571 -0.000 -0.000    0  11.094472678   8.177476746  1 58 52.13 2009  5 22 2454973.59218740    39  filtro desconhecido   targ_cat_global_reduction_sat_gr1                  Phoebe                2044  4098
  -0.052  -0.077  452.38   12.71 0.878     17.74    110.83 25.204 24.224 99.999 16.473 15.634 99.999 99.999 99.999  0.682 99.999 99.999 99.999 99.999  99.999  99.999  99.999  99.999  0.005  0.005  0.003  0.003  0.014  0.014  298  619 -0.000 -0.000    0  11.094472947   8.177471728  1 58 52.13 2009  5 22 2454973.59331831    39  filtro desconhecido   targ_cat_global_reduction_sat_gr1                  Phoebe                2044  4098
  -0.139  -0.102  291.20    4.88 1.548     43.72    102.03 23.800 22.916 99.999 15.550 14.739 99.999 99.999 99.999  0.834 99.999 99.999 99.999 99.999  99.999  99.999  99.999  99.999  0.005  0.005  0.015  0.016  0.033  0.035  291  169  0.000 -0.000    0  11.095195143   8.165763858  1 54  7.34 2009  5 24 2454975.57925160    39  filtro desconhecido   targ_cat_global_reduction_sat_gr1                  Phoebe                2044  4098
  -0.142  -0.061  291.20    4.88 1.468     43.72    102.03 23.800 22.916 99.999 15.627 14.765 99.999 99.999 99.999  0.834 99.999 99.999 99.999 99.999  99.999  99.999  99.999  99.999  0.005  0.005  0.015  0.016  0.033  0.036  291  141  0.000 -0.000    0  11.095195545   8.165767692  1 54  7.34 2009  5 24 2454975.58038448    39  filtro desconhecido   targ_cat_global_reduction_sat_gr1                  Phoebe                2044  4098
  -0.112  -0.066  291.20    4.88 1.273     43.72    102.03 23.800 22.916 99.999 15.590 14.779 99.999 99.999 99.999  0.834 99.999 99.999 99.999 99.999  99.999  99.999  99.999  99.999  0.005  0.005  0.012  0.015  0.028  0.034  291  172  0.000 -0.000    0  11.095196573   8.165758706  1 54  7.34 2009  5 24 2454975.58154768    39  filtro desconhecido   targ_cat_global_reduction_sat_gr1                  Phoebe                2044  4098
  -0.112  -0.115  291.20    4.88 1.645     43.72    102.03 23.800 22.916 99.999 15.637 14.801 99.999 99.999 99.999  0.834 99.999 99.999 99.999 99.999  99.999  99.999  99.999  99.999  0.005  0.005  0.014  0.013  0.030  0.026  291  139  0.000 -0.000    0  11.095197009   8.165737472  1 54  7.34 2009  5 24 2454975.58266910    39  filtro desconhecido   targ_cat_global_reduction_sat_gr1                  Phoebe                2044  4098
  -0.093  -0.072  291.20    4.88 1.185     43.72    102.03 23.800 22.916 99.999 15.618 14.768 99.999 99.999 99.999  0.834 99.999 99.999 99.999 99.999  99.999  99.999  99.999  99.999  0.003  0.003  0.013  0.014  0.030  0.034  291  182  0.000 -0.000    0  11.095197808   8.165742032  1 54  7.34 2009  5 24 2454975.58380394    39  filtro desconhecido   targ_cat_global_reduction_sat_gr1                  Phoebe                2044  4098
  -0.103  -0.120  291.20    4.88 1.295     43.72    102.03 23.800 22.916 99.999 16.928 16.113 99.999 99.999 99.999  0.834 99.999 99.999 99.999 99.999  99.999  99.999  99.999  99.999  0.003  0.003  0.004  0.004  0.016  0.018  291  427  0.000 -0.000    0  11.095198512   8.165713136  1 54  7.34 2009  5 24 2454975.58611171    39  filtro desconhecido   targ_cat_global_reduction_sat_gr1                  Phoebe                2044  4098
  -0.081  -0.120  291.20    4.88 1.176     43.72    102.03 23.800 22.916 99.999 16.931 16.024 99.999 99.999 99.999  0.834 99.999 99.999 99.999 99.999  99.999  99.999  99.999  99.999  0.005  0.005  0.005  0.005  0.020  0.021  291  415  0.000 -0.000    0  11.095199407   8.165705315  1 54  7.34 2009  5 24 2454975.58726728    39  filtro desconhecido   targ_cat_global_reduction_sat_gr1                  Phoebe                2044  4098
  -0.090  -0.115  291.20    4.88 1.270     43.72    102.03 23.800 22.916 99.999 16.957 16.081 99.999 99.999 99.999  0.834 99.999 99.999 99.999 99.999  99.999  99.999  99.999  99.999  0.003  0.003  0.004  0.004  0.017  0.019  291  406  0.000 -0.000    0  11.095199674   8.165698830  1 54  7.34 2009  5 24 2454975.58842666    39  filtro desconhecido   targ_cat_global_reduction_sat_gr1                  Phoebe                2044  4098
  -0.098  -0.125  291.20    4.88 1.246     43.72    102.03 23.800 22.916 99.999 16.933 16.112 99.999 99.999 99.999  0.834 99.999 99.999 99.999 99.999  99.999  99.999  99.999  99.999  0.001  0.001  0.004  0.004  0.017  0.018  291  468  0.000 -0.000    0  11.095199996   8.165688245  1 54  7.34 2009  5 24 2454975.58958026    39  filtro desconhecido   targ_cat_global_reduction_sat_gr1                  Phoebe                2044  4098
  -0.106  -0.149  291.20    4.88 1.561     43.72    102.03 23.800 22.916 99.999 16.928 16.078 99.999 99.999 99.999  0.834 99.999 99.999 99.999 99.999  99.999  99.999  99.999  99.999  0.004  0.004  0.005  0.006  0.018  0.022  291  342  0.000 -0.000    0  11.095200286   8.165674183  1 54  7.34 2009  5 24 2454975.59070144    39  filtro desconhecido   targ_cat_global_reduction_sat_gr1                  Phoebe                2044  4098
