  -0.139  -0.102  291.20    4.88 1.548     43.72    102.03 23.800 22.916 99.999 15.550 14.739 99.999 99.999 99.999  0.834 99.999 99.999 99.999 99.999  99.999  99.999  99.999  99.999  0.005  0.005  0.015  0.016  0.033  0.035  291  169  0.000 -0.000    0  11.095195143   8.165763858  1 54  7.34 2009  5 24 2454975.57925160    39  filtro desconhecido   targ_cat_global_reduction_sat_gr1                  Phoebe                2044  4098
  -0.142  -0.061  291.20    4.88 1.468     43.72    102.03 23.800 22.916 99.999 15.627 14.765 99.999 99.999 99.999  0.834 99.999 99.999 99.999 99.999  99.999  99.999  99.999  99.999  0.005  0.005  0.015  0.016  0.033  0.036  291  141  0.000 -0.000    0  11.095195545   8.165767692  1 54  7.34 2009  5 24 2454975.58038448    39  filtro desconhecido   targ_cat_global_reduction_sat_gr1                  Phoebe                2044  4098
  -0.112  -0.066  291.20    4.88 1.273     43.72    102.03 23.800 22.916 99.999 15.590 14.779 99.999 99.999 99.999  0.834 99.999 99.999 99.999 99.999  99.999  99.999  99.999  99.999  0.005  0.005  0.012  0.015  0.028  0.034  291  172  0.000 -0.000    0  11.095196573   8.165758706  1 54  7.34 2009  5 24 2454975.58154768    39  filtro desconhecido   targ_cat_global_reduction_sat_gr1                  Phoebe                2044  4098
  -0.112  -0.115  291.20    4.88 1.645     43.72    102.03 23.800 22.916 99.999 15.637 14.801 99.999 99.999 99.999  0.834 99.999 99.999 99.999 99.999  99.999  99.999  99.999  99.999  0.005  0.005  0.014  0.013  0.030  0.026  291  139  0.000 -0.000    0  11.095197009   8.165737472  1 54  7.34 2009  5 24 2454975.58266910    39  filtro desconhecido   targ_cat_global_reduction_sat_gr1                  Phoebe                2044  4098
  -0.093  -0.072  291.20    4.88 1.185     43.72    102.03 23.800 22.916 99.999 15.618 14.768 99.999 99.999 99.999  0.834 99.999 99.999 99.999 99.999  99.999  99.999  99.999  99.999  0.003  0.003  0.013  0.014  0.030  0.034  291  182  0.000 -0.000    0  11.095197808   8.165742032  1 54  7.34 2009  5 24 2454975.58380394    39  filtro desconhecido   targ_cat_global_reduction_sat_gr1                  Phoebe                2044  4098
  -0.103  -0.120  291.20    4.88 1.295     43.72    102.03 23.800 22.916 99.999 16.928 16.113 99.999 99.999 99.999  0.834 99.999 99.999 99.999 99.999  99.999  99.999  99.999  99.999  0.003  0.003  0.004  0.004  0.016  0.018  291  427  0.000 -0.000    0  11.095198512   8.165713136  1 54  7.34 2009  5 24 2454975.58611171    39  filtro desconhecido   targ_cat_global_reduction_sat_gr1                  Phoebe                2044  4098
  -0.081  -0.120  291.20    4.88 1.176     43.72    102.03 23.800 22.916 99.999 16.931 16.024 99.999 99.999 99.999  0.834 99.999 99.999 99.999 99.999  99.999  99.999  99.999  99.999  0.005  0.005  0.005  0.005  0.020  0.021  291  415  0.000 -0.000    0  11.095199407   8.165705315  1 54  7.34 2009  5 24 2454975.58726728    39  filtro desconhecido   targ_cat_global_reduction_sat_gr1                  Phoebe                2044  4098
  -0.090  -0.115  291.20    4.88 1.270     43.72    102.03 23.800 22.916 99.999 16.957 16.081 99.999 99.999 99.999  0.834 99.999 99.999 99.999 99.999  99.999  99.999  99.999  99.999  0.003  0.003  0.004  0.004  0.017  0.019  291  406  0.000 -0.000    0  11.095199674   8.165698830  1 54  7.34 2009  5 24 2454975.58842666    39  filtro desconhecido   targ_cat_global_reduction_sat_gr1                  Phoebe                2044  4098
  -0.098  -0.125  291.20    4.88 1.246     43.72    102.03 23.800 22.916 99.999 16.933 16.112 99.999 99.999 99.999  0.834 99.999 99.999 99.999 99.999  99.999  99.999  99.999  99.999  0.001  0.001  0.004  0.004  0.017  0.018  291  468  0.000 -0.000    0  11.095199996   8.165688245  1 54  7.34 2009  5 24 2454975.58958026    39  filtro desconhecido   targ_cat_global_reduction_sat_gr1                  Phoebe                2044  4098
  -0.106  -0.149  291.20    4.88 1.561     43.72    102.03 23.800 22.916 99.999 16.928 16.078 99.999 99.999 99.999  0.834 99.999 99.999 99.999 99.999  99.999  99.999  99.999  99.999  0.004  0.004  0.005  0.006  0.018  0.022  291  342  0.000 -0.000    0  11.095200286   8.165674183  1 54  7.34 2009  5 24 2454975.59070144    39  filtro desconhecido   targ_cat_global_reduction_sat_gr1                  Phoebe                2044  4098
