  -0.088  -0.041  452.38   12.71 0.803     17.74    110.83 25.204 24.224 99.999 15.663 14.611 99.999 99.999 99.999  0.682 99.999 99.999 99.999 99.999  99.999  99.999  99.999  99.999  0.003  0.003  0.011  0.010  0.031  0.029  298  221 -0.000 -0.000    0  11.094470418   8.177538798  1 58 52.13 2009  5 22 2454973.58254782    39  filtro desconhecido   targ_cat_global_reduction_sat_gr1                  Phoebe                2044  4098
  -0.071  -0.042  452.38   12.71 0.784     17.74    110.83 25.204 24.224 99.999 15.622 14.736 99.999 99.999 99.999  0.682 99.999 99.999 99.999 99.999  99.999  99.999  99.999  99.999  0.004  0.004  0.010  0.011  0.028  0.030  298  236 -0.000 -0.000    0  11.094470947   8.177531585  1 58 52.13 2009  5 22 2454973.58387412    39  filtro desconhecido   targ_cat_global_reduction_sat_gr1                  Phoebe                2044  4098
  -0.053  -0.056  452.38   12.71 0.850     17.74    110.83 25.204 24.224 99.999 15.684 14.804 99.999 99.999 99.999  0.682 99.999 99.999 99.999 99.999  99.999  99.999  99.999  99.999  0.007  0.006  0.011  0.011  0.032  0.032  298  218 -0.000 -0.000    0  11.094471479   8.177521507  1 58 52.13 2009  5 22 2454973.58503768    39  filtro desconhecido   targ_cat_global_reduction_sat_gr1                  Phoebe                2044  4098
  -0.086  -0.038  452.38   12.71 0.790     17.74    110.83 25.204 24.224 99.999 15.723 14.831 99.999 99.999 99.999  0.682 99.999 99.999 99.999 99.999  99.999  99.999  99.999  99.999  0.002  0.002  0.008  0.009  0.028  0.030  298  226 -0.000 -0.000    0  11.094471054   8.177520397  1 58 52.13 2009  5 22 2454973.58619197    39  filtro desconhecido   targ_cat_global_reduction_sat_gr1                  Phoebe                2044  4098
  -0.055  -0.035  452.38   12.71 0.849     17.74    110.83 25.204 24.224 99.999 15.715 14.813 99.999 99.999 99.999  0.682 99.999 99.999 99.999 99.999  99.999  99.999  99.999  99.999  0.011  0.011  0.011  0.011  0.027  0.029  298  191 -0.000 -0.000    0  11.094471824   8.177514992  1 58 52.13 2009  5 22 2454973.58734880    39  filtro desconhecido   targ_cat_global_reduction_sat_gr1                  Phoebe                2044  4098
  -0.052  -0.058  452.38   12.71 0.839     17.74    110.83 25.204 24.224 99.999 16.495 15.585 99.999 99.999 99.999  0.682 99.999 99.999 99.999 99.999  99.999  99.999  99.999  99.999  0.003  0.003  0.003  0.003  0.017  0.014  298  633 -0.000 -0.000    0  11.094472129   8.177501495  1 58 52.13 2009  5 22 2454973.58872881    39  filtro desconhecido   targ_cat_global_reduction_sat_gr1                  Phoebe                2044  4098
  -0.044  -0.097  452.38   12.71 0.942     17.74    110.83 25.204 24.224 99.999 16.434 15.508 99.999 99.999 99.999  0.682 99.999 99.999 99.999 99.999  99.999  99.999  99.999  99.999  0.010  0.010  0.003  0.003  0.018  0.015  298  661 -0.000 -0.000    0  11.094472490   8.177484470  1 58 52.13 2009  5 22 2454973.58987083    39  filtro desconhecido   targ_cat_global_reduction_sat_gr1                  Phoebe                2044  4098
  -0.044  -0.079  452.38   12.71 0.814     17.74    110.83 25.204 24.224 99.999 16.620 15.785 99.999 99.999 99.999  0.682 99.999 99.999 99.999 99.999  99.999  99.999  99.999  99.999  0.008  0.008  0.004  0.003  0.016  0.015  298  575 -0.000 -0.000    0  11.094472676   8.177483431  1 58 52.13 2009  5 22 2454973.59102894    39  filtro desconhecido   targ_cat_global_reduction_sat_gr1                  Phoebe                2044  4098
  -0.056  -0.081  452.38   12.71 0.905     17.74    110.83 25.204 24.224 99.999 16.476 15.601 99.999 99.999 99.999  0.682 99.999 99.999 99.999 99.999  99.999  99.999  99.999  99.999  0.005  0.005  0.003  0.003  0.017  0.016  298  571 -0.000 -0.000    0  11.094472678   8.177476746  1 58 52.13 2009  5 22 2454973.59218740    39  filtro desconhecido   targ_cat_global_reduction_sat_gr1                  Phoebe                2044  4098
  -0.052  -0.077  452.38   12.71 0.878     17.74    110.83 25.204 24.224 99.999 16.473 15.634 99.999 99.999 99.999  0.682 99.999 99.999 99.999 99.999  99.999  99.999  99.999  99.999  0.005  0.005  0.003  0.003  0.014  0.014  298  619 -0.000 -0.000    0  11.094472947   8.177471728  1 58 52.13 2009  5 22 2454973.59331831    39  filtro desconhecido   targ_cat_global_reduction_sat_gr1                  Phoebe                2044  4098
