333.040  -17.800   39.300   78.700    6.200
336.745  -76.800   53.000   28.200   57.100
199.932  173.900   51.000 -170.600   14.500
200.977   22.200   73.600 -203.800   28.500
212.667  156.700   19.800 -114.700   30.800
221.000   82.000   17.800 -154.400   22.900
221.778  109.000   24.300 -134.200    4.400
222.876  116.000   43.600 -169.600   32.200
224.311  124.500    5.300 -144.000   17.000
 69.719  328.000   82.800  134.200   68.900
180.560    3.600   13.200 -143.000    9.300
181.115  -26.200   85.300 -202.200   37.300
188.267  -23.300   36.900 -222.000    6.700
188.597   55.800   94.300 -238.300   17.100
193.875   16.900   20.000 -174.100    9.400
203.190   52.600   23.100 -134.400   27.000
203.364   48.300   25.200 -157.700   26.500
 55.911  105.400   17.100   66.400   25.600
 73.432   44.200   50.200   22.000   61.100
233.525  -63.200   41.900  -30.800   29.400
248.417   49.300   81.100  -56.700   33.300
113.781 -160.000   73.700  -67.900   41.000
114.688 -170.700   21.600  -31.100   38.500
132.044  -96.900   78.700 -126.800   20.700
140.984 -198.400  103.700  -95.400   63.800
141.724   -6.000   28.700 -206.000   33.900
142.734  -81.800   22.700 -142.800   19.300
145.112 -100.500   49.900 -134.800   25.300
278.314  124.100   93.200  -40.300   67.600
