  -0.051  -0.084  710.94 1036.39 1.486    189.62     73.22 23.367 23.481 99.999 17.672 17.786 99.999 99.999 99.999  0.378 99.999 99.999 99.999 99.999  99.999  99.999  99.999  99.999  0.013  0.013  0.005  0.005  0.061  0.059  277  147 99.999 99.999   99  17.295108865 -22.757458578  4 16 34.96 2007  4 18 2454208.67818241    30  U                     Elara0001.fits                                     Elara                 2045  2050
  -0.068  -0.122  708.04 1036.65 1.313    195.38     85.31 23.407 23.526 99.999 17.680 17.798 99.999 99.999 99.999  0.372 99.999 99.999 99.999 99.999  99.999  99.999  99.999  99.999  0.015  0.015  0.005  0.005  0.059  0.056  272  143 99.999 99.999   99  17.295106725 -22.757474033  4 17 38.39 2007  4 18 2454208.67891655    30  U                     Elara0002.fits                                     Elara                 2045  2050
  -0.067  -0.120  706.25 1036.67 1.339    223.40     79.23 23.525 23.611 99.999 17.652 17.739 99.999 99.999 99.999  0.389 99.999 99.999 99.999 99.999  99.999  99.999  99.999  99.999  0.016  0.016  0.005  0.005  0.060  0.061  277  151 99.999 99.999   99  17.295104938 -22.757478632  4 18 41.09 2007  4 18 2454208.67964225    30  U                     Elara0003.fits                                     Elara                 2045  2050
  -0.020  -0.091  711.95 1036.58 1.397    208.97     70.98 23.463 23.569 99.999 17.663 17.769 99.999 99.999 99.999  0.368 99.999 99.999 99.999 99.999  99.999  99.999  99.999  99.999  0.013  0.012  0.005  0.005  0.061  0.060  274  145 99.999 99.999   99  17.295104075 -22.757475423  4 19 44.54 2007  4 18 2454208.68037662    30  U                     Elara0004.fits                                     Elara                 2045  2050
  -0.030  -0.143  709.81 1037.08 1.247    221.27     83.03 23.580 23.676 99.999 17.717 17.813 99.999 99.999 99.999  0.377 99.999 99.999 99.999 99.999  99.999  99.999  99.999  99.999  0.015  0.015  0.005  0.005  0.062  0.062  279  153 99.999 99.999   99  17.295102004 -22.757494923  4 20 48.92 2007  4 18 2454208.68112176    30  U                     Elara0005.fits                                     Elara                 2045  2050
  -0.067  -0.138  708.89 1037.08 1.218    253.20     79.11 23.701 23.789 99.999 17.692 17.780 99.999 99.999 99.999  0.376 99.999 99.999 99.999 99.999  99.999  99.999  99.999  99.999  0.012  0.012  0.005  0.005  0.060  0.059  278  143 99.999 99.999   99  17.295099459 -22.757498607  4 21 52.43 2007  4 18 2454208.68185683    30  U                     Elara0006.fits                                     Elara                 2045  2050
  -0.029  -0.106  710.18 1037.22 1.521    141.49     79.46 23.078 23.207 99.999 17.701 17.830 99.999 99.999 99.999  0.371 99.999 99.999 99.999 99.999  99.999  99.999  99.999  99.999  0.020  0.020  0.005  0.005  0.059  0.058  276  148 99.999 99.999   99  17.295098413 -22.757494712  4 22 55.08 2007  4 18 2454208.68258194    30  U                     Elara0007.fits                                     Elara                 2045  2050
  -0.040  -0.112  714.30 1038.15 1.672    147.29     70.16 23.113 23.272 99.999 17.693 17.852 99.999 99.999 99.999  0.385 99.999 99.999 99.999 99.999  99.999  99.999  99.999  99.999  0.015  0.015  0.005  0.005  0.062  0.060  276  149 99.999 99.999   99  17.295096358 -22.757501255  4 23 58.56 2007  4 18 2454208.68331667    30  U                     Elara0008.fits                                     Elara                 2045  2050
  -0.037  -0.130  710.90 1038.29 1.348    222.33     75.21 23.558 23.658 99.999 17.690 17.790 99.999 99.999 99.999  0.386 99.999 99.999 99.999 99.999  99.999  99.999  99.999  99.999  0.012  0.012  0.005  0.005  0.062  0.061  278  148 99.999 99.999   99  17.295094596 -22.757511516  4 25  2.91 2007  4 18 2454208.68406146    30  U                     Elara0009.fits                                     Elara                 2045  2050
  -0.039  -0.085  709.47 1038.39 1.300    213.55     81.11 23.512 23.628 99.999 17.689 17.804 99.999 99.999 99.999  0.368 99.999 99.999 99.999 99.999  99.999  99.999  99.999  99.999  0.017  0.017  0.005  0.005  0.060  0.055  278  142 99.999 99.999   99  17.295092719 -22.757503902  4 26  6.47 2007  4 18 2454208.68479711    30  U                     Elara0010.fits                                     Elara                 2045  2050
