 2450256.55171509599       -0.000000778299142       -0.000000305201350        0.000000000111609        0.000000000029851
 2450256.55406463612       -0.000000679604625       -0.000000341428851        0.000000000111609        0.000000000029851
 2450256.55530305626       -0.000000614651746       -0.000000357563082        0.000000000111609        0.000000000029851
 2450256.55668037618       -0.000000648912930       -0.000000413458290        0.000000000111609        0.000000000029851
 2450259.56674981536       -0.000003795361324       -0.000000808931133        0.000000000111609        0.000000000029851
 2450259.56993268523       -0.000004042012104       -0.000000911979800        0.000000000111609        0.000000000029851
 2450259.57251370512       -0.000003774727329       -0.000000886309293        0.000000000111609        0.000000000029851
 2450259.57509472501       -0.000003791424512       -0.000000914805288        0.000000000111609        0.000000000029851
 2450260.59847435495       -0.000000658031636       -0.000000134566998        0.000000000111609        0.000000000029851
 2450260.60777991498       -0.000000808217775       -0.000000192715171        0.000000000111609        0.000000000029851
 2450260.61036092509       -0.000000201721575       -0.000000114796160        0.000000000111609        0.000000000029851
 2450260.61294194497       -0.000000471485979       -0.000000197953622        0.000000000111609        0.000000000029851
 2450289.51278753579        0.000000029519310       -0.000000324807551        0.000000000111609        0.000000000029851
 2450289.51380073605        0.000000152325869       -0.000000231163217        0.000000000111609        0.000000000029851
 2450289.51440212596        0.000000159358606       -0.000000251356016        0.000000000111609        0.000000000029851
 2450289.51500409562        0.000000039095808       -0.000000126146000        0.000000000111609        0.000000000029851
 2450289.51560617564        0.000000165144255       -0.000000170412118        0.000000000111609        0.000000000029851
 2450289.51620744588        0.000000030723854       -0.000000089054392        0.000000000111609        0.000000000029851
 2450289.51680952590        0.000000062599816       -0.000000254722624        0.000000000111609        0.000000000029851
 2450289.51741149602        0.000000159782766       -0.000000255728623        0.000000000111609        0.000000000029851
 2450289.51801358582        0.000000060847427       -0.000000300194482        0.000000000111609        0.000000000029851
 2450289.51861496596        0.000000149283478       -0.000000165762082        0.000000000111609        0.000000000029851
 2450289.51921693562        0.000000029279705       -0.000000205493308        0.000000000111609        0.000000000029851
 2450289.51980756596        0.000000042602646       -0.000000245290799        0.000000000111609        0.000000000029851
 2450289.52143939584        0.000000000208530       -0.000000151764999        0.000000000111609        0.000000000029851
 2450291.58649749495        0.000000419590801       -0.000000272249994        0.000000000111609        0.000000000029851
 2450291.58709888486        0.000000356750209       -0.000000174713776        0.000000000111609        0.000000000029851
 2450291.58770154510        0.000000361346085       -0.000000144446382        0.000000000111609        0.000000000029851
 2450291.58830351476        0.000000380520480       -0.000000167912689        0.000000000111609        0.000000000029851
 2450291.59071034472        0.000000457836272       -0.000000253123986        0.000000000111609        0.000000000029851
 2450291.59131242475        0.000000388005025       -0.000000262150906        0.000000000111609        0.000000000029851
 2450358.42166114319        0.000000256988344       -0.000000132918525        0.000000000111609        0.000000000029851
 2450358.44390720269       -0.000000073470010       -0.000000090357142        0.000000000111609        0.000000000029851
 2450358.44452005345       -0.000000264766913       -0.000000078649634        0.000000000111609        0.000000000029851
 2450674.59484008420       -0.000000434573550       -0.000000220543117        0.000000000111609        0.000000000029851
 2450674.59598591411       -0.000000710130366       -0.000000287344204        0.000000000111609        0.000000000029851
 2450674.70504841441       -0.000000982254224       -0.000000505666128        0.000000000111609        0.000000000029851
 2450674.70758313406       -0.000001160319393       -0.000000753751680        0.000000000111609        0.000000000029851
 2450675.59787248401        0.000000308220017        0.000000162383225        0.000000000111609        0.000000000029851
 2450675.60041878372       -0.000000076139710       -0.000000541619442        0.000000000111609        0.000000000029851
 2450675.69685396366        0.000000306649312        0.000000152557661        0.000000000111609        0.000000000029851
 2450675.69940026384        0.000000153707031       -0.000000018294951        0.000000000111609        0.000000000029851
 2451040.60246947408        0.000000331531632       -0.000000007420343        0.000000000020759        0.000000000009645
 2451040.60798383411        0.000000262363884        0.000000007889920        0.000000000020759        0.000000000009645
 2451040.61172642373        0.000000363433601        0.000000111625979        0.000000000020759        0.000000000009645
 2451040.61545744399        0.000000242082614       -0.000000017887414        0.000000000020759        0.000000000009645
 2451040.62044853438        0.000000561633648        0.000000006856538        0.000000000020759        0.000000000009645
 2451040.62703614403        0.000000622875805       -0.000000015820861        0.000000000020759        0.000000000009645
 2451040.63213788392        0.000000576553033        0.000000001990528        0.000000000020759        0.000000000009645
 2451040.63517329376        0.000000589843940        0.000000114690102        0.000000000020759        0.000000000009645
 2451040.63821114413        0.000000472605768       -0.000000027297951        0.000000000020759        0.000000000009645
 2451040.64136704383        0.000000710232258       -0.000000082601736        0.000000000020759        0.000000000009645
 2451045.42982954299        0.000000049853985       -0.000000219921841        0.000000000020759        0.000000000009645
 2451045.43537086295       -0.000000060786674       -0.000000314025458        0.000000000020759        0.000000000009645
 2451045.43996184273       -0.000000048717324       -0.000000260036975        0.000000000020759        0.000000000009645
 2451045.44461149303       -0.000000169399414       -0.000000308875686        0.000000000020759        0.000000000009645
 2451045.44695165288       -0.000000023642261       -0.000000134250697        0.000000000020759        0.000000000009645
 2451045.44929552265       -0.000000166474964       -0.000000372973585        0.000000000020759        0.000000000009645
 2451045.45164251281       -0.000000106685078       -0.000000264304700        0.000000000020759        0.000000000009645
 2451045.45398498280       -0.000000147324157       -0.000000334730631        0.000000000020759        0.000000000009645
 2451045.45632260293       -0.000000137110919       -0.000000230270752        0.000000000020759        0.000000000009645
 2451045.45866670273       -0.000000070705564       -0.000000153545360        0.000000000020759        0.000000000009645
 2451045.46101322304        0.000000021707223       -0.000000438191607        0.000000000020759        0.000000000009645
 2451045.46569760283       -0.000000060867843       -0.000000104135477        0.000000000020759        0.000000000009645
 2451163.32898788992        0.000000298525117        0.000000092588754        0.000000000020759        0.000000000009645
 2451163.33226080006        0.000000189636837        0.000000195599342        0.000000000020759        0.000000000009645
 2451163.33745108033        0.000000156942328       -0.000000143396118        0.000000000020759        0.000000000009645
 2451163.34072584985        0.000000199359953        0.000000102309251        0.000000000020759        0.000000000009645
 2451163.34399703005        0.000000337161083        0.000000181213616        0.000000000020759        0.000000000009645
 2451163.34727214975        0.000000157384919       -0.000000242978842        0.000000000020759        0.000000000009645
 2451163.35053627007        0.000000367842109        0.000000049913831        0.000000000020759        0.000000000009645
 2451460.41140535148        0.000000252224440       -0.000000041963141        0.000000000020759        0.000000000009645
 2451460.41541588120       -0.000000022517235       -0.000000127579834        0.000000000020759        0.000000000009645
 2451460.41982398136        0.000000003157493       -0.000000120046945        0.000000000020759        0.000000000009645
 2451460.42250778107       -0.000000057065430       -0.000000009066494        0.000000000020759        0.000000000009645
 2451460.42519273143       -0.000000081956700       -0.000000236547528        0.000000000020759        0.000000000009645
 2451460.42788695125       -0.000000000123621       -0.000000172691080        0.000000000020759        0.000000000009645
 2451460.43056854140        0.000000117870302       -0.000000124665331        0.000000000020759        0.000000000009645
 2451460.43325523147       -0.000000234021093       -0.000000020312720        0.000000000020759        0.000000000009645
 2451460.43594748108       -0.000000107174458       -0.000000247196981        0.000000000020759        0.000000000009645
 2451460.43797468115        0.000000170087208       -0.000000115853769        0.000000000020759        0.000000000009645
 2451460.44498359133        0.000000126032835       -0.000000313101148        0.000000000020759        0.000000000009645
 2451463.41433405131        0.000000022340277       -0.000000148032121        0.000000000020759        0.000000000009645
 2451463.41741866106        0.000000274617242       -0.000000150408525        0.000000000020759        0.000000000009645
 2451463.42145813117        0.000000073386919       -0.000000090152891        0.000000000020759        0.000000000009645
 2451463.43013915140       -0.000000054603527       -0.000000157243002        0.000000000020759        0.000000000009645
 2451463.43318637135        0.000000072886004       -0.000000027296639        0.000000000020759        0.000000000009645
 2451463.43622306129        0.000000119464936       -0.000000169501231        0.000000000020759        0.000000000009645
 2451463.43925836124        0.000000193530800       -0.000000239155814        0.000000000020759        0.000000000009645
 2451463.44229250122        0.000000041578351       -0.000000323395139        0.000000000020759        0.000000000009645
 2451463.44533139141        0.000000249483902       -0.000000263780132        0.000000000020759        0.000000000009645
 2451492.55130419461       -0.000000400906655        0.000000580229486        0.000000000020759        0.000000000009645
 2451492.55468301475       -0.000000154397360        0.000000286301126        0.000000000020759        0.000000000009645
 2451492.55679123476       -0.000000163460118        0.000000201596786        0.000000000020759        0.000000000009645
 2451492.55890292441       -0.000000317385654        0.000000351995894        0.000000000020759        0.000000000009645
 2451492.56101241475        0.000000119365036        0.000000549687971        0.000000000020759        0.000000000009645
 2451497.34908185527        0.000000247435976        0.000000096868995        0.000000000020759        0.000000000009645
 2451497.35124910530        0.000000060417421       -0.000000005660947        0.000000000020759        0.000000000009645
 2451497.35527873551       -0.000000014952648       -0.000000081326231        0.000000000020759        0.000000000009645
 2451497.35797584569        0.000000038831717       -0.000000007051200        0.000000000020759        0.000000000009645
 2451497.36066727526        0.000000522888431        0.000000015534952        0.000000000020759        0.000000000009645
 2451497.36299100565        0.000000295062983        0.000000101761241        0.000000000020759        0.000000000009645
 2451497.41296970565        0.000000043343388       -0.000000034661665        0.000000000020759        0.000000000009645
 2451497.41565581551        0.000000067998433       -0.000000018436547        0.000000000020759        0.000000000009645
 2451497.41920060571        0.000000303739285       -0.000000050014995        0.000000000020759        0.000000000009645
 2451497.42188868532        0.000000057238841       -0.000000109408002        0.000000000020759        0.000000000009645
 2451497.42479239544        0.000000303169138        0.000000073300967        0.000000000020759        0.000000000009645
 2451497.42747641541       -0.000000186188040        0.000000036281177        0.000000000020759        0.000000000009645
 2451515.45336311031       -0.000000901082621       -0.000000406297964        0.000000000020759        0.000000000009645
 2451515.45595131023       -0.000000612751545       -0.000000413639094        0.000000000020759        0.000000000009645
 2451515.46145930002       -0.000000695863721       -0.000000261325535        0.000000000020759        0.000000000009645
 2451515.46345768031       -0.000000930685513       -0.000000358764827        0.000000000020759        0.000000000009645
 2451515.46545316000       -0.000000846294758       -0.000000607545421        0.000000000020759        0.000000000009645
 2451515.46744575026       -0.000000874650566       -0.000000576219331        0.000000000020759        0.000000000009645
 2451515.46943881037       -0.000000968688226       -0.000000185776964        0.000000000020759        0.000000000009645
 2451515.47162595997       -0.000001075799083       -0.000000023166532        0.000000000020759        0.000000000009645
 2451516.34944726061       -0.000000444228915        0.000000044058574        0.000000000020759        0.000000000009645
 2451516.35459865071       -0.000000281538435        0.000000009043562        0.000000000020759        0.000000000009645
 2451516.35680710059       -0.000000446778988       -0.000000025393340        0.000000000020759        0.000000000009645
 2451516.35891462071       -0.000000631299146       -0.000000147121936        0.000000000020759        0.000000000009645
 2451516.36102492083       -0.000000453227738       -0.000000165709339        0.000000000020759        0.000000000009645
 2451516.36544726044       -0.000000395354250       -0.000000129645049        0.000000000020759        0.000000000009645
 2451516.36756335059       -0.000000450352995       -0.000000082547722        0.000000000020759        0.000000000009645
 2451518.45190791087       -0.000000114301234       -0.000000150386103        0.000000000020759        0.000000000009645
 2451518.45673186099       -0.000000047911590       -0.000000149406101        0.000000000020759        0.000000000009645
 2451518.45884552086        0.000000088539688       -0.000000081787987        0.000000000020759        0.000000000009645
 2451518.46095536090       -0.000000024888077       -0.000000165549929        0.000000000020759        0.000000000009645
 2451518.46517411107        0.000000015934804       -0.000000047251201        0.000000000020759        0.000000000009645
 2451869.48767827731        0.000000648715024       -0.000000359989449        0.000000000020759        0.000000000009645
 2451869.49494331749        0.000000586440527       -0.000000299815259        0.000000000020759        0.000000000009645
 2451869.64803880733        0.000000436693396       -0.000000212693085        0.000000000020759        0.000000000009645
 2451869.65149331745        0.000000390869859       -0.000000426878357        0.000000000020759        0.000000000009645
 2451869.65384597750        0.000000370485720       -0.000000263961280        0.000000000020759        0.000000000009645
 2451869.65741669713        0.000000429034271       -0.000000315951981        0.000000000020759        0.000000000009645
 2451869.66088544717        0.000000307297096       -0.000000084294265        0.000000000020759        0.000000000009645
 2451869.66333162738        0.000000392396626       -0.000000217730446        0.000000000020759        0.000000000009645
 2451869.66584563721        0.000000615924604       -0.000000109762931        0.000000000020759        0.000000000009645
 2451873.41856692825       -0.000000012395225       -0.000000179698454        0.000000000020759        0.000000000009645
 2451873.42173290811       -0.000000158645699       -0.000000040752978        0.000000000020759        0.000000000009645
 2451873.42384216841       -0.000000097484783        0.000000072599583        0.000000000020759        0.000000000009645
 2451873.42594748829       -0.000000063837198        0.000000038945374        0.000000000020759        0.000000000009645
 2451873.42806148808       -0.000000005782691       -0.000000067365426        0.000000000020759        0.000000000009645
 2451873.43017005827       -0.000000170048810       -0.000000098736735        0.000000000020759        0.000000000009645
 2451873.43227734836       -0.000000049042852        0.000000107351075        0.000000000020759        0.000000000009645
 2451873.43438313808       -0.000000148598256        0.000000128940166        0.000000000020759        0.000000000009645
 2451877.44041472906        0.000000234634093       -0.000000127745787        0.000000000020759        0.000000000009645
 2451877.44300338905        0.000000274622016        0.000000017282181        0.000000000020759        0.000000000009645
 2451877.44511172920        0.000000319017581       -0.000000124278445        0.000000000020759        0.000000000009645
 2451877.44721507933        0.000000474592509       -0.000000122474451        0.000000000020759        0.000000000009645
 2451877.44932491938        0.000000253268686       -0.000000141357197        0.000000000020759        0.000000000009645
 2451877.45144019928        0.000000191802219       -0.000000239553742        0.000000000020759        0.000000000009645
 2452263.47231636569        0.000000179112384       -0.000000041352110        0.000000000020759        0.000000000009645
 2452263.47691948572        0.000000466333430       -0.000000216331929        0.000000000020759        0.000000000009645
 2452263.47927156556        0.000000250110878       -0.000000219361181        0.000000000020759        0.000000000009645
 2452263.48162411572        0.000000284231117       -0.000000168588477        0.000000000020759        0.000000000009645
 2452263.48397538578        0.000000169709522       -0.000000349358502        0.000000000020759        0.000000000009645
 2452263.48632376594        0.000000421529673       -0.000000097092106        0.000000000020759        0.000000000009645
 2452263.48868233571        0.000000127050052       -0.000000260270551        0.000000000020759        0.000000000009645
 2452263.49103649566        0.000000143338844       -0.000000125400800        0.000000000020759        0.000000000009645
 2452263.49574089563        0.000000192886399       -0.000000181965357        0.000000000020759        0.000000000009645
 2452263.49809876550        0.000000184398264       -0.000000177696325        0.000000000020759        0.000000000009645
 2452285.38463512249        0.000000329341198        0.000000097671063        0.000000000020759        0.000000000009645
 2452285.38933859253        0.000000451303212        0.000000050284444        0.000000000020759        0.000000000009645
 2452285.39169368288        0.000000303791904        0.000000026453095        0.000000000020759        0.000000000009645
 2452285.39404264279        0.000000388891861        0.000000048758171        0.000000000020759        0.000000000009645
 2452285.39639738249        0.000000372794841        0.000000011783561        0.000000000020759        0.000000000009645
 2452285.39875120251        0.000000404941827        0.000000082202234        0.000000000020759        0.000000000009645
 2452285.40110687260        0.000000339862768        0.000000055754695        0.000000000020759        0.000000000009645
 2452285.40345745254        0.000000402360154        0.000000114023094        0.000000000020759        0.000000000009645
 2452313.31175295170       -0.000000180381227       -0.000000193096886        0.000000000020759        0.000000000009645
 2452313.37161580147       -0.000000280878470       -0.000000152845748        0.000000000020759        0.000000000009645
 2452313.37837124150       -0.000000240188844       -0.000000167180449        0.000000000020759        0.000000000009645
 2452313.38511915179       -0.000000072250005       -0.000000165391810        0.000000000020759        0.000000000009645
 2452313.39328975137        0.000000096143655       -0.000000158361295        0.000000000020759        0.000000000009645
 2452313.40003489144       -0.000000506719932       -0.000000270340109        0.000000000020759        0.000000000009645
 2452314.36271175137        0.000000058531332       -0.000000038039348        0.000000000020759        0.000000000009645
 2452314.36506394157        0.000000246129219       -0.000000402863127        0.000000000020759        0.000000000009645
 2452314.36977656139       -0.000000228030759       -0.000000161573842        0.000000000020759        0.000000000009645
 2452668.47456903849       -0.000000101345587        0.000000020166370        0.000000000020759        0.000000000009645
 2452668.47691937862       -0.000000150486433       -0.000000307223611        0.000000000020759        0.000000000009645
 2452668.47926845867       -0.000000435750942        0.000000084393073        0.000000000020759        0.000000000009645
 2452668.48162146844       -0.000000089640799        0.000000207029775        0.000000000020759        0.000000000009645
 2452668.48397053871        0.000000374323015        0.000000168106856        0.000000000020759        0.000000000009645
 2452669.46384356869       -0.000000310998972       -0.000000118386632        0.000000000020759        0.000000000009645
 2452669.47292377893       -0.000000323706886        0.000000170074923        0.000000000020759        0.000000000009645
 2452669.47527586855       -0.000000142197398       -0.000000040834127        0.000000000020759        0.000000000009645
 2452669.47763349861       -0.000000469034995       -0.000000051485053        0.000000000020759        0.000000000009645
 2452669.47998199891       -0.000000356945526        0.000000090090956        0.000000000020759        0.000000000009645
 2452669.48233361868       -0.000000285942389        0.000000074954974        0.000000000020759        0.000000000009645
 2452723.29613802908        0.000000312962105        0.000000222390160        0.000000000020759        0.000000000009645
 2452723.30025561946       -0.000000120187131        0.000000083911064        0.000000000020759        0.000000000009645
 2452723.30618188949        0.000000111045567        0.000000046234238        0.000000000020759        0.000000000009645
 2452723.31285746908        0.000000038516167        0.000000040480131        0.000000000020759        0.000000000009645
 2452723.32689751964        0.000000163925516       -0.000000104533959        0.000000000020759        0.000000000009645
 2452725.48212934937       -0.000000038385960        0.000000041252588        0.000000000020759        0.000000000009645
 2452725.48540908936       -0.000000108097806       -0.000000036408512        0.000000000020759        0.000000000009645
 2452725.49048489938        0.000000438665857       -0.000000028939883        0.000000000020759        0.000000000009645
 2452725.49376267940        0.000000195742976       -0.000000138614637        0.000000000020759        0.000000000009645
 2452725.49703628942        0.000000281099449        0.000000015049964        0.000000000020759        0.000000000009645
 2452725.50359311933        0.000000086279779       -0.000000104401839        0.000000000020759        0.000000000009645
 2452725.50686695939        0.000000047036373       -0.000000041141029        0.000000000020759        0.000000000009645
 2452725.51014589937        0.000000288658146       -0.000000085027127        0.000000000020759        0.000000000009645
 2452725.51341985958        0.000000402687850        0.000000085965207        0.000000000020759        0.000000000009645
 2452725.51669381931        0.000000133842121       -0.000000159469847        0.000000000020759        0.000000000009645
 2453026.62277273647       -0.000000026365114       -0.000000218241492        0.000000000020759        0.000000000009645
 2453026.62546775630        0.000000513578709       -0.000000113394152        0.000000000020759        0.000000000009645
 2453026.62817076640        0.000000415459155       -0.000000109871941        0.000000000020759        0.000000000009645
 2453026.63626405643        0.000000244274062       -0.000000308251458        0.000000000020759        0.000000000009645
 2453116.31906395871       -0.000000376849952        0.000000480413017        0.000000000020759        0.000000000009645
 2453116.32548813848       -0.000000150387930        0.000000606873753        0.000000000020759        0.000000000009645
 2453116.32784276875       -0.000000338800590        0.000000463561052        0.000000000020759        0.000000000009645
 2453116.33255087864       -0.000000313257750        0.000000546120633        0.000000000020759        0.000000000009645
 2453116.33726221835       -0.000000248444316        0.000000610578008        0.000000000020759        0.000000000009645
 2453116.33961441834       -0.000000226725834        0.000000594970924        0.000000000020759        0.000000000009645
 2453116.34196742857       -0.000000523808756        0.000000536005089        0.000000000020759        0.000000000009645
 2453464.60277436953       -0.000000308924335        0.000000239422695        0.000000000111609        0.000000000029851
 2453464.60400179960        0.000000191170216        0.000000330667213        0.000000000111609        0.000000000029851
 2453464.60769253969       -0.000000064339912        0.000000188343320        0.000000000111609        0.000000000029851
 2453464.60892899940       -0.000000577841062        0.000000144011950        0.000000000111609        0.000000000029851
 2453464.61016591964       -0.000000728832839        0.000000162163869        0.000000000111609        0.000000000029851
 2453464.61140399938       -0.000000177828416        0.000000082199535        0.000000000111609        0.000000000029851
 2453464.61264114967       -0.000000320272548       -0.000000161776793        0.000000000111609        0.000000000029851
 2453473.38612008933       -0.000000009328894        0.000000482662506        0.000000000020759        0.000000000009645
 2453473.38998432970       -0.000000221994115        0.000000434458856        0.000000000020759        0.000000000009645
 2453473.39384612953       -0.000000017597556        0.000000422437844        0.000000000020759        0.000000000009645
 2453473.39770341944        0.000000213930918        0.000000405085180        0.000000000020759        0.000000000009645
 2453473.40156869963        0.000000162300034        0.000000180739885        0.000000000020759        0.000000000009645
 2453473.40543235932       -0.000000381635691        0.000000088769837        0.000000000020759        0.000000000009645
 2453473.40929948958       -0.000000274717957        0.000000497104413        0.000000000020759        0.000000000009645
 2453494.40772147710       -0.000000066949912       -0.000000294222923        0.000000000020759        0.000000000009645
 2453494.41390283732        0.000000246003474       -0.000000418939652        0.000000000020759        0.000000000009645
 2453494.42232459737        0.000000409415143       -0.000000259107008        0.000000000020759        0.000000000009645
 2453494.42652899725       -0.000000356164282       -0.000000256325444        0.000000000020759        0.000000000009645
 2453494.43073316710        0.000000132734388       -0.000000253450113        0.000000000020759        0.000000000009645
 2453494.43494577706        0.000000220477831       -0.000000208507348        0.000000000020759        0.000000000009645
 2453494.43915133737       -0.000000012110910       -0.000000312990727        0.000000000020759        0.000000000009645
 2453794.74780110037       -0.000000224945566       -0.000000013613936        0.000000000111609        0.000000000029851
 2453794.74889092008        0.000000106914010        0.000000017419805        0.000000000111609        0.000000000029851
 2453794.74997090036       -0.000000128564307       -0.000000182750714        0.000000000111609        0.000000000029851
 2453794.75104682008        0.000000118107025        0.000000078451416        0.000000000111609        0.000000000029851
 2453794.75212610001       -0.000000153558672        0.000000033342680        0.000000000111609        0.000000000029851
 2453794.75539474003       -0.000000165264072       -0.000000064292234        0.000000000111609        0.000000000029851
 2453794.75647437014       -0.000000158611908       -0.000000129286128        0.000000000111609        0.000000000029851
 2453794.75755400024        0.000000052444423       -0.000000136098655        0.000000000111609        0.000000000029851
 2453794.75862738024       -0.000000034416215       -0.000000020790414        0.000000000111609        0.000000000029851
 2453794.75970689021       -0.000000084761954       -0.000000042467169        0.000000000111609        0.000000000029851
 2453794.76079613017       -0.000000195651077        0.000000069803609        0.000000000111609        0.000000000029851
 2453794.76188559039       -0.000000078592862       -0.000000259299390        0.000000000111609        0.000000000029851
 2453794.76297483034       -0.000000058196860        0.000000046646128        0.000000000111609        0.000000000029851
 2453794.76406407030        0.000000095904735       -0.000000175835238        0.000000000111609        0.000000000029851
 2453794.76514416002       -0.000000128931938       -0.000000038315152        0.000000000111609        0.000000000029851
 2453794.76622367045       -0.000000157208101       -0.000000172030569        0.000000000111609        0.000000000029851
 2453794.76840620022       -0.000000060001117       -0.000000192141905        0.000000000111609        0.000000000029851
 2453795.74635272054       -0.000000333828719       -0.000000085245740        0.000000000111609        0.000000000029851
 2453795.74778444087       -0.000000246345838       -0.000000000407096        0.000000000111609        0.000000000029851
 2453795.75173745025       -0.000000284033010        0.000000041938588        0.000000000111609        0.000000000029851
 2453795.75315921009       -0.000000370535779        0.000000011538162        0.000000000111609        0.000000000029851
 2453795.75458224025       -0.000000338883400        0.000000009845822        0.000000000111609        0.000000000029851
 2453795.75601372076       -0.000000335710621       -0.000000076220929        0.000000000111609        0.000000000029851
 2453795.75743050082       -0.000000232668557        0.000000029535462        0.000000000111609        0.000000000029851
 2453795.75886198087       -0.000000294268649       -0.000000032666993        0.000000000111609        0.000000000029851
 2453795.76312657073       -0.000000251895256        0.000000013224166        0.000000000111609        0.000000000029851
 2453795.76455816068       -0.000000249377983        0.000000057016542        0.000000000111609        0.000000000029851
 2453795.76598212076       -0.000000338169910       -0.000000033879838        0.000000000111609        0.000000000029851
 2453795.76741476078       -0.000000209380802       -0.000000034501237        0.000000000111609        0.000000000029851
 2453795.76883664029       -0.000000268776390        0.000000068683380        0.000000000111609        0.000000000029851
 2453795.77167969057       -0.000000213923727        0.000000036874354        0.000000000111609        0.000000000029851
 2453795.77310006088       -0.000000214877941       -0.000000000924571        0.000000000111609        0.000000000029851
 2453795.77453120006       -0.000000199859572       -0.000000084473147        0.000000000111609        0.000000000029851
 2453797.74748814059       -0.000000014186931       -0.000000072502273        0.000000000111609        0.000000000029851
 2453797.74890990090       -0.000000247070063        0.000000005004414        0.000000000111609        0.000000000029851
 2453797.75034127058       -0.000000012662944        0.000000026950886        0.000000000111609        0.000000000029851
 2453797.75176985050        0.000000056881189       -0.000000057496126        0.000000000111609        0.000000000029851
 2453797.75320168072       -0.000000035232991       -0.000000026450193        0.000000000111609        0.000000000029851
 2453797.75462333066       -0.000000222266823        0.000000074552324        0.000000000111609        0.000000000029851
 2453797.75604532054        0.000000127744580        0.000000088015134        0.000000000111609        0.000000000029851
 2453797.75746661052       -0.000000014178407       -0.000000044125120        0.000000000111609        0.000000000029851
 2453797.75888826046       -0.000000126957028       -0.000000006723357        0.000000000111609        0.000000000029851
 2453797.76031985087       -0.000000065652260       -0.000000063889522        0.000000000111609        0.000000000029851
 2453797.76174601074        0.000000026830533        0.000000015739620        0.000000000111609        0.000000000029851
 2453797.76459960081       -0.000000072554627       -0.000000073203599        0.000000000111609        0.000000000029851
 2453797.76602205075       -0.000000170686699        0.000000064768371        0.000000000111609        0.000000000029851
 2453797.76744161081        0.000000029618563       -0.000000082874486        0.000000000111609        0.000000000029851
 2453797.76886465074       -0.000000117647869       -0.000000008444096        0.000000000111609        0.000000000029851
 2453797.77029682091       -0.000000067377141       -0.000000042899759        0.000000000111609        0.000000000029851
 2453803.73162877141        0.000000075888019       -0.000000093486548        0.000000000111609        0.000000000029851
 2453803.73420654144        0.000000035965838       -0.000000017023399        0.000000000111609        0.000000000029851
 2453803.73716071155       -0.000000023768108       -0.000000139478099        0.000000000111609        0.000000000029851
 2453803.73997819144        0.000000005014786       -0.000000186859666        0.000000000111609        0.000000000029851
 2453804.70612379210       -0.000000170303570       -0.000000088298477        0.000000000111609        0.000000000029851
 2453804.70970319211       -0.000000026765382       -0.000000035792186        0.000000000111609        0.000000000029851
 2453804.71090110205       -0.000000014610182       -0.000000136487511        0.000000000111609        0.000000000029851
 2453804.71209115209        0.000000232612982        0.000000036765032        0.000000000111609        0.000000000029851
 2453804.71328120213       -0.000000085360267       -0.000000372006184        0.000000000111609        0.000000000029851
 2453804.71448131232       -0.000000005905022       -0.000000163480700        0.000000000111609        0.000000000029851
 2453804.71568096196       -0.000000093916903       -0.000000236114593        0.000000000111609        0.000000000029851
 2453804.71687124204        0.000000076015359       -0.000000083012128        0.000000000111609        0.000000000029851
 2453804.71925701201        0.000000220045347       -0.000000137361139        0.000000000111609        0.000000000029851
 2453804.72044740198       -0.000000292446821       -0.000000309499410        0.000000000111609        0.000000000029851
 2453804.72163745202       -0.000000035131580       -0.000000064703761        0.000000000111609        0.000000000029851
 2453804.72402749211       -0.000000109588389        0.000000072411428        0.000000000111609        0.000000000029851
 2453804.72521789186        0.000000046565726       -0.000000425074957        0.000000000111609        0.000000000029851
 2453804.72759833187       -0.000000255753627       -0.000000469833065        0.000000000111609        0.000000000029851
 2453804.72999948217        0.000000164217234        0.000000001647850        0.000000000111609        0.000000000029851
 2453804.73118953221        0.000000030862545       -0.000000307390526        0.000000000111609        0.000000000029851
 2453808.69602958253       -0.000000182117323       -0.000000197352378        0.000000000111609        0.000000000029851
 2453808.70017298264        0.000000077100958       -0.000000227834554        0.000000000111609        0.000000000029851
 2453808.70460342243        0.000000005674451       -0.000000192096831        0.000000000111609        0.000000000029851
 2453808.70771476254        0.000000118547686       -0.000000181202583        0.000000000111609        0.000000000029851
 2453808.70922182268       -0.000000191520179       -0.000000155380563        0.000000000111609        0.000000000029851
 2453808.71041221265        0.000000149015777       -0.000000201207064        0.000000000111609        0.000000000029851
 2453808.71160249272        0.000000196531712       -0.000000276099194        0.000000000111609        0.000000000029851
 2453808.71399312234       -0.000000054699956       -0.000000076086841        0.000000000111609        0.000000000029851
 2453808.71519323252        0.000000109783788       -0.000000140388365        0.000000000111609        0.000000000029851
 2453808.71638351260       -0.000000079910597       -0.000000240081907        0.000000000111609        0.000000000029851
 2453808.71757321246        0.000000057523281       -0.000000363954774        0.000000000111609        0.000000000029851
 2453808.71876314236        0.000000239853779       -0.000000337602275        0.000000000111609        0.000000000029851
 2453894.51586764259       -0.000000355547580       -0.000000064559135        0.000000000111609        0.000000000029851
 2453894.51779403258       -0.000000554079018       -0.000000008817561        0.000000000111609        0.000000000029851
 2453894.51876359293       -0.000000319184068        0.000000035635080        0.000000000111609        0.000000000029851
 2453894.52166984277       -0.000000284874925       -0.000000025492770        0.000000000111609        0.000000000029851
 2453894.52263755258       -0.000000452648380       -0.000000179974053        0.000000000111609        0.000000000029851
 2453894.52360538300       -0.000000285215771       -0.000000155277149        0.000000000111609        0.000000000029851
 2453894.52457332285       -0.000000044391367       -0.000000120872707        0.000000000111609        0.000000000029851
 2453894.52504415298       -0.000000272108031        0.000000163711882        0.000000000111609        0.000000000029851
 2453894.52601267258       -0.000000496704924        0.000000067095227        0.000000000111609        0.000000000029851
 2453894.52795931278        0.000000040964765       -0.000000155992758        0.000000000111609        0.000000000029851
 2453894.52892702259        0.000000048371642        0.000000096319146        0.000000000111609        0.000000000029851
 2453894.52988674259        0.000000416166587       -0.000000082435219        0.000000000111609        0.000000000029851
 2453894.53085445287        0.000000263789605       -0.000000159935788        0.000000000111609        0.000000000029851
 2453894.53278663289        0.000000151714812       -0.000000086999047        0.000000000111609        0.000000000029851
 2453894.53636764269       -0.000000208935078       -0.000000197717132        0.000000000111609        0.000000000029851
 2453894.53733072290       -0.000000018509131        0.000000156081732        0.000000000111609        0.000000000029851
 2453894.53924820293       -0.000000155180533       -0.000000037653510        0.000000000111609        0.000000000029851
 2453894.54021128267        0.000000239266599        0.000000005822807        0.000000000111609        0.000000000029851
 2453894.54117424274        0.000000125627915       -0.000000042906870        0.000000000111609        0.000000000029851
 2453894.54406626290       -0.000000471457555        0.000000081772118        0.000000000111609        0.000000000029851
 2453894.54502933286        0.000000118985440       -0.000000214513542        0.000000000111609        0.000000000029851
 2453894.54695572285        0.000000129675249        0.000000070275774        0.000000000111609        0.000000000029851
 2453894.54984797258       -0.000000117707700        0.000000058092546        0.000000000111609        0.000000000029851
 2453894.55176406261       -0.000000409635651       -0.000000083858338        0.000000000111609        0.000000000029851
 2453894.55272702267       -0.000000032018387       -0.000000055627004        0.000000000111609        0.000000000029851
 2453920.53387307469        0.000000069846094       -0.000000365358985        0.000000000111609        0.000000000029851
 2453920.53541034507        0.000000048137452       -0.000000250438298        0.000000000111609        0.000000000029851
 2453920.53694773465        0.000000018101313       -0.000000213284243        0.000000000111609        0.000000000029851
 2453920.53848534497        0.000000089705200       -0.000000253695492        0.000000000111609        0.000000000029851
 2453920.54002261488        0.000000168595950       -0.000000207056085        0.000000000111609        0.000000000029851
 2453920.54156995472        0.000000073314445       -0.000000264593004        0.000000000111609        0.000000000029851
 2453920.54310780484        0.000000172212852       -0.000000319811748        0.000000000111609        0.000000000029851
 2453920.54464518465        0.000000110805941       -0.000000273524327        0.000000000111609        0.000000000029851
 2453920.54771995498       -0.000000005754774       -0.000000389886401        0.000000000111609        0.000000000029851
 2453920.54926729482        0.000000055978694       -0.000000288004100        0.000000000111609        0.000000000029851
 2453920.55081463465        0.000000080501548       -0.000000341578964        0.000000000111609        0.000000000029851
 2453920.55236219475        0.000000025958660       -0.000000409531226        0.000000000111609        0.000000000029851
 2453920.55389958480        0.000000092155734       -0.000000499762133        0.000000000111609        0.000000000029851
 2453920.55544692464       -0.000000000219855       -0.000000354731798        0.000000000111609        0.000000000029851
 2453920.55698442506        0.000000151242709       -0.000000459831758        0.000000000111609        0.000000000029851
 2453920.55852169497        0.000000055993201       -0.000000598791657        0.000000000111609        0.000000000029851
 2453920.56005895464        0.000000083201064       -0.000000611856468        0.000000000111609        0.000000000029851
 2453920.56160618505        0.000000119352821       -0.000000666287932        0.000000000111609        0.000000000029851
 2453920.56890155468        0.000000099599902       -0.000000630569786        0.000000000111609        0.000000000029851
 2453920.57043893496        0.000000138426497       -0.000000624977895        0.000000000111609        0.000000000029851
 2453920.57352354471        0.000000234138985       -0.000000534099638        0.000000000111609        0.000000000029851
 2453920.57813569484        0.000000217276941       -0.000000426594347        0.000000000111609        0.000000000029851
 2453920.57968291501        0.000000159601597       -0.000000482113947        0.000000000111609        0.000000000029851
 2453920.58122030506        0.000000220076497       -0.000000239698185        0.000000000111609        0.000000000029851
 2453978.43148498842        0.000000571475532        0.000000226347658        0.000000000111609        0.000000000029851
 2453978.43391761836        0.000000323168888        0.000000185930378        0.000000000111609        0.000000000029851
 2453978.43534944858        0.000000531023034        0.000000058762957        0.000000000111609        0.000000000029851
 2453978.43819273869        0.000000364033134        0.000000080368610        0.000000000111609        0.000000000029851
 2453978.43961437838        0.000000281090323        0.000000057093486        0.000000000111609        0.000000000029851
 2453978.44247826841        0.000000631421325        0.000000058713673        0.000000000111609        0.000000000029851
 2453978.44390002871        0.000000297936638        0.000000248728644        0.000000000111609        0.000000000029851
 2453978.44532167865        0.000000081975752       -0.000000007520811        0.000000000111609        0.000000000029851
 2453978.44674377842        0.000000212693806        0.000000104732312        0.000000000111609        0.000000000029851
 2453978.45245025866        0.000000441879539       -0.000000044428982        0.000000000111609        0.000000000029851
 2453979.44175755838        0.000000415486511        0.000000282565601        0.000000000111609        0.000000000029851
 2453979.44329551840        0.000000426772006        0.000000136180372        0.000000000111609        0.000000000029851
 2453979.44484273857        0.000000641983032        0.000000127192255        0.000000000111609        0.000000000029851
 2453979.44791750843        0.000000650905571        0.000000177321264        0.000000000111609        0.000000000029851
 2453979.45099250879        0.000000625377213        0.000000275604323        0.000000000111609        0.000000000029851
 2453979.45253972849        0.000000709131298        0.000000222534783        0.000000000111609        0.000000000029851
 2453979.45408706879        0.000000687247020        0.000000150092036        0.000000000111609        0.000000000029851
 2453979.45562444860        0.000000527201339        0.000000162633278        0.000000000111609        0.000000000029851
 2453979.45716194855        0.000000549498535        0.000000141144096        0.000000000111609        0.000000000029851
 2453979.45869933860        0.000000498084786        0.000000100122853        0.000000000111609        0.000000000029851
 2453979.46024655877        0.000000445045756        0.000000133906825        0.000000000111609        0.000000000029851
 2454208.67893687310       -0.000000414977402       -0.000000230076157        0.000000000111609        0.000000000029851
 2454208.67893687310       -0.000000414977402       -0.000000239675468        0.000000000111609        0.000000000029851
 2454208.67967101280       -0.000000520600250       -0.000000418965694        0.000000000111609        0.000000000029851
 2454208.67967101280       -0.000000499656299       -0.000000423852616        0.000000000111609        0.000000000029851
 2454208.68039671285       -0.000000495408187       -0.000000415014817        0.000000000111609        0.000000000029851
 2454208.68039671285       -0.000000495408187       -0.000000419901739        0.000000000111609        0.000000000029851
 2454208.68113108305       -0.000000249774879       -0.000000279194726        0.000000000111609        0.000000000029851
 2454208.68113108305       -0.000000244538890       -0.000000274482337        0.000000000111609        0.000000000029851
 2454208.68187622307       -0.000000305933470       -0.000000525257900        0.000000000111609        0.000000000029851
 2454208.68187622307       -0.000000284989519       -0.000000554404898        0.000000000111609        0.000000000029851
 2454208.68261129316       -0.000000499374028       -0.000000525267221        0.000000000111609        0.000000000029851
 2454208.68261129316       -0.000000491520047       -0.000000501007144        0.000000000111609        0.000000000029851
 2454208.68333640322       -0.000000311668424       -0.000000361761400        0.000000000111609        0.000000000029851
 2454208.68333640322       -0.000000295960461       -0.000000347100634        0.000000000111609        0.000000000029851
 2454208.68407113291       -0.000000379376303       -0.000000352162375        0.000000000111609        0.000000000029851
 2454208.68407113291       -0.000000358432351       -0.000000376422451        0.000000000111609        0.000000000029851
 2454208.68481592322       -0.000000340924770       -0.000000462735601        0.000000000111609        0.000000000029851
 2454208.68481592322       -0.000000317362826       -0.000000491882599        0.000000000111609        0.000000000029851
 2454208.68555157306       -0.000000363239173       -0.000000259249051        0.000000000111609        0.000000000029851
 2454208.68555157306       -0.000000350149203       -0.000000244762819        0.000000000111609        0.000000000029851
 2454334.54123765044        0.000000723364641        0.000000128029446        0.000000000111609        0.000000000029851
 2454334.54231022066        0.000000590071160       -0.000000011992162        0.000000000111609        0.000000000029851
 2454334.54446716048        0.000000635691577       -0.000000151635609        0.000000000111609        0.000000000029851
 2454334.54553938052        0.000000179506424       -0.000000219089743        0.000000000111609        0.000000000029851
 2454334.54661832051        0.000000718067924       -0.000000116903671        0.000000000111609        0.000000000029851
 2454334.54769691033        0.000000541788318        0.000000082076700        0.000000000111609        0.000000000029851
 2454334.54877538048        0.000000451602638       -0.000000184316277        0.000000000111609        0.000000000029851
 2454334.55092295026        0.000000520445345        0.000000087210607        0.000000000111609        0.000000000029851
 2454334.55200154055        0.000000743160264        0.000000082420692        0.000000000111609        0.000000000029851
 2454334.55308024026        0.000000180001894       -0.000000101852626        0.000000000111609        0.000000000029851
 2454334.55414911034        0.000000888199017       -0.000000131291413        0.000000000111609        0.000000000029851
 2454334.55738510052        0.000000067028926        0.000000003855091        0.000000000111609        0.000000000029851
 2454334.55846369034        0.000000803103898        0.000000095555535        0.000000000111609        0.000000000029851
 2454334.55954367062        0.000000069051223        0.000000017561896        0.000000000111609        0.000000000029851
 2454334.56062688027        0.000000910850859        0.000000021915819        0.000000000111609        0.000000000029851
 2454334.56171959033        0.000000564483612       -0.000000022229123        0.000000000111609        0.000000000029851
 2454335.50067191059        0.000000388847646        0.000000189205990        0.000000000111609        0.000000000029851
 2454335.50826334022        0.000000125123729        0.000000066854506        0.000000000111609        0.000000000029851
 2454335.51150837028        0.000000709877459        0.000000006579107        0.000000000111609        0.000000000029851
 2454335.51475466043       -0.000000000022457       -0.000000064239672        0.000000000111609        0.000000000029851
 2454336.50750999013        0.000000457079627        0.000000046202541        0.000000000111609        0.000000000029851
 2454336.50967538031        0.000000340328042        0.000000037525367        0.000000000111609        0.000000000029851
 2454336.51074852981        0.000000506838930       -0.000000151554153        0.000000000111609        0.000000000029851
 2454336.51183186006        0.000000598937357        0.000000255980665        0.000000000111609        0.000000000029851
 2454336.51398521988        0.000000301225286       -0.000000093238305        0.000000000111609        0.000000000029851
 2454336.51614899002        0.000000461945161        0.000000051981136        0.000000000111609        0.000000000029851
 2454336.51938393991        0.000000469992955       -0.000000240089124        0.000000000111609        0.000000000029851
 2454336.52046357049        0.000000680304055       -0.000000163036506        0.000000000111609        0.000000000029851
 2454336.52154297009        0.000000387807179        0.000000209760905        0.000000000111609        0.000000000029851
 2454336.52262155991        0.000000464784677       -0.000000018813136        0.000000000111609        0.000000000029851
 2454336.52370072994        0.000000331475099        0.000000261663368        0.000000000111609        0.000000000029851
 2454337.49963960983        0.000000355482348        0.000000011960737        0.000000000111609        0.000000000029851
 2454337.50717803976        0.000000236232445       -0.000000000749710        0.000000000111609        0.000000000029851
 2454337.50825663004        0.000000456489595        0.000000005305548        0.000000000111609        0.000000000029851
 2454337.50933544990        0.000000320159876       -0.000000032174797        0.000000000111609        0.000000000029851
 2454337.51040928997        0.000000444583756       -0.000000045687726        0.000000000111609        0.000000000029851
 2454337.51148810983        0.000000373036799       -0.000000093112686        0.000000000111609        0.000000000029851
 2454337.51255708979        0.000000281298463       -0.000000078022853        0.000000000111609        0.000000000029851
 2454337.51471449994        0.000000131490447       -0.000000003481139        0.000000000111609        0.000000000029851
 2454337.51579366997        0.000000393370808       -0.000000041452014        0.000000000111609        0.000000000029851
 2454337.51902989019        0.000000246104413       -0.000000034782578        0.000000000111609        0.000000000029851
 2454353.48420640733        0.000000468543085        0.000000319227096        0.000000000008342        0.000000000005055
 2454353.48527624737        0.000000393772982        0.000000292241023        0.000000000008342        0.000000000005055
 2454353.48634863738        0.000000481741974        0.000000352750369        0.000000000008342        0.000000000005055
 2454353.48749570735        0.000000486682113        0.000000311777441        0.000000000008342        0.000000000005055
 2454353.48861811729        0.000000475823721        0.000000357826153        0.000000000008342        0.000000000005055
 2454353.48972685728        0.000000444986346        0.000000279783207        0.000000000008342        0.000000000005055
 2454353.49084914709        0.000000507202223        0.000000262589928        0.000000000008342        0.000000000005055
 2454353.49196078721        0.000000481138374        0.000000277060638        0.000000000008342        0.000000000005055
 2454353.49309060723        0.000000455953620        0.000000304766592        0.000000000008342        0.000000000005055
 2454353.49486788735       -0.000000226614549        0.000000798721339        0.000000000008342        0.000000000005055
 2454353.49599770736       -0.000000200052972        0.000000806605900        0.000000000008342        0.000000000005055
 2454353.49822445726       -0.000000190158031        0.000000801485665        0.000000000008342        0.000000000005055
 2454353.50161239738       -0.000000238937511        0.000000794794116        0.000000000008342        0.000000000005055
 2454353.50274093729       -0.000000256046222        0.000000792379731        0.000000000008342        0.000000000005055
 2454353.50387434708       -0.000000164433376        0.000000780864988        0.000000000008342        0.000000000005055
 2454353.59014358697        0.000000592990054       -0.000000165734582        0.000000000008342        0.000000000005055
 2454353.59220418707        0.000000656971770       -0.000000167368350        0.000000000008342        0.000000000005055
 2454353.59425378731        0.000000679598934       -0.000000181032188        0.000000000008342        0.000000000005055
 2454353.59631068725        0.000000622009540       -0.000000164328241        0.000000000008342        0.000000000005055
 2454353.59829452727        0.000000676459458       -0.000000079074770        0.000000000008342        0.000000000005055
 2454353.60034759715        0.000000741036716       -0.000000111924722        0.000000000008342        0.000000000005055
 2454353.60233745724        0.000000716355154       -0.000000176266348        0.000000000008342        0.000000000005055
 2454353.60437409719        0.000000756105427       -0.000000192967104        0.000000000008342        0.000000000005055
 2454353.60636163736        0.000000746154447       -0.000000209496384        0.000000000008342        0.000000000005055
 2454574.75590955280        0.000000467986805       -0.000000221359865        0.000000000111609        0.000000000029851
 2454574.75872008316        0.000000037165402       -0.000000264740673        0.000000000111609        0.000000000029851
 2454574.76435110299        0.000000440374529       -0.000000375238358        0.000000000111609        0.000000000029851
 2454574.76717159292        0.000000203584248       -0.000000214789881        0.000000000111609        0.000000000029851
 2454574.76998212282        0.000000328446239       -0.000000076569695        0.000000000111609        0.000000000029851
 2454574.77279265318        0.000000039078532        0.000000026916482        0.000000000111609        0.000000000029851
 2454574.77560654283        0.000000251408213       -0.000000336474289        0.000000000111609        0.000000000029851
 2454612.77084241668       -0.000000160356515       -0.000000127770969        0.000000000111609        0.000000000029851
 2454612.77434473671        0.000000652055900        0.000000085976782        0.000000000111609        0.000000000029851
 2454612.77719577635       -0.000000029534479       -0.000000074713085        0.000000000111609        0.000000000029851
 2454612.78005410638        0.000000136685159        0.000000026005146        0.000000000111609        0.000000000029851
 2454612.78292112658        0.000000511150157        0.000000005138550        0.000000000111609        0.000000000029851
 2454612.78434959659       -0.000000764046905       -0.000000093249427        0.000000000111609        0.000000000029851
 2454612.78577818628       -0.000000222190724       -0.000000056086106        0.000000000111609        0.000000000029851
 2454612.78863582667        0.000000081966455       -0.000000152276718        0.000000000111609        0.000000000029851
 2454612.79148315638        0.000000217589528       -0.000000187256473        0.000000000111609        0.000000000029851
 2454612.79291267646       -0.000000605973331       -0.000000224191904        0.000000000111609        0.000000000029851
 2454618.74354343442       -0.000000888908596       -0.000000384666068        0.000000000008342        0.000000000005055
 2454618.74902509479       -0.000001350807377       -0.000000423221479        0.000000000008342        0.000000000005055
 2454618.75352339447       -0.000000541454546       -0.000000362111009        0.000000000008342        0.000000000005055
 2454621.81628749380       -0.000000142304974       -0.000000178572034        0.000000000008342        0.000000000005055
 2454621.82064211369       -0.000000163808203       -0.000000228278480        0.000000000008342        0.000000000005055
 2454729.47962930566       -0.000000185606882        0.000000012694585        0.000000000111609        0.000000000029851
 2454729.48058521561       -0.000000069707077       -0.000000099382027        0.000000000111609        0.000000000029851
 2454729.48155569565       -0.000000380375289        0.000000080022724        0.000000000111609        0.000000000029851
 2454729.48480581585        0.000000080968335        0.000000104083694        0.000000000111609        0.000000000029851
 2454729.48600118561        0.000000035765404        0.000000331672093        0.000000000111609        0.000000000029851
 2454729.48839944554        0.000000194510259        0.000000442450604        0.000000000111609        0.000000000029851
 2454729.48959690565        0.000000146647871        0.000000286480565        0.000000000111609        0.000000000029851
 2454729.49617167562       -0.000000194309552        0.000000222966082        0.000000000111609        0.000000000029851
 2454729.49737016577        0.000000163434930        0.000000424706030        0.000000000111609        0.000000000029851
 2454729.49906669557        0.000000242625283        0.000000114329718        0.000000000111609        0.000000000029851
 2454729.50026403554       -0.000000258063535        0.000000276843706        0.000000000111609        0.000000000029851
 2454729.50146981562       -0.000000153882257        0.000000070924774        0.000000000111609        0.000000000029851
 2454729.50265697576       -0.000000334701182       -0.000000082377183        0.000000000111609        0.000000000029851
 2454729.50385454576       -0.000000202986778        0.000000137737656        0.000000000111609        0.000000000029851
 2454729.50625951588       -0.000000205753278       -0.000000105616722        0.000000000111609        0.000000000029851
 2454729.50744944578        0.000000397716001        0.000000065136074        0.000000000111609        0.000000000029851
 2454729.50864701578       -0.000000089727981       -0.000000049849575        0.000000000111609        0.000000000029851
 2454729.50984979561        0.000000077632468       -0.000000024292757        0.000000000111609        0.000000000029851
 2454729.51755326567        0.000000055296038        0.000000101689378        0.000000000111609        0.000000000029851
 2454729.51932907570       -0.000000029997062        0.000000095653526        0.000000000111609        0.000000000029851
 2454729.52110523591        0.000000208230431        0.000000152449804        0.000000000111609        0.000000000029851
 2454729.52288127597       -0.000000287285996        0.000000237853453        0.000000000111609        0.000000000029851
 2454729.52464701561       -0.000000300643904        0.000000007459584        0.000000000111609        0.000000000029851
 2454729.52642456582        0.000000015051198        0.000000441278532        0.000000000111609        0.000000000029851
 2454729.53175639594        0.000000253532759        0.000000344511050        0.000000000111609        0.000000000029851
 2454729.58409979567        0.000000083466703        0.000000273966551        0.000000000111609        0.000000000029851
 2454729.58587687556       -0.000000418710798        0.000000048300898        0.000000000111609        0.000000000029851
 2454974.86904427083        0.000000151944200        0.000000248991965        0.000000000008342        0.000000000005055
 2454974.87304227101        0.000000162326591        0.000000251811504        0.000000000008342        0.000000000005055
 2454974.87831483083        0.000000362093147        0.000000278500264        0.000000000008342        0.000000000005055
 2454974.88061450096        0.000000218674506        0.000000371338194        0.000000000008342        0.000000000005055
 2454974.88387861103        0.000000215665576        0.000000398461649        0.000000000008342        0.000000000005055
 2454974.90772056114        0.000000238628663        0.000000327392927        0.000000000008342        0.000000000005055
 2454974.91000368120        0.000000172676602        0.000000333793621        0.000000000008342        0.000000000005055
 2454974.91320113139        0.000000275855598        0.000000402938924        0.000000000008342        0.000000000005055
 2454974.91502980096        0.000000291256653        0.000000349631215        0.000000000008342        0.000000000005055
 2454974.91684770118        0.000000379230964        0.000000367170014        0.000000000008342        0.000000000005055
 2454974.91867672093        0.000000337087452        0.000000327869078        0.000000000008342        0.000000000005055
 2454974.92042401107        0.000000282377393        0.000000315998168        0.000000000008342        0.000000000005055
 2454974.92270169128        0.000000133613871        0.000000234972315        0.000000000008342        0.000000000005055
 2454974.92472679075        0.000000259530357        0.000000320300031        0.000000000008342        0.000000000005055
 2454974.92654550076        0.000000177494278        0.000000215298186        0.000000000008342        0.000000000005055
 2454974.92838679114        0.000000119693053        0.000000297767333        0.000000000008342        0.000000000005055
 2454974.93013316114        0.000000133193003        0.000000251135665        0.000000000008342        0.000000000005055
 2455003.75074357307       -0.000000085196778       -0.000000163256234        0.000000000111609        0.000000000029851
 2455003.75382123329       -0.000000121134289       -0.000000217246103        0.000000000111609        0.000000000029851
 2455003.75733952317       -0.000000107406922       -0.000000067539807        0.000000000111609        0.000000000029851
 2455003.75908847293       -0.000000028421335       -0.000000164187880        0.000000000111609        0.000000000029851
 2455003.76084009325        0.000000001055033       -0.000000125035361        0.000000000111609        0.000000000029851
 2455003.76266359305       -0.000000045052445       -0.000000157932162        0.000000000111609        0.000000000029851
 2455003.76462516328       -0.000000045919829       -0.000000161574052        0.000000000111609        0.000000000029851
 2455003.76606602315        0.000000044341345       -0.000000109444787        0.000000000111609        0.000000000029851
 2455003.76754414290        0.000000030028108       -0.000000105327786        0.000000000111609        0.000000000029851
 2455003.76899935305       -0.000000018993954       -0.000000196796944        0.000000000111609        0.000000000029851
 2455003.77044333285       -0.000000043382554       -0.000000120370250        0.000000000111609        0.000000000029851
 2455003.77188836318       -0.000000002156693       -0.000000126483261        0.000000000111609        0.000000000029851
 2455003.77333327290       -0.000000013048120       -0.000000161723097        0.000000000111609        0.000000000029851
 2455003.77477840288       -0.000000031580869       -0.000000196893578        0.000000000111609        0.000000000029851
 2455004.76249727281        0.000000251201717       -0.000000149126499        0.000000000111609        0.000000000029851
 2455004.76384426281        0.000000231514942       -0.000000079671746        0.000000000111609        0.000000000029851
 2455004.76574183255        0.000000240816505       -0.000000179689185        0.000000000111609        0.000000000029851
 2455004.76637945278        0.000000284084329       -0.000000209010867        0.000000000111609        0.000000000029851
 2455004.76765271276        0.000000294870209       -0.000000098229129        0.000000000111609        0.000000000029851
 2455004.76828940259        0.000000278079447       -0.000000200559438        0.000000000111609        0.000000000029851
 2455004.76892586239        0.000000248249136       -0.000000167166141        0.000000000111609        0.000000000029851
 2455004.76956313243        0.000000223689558       -0.000000177303808        0.000000000111609        0.000000000029851
 2455004.77022493258        0.000000222398684       -0.000000110787042        0.000000000111609        0.000000000029851
 2455004.77092215279        0.000000204963594       -0.000000222974193        0.000000000111609        0.000000000029851
 2455004.77155884262        0.000000253855951       -0.000000194367127        0.000000000111609        0.000000000029851
 2455004.77283292264        0.000000330816500       -0.000000239224023        0.000000000111609        0.000000000029851
 2455004.77347921254        0.000000316876589       -0.000000233607334        0.000000000111609        0.000000000029851
 2455004.77605792275        0.000000193558866       -0.000000275097273        0.000000000111609        0.000000000029851
 2455004.77668442251        0.000000308369229       -0.000000195090140        0.000000000111609        0.000000000029851
 2455004.77737447247        0.000000249599376       -0.000000168038942        0.000000000111609        0.000000000029851
 2455004.77806833247        0.000000167263483       -0.000000096956519        0.000000000111609        0.000000000029851
 2455004.77945827274        0.000000288057071       -0.000000172353094        0.000000000111609        0.000000000029851
 2455004.78016232280        0.000000294734871       -0.000000235364726        0.000000000111609        0.000000000029851
 2455004.78079646267        0.000000213334014       -0.000000188352764        0.000000000111609        0.000000000029851
 2455004.78207609244        0.000000246842209       -0.000000116698509        0.000000000111609        0.000000000029851
 2455004.78270340245        0.000000181339066       -0.000000162826462        0.000000000111609        0.000000000029851
 2455004.78339079255        0.000000164857169       -0.000000073465527        0.000000000111609        0.000000000029851
 2455004.78409357276        0.000000237233025       -0.000000175608823        0.000000000111609        0.000000000029851
 2455004.78474935237        0.000000236928197       -0.000000164088300        0.000000000111609        0.000000000029851
 2455006.82047875226        0.000000034937940       -0.000000011280564        0.000000000111609        0.000000000029851
 2455006.82162146224        0.000000062952332       -0.000000011457605        0.000000000111609        0.000000000029851
 2455006.82271857234        0.000000114862786        0.000000013640132        0.000000000111609        0.000000000029851
 2455006.82716486230       -0.000000006692514        0.000000003060193        0.000000000111609        0.000000000029851
 2455006.82936428208        0.000000120895876       -0.000000000054493        0.000000000111609        0.000000000029851
 2455006.83047991199        0.000000056735264       -0.000000034898462        0.000000000111609        0.000000000029851
 2455006.83276891196        0.000000010350607       -0.000000016958651        0.000000000111609        0.000000000029851
 2455006.83386822231        0.000000054253045       -0.000000026104042        0.000000000111609        0.000000000029851
 2455006.83496787213       -0.000000009200764        0.000000022855782        0.000000000111609        0.000000000029851
 2455006.83606729191        0.000000042455764        0.000000032949769        0.000000000111609        0.000000000029851
 2455006.83716648212        0.000000036430658        0.000000038037114        0.000000000111609        0.000000000029851
 2455006.84092100197        0.000000063890271       -0.000000012793798        0.000000000111609        0.000000000029851
 2455030.81412400398        0.000000498960753       -0.000000135689468        0.000000000111609        0.000000000029851
 2455030.81532145431        0.000000437957069       -0.000000007248144        0.000000000111609        0.000000000029851
 2455030.81651867414        0.000000397316992       -0.000000087410411        0.000000000111609        0.000000000029851
 2455030.81891393429        0.000000429059397       -0.000000169917784        0.000000000111609        0.000000000029851
 2455030.82130733412        0.000000389009874       -0.000000016381588        0.000000000111609        0.000000000029851
 2455030.82249494409        0.000000487587926       -0.000000043657181        0.000000000111609        0.000000000029851
 2455030.82369182399        0.000000554876068        0.000000045112262        0.000000000111609        0.000000000029851
 2455030.82488846406        0.000000330951621       -0.000000118355035        0.000000000111609        0.000000000029851
 2455383.82620582776        0.000000120094990       -0.000000011700749        0.000000000111609        0.000000000029851
 2455383.82736323820        0.000000101601358       -0.000000238922810        0.000000000111609        0.000000000029851
 2455383.82796508772        0.000000082720390       -0.000000052578465        0.000000000111609        0.000000000029851
 2455383.82856694795        0.000000129319874       -0.000000060132998        0.000000000111609        0.000000000029851
 2455383.82916879794        0.000000160252423       -0.000000077273073        0.000000000111609        0.000000000029851
 2455383.83097434836       -0.000000034718368       -0.000000177498663        0.000000000111609        0.000000000029851
 2455383.83157620858        0.000000103684187        0.000000018504721        0.000000000111609        0.000000000029851
 2455383.83279147791        0.000000059643791       -0.000000160471885        0.000000000111609        0.000000000029851
 2455383.83339332789        0.000000171971905       -0.000000075785086        0.000000000111609        0.000000000029851
 2455383.83399518859        0.000000203168654       -0.000000165624005        0.000000000111609        0.000000000029851
 2455383.83459703857        0.000000045906974       -0.000000037457367        0.000000000111609        0.000000000029851
 2455383.83519888856        0.000000019576079       -0.000000088525473        0.000000000111609        0.000000000029851
 2455383.83641416812        0.000000017801098        0.000000013969964        0.000000000111609        0.000000000029851
 2455383.83761786856        0.000000206206550       -0.000000029972223        0.000000000111609        0.000000000029851
 2455383.83821971854        0.000000056979005       -0.000000163541337        0.000000000111609        0.000000000029851
 2455384.83573129773        0.000000202279261        0.000000036567336        0.000000000111609        0.000000000029851
 2455384.83681925805        0.000000446650063       -0.000000346624296        0.000000000111609        0.000000000029851
 2455384.83742110804        0.000000155919718       -0.000000401270206        0.000000000111609        0.000000000029851
 2455384.83801138774        0.000000031055860        0.000000071353953        0.000000000111609        0.000000000029851
 2455384.83861323772        0.000000161875670        0.000000225121575        0.000000000111609        0.000000000029851
 2455384.83921508817       -0.000000003111942        0.000000073467142        0.000000000111609        0.000000000029851
 2455384.84102064790        0.000000156571385       -0.000000070940456        0.000000000111609        0.000000000029851
 2455384.84162249789        0.000000360821029       -0.000000266185120        0.000000000111609        0.000000000029851
 2455489.63657618966       -0.000001305824544        0.000001637201176        0.000000000111609        0.000000000029851
 2455489.63944655983       -0.000001305192663        0.000001342716507        0.000000000111609        0.000000000029851
 2455489.63995580981       -0.000001284006538        0.000001054709697        0.000000000111609        0.000000000029851
 2455489.64096275996       -0.000001514395907        0.000001353272409        0.000000000111609        0.000000000029851
 2455489.64297664957       -0.000001250865584        0.000001474992440        0.000000000111609        0.000000000029851
 2455489.64448127989       -0.000001467110558        0.000001336958917        0.000000000111609        0.000000000029851
 2456698.54595055990        0.000000785338371        0.000000146140330        0.000000000111609        0.000000000029851
 2456698.54832309997        0.000000685904050        0.000000235299298        0.000000000111609        0.000000000029851
 2456698.55069528008        0.000000375974204       -0.000000120573111        0.000000000111609        0.000000000029851
 2456698.55306763994       -0.000000018082670        0.000000013911311        0.000000000111609        0.000000000029851
 2456698.55544001004       -0.000000022672725       -0.000000286938647        0.000000000111609        0.000000000029851
 2456698.55781236989       -0.000000025318630       -0.000000102285434        0.000000000111609        0.000000000029851
 2456698.56018473022        0.000000484471504       -0.000000091344371        0.000000000111609        0.000000000029851
 2456698.56255728006        0.000000271230842       -0.000000302500498        0.000000000111609        0.000000000029851
 2456698.56492982991       -0.000000000359112       -0.000000382115751        0.000000000111609        0.000000000029851
 2456698.56730200024        0.000000410043911       -0.000000097117655        0.000000000111609        0.000000000029851
