 2007 04 18 03 27 54.5  17 24 49.2276 -22 47 25.422   25   25 18.2 U  Z  874
 2007 04 18 03 29 28.8  17 24 49.2195 -22 47 25.370   25   25 18.1 U  Z  874
 2007 04 18 03 31 02.3  17 24 49.2085 -22 47 25.350   25   25 18.2 U  Z  874
 2007 04 18 03 32 35.8  17 24 49.2010 -22 47 25.296   25   25 18.2 U  Z  874
 2007 04 18 03 34 09.3  17 24 49.1929 -22 47 25.336   25   25 18.3 U  Z  874
 2007 04 18 03 35 42.7  17 24 49.1865 -22 47 25.247   25   25 18.2 U  Z  874
 2007 04 18 03 37 16.2  17 24 49.1751 -22 47 25.274   25   25 18.4 U  Z  874
 2007 04 18 03 38 49.6  17 24 49.1654 -22 47 25.238   25   25 18.4 U  Z  874
 2007 04 18 03 40 23.1  17 24 49.1633 -22 47 25.163   25   25 18.4 U  Z  874
 2007 04 18 03 41 56.6  17 24 49.1502 -22 47 25.167   25   25 18.2 U  Z  874
 2007 04 18 03 45 05.2  17 24 49.1347 -22 47 25.077   25   25 18.1 U  Z  874
