 1999 10 11 00 36 11.4  01 56 55.6191 +10 37 51.016   97   79 19.3 R  OH 511
 1999 10 11 01 16 07.7  01 56 54.6068 +10 37 46.721   97   79 18.7 R  OH 511
 1999 10 11 01 23 31.3  01 56 54.4347 +10 37 45.992   97   79 19.6 R  OH 511
 1999 10 11 01 30 55.3  01 56 54.2485 +10 37 45.202   97   79 19.6 R  OH 511
 1999 10 11 01 38 19.2  01 56 54.0679 +10 37 44.591   97   79 19.3 R  OH 511
 1999 11 10 21 37 58.9  01 39 41.1514 +09 19 25.314   90   84 19.1 R  OH 511
 1999 11 10 21 47 18.4  01 39 40.9804 +09 19 24.444   90   84 19.5 R  OH 511
 1999 11 10 21 57 00.3  01 39 40.7693 +09 19 23.483   90   84 19.5 R  OH 511
 1999 11 10 22 16 25.1  01 39 40.3944 +09 19 21.567   90   84 20.2 R  OH 511
 1999 11 10 22 36 04.4  01 39 40.0034 +09 19 19.678   90   84 19.2 R  OH 511
 1999 11 10 22 44 06.6  01 39 39.8375 +09 19 18.961   90   84 19.4 R  OH 511
 1999 11 10 22 52 09.2  01 39 39.6888 +09 19 18.280   90   84 18.3 R  OH 511
 1999 11 10 23 00 11.6  01 39 39.5283 +09 19 17.511   90   84 19.3 R  OH 511
 1999 11 29 19 59 13.6  01 32 57.4458 +08 46 16.670   59   95 19.8 R  OH 511
 1999 11 29 20 07 16.2  01 32 57.3568 +08 46 16.171   59   95 19.6 R  OH 511
 1999 11 29 20 15 18.2  01 32 57.2762 +08 46 15.863   59   95 20.3 R  OH 511
 1999 11 29 20 23 19.9  01 32 57.1913 +08 46 15.401   59   95 20.2 R  OH 511
 1999 11 29 20 55 02.2  01 32 56.8741 +08 46 13.685   59   95 20.0 R  OH 511
 1999 11 29 21 10 49.1  01 32 56.7143 +08 46 13.005   59   95 20.0 R  OH 511
 1999 11 29 21 18 51.0  01 32 56.6234 +08 46 12.439   59   95 19.9 R  OH 511
 1999 11 29 21 33 49.6  01 32 56.4709 +08 46 11.876   59   95 19.7 R  OH 511
 1999 11 29 21 41 52.3  01 32 56.3951 +08 46 11.389   59   95 20.0 R  OH 511
 1999 11 29 21 49 54.3  01 32 56.3063 +08 46 10.975   59   95 19.9 R  OH 511
 1999 11 30 19 02 52.5  01 32 44.3213 +08 45 09.831   34   60 19.8 R  OH 511
 1999 11 30 19 07 14.0  01 32 44.2820 +08 45 09.633   34   60 20.1 R  OH 511
 1999 11 30 19 18 06.5  01 32 44.1733 +08 45 08.983   34   60 19.8 R  OH 511
 1999 11 30 19 27 48.6  01 32 44.0820 +08 45 08.731   34   60 19.6 R  OH 511
 1999 11 30 19 37 30.9  01 32 43.9821 +08 45 08.133   34   60 19.3 R  OH 511
 1999 11 30 19 47 13.7  01 32 43.8911 +08 45 07.649   34   60 19.3 R  OH 511
 1999 11 30 19 56 55.5  01 32 43.7988 +08 45 07.230   34   60 19.9 R  OH 511
 1999 11 30 20 06 37.6  01 32 43.7027 +08 45 06.848   34   60 19.9 R  OH 511
 1999 11 30 20 16 19.9  01 32 43.6137 +08 45 06.345   34   60 19.4 R  OH 511
 1999 11 30 23 00 16.0  01 32 42.0393 +08 44 58.720   34   60 20.1 R  OH 511
 1999 11 30 23 11 38.0  01 32 41.9322 +08 44 58.152   34   60 19.8 R  OH 511
 1999 12 01 19 30 25.9  01 32 31.1951 +08 44 03.177   76   73 20.0 R  OH 511
 1999 12 01 19 40 08.7  01 32 31.0993 +08 44 02.739   76   73 18.7 R  OH 511
 1999 12 01 19 49 50.7  01 32 31.0066 +08 44 02.203   76   73 20.1 R  OH 511
 1999 12 01 21 23 24.0  01 32 30.1654 +08 43 58.072   76   73 20.4 R  OH 511
 1999 12 02 20 08 00.4  01 32 18.8543 +08 43 00.134   44   54 19.6 R  OH 511
 1999 12 02 20 19 22.9  01 32 18.7528 +08 42 59.580   44   54 20.4 R  OH 511
 1999 12 02 20 30 45.6  01 32 18.6571 +08 42 59.214   44   54 19.8 R  OH 511
 1999 12 02 20 42 07.9  01 32 18.5618 +08 42 58.679   44   54 19.9 R  OH 511
 1999 12 02 20 53 30.6  01 32 18.4708 +08 42 58.312   44   54 19.8 R  OH 511
 1999 12 07 20 59 18.4  01 31 31.3099 +08 38 54.351   89   50 19.9 R  OH 511
 1999 12 07 21 12 27.3  01 31 31.2441 +08 38 53.979   89   50 20.0 R  OH 511
 1999 12 07 21 31 30.5  01 31 31.1426 +08 38 53.509   89   50 19.4 R  OH 511
 1999 12 07 21 44 33.4  01 31 31.0798 +08 38 53.235   89   50 19.6 R  OH 511
 1999 12 07 22 46 15.3  01 31 30.7406 +08 38 51.558   89   50 19.4 R  OH 511
