 2007 09 10 00 06 59.4  16 48 54.7173 -21 27 30.046   16   15 18.0 RE E  809
 2007 09 10 00 08 37.7  16 48 54.7405 -21 27 30.072   16   15 18.0 RE E  809
 2007 09 10 00 10 15.5  16 48 54.7638 -21 27 30.111   16   15 18.0 RE E  809
 2007 09 10 00 11 53.6  16 48 54.7860 -21 27 30.144   16   15 18.0 RE E  809
 2007 09 10 00 13 31.2  16 48 54.8105 -21 27 30.195   16   15 18.0 RE E  809
 2007 09 10 00 15 08.3  16 48 54.8329 -21 27 30.246   16   15 18.0 RE E  809
 2007 09 10 00 16 46.3  16 48 54.8591 -21 27 30.289   16   15 18.0 RE E  809
 2007 09 10 00 18 37.4  16 48 54.8859 -21 27 30.335   16   15 18.0 RE E  809
 2007 09 10 00 20 15.1  16 48 54.9107 -21 27 30.377   16   15 18.0 RE E  809
 2008 06 03 04 58 32.9  19 25 36.0063 -21 35 26.486   25   29 16.7 RE E  809
 2008 06 03 05 04 37.6  19 25 35.9223 -21 35 26.823   25   29 17.1 RE E  809
 2008 06 03 05 09 14.9  19 25 35.8640 -21 35 27.167   25   29 17.0 RE E  809
 2009 05 20 09 59 50.9  21 56 02.3381 -13 20 21.502   18   18 17.7 RE E  809
 2009 05 20 10 01 31.9  21 56 02.3549 -13 20 21.365   18   18 17.8 RE E  809
 2009 05 20 10 03 11.5  21 56 02.3735 -13 20 21.265   18   18 17.7 RE E  809
 2009 05 20 10 04 51.8  21 56 02.3886 -13 20 21.143   18   18 17.7 RE E  809
 2009 05 20 10 08 10.4  21 56 02.4235 -13 20 20.896   18   18 17.8 RE E  809
 2009 05 20 10 09 47.9  21 56 02.4413 -13 20 20.817   18   18 17.7 RE E  809
 2009 05 20 10 13 07.4  21 56 02.4784 -13 20 20.622   18   18 17.7 RE E  809
 2009 05 20 10 14 47.6  21 56 02.4966 -13 20 20.480   18   18 17.7 RE E  809
 2009 05 22 07 49 22.3  21 56 31.5001 -13 17 25.182   15   12 17.7 RE E  809
 2009 05 22 07 52 44.5  21 56 31.5326 -13 17 24.963   15   12 17.7 RE E  809
 2009 05 22 07 54 24.8  21 56 31.5496 -13 17 24.854   15   12 17.7 RE E  809
 2009 05 22 08 01 23.8  21 56 31.6183 -13 17 24.455   15   12 17.8 RE E  809
 2009 05 22 08 03 04.8  21 56 31.6353 -13 17 24.357   15   12 17.8 RE E  809
 2009 05 22 08 04 44.7  21 56 31.6512 -13 17 24.266   15   12 17.7 RE E  809
 2009 05 22 08 06 24.5  21 56 31.6676 -13 17 24.149   15   12 17.8 RE E  809
 2009 05 22 08 08 01.7  21 56 31.6839 -13 17 24.053   15   12 17.9 RE E  809
 2009 05 22 08 09 40.6  21 56 31.6999 -13 17 23.935   15   12 17.7 RE E  809
 2009 05 22 08 11 20.8  21 56 31.7161 -13 17 23.834   15   12 17.9 RE E  809
 2009 05 22 08 16 15.0  21 56 31.7654 -13 17 23.562   15   12 17.8 RE E  809
 2009 05 22 08 19 03.6  21 56 31.7933 -13 17 23.390   15   12 17.7 RE E  809
 2009 05 22 08 21 50.6  21 56 31.8206 -13 17 23.223   15   12 17.8 RE E  809
 2009 05 22 08 24 38.2  21 56 31.8460 -13 17 23.054   15   12 17.7 RE E  809
 2009 05 22 08 27 19.1  21 56 31.8738 -13 17 22.895   15   12 17.8 RE E  809
 2009 05 22 08 30 06.2  21 56 31.8997 -13 17 22.713   15   12 17.7 RE E  809
 2009 05 22 08 32 48.4  21 56 31.9254 -13 17 22.544   15   12 17.7 RE E  809
 2009 05 22 08 35 52.9  21 56 31.9557 -13 17 22.362   15   12 17.7 RE E  809
 2009 05 22 08 39 38.3  21 56 31.9936 -13 17 22.103   15   12 17.8 RE E  809
 2009 05 22 08 42 26.4  21 56 32.0205 -13 17 21.963   15   12 17.7 RE E  809
 2009 05 22 08 45 13.6  21 56 32.0482 -13 17 21.782   15   12 17.6 RE E  809
 2009 05 22 08 48 01.1  21 56 32.0742 -13 17 21.622   15   12 17.7 RE E  809
 2009 05 22 08 50 42.2  21 56 32.1012 -13 17 21.441   15   12 17.8 RE E  809
 2009 05 22 08 53 29.2  21 56 32.1286 -13 17 21.273   15   12 17.7 RE E  809
 2009 05 22 08 56 11.3  21 56 32.1555 -13 17 21.101   15   12 17.6 RE E  809
 2009 05 22 08 58 58.4  21 56 32.1819 -13 17 20.938   15   12 17.6 RE E  809
 2009 05 24 08 04 54.1  21 56 59.5004 -13 14 33.336   73   26 17.7 RE E  809
 2009 05 24 08 08 13.6  21 56 59.5287 -13 14 33.160   73   26 18.3 RE E  809
 2009 05 24 08 09 51.6  21 56 59.5430 -13 14 33.033   73   26 17.9 RE E  809
 2009 05 24 08 11 32.2  21 56 59.5583 -13 14 32.973   73   26 17.8 RE E  809
 2009 05 24 08 13 11.6  21 56 59.5679 -13 14 32.856   73   26 17.6 RE E  809
 2009 05 24 08 14 48.7  21 56 59.5893 -13 14 32.774   73   26 17.8 RE E  809
 2009 05 24 08 16 27.7  21 56 59.6042 -13 14 32.707   73   26 17.9 RE E  809
 2009 05 24 08 50 49.9  21 56 59.8919 -13 14 30.823   73   26 18.2 RE E  809
 2009 05 24 08 57 05.9  21 56 59.9490 -13 14 30.449   73   26 17.9 RE E  809
 2009 05 24 08 58 45.8  21 56 59.9628 -13 14 30.327   73   26 18.0 RE E  809
 2009 05 24 09 00 25.8  21 56 59.9801 -13 14 30.274   73   26 18.1 RE E  809
 2009 05 24 09 05 21.3  21 57 00.0214 -13 14 30.001   73   26 17.9 RE E  809
 2009 05 24 09 08 11.4  21 57 00.0480 -13 14 29.792   73   26 18.0 RE E  809
 2009 05 24 09 09 51.9  21 57 00.0605 -13 14 29.720   73   26 17.9 RE E  809
 2009 05 24 09 11 31.8  21 57 00.0751 -13 14 29.619   73   26 17.9 RE E  809
 2009 05 24 09 13 11.7  21 57 00.0887 -13 14 29.480   73   26 17.9 RE E  809
 2009 05 24 09 14 48.8  21 57 00.1049 -13 14 29.445   73   26 17.8 RE E  809
 2009 05 24 09 16 30.1  21 57 00.1170 -13 14 29.359   73   26 17.1 RE E  809
 2009 05 24 09 18 09.7  21 57 00.1339 -13 14 29.217   73   26 17.9 RE E  809
 2009 05 24 09 19 49.6  21 57 00.1494 -13 14 29.165   73   26 17.9 RE E  809
