 1996 06 22 02 54 28.0  18 57 16.2628 -23 09 10.634   42   12 17.4 C  PE 874
 1996 06 22 03 05 16.0  18 57 16.0492 -23 09 10.875   42   12 17.3 C  PE 874
 1996 06 22 03 09 29.0  18 57 15.9668 -23 09 10.974   42   12 17.4 C  PE 874
 1996 07 26 03 38 52.0  18 41 27.1476 -23 23 05.007   31   70 17.8 un PE 874
 1996 07 26 03 40 09.2  18 41 27.1302 -23 23 04.871   31   70 17.8 un PE 874
 1996 07 26 03 41 02.2  18 41 27.1130 -23 23 04.891   31   70 17.8 un PE 874
 1996 07 26 03 41 54.2  18 41 27.0982 -23 23 04.812   31   70 16.4 un PE 874
 1996 07 26 03 42 46.1  18 41 27.0797 -23 23 04.948   31   70 18.1 un PE 874
 1996 07 26 03 44 30.2  18 41 27.0548 -23 23 04.864   31   70 17.3 un PE 874
 1996 07 26 03 46 14.1  18 41 27.0236 -23 23 04.899   31   70 17.7 un PE 874
 1996 07 26 03 47 06.2  18 41 27.0133 -23 23 04.858   31   70 17.2 un PE 874
 1996 10 01 22 17 47.0  18 42 30.7107 -23 09 04.434   69   51 18.4 C  PE 874
 1996 10 01 23 07 00.0  18 42 31.5908 -23 09 03.076   69   51 18.3 C  PE 874
 1996 10 01 23 08 11.0  18 42 31.6160 -23 09 03.027   69   51 18.3 C  PE 874
 2007 08 19 00 35 21.8  16 37 55.4049 -22 01 51.927   26   26 17.8 C  PE 874
 2007 08 19 00 35 44.1  16 37 55.4022 -22 01 52.027   26   26 17.5 C  PE 874
 2007 08 19 00 36 50.7  16 37 55.4083 -22 01 51.998   26   26 17.9 C  PE 874
 2007 08 19 00 37 59.1  16 37 55.4107 -22 01 52.027   26   26 17.2 C  PE 874
 2007 08 19 00 38 21.3  16 37 55.4136 -22 01 51.988   26   26 17.4 C  PE 874
 2007 08 19 00 39 51.9  16 37 55.4174 -22 01 52.000   26   26 17.5 C  PE 874
 2007 08 19 00 40 37.3  16 37 55.4225 -22 01 52.054   26   26 17.4 C  PE 874
 2007 08 19 00 41 44.9  16 37 55.4232 -22 01 52.072   26   26 17.4 C  PE 874
 2007 08 19 00 42 08.0  16 37 55.4256 -22 01 52.063   26   26 17.5 C  PE 874
 2007 08 19 00 42 52.5  16 37 55.4287 -22 01 52.097   26   26 17.9 C  PE 874
 2007 08 19 00 43 14.7  16 37 55.4266 -22 01 52.126   26   26 17.5 C  PE 874
 2007 08 19 00 45 08.5  16 37 55.4365 -22 01 52.166   26   26 17.5 C  PE 874
 2007 08 19 00 45 52.7  16 37 55.4382 -22 01 52.144   26   26 17.5 C  PE 874
 2007 08 19 00 46 14.7  16 37 55.4382 -22 01 52.125   26   26 17.5 C  PE 874
 2007 08 19 00 46 37.8  16 37 55.4397 -22 01 52.185   26   26 17.5 C  PE 874
 2007 08 19 00 48 09.3  16 37 55.4494 -22 01 52.141   26   26 17.6 C  PE 874
 2007 08 19 00 49 17.2  16 37 55.4507 -22 01 52.174   26   26 17.9 C  PE 874
 2007 08 19 00 51 10.1  16 37 55.4539 -22 01 52.243   26   26 17.4 C  PE 874
 2007 08 19 00 53 05.1  16 37 55.4613 -22 01 52.267   26   26 17.6 C  PE 874
 2007 08 19 00 57 17.2  16 37 55.4764 -22 01 52.329   26   26 17.5 C  PE 874
 2007 08 19 00 59 55.8  16 37 55.4847 -22 01 52.390   26   26 17.3 C  PE 874
 2007 08 19 01 00 42.0  16 37 55.4922 -22 01 52.391   26   26 17.7 C  PE 874
 2007 08 19 01 02 58.8  16 37 55.4981 -22 01 52.448   26   26 17.3 C  PE 874
 2007 08 19 01 04 53.8  16 37 55.5068 -22 01 52.414   26   26 17.7 C  PE 874
 2007 08 19 01 06 25.3  16 37 55.5115 -22 01 52.458   26   26 17.6 C  PE 874
 2007 08 19 01 07 56.8  16 37 55.5142 -22 01 52.493   26   26 17.5 C  PE 874
 2008 07 11 06 29 11.4  19 08 04.9720 -22 41 51.400   20   23 17.6 I  PE 874
 2008 07 11 06 34 27.9  19 08 04.8591 -22 41 51.539   20   23 17.6 I  PE 874
 2008 07 11 06 37 02.6  19 08 04.8056 -22 41 51.620   20   23 17.9 I  PE 874
 2008 07 11 06 42 12.6  19 08 04.7002 -22 41 51.716   20   23 17.7 I  PE 874
 2008 07 11 06 44 47.1  19 08 04.6466 -22 41 51.752   20   23 17.6 I  PE 874
 2008 07 11 06 50 01.3  19 08 04.5347 -22 41 51.902   20   23 17.7 I  PE 874
 2008 07 11 06 52 41.2  19 08 04.4817 -22 41 51.954   20   23 17.6 I  PE 874
 2008 07 11 06 55 49.4  19 08 04.4163 -22 41 52.017   20   23 17.6 I  PE 874
 2008 07 11 06 58 24.3  19 08 04.3617 -22 41 52.091   20   23 17.6 I  PE 874
 2008 07 11 07 00 59.2  19 08 04.3083 -22 41 52.131   20   23 17.6 I  PE 874
 2008 07 11 07 03 34.0  19 08 04.2557 -22 41 52.258   20   23 17.6 I  PE 874
 2008 07 11 07 06 08.9  19 08 04.1989 -22 41 52.274   20   23 17.8 I  PE 874
 2008 09 19 23 23 31.7  18 54 45.6006 -22 53 19.536   30   16 16.7 I  PE 874
 2008 09 19 23 25 14.6  18 54 45.6163 -22 53 19.511   30   16 18.2 I  PE 874
 2008 09 19 23 26 57.5  18 54 45.6348 -22 53 19.454   30   16 18.6 I  PE 874
 2008 09 19 23 28 40.5  18 54 45.6524 -22 53 19.428   30   16 18.2 I  PE 874
 2008 09 19 23 30 24.3  18 54 45.6669 -22 53 19.423   30   16 18.1 I  PE 874
 2008 09 19 23 32 08.8  18 54 45.6900 -22 53 19.387   30   16 18.3 I  PE 874
 2008 09 19 23 33 52.6  18 54 45.7084 -22 53 19.348   30   16 18.3 I  PE 874
 2008 09 19 23 35 36.4  18 54 45.7222 -22 53 19.303   30   16 18.6 I  PE 874
 2008 09 19 23 37 20.1  18 54 45.7380 -22 53 19.305   30   16 18.4 I  PE 874
 2008 09 19 23 39 02.9  18 54 45.7541 -22 53 19.300   30   16 18.4 I  PE 874
 2013 11 10 05 50 47.2  07 33 28.0135 +21 07 13.402    6    6 18.1 I  PE 874
 2013 11 10 06 12 08.7  07 33 28.0215 +21 07 13.470    6    6 18.0 I  PE 874
 2013 11 10 06 15 13.6  07 33 28.0235 +21 07 13.470    6    6 18.0 I  PE 874
 2013 11 10 06 18 18.5  07 33 28.0244 +21 07 13.473    6    6 18.0 I  PE 874
 2013 11 10 06 21 23.4  07 33 28.0255 +21 07 13.477    6    6 18.0 I  PE 874
 2013 11 10 06 24 28.4  07 33 28.0260 +21 07 13.486    6    6 18.0 I  PE 874
