 1996 06 22 01 13 26.0  19 00 03.5485 -22 24 03.822   13    9 16.9 C  PE 874
 1996 06 22 01 16 49.0  19 00 03.4884 -22 24 04.013   13    9 16.8 C  PE 874
 1996 06 22 01 18 36.0  19 00 03.4569 -22 24 04.113   13    9 16.8 C  PE 874
 1996 06 22 01 20 35.0  19 00 03.4204 -22 24 04.232   13    9 16.8 C  PE 874
 1996 06 25 01 35 05.0  18 58 46.3327 -22 27 57.090   24   10 16.6 C  PE 874
 1996 06 25 01 39 40.0  18 58 46.2453 -22 27 57.372   24   10 16.7 C  PE 874
 1996 06 25 01 43 23.0  18 58 46.1808 -22 27 57.578   24   10 16.6 C  PE 874
 1996 06 25 01 47 06.0  18 58 46.1124 -22 27 57.795   24   10 16.6 C  PE 874
 1996 06 26 02 20 46.0  18 58 19.8562 -22 29 19.712   50    8 16.8 C  PE 874
 1996 06 26 02 34 10.0  18 58 19.6074 -22 29 20.490   50    8 16.8 C  PE 874
 1996 06 26 02 37 53.0  18 58 19.5473 -22 29 20.686   50    8 16.8 C  PE 874
 1996 06 26 02 41 36.0  18 58 19.4751 -22 29 20.915   50    8 16.8 C  PE 874
 1996 07 25 00 17 22.6  18 46 31.8280 -23 11 57.971   12   14 17.1 un PE 874
 1996 07 25 00 18 50.2  18 46 31.8069 -23 11 58.039   12   14 17.0 un PE 874
 1996 07 25 00 19 42.1  18 46 31.7935 -23 11 58.095   12   14 17.0 un PE 874
 1996 07 25 00 20 34.1  18 46 31.7783 -23 11 58.121   12   14 17.0 un PE 874
 1996 07 25 00 21 26.1  18 46 31.7665 -23 11 58.182   12   14 17.0 un PE 874
 1996 07 25 00 22 18.1  18 46 31.7511 -23 11 58.217   12   14 17.0 un PE 874
 1996 07 25 00 23 10.1  18 46 31.7380 -23 11 58.303   12   14 17.1 un PE 874
 1996 07 25 00 24 02.1  18 46 31.7258 -23 11 58.355   12   14 17.1 un PE 874
 1996 07 25 00 24 54.1  18 46 31.7109 -23 11 58.416   12   14 17.0 un PE 874
 1996 07 25 00 25 46.1  18 46 31.6986 -23 11 58.440   12   14 17.1 un PE 874
 1996 07 25 00 26 38.1  18 46 31.6834 -23 11 58.500   12   14 17.1 un PE 874
 1996 07 25 00 27 29.1  18 46 31.6703 -23 11 58.559   12   14 17.1 un PE 874
 1996 07 25 00 29 50.1  18 46 31.6330 -23 11 58.680   12   14 17.1 un PE 874
 1996 07 27 02 03 31.2  18 45 47.5102 -23 14 51.229    7   12 17.1 un PE 874
 1996 07 27 02 04 23.1  18 45 47.4962 -23 14 51.258    7   12 17.0 un PE 874
 1996 07 27 02 05 15.2  18 45 47.4831 -23 14 51.301    7   12 17.1 un PE 874
 1996 07 27 02 06 07.2  18 45 47.4702 -23 14 51.355    7   12 17.1 un PE 874
 1996 07 27 02 09 35.1  18 45 47.4187 -23 14 51.569    7   12 17.1 un PE 874
 1996 07 27 02 10 27.2  18 45 47.4046 -23 14 51.620    7   12 17.1 un PE 874
 1997 08 14 02 15 31.0  21 20 33.8447 -16 51 56.673   62   50 16.2 un PE 874
 1997 08 14 02 17 10.0  21 20 33.7989 -16 51 56.838   62   50 16.3 un PE 874
 1997 08 14 04 54 13.0  21 20 29.7995 -16 52 11.130   62   50 16.3 un PE 874
 1997 08 14 04 57 52.0  21 20 29.7044 -16 52 11.509   62   50 16.0 un PE 874
 1996 10 01 22 06 09.3  18 43 16.6188 -23 48 24.616   49    6 17.7 C  PE 874
 1996 10 01 22 38 11.4  18 43 17.0528 -23 48 24.048   49    6 17.9 C  PE 874
 1996 10 01 22 39 04.3  18 43 17.0623 -23 48 24.030   49    6 17.7 C  PE 874
 1997 08 15 02 19 53.0  21 19 57.9579 -16 54 07.818   37   68 15.9 un PE 874
 1997 08 15 02 23 33.0  21 19 57.8592 -16 54 08.296   37   68 15.6 un PE 874
 1997 08 15 04 42 25.0  21 19 54.3299 -16 54 20.639   37   68 16.0 un PE 874
 1997 08 15 04 46 05.0  21 19 54.2347 -16 54 21.001   37   68 16.2 un PE 874
 2009 06 21 05 59 58.0  22 00 02.4516 -13 40 33.930   10    8 17.2 I  PE 874
 2009 06 21 06 04 23.9  22 00 02.4543 -13 40 34.033   10    8 17.2 I  PE 874
 2009 06 21 06 09 27.9  22 00 02.4581 -13 40 34.107   10    8 17.2 I  PE 874
 2009 06 21 06 11 59.0  22 00 02.4610 -13 40 34.179   10    8 17.2 I  PE 874
 2009 06 21 06 14 30.4  22 00 02.4632 -13 40 34.223   10    8 17.2 I  PE 874
 2009 06 21 06 17 07.9  22 00 02.4644 -13 40 34.284   10    8 17.2 I  PE 874
 2009 06 21 06 19 57.4  22 00 02.4664 -13 40 34.343   10    8 17.2 I  PE 874
 2009 06 21 06 22 01.9  22 00 02.4691 -13 40 34.375   10    8 17.2 I  PE 874
 2009 06 21 06 24 09.6  22 00 02.4704 -13 40 34.418   10    8 17.2 I  PE 874
 2009 06 21 06 26 15.3  22 00 02.4712 -13 40 34.480   10    8 17.2 I  PE 874
 2009 06 21 06 28 20.1  22 00 02.4723 -13 40 34.507   10    8 17.2 I  PE 874
 2009 06 21 06 30 24.9  22 00 02.4743 -13 40 34.551   10    8 17.2 I  PE 874
 2009 06 21 06 32 29.8  22 00 02.4756 -13 40 34.601   10    8 17.2 I  PE 874
 2009 06 21 06 34 34.6  22 00 02.4768 -13 40 34.651   10    8 17.2 I  PE 874
 2009 06 22 06 16 53.5  22 00 03.8447 -13 41 05.061    9   11 17.1 C  PE 874
 2009 06 22 06 18 49.9  22 00 03.8447 -13 41 05.091    9   11 17.1 C  PE 874
 2009 06 22 06 21 33.9  22 00 03.8452 -13 41 05.174    9   11 17.1 C  PE 874
 2009 06 22 06 22 29.0  22 00 03.8459 -13 41 05.201    9   11 17.1 C  PE 874
 2009 06 22 06 24 19.0  22 00 03.8463 -13 41 05.220    9   11 17.2 C  PE 874
 2009 06 22 06 25 14.0  22 00 03.8462 -13 41 05.262    9   11 17.1 C  PE 874
 2009 06 22 06 26 09.0  22 00 03.8459 -13 41 05.276    9   11 17.2 C  PE 874
 2009 06 22 06 27 04.0  22 00 03.8457 -13 41 05.299    9   11 17.2 C  PE 874
 2009 06 22 06 28 01.2  22 00 03.8458 -13 41 05.307    9   11 17.2 C  PE 874
 2009 06 22 06 29 01.4  22 00 03.8457 -13 41 05.353    9   11 17.1 C  PE 874
 2009 06 22 06 29 56.5  22 00 03.8465 -13 41 05.368    9   11 17.1 C  PE 874
 2009 06 22 06 31 46.5  22 00 03.8478 -13 41 05.419    9   11 17.1 C  PE 874
 2009 06 22 06 32 42.4  22 00 03.8477 -13 41 05.439    9   11 17.1 C  PE 874
 2009 06 22 06 36 25.2  22 00 03.8465 -13 41 05.532    9   11 17.1 C  PE 874
 2009 06 22 06 37 19.3  22 00 03.8482 -13 41 05.536    9   11 17.1 C  PE 874
 2009 06 22 06 38 18.9  22 00 03.8475 -13 41 05.553    9   11 17.2 C  PE 874
 2009 06 22 06 39 18.9  22 00 03.8465 -13 41 05.561    9   11 17.1 C  PE 874
 2009 06 22 06 41 19.0  22 00 03.8484 -13 41 05.622    9   11 17.2 C  PE 874
 2009 06 22 06 42 19.8  22 00 03.8486 -13 41 05.658    9   11 17.2 C  PE 874
 2009 06 22 06 43 14.6  22 00 03.8476 -13 41 05.669    9   11 17.2 C  PE 874
 2009 06 22 06 45 05.1  22 00 03.8483 -13 41 05.696    9   11 17.2 C  PE 874
 2009 06 22 06 45 59.3  22 00 03.8475 -13 41 05.726    9   11 17.2 C  PE 874
 2009 06 22 06 46 58.7  22 00 03.8474 -13 41 05.730    9   11 17.1 C  PE 874
 2009 06 22 06 47 59.5  22 00 03.8485 -13 41 05.774    9   11 17.1 C  PE 874
 2009 06 22 06 48 56.1  22 00 03.8486 -13 41 05.793    9   11 17.2 C  PE 874
 2009 06 24 07 40 23.1  22 00 04.0755 -13 42 18.554    8    5 17.3 I  PE 874
 2009 06 24 07 42 01.9  22 00 04.0742 -13 42 18.598    8    5 17.3 I  PE 874
 2009 06 24 07 43 36.7  22 00 04.0733 -13 42 18.635    8    5 17.2 I  PE 874
 2009 06 24 07 50 00.8  22 00 04.0651 -13 42 18.808    8    5 17.2 I  PE 874
 2009 06 24 07 53 10.8  22 00 04.0636 -13 42 18.893    8    5 17.1 I  PE 874
 2009 06 24 07 54 47.2  22 00 04.0611 -13 42 18.943    8    5 17.3 I  PE 874
 2009 06 24 07 58 05.0  22 00 04.0571 -13 42 19.027    8    5 17.2 I  PE 874
 2009 06 24 07 59 40.0  22 00 04.0561 -13 42 19.071    8    5 17.3 I  PE 874
 2009 06 24 08 01 15.0  22 00 04.0536 -13 42 19.103    8    5 17.2 I  PE 874
 2009 06 24 08 02 50.0  22 00 04.0527 -13 42 19.143    8    5 17.2 I  PE 874
 2009 06 24 08 04 25.0  22 00 04.0510 -13 42 19.184    8    5 17.2 I  PE 874
 2009 06 24 08 09 49.3  22 00 04.0459 -13 42 19.338    8    5 17.2 I  PE 874
 2010 10 20 03 15 34.0  23 41 04.2332 -03 57 29.864   22   40 16.5 I  PE 874
 2010 10 20 03 19 42.0  23 41 04.1875 -03 57 30.317   22   40 16.4 I  PE 874
 2010 10 20 03 20 26.0  23 41 04.1797 -03 57 30.446   22   40 16.3 I  PE 874
 2010 10 20 03 21 53.0  23 41 04.1605 -03 57 30.522   22   40 16.6 I  PE 874
 2010 10 20 03 24 47.0  23 41 04.1321 -03 57 30.772   22   40 16.4 I  PE 874
 2010 10 20 03 26 57.0  23 41 04.1052 -03 57 31.006   22   40 16.5 I  PE 874
