 1996 10 01 04 04 17.0  00 15 51.7723 -01 08 36.212   10    7 16.3 C  PE 874
 1996 10 01 04 06 37.0  00 15 51.7450 -01 08 36.387   10    7 16.3 C  PE 874
 1996 10 01 04 07 48.0  00 15 51.7316 -01 08 36.471   10    7 16.3 C  PE 874
 1996 10 01 04 10 07.0  00 15 51.7023 -01 08 36.648   10    7 16.3 C  PE 874
 1996 10 01 04 11 18.0  00 15 51.6887 -01 08 36.724   10    7 16.3 C  PE 874
 1996 10 01 04 11 18.0  00 15 51.6887 -01 08 36.724   10    7 16.3 C  PE 874
 1996 10 01 04 13 38.0  00 15 51.6605 -01 08 36.910   10    7 16.3 C  PE 874
 1996 10 01 04 14 47.0  00 15 51.6478 -01 08 36.984   10    7 16.3 C  PE 874
 1997 08 12 07 29 56.0  01 20 42.1124 +05 41 49.536   24    7 16.7 C  PE 874
 1997 08 12 07 32 39.0  01 20 42.1029 +05 41 49.448   24    7 16.7 C  PE 874
 1997 08 12 07 35 21.0  01 20 42.0953 +05 41 49.365   24    7 16.6 C  PE 874
 1997 08 12 07 38 05.0  01 20 42.0844 +05 41 49.285   24    7 16.7 C  PE 874
 1997 08 12 07 40 48.0  01 20 42.0797 +05 41 49.211   24    7 16.6 C  PE 874
 1999 08 21 06 54 44.1  02 59 38.8134 +14 26 03.927   10   15 16.7 un PE 874
 1999 08 21 07 17 32.9  02 59 38.8737 +14 26 03.961   10   15 16.7 un PE 874
 1999 08 21 07 21 23.1  02 59 38.8825 +14 26 03.984   10   15 16.7 un PE 874
 1999 08 21 07 25 13.6  02 59 38.8925 +14 26 03.988   10   15 16.7 un PE 874
 1999 08 21 08 04 45.7  02 59 38.9947 +14 26 04.119   10   15 16.7 un PE 874
 1999 08 21 08 08 36.1  02 59 39.0029 +14 26 04.099   10   15 16.8 un PE 874
 2001 10 25 04 36 30.2  04 54 39.3095 +20 46 15.142   12   15 16.3 C  PE 874
 2001 10 25 04 40 06.0  04 54 39.2757 +20 46 15.046   12   15 16.4 C  PE 874
 2001 10 25 04 41 30.0  04 54 39.2636 +20 46 15.035   12   15 16.3 C  PE 874
 2001 10 25 04 42 28.1  04 54 39.2532 +20 46 15.029   12   15 16.2 C  PE 874
 2001 10 25 04 43 26.8  04 54 39.2434 +20 46 15.011   12   15 16.3 C  PE 874
 2001 10 25 04 45 23.7  04 54 39.2255 +20 46 14.969   12   15 16.4 C  PE 874
 2001 10 25 04 46 21.6  04 54 39.2170 +20 46 14.976   12   15 16.3 C  PE 874
 2001 10 25 04 47 19.4  04 54 39.2080 +20 46 14.974   12   15 16.3 C  PE 874
 2001 10 25 04 50 41.5  04 54 39.1770 +20 46 14.902   12   15 16.3 C  PE 874
 2001 10 25 04 52 31.5  04 54 39.1599 +20 46 14.850   12   15 16.2 C  PE 874
 2001 10 25 04 53 35.5  04 54 39.1492 +20 46 14.830   12   15 16.3 C  PE 874
 2001 10 25 04 54 42.2  04 54 39.1395 +20 46 14.812   12   15 16.3 C  PE 874
 2001 10 25 04 55 45.3  04 54 39.1292 +20 46 14.809   12   15 16.3 C  PE 874
 2001 10 25 04 56 47.2  04 54 39.1201 +20 46 14.768   12   15 16.3 C  PE 874
 2001 10 25 04 57 50.1  04 54 39.1107 +20 46 14.758   12   15 16.3 C  PE 874
 2001 10 25 04 58 52.9  04 54 39.1001 +20 46 14.766   12   15 16.3 C  PE 874
 2001 10 25 04 59 55.8  04 54 39.0902 +20 46 14.696   12   15 16.2 C  PE 874
 2001 10 25 05 00 58.4  04 54 39.0809 +20 46 14.727   12   15 16.3 C  PE 874
 2001 10 25 06 14 53.8  04 54 38.3890 +20 46 13.379   12   15 16.2 C  PE 874
 2001 10 25 06 16 14.9  04 54 38.3770 +20 46 13.345   12   15 16.2 C  PE 874
 2001 10 25 06 17 17.8  04 54 38.3678 +20 46 13.315   12   15 16.2 C  PE 874
 2001 10 25 06 18 21.6  04 54 38.3577 +20 46 13.324   12   15 16.2 C  PE 874
 2001 10 25 06 20 28.3  04 54 38.3373 +20 46 13.293   12   15 16.2 C  PE 874
 2001 10 25 06 21 31.3  04 54 38.3282 +20 46 13.257   12   15 16.3 C  PE 874
 2001 10 25 06 22 35.8  04 54 38.3169 +20 46 13.251   12   15 16.3 C  PE 874
 2001 10 25 06 23 40.0  04 54 38.3081 +20 46 13.229   12   15 16.3 C  PE 874
 2001 10 26 04 21 30.8  04 54 26.2217 +20 45 49.331   22   30 16.5 C  PE 874
 2001 10 26 04 23 15.1  04 54 26.2029 +20 45 49.288   22   30 16.4 C  PE 874
 2001 10 26 04 28 17.8  04 54 26.1539 +20 45 49.131   22   30 16.4 C  PE 874
 2001 10 26 04 29 19.6  04 54 26.1458 +20 45 49.129   22   30 16.4 C  PE 874
 2001 10 26 04 30 19.5  04 54 26.1357 +20 45 49.117   22   30 16.4 C  PE 874
 2001 10 26 04 31 21.8  04 54 26.1250 +20 45 49.044   22   30 16.4 C  PE 874
 2001 10 26 04 32 22.6  04 54 26.1195 +20 45 49.111   22   30 16.3 C  PE 874
 2001 10 26 04 33 22.4  04 54 26.1070 +20 45 49.071   22   30 16.4 C  PE 874
 2001 10 26 04 34 22.4  04 54 26.0978 +20 45 49.041   22   30 16.4 C  PE 874
 2001 10 26 04 35 22.3  04 54 26.0856 +20 45 48.997   22   30 16.4 C  PE 874
 2001 10 26 04 37 26.0  04 54 26.0707 +20 45 48.968   22   30 16.4 C  PE 874
 2001 10 26 04 38 26.0  04 54 26.0573 +20 45 48.971   22   30 16.3 C  PE 874
 2001 10 26 04 39 26.2  04 54 26.0471 +20 45 48.999   22   30 16.4 C  PE 874
 2001 10 26 04 56 12.6  04 54 25.8872 +20 45 48.690   22   30 16.5 C  PE 874
 2001 10 26 04 58 40.6  04 54 25.8651 +20 45 48.609   22   30 16.4 C  PE 874
 2001 10 26 04 59 42.0  04 54 25.8522 +20 45 48.575   22   30 16.4 C  PE 874
 2001 10 26 05 00 42.7  04 54 25.8414 +20 45 48.608   22   30 16.5 C  PE 874
 2001 10 26 05 01 43.4  04 54 25.8342 +20 45 48.545   22   30 16.4 C  PE 874
 2001 10 26 05 02 43.3  04 54 25.8237 +20 45 48.533   22   30 16.4 C  PE 874
 2001 10 26 05 03 43.2  04 54 25.8155 +20 45 48.491   22   30 16.5 C  PE 874
 2001 10 26 05 04 43.7  04 54 25.8044 +20 45 48.533   22   30 16.4 C  PE 874
 2001 10 26 05 05 44.5  04 54 25.7981 +20 45 48.438   22   30 16.4 C  PE 874
 2001 10 26 05 06 44.4  04 54 25.7872 +20 45 48.453   22   30 16.4 C  PE 874
 2001 10 27 03 42 36.0  04 54 12.9820 +20 45 23.273   21   18 16.4 C  PE 874
 2001 10 27 03 44 41.5  04 54 12.9611 +20 45 23.244   21   18 16.4 C  PE 874
 2001 10 27 03 45 43.5  04 54 12.9498 +20 45 23.201   21   18 16.4 C  PE 874
 2001 10 27 03 46 45.5  04 54 12.9430 +20 45 23.170   21   18 16.4 C  PE 874
 2001 10 27 03 47 47.4  04 54 12.9293 +20 45 23.153   21   18 16.4 C  PE 874
 2001 10 27 03 48 49.6  04 54 12.9191 +20 45 23.179   21   18 16.4 C  PE 874
 2001 10 27 03 49 52.5  04 54 12.9128 +20 45 23.141   21   18 16.4 C  PE 874
 2001 10 27 03 50 55.4  04 54 12.9003 +20 45 23.125   21   18 16.4 C  PE 874
 2001 10 27 03 51 58.3  04 54 12.8897 +20 45 23.095   21   18 16.3 C  PE 874
 2001 10 27 03 53 01.3  04 54 12.8815 +20 45 23.075   21   18 16.4 C  PE 874
 2001 10 27 03 54 04.4  04 54 12.8711 +20 45 23.086   21   18 16.3 C  PE 874
 2001 10 27 03 55 07.5  04 54 12.8559 +20 45 23.023   21   18 16.4 C  PE 874
 2001 10 27 03 56 10.4  04 54 12.8474 +20 45 22.996   21   18 16.4 C  PE 874
 2001 10 27 03 57 13.4  04 54 12.8391 +20 45 23.002   21   18 16.4 C  PE 874
 2001 10 27 03 58 16.3  04 54 12.8258 +20 45 22.962   21   18 16.4 C  PE 874
 2001 10 27 03 59 19.3  04 54 12.8176 +20 45 22.978   21   18 16.4 C  PE 874
 2001 10 27 04 00 22.2  04 54 12.8076 +20 45 22.947   21   18 16.4 C  PE 874
 2001 10 27 04 04 10.0  04 54 12.7686 +20 45 22.853   21   18 16.4 C  PE 874
 2001 10 27 04 05 13.8  04 54 12.7577 +20 45 22.893   21   18 16.4 C  PE 874
 2001 10 28 03 04 36.7  04 53 59.3771 +20 44 56.731   27   26 16.4 C  PE 874
 2001 10 28 03 05 40.8  04 53 59.3625 +20 44 56.669   27   26 16.4 C  PE 874
 2001 10 28 03 06 44.7  04 53 59.3558 +20 44 56.745   27   26 16.5 C  PE 874
 2001 10 28 03 07 48.6  04 53 59.3416 +20 44 56.661   27   26 16.5 C  PE 874
 2001 10 28 03 08 51.5  04 53 59.3311 +20 44 56.630   27   26 16.4 C  PE 874
 2001 10 28 03 10 56.6  04 53 59.3083 +20 44 56.577   27   26 16.5 C  PE 874
 2001 10 28 03 12 00.5  04 53 59.2971 +20 44 56.597   27   26 16.5 C  PE 874
 2001 10 28 03 13 04.8  04 53 59.2870 +20 44 56.565   27   26 16.4 C  PE 874
 2001 10 28 03 15 11.6  04 53 59.2642 +20 44 56.529   27   26 16.4 C  PE 874
 2001 10 28 03 16 15.2  04 53 59.2595 +20 44 56.546   27   26 16.4 C  PE 874
 2001 10 28 03 17 18.1  04 53 59.2433 +20 44 56.507   27   26 16.5 C  PE 874
 2001 10 28 03 18 21.9  04 53 59.2343 +20 44 56.473   27   26 16.4 C  PE 874
 2001 10 28 03 19 25.6  04 53 59.2275 +20 44 56.490   27   26 16.5 C  PE 874
 2001 10 28 03 20 28.6  04 53 59.2151 +20 44 56.416   27   26 16.4 C  PE 874
 2001 10 28 03 21 32.7  04 53 59.2051 +20 44 56.466   27   26 16.4 C  PE 874
 2001 10 28 03 22 35.8  04 53 59.1940 +20 44 56.381   27   26 16.4 C  PE 874
 2001 10 28 03 23 39.8  04 53 59.1808 +20 44 56.367   27   26 16.4 C  PE 874
 2001 10 28 03 24 42.9  04 53 59.1694 +20 44 56.350   27   26 16.5 C  PE 874
 2001 10 28 03 25 46.6  04 53 59.1609 +20 44 56.341   27   26 16.4 C  PE 874
 2001 10 28 03 26 49.4  04 53 59.1485 +20 44 56.350   27   26 16.4 C  PE 874
 2001 10 28 03 27 52.3  04 53 59.1412 +20 44 56.347   27   26 16.5 C  PE 874
 2001 10 28 03 28 56.2  04 53 59.1258 +20 44 56.307   27   26 16.5 C  PE 874
 2001 10 28 03 31 02.5  04 53 59.1065 +20 44 56.281   27   26 16.4 C  PE 874
 2001 10 28 03 32 06.5  04 53 59.0960 +20 44 56.236   27   26 16.4 C  PE 874
 2001 10 28 03 33 09.4  04 53 59.0868 +20 44 56.197   27   26 16.4 C  PE 874
 2001 10 28 03 34 12.4  04 53 59.0755 +20 44 56.223   27   26 16.4 C  PE 874
 2001 10 28 03 35 15.5  04 53 59.0652 +20 44 56.172   27   26 16.4 C  PE 874
 2007 02 17 01 14 35.0  09 35 11.5788 +15 42 07.581   62   28 16.6 B  PE 874
 2007 02 17 01 25 13.8  09 35 11.4495 +15 42 08.259   62   28 16.3 B  PE 874
 2007 02 17 01 28 46.7  09 35 11.4145 +15 42 08.458   62   28 16.4 B  PE 874
 2007 02 17 01 32 23.9  09 35 11.3588 +15 42 08.653   62   28 15.4 B  PE 874
 2007 02 17 01 35 56.9  09 35 11.3235 +15 42 08.869   62   28 16.3 B  PE 874
 2007 02 17 01 39 28.8  09 35 11.2746 +15 42 09.142   62   28 16.4 B  PE 874
 2007 02 17 01 43 02.6  09 35 11.2379 +15 42 09.364   62   28 16.2 B  PE 874
 2007 02 17 01 58 02.3  09 35 11.0530 +15 42 10.275   62   28 16.5 B  PE 874
 2007 02 17 02 01 40.4  09 35 11.0090 +15 42 10.530   62   28 15.9 B  PE 874
 2007 02 17 02 17 03.3  09 35 10.8201 +15 42 11.549   62   28 16.4 B  PE 874
 2007 02 17 02 24 09.1  09 35 10.7347 +15 42 11.969   62   28 16.3 B  PE 874
 2009 06 21 22 26 49.5  11 09 10.5644 +07 42 11.643   33   20 17.0 I  PE 874
 2009 06 21 22 33 11.0  11 09 10.6148 +07 42 11.262   33   20 17.0 I  PE 874
 2009 06 21 22 37 56.2  11 09 10.6585 +07 42 10.918   33   20 17.0 I  PE 874
 2009 06 21 22 42 41.2  11 09 10.6982 +07 42 10.631   33   20 17.0 I  PE 874
 2009 06 21 22 47 26.1  11 09 10.7379 +07 42 10.327   33   20 16.9 I  PE 874
 2009 06 21 22 52 11.1  11 09 10.7769 +07 42 10.042   33   20 17.0 I  PE 874
 2009 06 21 22 56 56.1  11 09 10.8124 +07 42 09.779   33   20 16.9 I  PE 874
 2009 06 21 23 01 41.0  11 09 10.8576 +07 42 09.481   33   20 17.0 I  PE 874
 2009 06 21 23 06 26.0  11 09 10.8999 +07 42 09.174   33   20 17.0 I  PE 874
 2009 06 21 23 15 55.9  11 09 10.9743 +07 42 08.544   33   20 17.0 I  PE 874
 2009 06 21 23 36 32.3  11 09 11.1509 +07 42 07.291   33   20 16.9 I  PE 874
 2009 06 21 23 42 37.8  11 09 11.2045 +07 42 06.897   33   20 17.0 I  PE 874
 2009 06 21 23 57 43.4  11 09 11.3321 +07 42 05.928   33   20 17.0 I  PE 874
 2009 06 22 00 25 31.0  11 09 11.5646 +07 42 04.172   33   20 16.9 I  PE 874
 2010 06 06 22 18 55.0  11 56 48.8122 +02 59 23.185    4   25 16.9 C  PE 874
 2010 06 06 22 19 38.0  11 56 48.8127 +02 59 23.177    4   25 16.9 C  PE 874
 2010 06 06 22 21 05.0  11 56 48.8133 +02 59 23.148    4   25 16.9 C  PE 874
 2010 06 06 22 21 48.0  11 56 48.8142 +02 59 23.154    4   25 16.9 C  PE 874
 2010 06 06 22 23 14.0  11 56 48.8150 +02 59 23.184    4   25 16.8 C  PE 874
 2010 06 06 22 23 57.0  11 56 48.8155 +02 59 23.108    4   25 16.9 C  PE 874
 2010 06 06 22 24 40.0  11 56 48.8158 +02 59 23.109    4   25 16.9 C  PE 874
 2010 06 06 22 26 49.0  11 56 48.8177 +02 59 23.107    4   25 16.8 C  PE 874
 2010 06 06 22 27 32.0  11 56 48.8185 +02 59 23.123    4   25 16.8 C  PE 874
 2010 06 06 22 28 15.0  11 56 48.8191 +02 59 23.079    4   25 16.8 C  PE 874
 2010 06 06 22 30 24.0  11 56 48.8207 +02 59 23.042    4   25 16.8 C  PE 874
 2010 06 06 22 31 07.0  11 56 48.8207 +02 59 23.057    4   25 16.8 C  PE 874
 2010 06 06 22 31 51.0  11 56 48.8210 +02 59 23.039    4   25 16.8 C  PE 874
 2010 06 06 22 32 34.0  11 56 48.8215 +02 59 23.001    4   25 16.8 C  PE 874
 2010 06 06 22 33 17.0  11 56 48.8225 +02 59 23.038    4   25 16.8 C  PE 874
 2010 06 06 22 34 00.0  11 56 48.8225 +02 59 23.014    4   25 16.8 C  PE 874
 2010 06 06 22 34 43.0  11 56 48.8232 +02 59 23.004    4   25 16.8 C  PE 874
 2010 06 06 22 35 26.0  11 56 48.8236 +02 59 22.993    4   25 16.8 C  PE 874
 2010 06 06 22 36 09.0  11 56 48.8242 +02 59 22.976    4   25 16.8 C  PE 874
 2010 06 06 22 36 52.0  11 56 48.8248 +02 59 22.954    4   25 16.8 C  PE 874
 2010 06 06 22 37 35.0  11 56 48.8252 +02 59 22.977    4   25 16.8 C  PE 874
 2010 06 06 22 38 18.0  11 56 48.8261 +02 59 22.948    4   25 16.8 C  PE 874
 2010 06 06 22 39 01.0  11 56 48.8265 +02 59 22.945    4   25 16.8 C  PE 874
 2010 06 06 22 39 44.0  11 56 48.8267 +02 59 22.934    4   25 16.8 C  PE 874
 2010 06 06 22 40 27.0  11 56 48.8269 +02 59 22.922    4   25 16.8 C  PE 874
 2010 06 06 22 41 54.0  11 56 48.8279 +02 59 22.897    4   25 16.8 C  PE 874
 2010 06 06 22 42 37.0  11 56 48.8290 +02 59 22.884    4   25 16.8 C  PE 874
 2010 06 06 22 43 20.0  11 56 48.8294 +02 59 22.854    4   25 16.8 C  PE 874
 2010 06 06 22 48 21.0  11 56 48.8326 +02 59 22.750    4   25 16.9 C  PE 874
 2010 06 06 22 49 04.0  11 56 48.8335 +02 59 22.798    4   25 16.8 C  PE 874
 2010 06 06 22 50 31.0  11 56 48.8345 +02 59 22.715    4   25 16.9 C  PE 874
 2010 06 06 22 51 14.0  11 56 48.8349 +02 59 22.715    4   25 16.9 C  PE 874
 2010 06 06 22 51 57.0  11 56 48.8355 +02 59 22.696    4   25 16.9 C  PE 874
 2010 06 06 22 52 40.0  11 56 48.8362 +02 59 22.684    4   25 16.9 C  PE 874
 2010 06 06 22 53 23.0  11 56 48.8362 +02 59 22.672    4   25 16.9 C  PE 874
 2010 06 14 22 33 40.0  11 57 11.1730 +02 55 16.977   14    9 16.9 I  PE 874
 2010 06 14 22 34 42.0  11 57 11.1767 +02 55 16.968   14    9 17.0 I  PE 874
 2010 06 14 22 35 44.0  11 57 11.1811 +02 55 16.915   14    9 16.9 I  PE 874
 2010 06 14 22 36 46.0  11 57 11.1828 +02 55 16.890   14    9 17.0 I  PE 874
 2010 06 14 22 37 48.0  11 57 11.1865 +02 55 16.883   14    9 17.0 I  PE 874
 2010 06 14 22 38 50.0  11 57 11.1875 +02 55 16.841   14    9 17.0 I  PE 874
 2010 06 14 22 39 52.0  11 57 11.1908 +02 55 16.806   14    9 16.9 I  PE 874
 2010 06 14 22 40 54.0  11 57 11.1953 +02 55 16.766   14    9 17.0 I  PE 874
 2010 06 14 22 41 55.0  11 57 11.1961 +02 55 16.746   14    9 16.9 I  PE 874
 2010 06 14 22 42 57.0  11 57 11.1997 +02 55 16.729   14    9 17.0 I  PE 874
 2010 06 14 22 43 59.0  11 57 11.2026 +02 55 16.684   14    9 17.0 I  PE 874
 2010 06 14 22 45 01.0  11 57 11.2038 +02 55 16.665   14    9 16.9 I  PE 874
 2010 06 14 22 46 03.0  11 57 11.2074 +02 55 16.634   14    9 16.9 I  PE 874
 2010 06 14 22 47 05.0  11 57 11.2105 +02 55 16.619   14    9 17.0 I  PE 874
 2010 06 14 22 48 07.0  11 57 11.2128 +02 55 16.576   14    9 17.0 I  PE 874
 2010 06 14 22 49 09.0  11 57 11.2150 +02 55 16.564   14    9 17.0 I  PE 874
 2010 06 14 22 51 13.0  11 57 11.2205 +02 55 16.503   14    9 16.9 I  PE 874
 2010 06 14 22 52 15.0  11 57 11.2244 +02 55 16.457   14    9 17.0 I  PE 874
 2010 06 14 22 55 21.0  11 57 11.2315 +02 55 16.370   14    9 17.0 I  PE 874
 2010 06 14 22 56 22.0  11 57 11.2359 +02 55 16.349   14    9 16.9 I  PE 874
 2010 06 14 22 57 24.0  11 57 11.2385 +02 55 16.330   14    9 16.9 I  PE 874
 2010 06 14 22 58 26.0  11 57 11.2402 +02 55 16.290   14    9 17.0 I  PE 874
 2010 06 14 22 59 28.0  11 57 11.2421 +02 55 16.267   14    9 16.9 I  PE 874
 2010 06 14 23 02 34.0  11 57 11.2530 +02 55 16.169   14    9 17.0 I  PE 874
 2010 06 14 23 04 38.0  11 57 11.2583 +02 55 16.113   14    9 17.0 I  PE 874
 2010 06 14 23 06 42.0  11 57 11.2643 +02 55 16.070   14    9 16.9 I  PE 874
 2010 06 14 23 07 44.0  11 57 11.2666 +02 55 16.021   14    9 16.9 I  PE 874
 2010 06 14 23 08 46.0  11 57 11.2703 +02 55 15.986   14    9 17.0 I  PE 874
 2010 06 14 23 10 50.0  11 57 11.2756 +02 55 15.949   14    9 17.0 I  PE 874
 2010 06 14 23 11 52.0  11 57 11.2773 +02 55 15.900   14    9 16.9 I  PE 874
 2010 06 14 23 13 55.0  11 57 11.2835 +02 55 15.856   14    9 16.9 I  PE 874
 2010 06 14 23 14 57.0  11 57 11.2840 +02 55 15.832   14    9 17.0 I  PE 874
 2010 06 14 23 15 59.0  11 57 11.2898 +02 55 15.806   14    9 17.0 I  PE 874
 2010 06 14 23 17 01.0  11 57 11.2916 +02 55 15.785   14    9 16.9 I  PE 874
 2010 06 14 23 18 03.0  11 57 11.2924 +02 55 15.736   14    9 17.0 I  PE 874
 2010 06 14 23 20 07.0  11 57 11.2989 +02 55 15.693   14    9 17.0 I  PE 874
 2010 06 14 23 21 09.0  11 57 11.3023 +02 55 15.652   14    9 16.9 I  PE 874
 2010 06 14 23 23 13.0  11 57 11.3071 +02 55 15.613   14    9 16.9 I  PE 874
 2010 06 15 23 37 37.0  11 57 15.7542 +02 54 33.941    4    4 16.9 R  PE 874
 2010 06 15 23 38 59.0  11 57 15.7578 +02 54 33.903    4    4 17.0 R  PE 874
 2010 06 15 23 41 42.0  11 57 15.7662 +02 54 33.821    4    4 17.0 R  PE 874
 2010 06 15 23 43 04.0  11 57 15.7701 +02 54 33.779    4    4 16.9 R  PE 874
 2010 06 15 23 44 26.0  11 57 15.7744 +02 54 33.736    4    4 17.0 R  PE 874
 2010 06 15 23 45 48.0  11 57 15.7784 +02 54 33.695    4    4 17.0 R  PE 874
 2010 06 15 23 48 32.0  11 57 15.7861 +02 54 33.611    4    4 17.0 R  PE 874
 2010 06 15 23 49 54.0  11 57 15.7905 +02 54 33.577    4    4 16.9 R  PE 874
 2010 06 15 23 51 15.0  11 57 15.7942 +02 54 33.541    4    4 17.0 R  PE 874
 2010 06 15 23 52 37.0  11 57 15.7987 +02 54 33.500    4    4 16.9 R  PE 874
 2010 06 15 23 53 59.0  11 57 15.8022 +02 54 33.464    4    4 17.0 R  PE 874
 2010 06 15 23 55 21.0  11 57 15.8070 +02 54 33.425    4    4 16.9 R  PE 874
 2010 06 15 23 56 43.0  11 57 15.8113 +02 54 33.374    4    4 17.0 R  PE 874
 2010 06 16 00 00 49.0  11 57 15.8236 +02 54 33.248    4    4 16.9 R  PE 874
 2010 06 16 00 02 11.0  11 57 15.8273 +02 54 33.220    4    4 17.0 R  PE 874
 2010 06 16 00 03 33.0  11 57 15.8313 +02 54 33.176    4    4 17.0 R  PE 874
 2010 06 16 00 04 55.0  11 57 15.8356 +02 54 33.137    4    4 16.9 R  PE 874
 2010 06 16 00 06 16.0  11 57 15.8399 +02 54 33.095    4    4 17.0 R  PE 874
 2010 06 17 21 22 10.0  11 57 25.1551 +02 53 09.022    7    4 17.0 R  PE 874
 2010 06 17 21 23 12.0  11 57 25.1590 +02 53 08.994    7    4 17.0 R  PE 874
 2010 06 17 21 25 16.0  11 57 25.1658 +02 53 08.923    7    4 17.0 R  PE 874
 2010 06 17 21 26 18.0  11 57 25.1690 +02 53 08.892    7    4 17.0 R  PE 874
 2010 06 17 21 27 20.0  11 57 25.1726 +02 53 08.855    7    4 17.0 R  PE 874
 2010 06 17 21 28 22.0  11 57 25.1765 +02 53 08.826    7    4 17.0 R  PE 874
 2010 06 17 21 29 24.0  11 57 25.1794 +02 53 08.793    7    4 17.1 R  PE 874
 2010 06 17 21 30 26.0  11 57 25.1839 +02 53 08.754    7    4 17.0 R  PE 874
 2010 06 17 21 31 28.0  11 57 25.1875 +02 53 08.716    7    4 17.0 R  PE 874
 2010 06 17 21 32 29.0  11 57 25.1896 +02 53 08.685    7    4 17.0 R  PE 874
 2010 06 17 21 33 31.0  11 57 25.1939 +02 53 08.652    7    4 17.0 R  PE 874
 2010 06 17 21 34 33.0  11 57 25.1977 +02 53 08.622    7    4 17.0 R  PE 874
 2010 06 17 21 35 35.0  11 57 25.2009 +02 53 08.585    7    4 17.0 R  PE 874
 2010 06 17 21 36 37.0  11 57 25.2051 +02 53 08.558    7    4 17.0 R  PE 874
 2010 06 17 21 37 39.0  11 57 25.2081 +02 53 08.516    7    4 17.0 R  PE 874
 2010 06 17 21 38 41.0  11 57 25.2106 +02 53 08.481    7    4 17.0 R  PE 874
 2010 06 17 21 39 43.0  11 57 25.2157 +02 53 08.461    7    4 16.9 R  PE 874
 2010 06 17 21 40 45.0  11 57 25.2182 +02 53 08.429    7    4 17.0 R  PE 874
 2010 06 17 21 41 47.0  11 57 25.2223 +02 53 08.391    7    4 17.0 R  PE 874
 2010 06 18 22 19 52.0  11 57 30.7891 +02 52 19.229    8    7 16.8 R  PE 874
 2010 06 18 22 58 28.0  11 57 30.9301 +02 52 17.900    8    7 16.8 R  PE 874
 2010 06 18 23 00 29.0  11 57 30.9378 +02 52 17.835    8    7 16.9 R  PE 874
 2010 06 18 23 10 39.0  11 57 30.9741 +02 52 17.502    8    7 16.9 R  PE 874
 2010 06 18 23 16 45.0  11 57 30.9981 +02 52 17.281    8    7 16.9 R  PE 874
 2011 06 05 23 05 27.0  12 41 36.2289 -01 41 56.830   20    9 16.8 I  PE 874
 2011 06 05 23 10 18.0  12 41 36.2253 -01 41 56.845   20    9 16.9 I  PE 874
 2011 06 05 23 11 23.0  12 41 36.2212 -01 41 56.855   20    9 16.8 I  PE 874
 2011 06 05 23 15 42.0  12 41 36.2152 -01 41 56.888   20    9 16.8 I  PE 874
 2011 06 05 23 45 10.0  12 41 36.1729 -01 41 56.977   20    9 16.8 I  PE 874
 2013 06 06 01 40 09.9  14 16 42.2251 -10 54 51.225    6    3 16.8 R  PE 874
 2013 06 06 01 41 15.6  14 16 42.2144 -10 54 51.174    6    3 16.9 R  PE 874
 2013 06 06 01 42 21.5  14 16 42.2042 -10 54 51.131    6    3 16.8 R  PE 874
 2013 06 06 01 44 33.0  14 16 42.1834 -10 54 51.047    6    3 16.8 R  PE 874
 2013 06 06 01 46 44.5  14 16 42.1633 -10 54 50.958    6    3 16.8 R  PE 874
 2013 06 06 01 47 50.4  14 16 42.1526 -10 54 50.921    6    3 16.8 R  PE 874
 2013 06 06 01 48 56.1  14 16 42.1427 -10 54 50.878    6    3 16.9 R  PE 874
 2013 06 06 01 51 07.6  14 16 42.1226 -10 54 50.784    6    3 16.9 R  PE 874
 2013 06 06 01 52 13.4  14 16 42.1123 -10 54 50.742    6    3 16.8 R  PE 874
 2013 06 06 01 55 30.5  14 16 42.0820 -10 54 50.622    6    3 16.9 R  PE 874
 2013 06 06 01 56 36.3  14 16 42.0724 -10 54 50.568    6    3 16.8 R  PE 874
 2013 06 06 01 57 42.0  14 16 42.0622 -10 54 50.524    6    3 16.9 R  PE 874
 2013 06 06 01 58 47.7  14 16 42.0524 -10 54 50.487    6    3 16.8 R  PE 874
 2013 06 06 01 59 53.4  14 16 42.0421 -10 54 50.444    6    3 16.8 R  PE 874
 2013 06 06 02 00 59.1  14 16 42.0324 -10 54 50.402    6    3 16.8 R  PE 874
 2013 06 06 02 02 04.8  14 16 42.0221 -10 54 50.359    6    3 16.8 R  PE 874
 2013 06 06 02 04 16.2  14 16 42.0017 -10 54 50.272    6    3 16.8 R  PE 874
 2013 06 06 02 06 27.6  14 16 41.9812 -10 54 50.185    6    3 16.8 R  PE 874
 2013 06 06 02 09 44.9  14 16 41.9502 -10 54 50.055    6    3 16.9 R  PE 874
 2013 06 06 02 10 50.6  14 16 41.9402 -10 54 50.011    6    3 16.9 R  PE 874
 2013 06 06 02 11 56.3  14 16 41.9310 -10 54 49.967    6    3 16.9 R  PE 874
 2013 06 06 02 14 07.7  14 16 41.9099 -10 54 49.884    6    3 16.8 R  PE 874
 2013 06 06 02 15 13.5  14 16 41.9000 -10 54 49.841    6    3 16.9 R  PE 874
 2013 06 06 02 17 24.8  14 16 41.8798 -10 54 49.760    6    3 16.9 R  PE 874
 2013 06 06 02 18 30.5  14 16 41.8697 -10 54 49.715    6    3 16.8 R  PE 874
 2013 06 06 02 20 41.9  14 16 41.8500 -10 54 49.620    6    3 16.9 R  PE 874
 2013 06 06 02 21 47.6  14 16 41.8399 -10 54 49.583    6    3 16.9 R  PE 874
 2013 06 06 02 23 59.1  14 16 41.8191 -10 54 49.495    6    3 16.9 R  PE 874
 2013 06 06 02 25 04.8  14 16 41.8097 -10 54 49.459    6    3 16.9 R  PE 874
 2013 06 06 02 26 10.5  14 16 41.7987 -10 54 49.414    6    3 16.9 R  PE 874
 2013 06 06 02 28 22.0  14 16 41.7788 -10 54 49.324    6    3 16.8 R  PE 874
 2013 06 06 02 29 27.7  14 16 41.7683 -10 54 49.278    6    3 16.9 R  PE 874
 2013 06 06 02 30 33.5  14 16 41.7589 -10 54 49.241    6    3 16.8 R  PE 874
 2013 06 06 02 31 39.2  14 16 41.7486 -10 54 49.201    6    3 16.9 R  PE 874
 2013 06 06 02 32 44.9  14 16 41.7383 -10 54 49.154    6    3 16.8 R  PE 874
 2013 06 08 00 03 37.4  14 16 17.7061 -10 53 06.032    6    4 16.9 R  PE 874
 2013 06 08 00 04 33.1  14 16 17.6976 -10 53 05.993    6    4 16.8 R  PE 874
 2013 06 08 00 05 28.9  14 16 17.6893 -10 53 05.961    6    4 16.9 R  PE 874
 2013 06 08 00 06 24.6  14 16 17.6815 -10 53 05.920    6    4 16.8 R  PE 874
 2013 06 08 00 08 16.1  14 16 17.6644 -10 53 05.857    6    4 16.8 R  PE 874
 2013 06 08 00 09 11.9  14 16 17.6565 -10 53 05.828    6    4 16.9 R  PE 874
 2013 06 08 00 11 03.4  14 16 17.6402 -10 53 05.752    6    4 16.9 R  PE 874
 2013 06 08 00 11 59.1  14 16 17.6321 -10 53 05.722    6    4 16.9 R  PE 874
 2013 06 08 00 12 54.8  14 16 17.6232 -10 53 05.687    6    4 16.8 R  PE 874
 2013 06 08 00 13 50.5  14 16 17.6153 -10 53 05.654    6    4 16.9 R  PE 874
 2013 06 08 00 15 42.0  14 16 17.5980 -10 53 05.583    6    4 16.8 R  PE 874
 2013 06 08 00 16 37.7  14 16 17.5898 -10 53 05.544    6    4 16.8 R  PE 874
 2013 06 08 00 17 33.5  14 16 17.5829 -10 53 05.519    6    4 16.9 R  PE 874
 2013 06 08 00 18 29.2  14 16 17.5739 -10 53 05.481    6    4 16.8 R  PE 874
 2013 06 08 00 19 25.0  14 16 17.5654 -10 53 05.450    6    4 16.9 R  PE 874
 2013 06 08 00 20 20.9  14 16 17.5579 -10 53 05.418    6    4 16.8 R  PE 874
 2013 06 08 00 21 16.6  14 16 17.5495 -10 53 05.379    6    4 16.9 R  PE 874
 2013 06 08 00 24 03.8  14 16 17.5245 -10 53 05.271    6    4 16.9 R  PE 874
 2013 06 08 00 24 59.5  14 16 17.5164 -10 53 05.244    6    4 16.8 R  PE 874
 2013 06 08 00 26 50.9  14 16 17.4991 -10 53 05.170    6    4 16.8 R  PE 874
 2013 06 08 00 27 46.6  14 16 17.4917 -10 53 05.143    6    4 16.9 R  PE 874
 2013 06 08 00 29 38.0  14 16 17.4743 -10 53 05.072    6    4 16.9 R  PE 874
 2013 06 08 00 30 33.7  14 16 17.4660 -10 53 05.046    6    4 16.8 R  PE 874
 2013 06 08 00 31 29.4  14 16 17.4577 -10 53 05.006    6    4 16.9 R  PE 874
 2013 06 08 00 32 25.2  14 16 17.4496 -10 53 04.971    6    4 16.8 R  PE 874
 2013 06 08 00 33 20.9  14 16 17.4420 -10 53 04.941    6    4 16.9 R  PE 874
 2013 06 08 00 34 16.6  14 16 17.4333 -10 53 04.901    6    4 16.9 R  PE 874
 2013 06 08 00 35 12.4  14 16 17.4261 -10 53 04.875    6    4 16.8 R  PE 874
 2013 06 08 00 36 08.2  14 16 17.4167 -10 53 04.834    6    4 16.9 R  PE 874
 2013 06 08 00 37 03.9  14 16 17.4094 -10 53 04.802    6    4 16.9 R  PE 874
 2013 06 08 00 37 59.7  14 16 17.4005 -10 53 04.759    6    4 16.9 R  PE 874
 2013 06 08 00 38 55.4  14 16 17.3926 -10 53 04.731    6    4 16.9 R  PE 874
 2013 06 09 00 34 21.0  14 16 05.1974 -10 52 12.585    6    6 16.6 R  PE 874
 2013 06 09 00 35 17.0  14 16 05.1897 -10 52 12.561    6    6 16.6 R  PE 874
 2013 06 09 00 36 12.8  14 16 05.1813 -10 52 12.527    6    6 16.6 R  PE 874
 2013 06 09 00 38 04.3  14 16 05.1653 -10 52 12.461    6    6 16.6 R  PE 874
 2013 06 09 00 39 00.0  14 16 05.1572 -10 52 12.437    6    6 16.7 R  PE 874
 2013 06 09 00 39 55.7  14 16 05.1491 -10 52 12.396    6    6 16.7 R  PE 874
 2013 06 09 00 40 51.5  14 16 05.1411 -10 52 12.356    6    6 16.7 R  PE 874
 2013 06 09 00 41 47.2  14 16 05.1324 -10 52 12.337    6    6 16.7 R  PE 874
 2013 06 09 00 42 43.0  14 16 05.1248 -10 52 12.284    6    6 16.7 R  PE 874
 2013 06 09 00 43 38.8  14 16 05.1168 -10 52 12.264    6    6 16.7 R  PE 874
 2013 06 09 00 44 34.5  14 16 05.1089 -10 52 12.236    6    6 16.7 R  PE 874
 2013 06 09 00 46 25.8  14 16 05.0932 -10 52 12.164    6    6 16.7 R  PE 874
 2013 06 09 00 47 21.6  14 16 05.0848 -10 52 12.120    6    6 16.7 R  PE 874
 2013 06 09 00 48 17.2  14 16 05.0772 -10 52 12.105    6    6 16.7 R  PE 874
 2013 06 09 00 49 13.1  14 16 05.0687 -10 52 12.067    6    6 16.6 R  PE 874
 2013 06 09 00 51 04.8  14 16 05.0531 -10 52 11.990    6    6 16.6 R  PE 874
 2013 06 09 00 52 00.5  14 16 05.0452 -10 52 11.962    6    6 16.7 R  PE 874
 2013 06 09 00 52 56.2  14 16 05.0370 -10 52 11.941    6    6 16.7 R  PE 874
 2013 06 09 00 53 51.9  14 16 05.0281 -10 52 11.897    6    6 16.7 R  PE 874
 2013 06 09 00 54 47.6  14 16 05.0200 -10 52 11.862    6    6 16.7 R  PE 874
 2013 06 09 00 55 43.3  14 16 05.0120 -10 52 11.841    6    6 16.7 R  PE 874
 2013 06 09 00 56 39.0  14 16 05.0040 -10 52 11.800    6    6 16.7 R  PE 874
 2013 06 09 00 57 35.0  14 16 04.9969 -10 52 11.760    6    6 16.7 R  PE 874
 2013 06 09 00 58 30.9  14 16 04.9880 -10 52 11.730    6    6 16.7 R  PE 874
 2013 06 09 00 59 26.6  14 16 04.9796 -10 52 11.702    6    6 16.7 R  PE 874
 2013 06 09 01 00 22.3  14 16 04.9717 -10 52 11.657    6    6 16.6 R  PE 874
 2013 06 09 01 01 18.1  14 16 04.9633 -10 52 11.627    6    6 16.7 R  PE 874
 2013 09 01 21 46 31.6  14 20 24.4357 -11 34 36.598   28   12 17.5 I  PE 874
 2013 09 01 21 51 36.3  14 20 24.4941 -11 34 36.924   28   12 17.5 I  PE 874
 2013 09 01 21 52 41.3  14 20 24.5103 -11 34 37.003   28   12 17.5 I  PE 874
 2013 09 01 21 53 46.3  14 20 24.5217 -11 34 37.090   28   12 17.5 I  PE 874
 2013 09 01 21 54 51.2  14 20 24.5351 -11 34 37.168   28   12 17.4 I  PE 874
 2013 09 01 21 55 56.2  14 20 24.5491 -11 34 37.255   28   12 17.6 I  PE 874
 2013 09 01 21 58 06.1  14 20 24.5702 -11 34 37.397   28   12 17.5 I  PE 874
 2013 09 01 22 00 16.1  14 20 24.5982 -11 34 37.572   28   12 17.5 I  PE 874
 2013 09 01 22 02 26.0  14 20 24.6243 -11 34 37.713   28   12 17.5 I  PE 874
 2013 09 01 22 03 31.0  14 20 24.6360 -11 34 37.771   28   12 17.5 I  PE 874
 2013 09 01 22 04 35.9  14 20 24.6531 -11 34 37.868   28   12 17.5 I  PE 874
 2013 09 01 22 05 40.9  14 20 24.6658 -11 34 37.954   28   12 17.5 I  PE 874
 2013 09 01 22 06 45.9  14 20 24.6780 -11 34 38.016   28   12 17.4 I  PE 874
 2013 09 01 22 07 50.8  14 20 24.6895 -11 34 38.096   28   12 17.5 I  PE 874
 2013 09 01 22 08 55.8  14 20 24.7011 -11 34 38.151   28   12 17.4 I  PE 874
 2013 09 01 22 10 00.8  14 20 24.7179 -11 34 38.251   28   12 17.5 I  PE 874
 2013 09 01 22 11 05.7  14 20 24.7296 -11 34 38.312   28   12 17.3 I  PE 874
 2014 07 02 21 42 05.3  15 01 03.3197 -14 43 17.081    3    7 17.4 I  PE 874
 2014 07 02 21 45 05.7  15 01 03.3054 -14 43 17.055    3    7 17.4 I  PE 874
 2014 07 02 21 45 50.9  15 01 03.3024 -14 43 17.061    3    7 17.3 I  PE 874
 2014 07 02 21 48 06.7  15 01 03.2917 -14 43 17.040    3    7 17.4 I  PE 874
 2014 07 02 21 48 51.9  15 01 03.2881 -14 43 17.038    3    7 17.4 I  PE 874
 2014 07 02 21 49 37.1  15 01 03.2848 -14 43 17.030    3    7 17.4 I  PE 874
 2014 07 02 21 51 07.6  15 01 03.2778 -14 43 17.026    3    7 17.3 I  PE 874
 2014 07 02 21 51 52.9  15 01 03.2746 -14 43 17.002    3    7 17.4 I  PE 874
 2014 07 02 21 52 38.1  15 01 03.2711 -14 43 17.011    3    7 17.4 I  PE 874
 2014 07 02 21 54 08.6  15 01 03.2636 -14 43 16.989    3    7 17.3 I  PE 874
 2014 07 02 21 55 39.1  15 01 03.2569 -14 43 16.993    3    7 17.4 I  PE 874
 2014 07 02 21 56 24.3  15 01 03.2538 -14 43 16.988    3    7 17.3 I  PE 874
 2014 07 02 21 57 09.6  15 01 03.2503 -14 43 16.984    3    7 17.4 I  PE 874
 2014 07 02 21 57 54.8  15 01 03.2462 -14 43 16.964    3    7 17.4 I  PE 874
 2014 07 03 22 26 53.2  15 00 56.9902 -14 43 06.351    4   18 17.0 I  PE 874
 2014 07 03 22 27 28.5  15 00 56.9870 -14 43 06.349    4   18 16.9 I  PE 874
 2014 07 03 22 28 39.1  15 00 56.9819 -14 43 06.340    4   18 17.1 I  PE 874
 2014 07 03 22 30 25.0  15 00 56.9741 -14 43 06.304    4   18 17.0 I  PE 874
 2014 07 03 22 31 00.3  15 00 56.9721 -14 43 06.295    4   18 17.0 I  PE 874
 2014 07 03 22 31 35.6  15 00 56.9691 -14 43 06.289    4   18 16.9 I  PE 874
 2014 07 03 22 32 10.9  15 00 56.9664 -14 43 06.298    4   18 17.2 I  PE 874
 2014 07 03 22 32 46.2  15 00 56.9645 -14 43 06.300    4   18 17.2 I  PE 874
 2014 07 03 22 33 21.5  15 00 56.9610 -14 43 06.314    4   18 17.0 I  PE 874
 2014 07 03 22 33 56.7  15 00 56.9590 -14 43 06.317    4   18 17.2 I  PE 874
 2014 07 03 22 34 32.0  15 00 56.9560 -14 43 06.310    4   18 17.1 I  PE 874
 2014 07 03 22 35 42.6  15 00 56.9513 -14 43 06.255    4   18 17.0 I  PE 874
 2014 07 03 22 36 53.2  15 00 56.9457 -14 43 06.255    4   18 17.0 I  PE 874
 2014 07 04 23 14 11.2  15 00 51.0245 -14 42 57.207   11    6 17.2 I  PE 874
 2014 07 04 23 17 27.0  15 00 51.0103 -14 42 57.202   11    6 17.1 I  PE 874
 2014 07 04 23 18 32.3  15 00 51.0069 -14 42 57.181   11    6 17.2 I  PE 874
 2014 07 04 23 19 37.5  15 00 51.0024 -14 42 57.181   11    6 17.2 I  PE 874
 2014 07 04 23 23 58.6  15 00 50.9820 -14 42 57.167   11    6 17.2 I  PE 874
 2014 07 04 23 25 03.9  15 00 50.9793 -14 42 57.143   11    6 17.1 I  PE 874
 2014 07 04 23 26 09.2  15 00 50.9744 -14 42 57.138   11    6 17.2 I  PE 874
 2014 07 04 23 28 19.7  15 00 50.9656 -14 42 57.126   11    6 17.2 I  PE 874
 2014 07 04 23 29 24.9  15 00 50.9597 -14 42 57.114   11    6 17.2 I  PE 874
 2014 07 04 23 30 30.2  15 00 50.9562 -14 42 57.116   11    6 17.2 I  PE 874
 2014 07 04 23 31 35.5  15 00 50.9516 -14 42 57.110   11    6 17.2 I  PE 874
 2014 07 04 23 32 40.7  15 00 50.9464 -14 42 57.108   11    6 17.2 I  PE 874
 2014 07 04 23 34 51.2  15 00 50.9376 -14 42 57.096   11    6 17.2 I  PE 874
