 2007 09 10 00 54 06.5  16 38 05.6133 -21 01 06.868   19   20 19.1 RE E  809
 2007 09 10 00 56 47.0  16 38 05.6492 -21 01 06.987   19   20 19.0 RE E  809
 2007 09 10 00 59 22.7  16 38 05.6868 -21 01 07.087   19   20 19.0 RE E  809
 2007 09 10 01 02 03.4  16 38 05.7263 -21 01 07.176   19   20 19.0 RE E  809
 2007 09 10 01 04 34.3  16 38 05.7623 -21 01 07.296   19   20 18.9 RE E  809
 2007 09 10 01 07 12.4  16 38 05.7994 -21 01 07.376   19   20 19.0 RE E  809
 2007 09 10 01 09 41.3  16 38 05.8335 -21 01 07.438   19   20 19.0 RE E  809
 2007 09 10 01 12 18.5  16 38 05.8684 -21 01 07.544   19   20 18.9 RE E  809
 2007 09 10 01 14 48.4  16 38 05.9059 -21 01 07.681   19   20 18.9 RE E  809
 2008 06 03 05 14 43.2  19 27 49.2622 -22 24 13.213  104   61 18.3 RE E  809
 2008 06 03 05 18 49.9  19 27 49.2231 -22 24 13.502  104   61 17.5 RE E  809
