 2007 09 10 01 18 45.9  16 43 20.3817 -22 09 26.366   58   61 19.3 RE E  809
 2007 09 10 01 21 21.9  16 43 20.4307 -22 09 26.409   58   61 19.2 RE E  809
 2007 09 10 01 23 59.0  16 43 20.4745 -22 09 26.441   58   61 19.2 RE E  809
 2007 09 10 01 26 51.8  16 43 20.5279 -22 09 26.545   58   61 19.3 RE E  809
 2007 09 10 01 29 22.9  16 43 20.5735 -22 09 26.598   58   61 19.2 RE E  809
 2007 09 10 01 32 01.0  16 43 20.6213 -22 09 26.682   58   61 19.3 RE E  809
 2007 09 10 01 34 34.4  16 43 20.6668 -22 09 26.739   58   61 19.2 RE E  809
 2007 09 10 01 37 11.9  16 43 20.7155 -22 09 26.774   58   61 19.2 RE E  809
 2007 09 10 01 39 42.2  16 43 20.7596 -22 09 26.843   58   61 19.2 RE E  809
 2007 09 10 01 43 41.8  16 43 20.8409 -22 09 27.019   58   61 19.4 RE E  809
 2007 09 10 01 46 19.9  16 43 20.8929 -22 09 27.053   58   61 19.4 RE E  809
 2007 09 10 01 48 58.1  16 43 20.9384 -22 09 27.119   58   61 19.3 RE E  809
 2007 09 10 01 51 38.8  16 43 20.9845 -22 09 27.149   58   61 19.3 RE E  809
 2007 09 10 01 54 12.2  16 43 21.0338 -22 09 27.194   58   61 19.3 RE E  809
 2007 09 10 01 56 50.7  16 43 21.0830 -22 09 27.301   58   61 19.2 RE E  809
 2007 09 10 01 59 23.2  16 43 21.1281 -22 09 27.323   58   61 19.4 RE E  809
 2007 09 10 02 02 02.8  16 43 21.1788 -22 09 27.371   58   61 19.4 RE E  809
 2007 09 10 02 04 33.6  16 43 21.2266 -22 09 27.414   58   61 19.4 RE E  809
 2008 06 04 08 49 50.0  19 34 34.4687 -22 01 09.675    6   10 18.1 RE E  809
 2008 06 04 08 54 35.8  19 34 34.4171 -22 01 09.716    6   10 18.3 RE E  809
 2009 05 20 10 01 31.9  21 54 23.5678 -13 10 49.722   24   24 18.9 RE E  809
 2009 05 20 10 03 11.5  21 54 23.5820 -13 10 49.678   24   24 18.7 RE E  809
 2009 05 20 10 04 51.8  21 54 23.5983 -13 10 49.606   24   24 18.8 RE E  809
 2009 05 20 10 08 10.4  21 54 23.6326 -13 10 49.517   24   24 18.8 RE E  809
 2009 05 20 10 09 47.9  21 54 23.6497 -13 10 49.441   24   24 18.6 RE E  809
 2009 05 20 10 13 07.4  21 54 23.6782 -13 10 49.285   24   24 18.8 RE E  809
 2009 05 20 10 14 47.6  21 54 23.6974 -13 10 49.274   24   24 18.6 RE E  809
 2009 05 20 10 18 43.0  21 54 23.7383 -13 10 49.117   24   24 18.6 RE E  809
 2009 05 20 10 20 22.6  21 54 23.7530 -13 10 49.082   24   24 18.6 RE E  809
 2009 05 20 10 22 01.8  21 54 23.7689 -13 10 48.985   24   24 18.7 RE E  809
 2009 05 20 10 25 21.1  21 54 23.8040 -13 10 48.948   24   24 18.7 RE E  809
 2009 05 22 06 22 16.0  21 54 50.3399 -13 09 26.275   31   20 19.4 RE E  809
 2009 05 22 06 23 57.0  21 54 50.3609 -13 09 26.211   31   20 19.2 RE E  809
 2009 05 22 06 25 37.1  21 54 50.3743 -13 09 26.179   31   20 19.3 RE E  809
 2009 05 22 06 27 16.7  21 54 50.3928 -13 09 26.123   31   20 19.2 RE E  809
 2009 05 22 06 28 53.9  21 54 50.4075 -13 09 26.077   31   20 19.3 RE E  809
 2009 05 22 06 30 34.2  21 54 50.4180 -13 09 26.068   31   20 19.2 RE E  809
 2009 05 22 06 34 13.8  21 54 50.4565 -13 09 25.991   31   20 18.6 RE E  809
 2009 05 22 06 35 53.2  21 54 50.4725 -13 09 25.945   31   20 18.6 RE E  809
 2009 05 22 06 37 30.8  21 54 50.4878 -13 09 25.873   31   20 18.5 RE E  809
 2009 05 22 06 39 10.7  21 54 50.5016 -13 09 25.828   31   20 18.5 RE E  809
 2009 05 22 06 40 50.6  21 54 50.5163 -13 09 25.779   31   20 18.5 RE E  809
 2009 05 22 06 42 29.9  21 54 50.5362 -13 09 25.775   31   20 18.6 RE E  809
 2009 05 22 06 44 10.7  21 54 50.5479 -13 09 25.705   31   20 18.5 RE E  809
 2009 05 23 06 17 48.2  21 55 03.7116 -13 08 48.694   18   17 18.4 RE E  809
 2009 05 23 06 19 29.3  21 55 03.7268 -13 08 48.670   18   17 18.4 RE E  809
 2009 05 23 06 22 48.9  21 55 03.7557 -13 08 48.603   18   17 18.8 RE E  809
 2009 05 23 06 26 08.8  21 55 03.7840 -13 08 48.487   18   17 18.6 RE E  809
 2009 05 23 06 27 45.8  21 55 03.7985 -13 08 48.464   18   17 18.5 RE E  809
 2009 05 23 06 29 25.0  21 55 03.8123 -13 08 48.414   18   17 18.5 RE E  809
 2009 05 23 06 31 04.9  21 55 03.8304 -13 08 48.363   18   17 18.6 RE E  809
 2009 05 23 06 32 45.1  21 55 03.8446 -13 08 48.339   18   17 18.5 RE E  809
 2009 05 23 06 34 52.7  21 55 03.8601 -13 08 48.260   18   17 18.6 RE E  809
 2009 05 23 06 36 33.0  21 55 03.8754 -13 08 48.259   18   17 18.7 RE E  809
 2009 05 23 06 38 12.9  21 55 03.8922 -13 08 48.191   18   17 18.7 RE E  809
 2009 05 23 06 39 52.9  21 55 03.9043 -13 08 48.181   18   17 18.6 RE E  809
 2009 05 23 06 41 32.6  21 55 03.9179 -13 08 48.116   18   17 18.6 RE E  809
 2009 05 23 06 43 12.8  21 55 03.9361 -13 08 48.108   18   17 19.0 RE E  809
 2009 05 23 06 44 52.9  21 55 03.9504 -13 08 48.080   18   17 18.8 RE E  809
 2009 05 23 06 46 33.0  21 55 03.9636 -13 08 48.020   18   17 18.6 RE E  809
 2009 05 23 06 48 12.9  21 55 03.9787 -13 08 47.980   18   17 18.9 RE E  809
 2009 05 24 06 21 35.5  21 55 16.3896 -13 08 15.921   36   16 19.2 RE E  809
 2009 05 24 06 27 27.0  21 55 16.4397 -13 08 15.832   36   16 18.6 RE E  809
 2009 05 24 06 30 43.8  21 55 16.4616 -13 08 15.796   36   16 18.5 RE E  809
 2009 05 24 06 36 05.0  21 55 16.5100 -13 08 15.642   36   16 18.7 RE E  809
 2009 05 24 06 41 12.6  21 55 16.5480 -13 08 15.539   36   16 19.0 RE E  809
 2009 05 24 06 43 03.1  21 55 16.5669 -13 08 15.498   36   16 18.2 RE E  809
 2009 05 24 06 47 54.6  21 55 16.6026 -13 08 15.444   36   16 18.5 RE E  809
 2009 05 24 06 52 38.9  21 55 16.6422 -13 08 15.344   36   16 18.6 RE E  809
 2009 05 24 06 54 50.0  21 55 16.6588 -13 08 15.307   36   16 18.4 RE E  809
 2009 05 24 06 56 28.9  21 55 16.6724 -13 08 15.268   36   16 18.5 RE E  809
 2009 05 24 06 58 06.5  21 55 16.6887 -13 08 15.240   36   16 18.4 RE E  809
 2009 05 24 06 59 46.3  21 55 16.7016 -13 08 15.212   36   16 18.4 RE E  809
 2009 05 24 07 01 23.7  21 55 16.7175 -13 08 15.186   36   16 18.5 RE E  809
 2009 05 24 07 07 59.7  21 55 16.7687 -13 08 15.036   36   16 18.5 RE E  809
 2009 05 24 07 13 19.7  21 55 16.8090 -13 08 14.947   36   16 18.8 RE E  809
 2009 05 24 07 16 23.7  21 55 16.8375 -13 08 14.892   36   16 18.3 RE E  809
 2009 05 24 07 18 00.9  21 55 16.8506 -13 08 14.839   36   16 18.5 RE E  809
 2009 05 24 07 19 38.5  21 55 16.8640 -13 08 14.799   36   16 18.4 RE E  809
 2009 05 24 07 21 17.7  21 55 16.8787 -13 08 14.786   36   16 18.3 RE E  809
 2009 05 24 07 22 54.6  21 55 16.8892 -13 08 14.739   36   16 18.3 RE E  809
 2009 05 24 07 24 33.5  21 55 16.9032 -13 08 14.698   36   16 18.4 RE E  809
 2009 05 24 07 26 10.5  21 55 16.9169 -13 08 14.679   36   16 18.4 RE E  809
 2009 05 24 07 27 49.7  21 55 16.9299 -13 08 14.643   36   16 18.3 RE E  809
 2009 05 24 07 29 29.7  21 55 16.9434 -13 08 14.613   36   16 18.4 RE E  809
 2009 05 24 07 31 09.8  21 55 16.9569 -13 08 14.605   36   16 18.4 RE E  809
 2009 05 24 08 22 59.8  21 55 17.3823 -13 08 13.533   36   16 18.6 RE E  809
 2009 05 24 08 31 15.7  21 55 17.4505 -13 08 13.384   36   16 18.8 RE E  809
 2009 05 24 08 35 21.2  21 55 17.4838 -13 08 13.326   36   16 18.7 RE E  809
 2009 05 24 08 37 19.5  21 55 17.4996 -13 08 13.254   36   16 18.7 RE E  809
