 2007 09 10 01 18 45.9  16 42 49.9875 -22 16 05.265   14    8 18.9 RE E  809
 2007 09 10 01 21 21.9  16 42 50.0272 -22 16 05.363   14    8 18.9 RE E  809
 2007 09 10 01 23 59.0  16 42 50.0630 -22 16 05.437   14    8 18.9 RE E  809
 2007 09 10 01 26 51.8  16 42 50.1047 -22 16 05.545   14    8 18.9 RE E  809
 2007 09 10 01 29 22.9  16 42 50.1406 -22 16 05.608   14    8 18.9 RE E  809
 2007 09 10 01 32 01.0  16 42 50.1794 -22 16 05.720   14    8 18.8 RE E  809
 2007 09 10 01 34 34.4  16 42 50.2156 -22 16 05.799   14    8 18.9 RE E  809
 2007 09 10 01 37 11.9  16 42 50.2518 -22 16 05.890   14    8 18.8 RE E  809
 2007 09 10 01 39 42.2  16 42 50.2867 -22 16 05.970   14    8 18.8 RE E  809
 2008 06 04 07 21 10.9  19 24 14.3511 -22 16 57.318    7    3 17.7 RE E  809
 2008 06 04 07 27 02.9  19 24 14.2725 -22 16 57.442    7    3 17.5 RE E  809
 2009 05 21 09 24 28.5  21 51 19.2997 -14 01 46.326   13   18 18.3 RE E  809
 2009 05 21 09 26 08.9  21 51 19.3146 -14 01 46.273   13   18 18.4 RE E  809
 2009 05 21 09 27 46.9  21 51 19.3312 -14 01 46.234   13   18 18.3 RE E  809
 2009 05 21 09 29 26.9  21 51 19.3447 -14 01 46.139   13   18 18.4 RE E  809
 2009 05 21 09 31 04.0  21 51 19.3606 -14 01 46.126   13   18 18.4 RE E  809
 2009 05 21 09 32 44.9  21 51 19.3764 -14 01 46.048   13   18 18.3 RE E  809
 2009 05 23 07 46 20.9  21 51 45.5520 -14 00 27.137   22   22 18.4 RE E  809
 2009 05 23 07 47 58.0  21 51 45.5639 -14 00 27.087   22   22 18.3 RE E  809
 2009 05 23 07 49 39.5  21 51 45.5783 -14 00 27.045   22   22 18.3 RE E  809
 2009 05 23 07 51 18.6  21 51 45.5923 -14 00 27.005   22   22 18.4 RE E  809
 2009 05 23 07 52 55.8  21 51 45.6087 -14 00 26.979   22   22 18.2 RE E  809
 2009 05 23 07 54 33.8  21 51 45.6208 -14 00 26.922   22   22 18.4 RE E  809
 2009 05 23 07 56 12.9  21 51 45.6357 -14 00 26.890   22   22 18.2 RE E  809
 2009 05 23 07 57 49.7  21 51 45.6504 -14 00 26.848   22   22 18.1 RE E  809
 2009 05 23 07 59 28.6  21 51 45.6661 -14 00 26.795   22   22 18.4 RE E  809
 2009 05 23 08 01 09.0  21 51 45.6810 -14 00 26.770   22   22 18.3 RE E  809
 2009 05 23 08 04 28.8  21 51 45.7103 -14 00 26.708   22   22 18.3 RE E  809
 2009 05 23 08 06 10.6  21 51 45.7238 -14 00 26.689   22   22 18.4 RE E  809
 2009 05 23 08 07 50.8  21 51 45.7391 -14 00 26.620   22   22 18.3 RE E  809
 2009 05 23 08 09 30.9  21 51 45.7528 -14 00 26.593   22   22 18.4 RE E  809
 2009 05 23 08 11 08.6  21 51 45.7666 -14 00 26.530   22   22 18.4 RE E  809
 2009 05 23 08 12 45.6  21 51 45.7812 -14 00 26.507   22   22 18.3 RE E  809
 2009 05 23 08 14 24.7  21 51 45.7931 -14 00 26.467   22   22 18.4 RE E  809
 2009 05 23 08 16 04.8  21 51 45.8094 -14 00 26.429   22   22 18.3 RE E  809
 2009 05 23 08 17 44.5  21 51 45.8240 -14 00 26.394   22   22 18.4 RE E  809
 2009 05 23 08 19 24.7  21 51 45.8375 -14 00 26.357   22   22 18.4 RE E  809
