 2001 12 18 21 55 13.4  04 34 30.1957 +19 36 29.522   26   71 18.3 R  OH 511
 2001 12 18 22 37 28.2  04 34 29.5857 +19 36 28.161   26   71 17.6 R  OH 511
 2001 12 18 22 49 29.7  04 34 29.4158 +19 36 27.939   26   71 18.0 R  OH 511
 2001 12 20 20 32 03.4  04 33 51.1410 +19 35 06.532  117   99 19.7 R  OH 511
 2001 12 20 20 43 26.9  04 33 50.9675 +19 35 06.416  117   99 19.4 R  OH 511
 2001 12 20 20 54 50.1  04 33 50.8062 +19 35 06.047  117   99 18.8 R  OH 511
 2001 12 20 21 06 13.3  04 33 50.6410 +19 35 05.599  117   99 20.0 R  OH 511
 2002 01 08 19 51 56.0  04 28 22.7232 +19 24 12.999   58   50 17.6 R  OH 511
 2002 01 08 20 21 22.6  04 28 22.4226 +19 24 12.499   58   50 19.5 R  OH 511
 2002 01 08 20 36 06.2  04 28 22.2824 +19 24 12.316   58   50 18.9 R  OH 511
 2002 01 10 19 46 49.1  04 27 55.2080 +19 23 24.152   17   42 19.3 R  OH 511
 2002 01 10 20 01 32.0  04 27 55.0661 +19 23 23.976   17   42 19.7 R  OH 511
 2002 01 10 20 16 15.8  04 27 54.9251 +19 23 23.656   17   42 20.3 R  OH 511
 2002 01 11 18 55 27.1  04 27 42.5052 +19 23 01.934   77   41 19.5 R  OH 511
 2002 01 11 19 10 10.7  04 27 42.3565 +19 23 01.618   77   41 19.0 R  OH 511
 2002 01 11 19 56 12.2  04 27 41.9379 +19 23 00.945   77   41 20.0 R  OH 511
 2002 01 11 20 10 55.7  04 27 41.7974 +19 23 00.753   77   41 19.8 R  OH 511
 2002 12 28 23 23 16.4  05 34 02.7147 +21 21 00.543  100   50 19.6 R  OH 511
 2002 12 28 23 34 39.3  05 34 02.5420 +21 21 00.496  100   50 20.2 R  OH 511
 2002 12 28 23 46 51.2  05 34 02.3822 +21 21 00.597  100   50 19.7 R  OH 511
