 1998 08 14 02 36 40.5  23 56 27.5601 -02 05 11.073   39    6 17.3 R  OH 511
 1998 08 14 02 52 47.0  23 56 27.3706 -02 05 12.146   39    6 17.5 R  OH 511
 1998 08 14 03 03 33.1  23 56 27.2438 -02 05 12.853   39    6 17.5 R  OH 511
 1998 08 14 03 11 48.1  23 56 27.1474 -02 05 13.405   39    6 17.6 R  OH 511
 1998 08 14 03 18 10.9  23 56 27.0734 -02 05 13.844   39    6 17.5 R  OH 511
 1998 08 14 03 24 34.0  23 56 26.9977 -02 05 14.260   39    6 17.6 R  OH 511
 1998 08 18 21 58 16.4  23 55 00.9605 -02 13 35.227   53   57 17.4 R  OH 511
 1998 08 18 22 07 19.8  23 55 00.8306 -02 13 35.844   53   57 17.4 R  OH 511
 1998 08 18 22 14 12.6  23 55 00.7397 -02 13 36.391   53   57 17.4 R  OH 511
 1998 08 18 22 21 04.6  23 55 00.6493 -02 13 36.937   53   57 17.4 R  OH 511
 1998 08 18 22 27 57.7  23 55 00.5477 -02 13 37.522   53   57 17.4 R  OH 511
 1998 08 18 22 34 50.8  23 55 00.4522 -02 13 37.996   53   57 17.5 R  OH 511
 1998 08 18 22 41 42.7  23 55 00.3630 -02 13 38.512   53   57 17.5 R  OH 511
 1998 08 18 22 48 35.2  23 55 00.2654 -02 13 39.234   53   57 17.4 R  OH 511
 1998 08 18 22 58 17.2  23 55 00.1316 -02 13 39.903   53   57 17.4 R  OH 511
 1999 10 09 02 25 06.6  01 53 00.4086 +09 28 40.380   51   14 17.4 R  OH 511
 1999 10 09 02 33 31.0  01 53 00.2487 +09 28 39.418   51   14 17.4 R  OH 511
 1999 10 09 02 44 11.5  01 53 00.0364 +09 28 38.144   51   14 17.5 R  OH 511
 1999 10 09 03 00 53.9  01 52 59.7192 +09 28 36.165   51   14 17.3 R  OH 511
 1999 10 09 03 05 36.6  01 52 59.6310 +09 28 35.642   51   14 17.3 R  OH 511
 1999 10 09 03 10 18.5  01 52 59.5426 +09 28 35.090   51   14 17.5 R  OH 511
 1999 10 09 03 15 00.5  01 52 59.4471 +09 28 34.546   51   14 17.3 R  OH 511
 1999 10 09 03 19 42.5  01 52 59.3643 +09 28 33.975   51   14 17.3 R  OH 511
 1999 10 09 03 24 24.7  01 52 59.2704 +09 28 33.429   51   14 17.3 R  OH 511
 1999 10 09 03 33 50.3  01 52 59.0980 +09 28 32.347   51   14 17.4 R  OH 511
 1999 10 12 01 38 30.2  01 51 39.1112 +09 20 17.165   74   28 17.2 R  OH 511
 1999 10 12 01 43 19.1  01 51 39.0201 +09 20 16.654   74   28 17.2 R  OH 511
 1999 10 12 01 52 15.8  01 51 38.8368 +09 20 15.540   74   28 17.3 R  OH 511
 1999 10 12 02 02 03.7  01 51 38.6535 +09 20 14.384   74   28 17.2 R  OH 511
 1999 10 12 02 06 59.3  01 51 38.5588 +09 20 13.832   74   28 17.2 R  OH 511
 1999 11 10 23 09 04.1  01 37 53.3708 +07 59 12.066   20   31 17.1 R  OH 511
 1999 11 10 23 17 20.6  01 37 53.2264 +07 59 11.350   20   31 17.2 R  OH 511
 1999 11 10 23 23 44.0  01 37 53.1194 +07 59 10.722   20   31 17.2 R  OH 511
 1999 11 10 23 30 07.0  01 37 53.0095 +07 59 10.061   20   31 17.2 R  OH 511
 1999 11 10 23 36 31.0  01 37 52.9004 +07 59 09.481   20   31 17.1 R  OH 511
 1999 11 10 23 42 54.5  01 37 52.7931 +07 59 08.911   20   31 17.2 R  OH 511
 1999 11 10 23 49 17.3  01 37 52.6817 +07 59 08.327   20   31 17.2 R  OH 511
 1999 11 30 21 19 34.5  01 31 47.7726 +07 27 11.551   18   23 17.6 R  OH 511
 1999 11 30 21 23 29.1  01 31 47.7387 +07 27 11.374   18   23 17.6 R  OH 511
 1999 11 30 21 31 01.8  01 31 47.6748 +07 27 11.136   18   23 17.5 R  OH 511
 1999 11 30 21 36 34.2  01 31 47.6276 +07 27 10.956   18   23 17.5 R  OH 511
 1999 11 30 21 42 06.3  01 31 47.5782 +07 27 10.735   18   23 17.5 R  OH 511
 1999 11 30 21 47 38.2  01 31 47.5288 +07 27 10.494   18   23 17.5 R  OH 511
 1999 11 30 21 53 10.4  01 31 47.4821 +07 27 10.301   18   23 17.5 R  OH 511
 1999 12 02 19 02 08.4  01 31 26.7453 +07 25 38.392   24    4 17.6 R  OH 511
 1999 12 02 19 06 14.9  01 31 26.7154 +07 25 38.256   24    4 17.6 R  OH 511
 1999 12 02 19 14 57.8  01 31 26.6503 +07 25 37.997   24    4 17.6 R  OH 511
 1999 12 02 19 21 21.2  01 31 26.6020 +07 25 37.802   24    4 17.5 R  OH 511
 1999 12 02 19 34 07.1  01 31 26.5055 +07 25 37.409   24    4 17.5 R  OH 511
 1999 12 02 19 40 30.7  01 31 26.4569 +07 25 37.221   24    4 17.5 R  OH 511
 1999 12 05 18 47 17.3  01 30 59.1716 +07 23 47.282   44   32 17.6 R  OH 511
 1999 12 05 18 51 35.3  01 30 59.1401 +07 23 47.107   44   32 17.6 R  OH 511
 1999 12 05 18 58 38.5  01 30 59.1033 +07 23 46.960   44   32 17.7 R  OH 511
 1999 12 05 19 04 10.8  01 30 59.0660 +07 23 46.861   44   32 17.6 R  OH 511
 1999 12 05 19 09 42.5  01 30 59.0286 +07 23 46.764   44   32 17.6 R  OH 511
 1999 12 05 19 15 15.1  01 30 59.0015 +07 23 46.673   44   32 17.6 R  OH 511
 1999 12 05 19 20 47.1  01 30 58.9659 +07 23 46.523   44   32 17.7 R  OH 511
 1999 12 08 18 27 55.4  01 30 38.5220 +07 22 39.906    5   17 17.3 R  OH 511
 1999 12 08 18 37 47.2  01 30 38.4788 +07 22 39.780    5   17 17.3 R  OH 511
 1999 12 08 18 48 41.8  01 30 38.4304 +07 22 39.698    5   17 17.4 R  OH 511
 1999 12 08 20 02 29.1  01 30 38.1059 +07 22 38.951    5   17 17.4 R  OH 511
 2000 11 28 02 16 42.1  04 12 42.8392 +20 43 52.363   83   69 17.4 R  OH 511
 2000 11 28 02 22 54.2  04 12 42.6717 +20 43 51.828   83   69 16.8 R  OH 511
 2000 11 28 02 29 17.2  04 12 42.5102 +20 43 51.481   83   69 17.1 R  OH 511
 2000 11 28 02 35 40.3  04 12 42.3255 +20 43 51.006   83   69 16.7 R  OH 511
 2001 11 20 03 17 48.0  07 12 19.6776 +21 46 59.728   13    9 17.7 R  OH 511
 2001 11 20 03 21 45.9  07 12 19.6442 +21 46 59.794   13    9 17.8 R  OH 511
 2001 11 20 03 26 28.8  07 12 19.6045 +21 46 59.817   13    9 17.7 R  OH 511
 2001 11 20 03 31 12.5  07 12 19.5624 +21 46 59.890   13    9 17.7 R  OH 511
 2001 11 20 03 35 56.0  07 12 19.5225 +21 46 59.939   13    9 17.7 R  OH 511
 2001 11 20 03 40 39.8  07 12 19.4831 +21 46 59.997   13    9 17.7 R  OH 511
 2001 11 20 03 47 52.7  07 12 19.4237 +21 47 00.075   13    9 17.8 R  OH 511
 2001 11 20 03 52 35.8  07 12 19.3826 +21 47 00.133   13    9 17.8 R  OH 511
 2001 11 20 03 57 18.7  07 12 19.3415 +21 47 00.202   13    9 17.8 R  OH 511
 2001 11 20 04 02 02.4  07 12 19.3010 +21 47 00.237   13    9 17.8 R  OH 511
 2001 11 23 00 49 10.0  07 11 42.7757 +21 47 56.727   85   37 17.7 R  OH 511
 2001 11 23 01 01 58.5  07 11 42.6474 +21 47 56.961   85   37 17.7 R  OH 511
 2001 11 23 01 27 36.9  07 11 42.3867 +21 47 57.376   85   37 17.9 R  OH 511
 2001 11 23 01 34 01.3  07 11 42.3099 +21 47 57.497   85   37 18.0 R  OH 511
 2001 11 23 01 40 25.9  07 11 42.2611 +21 47 57.503   85   37 17.9 R  OH 511
 2001 12 19 22 29 28.9  07 01 09.3211 +22 05 11.290   37    7 17.3 R  OH 511
 2001 12 19 22 34 52.5  07 01 09.1957 +22 05 11.480   37    7 17.3 R  OH 511
 2001 12 19 22 40 16.3  07 01 09.0812 +22 05 11.667   37    7 17.3 R  OH 511
 2001 12 19 22 45 40.2  07 01 08.9625 +22 05 11.874   37    7 17.3 R  OH 511
 2001 12 19 22 51 04.1  07 01 08.8444 +22 05 12.055   37    7 17.2 R  OH 511
 2001 12 19 22 56 28.0  07 01 08.7263 +22 05 12.261   37    7 17.2 R  OH 511
 2001 12 19 23 01 51.9  07 01 08.6083 +22 05 12.457   37    7 17.3 R  OH 511
 2001 12 19 23 07 16.2  07 01 08.4841 +22 05 12.641   37    7 17.3 R  OH 511
 2001 12 19 23 12 39.9  07 01 08.3712 +22 05 12.824   37    7 17.3 R  OH 511
 2001 12 21 21 58 34.4  07 00 07.0740 +22 06 50.743   94   17 17.3 R  OH 511
 2001 12 21 22 03 57.7  07 00 06.9577 +22 06 50.975   94   17 17.4 R  OH 511
 2001 12 21 22 09 21.2  07 00 06.8237 +22 06 51.162   94   17 17.3 R  OH 511
 2001 12 21 22 14 44.6  07 00 06.7010 +22 06 51.375   94   17 17.3 R  OH 511
 2002 01 09 00 35 56.9  06 50 04.2564 +22 22 18.208   20    9 17.3 R  OH 511
 2002 01 09 00 47 04.4  06 50 03.9920 +22 22 18.597   20    9 17.4 R  OH 511
 2002 01 09 00 52 28.7  06 50 03.8652 +22 22 18.773   20    9 17.4 R  OH 511
 2002 01 09 00 57 52.6  06 50 03.7384 +22 22 18.959   20    9 17.4 R  OH 511
 2002 01 09 01 03 16.7  06 50 03.6110 +22 22 19.113   20    9 17.5 R  OH 511
 2002 01 09 01 08 40.4  06 50 03.4866 +22 22 19.291   20    9 17.4 R  OH 511
 2002 01 09 01 14 04.3  06 50 03.3590 +22 22 19.478   20    9 17.5 R  OH 511
 2002 01 09 01 19 28.4  06 50 03.2300 +22 22 19.671   20    9 17.5 R  OH 511
 2002 01 09 01 24 52.9  06 50 03.1007 +22 22 19.841   20    9 17.5 R  OH 511
 2002 01 09 01 30 17.1  06 50 02.9734 +22 22 20.022   20    9 17.5 R  OH 511
 2002 02 07 21 51 16.2  06 36 25.8552 +22 42 41.876   23   27 17.6 R  OH 511
 2002 02 07 21 58 53.1  06 36 25.7532 +22 42 41.970   23   27 17.7 R  OH 511
 2002 02 07 22 04 17.1  06 36 25.6842 +22 42 42.088   23   27 17.6 R  OH 511
 2002 02 07 22 09 41.6  06 36 25.6104 +22 42 42.215   23   27 17.7 R  OH 511
 2002 02 07 22 15 05.5  06 36 25.5359 +22 42 42.313   23   27 17.7 R  OH 511
 2002 02 09 00 19 20.5  06 36 05.8367 +22 43 15.360   25   26 17.5 R  OH 511
 2002 02 09 00 27 16.1  06 36 05.7389 +22 43 15.472   25   26 17.8 R  OH 511
 2002 02 09 00 33 00.1  06 36 05.6703 +22 43 15.631   25   26 17.8 R  OH 511
 2002 02 09 00 38 42.9  06 36 05.5952 +22 43 15.719   25   26 17.8 R  OH 511
 2002 02 09 00 44 26.2  06 36 05.5234 +22 43 15.879   25   26 17.7 R  OH 511
 2002 02 09 00 50 09.9  06 36 05.4506 +22 43 15.943   25   26 17.8 R  OH 511
 2002 12 29 01 17 17.0  09 13 54.1133 +17 12 50.449   17   26 18.0 R  OH 511
 2002 12 29 01 22 49.8  09 13 54.0433 +17 12 50.749   17   26 17.9 R  OH 511
 2002 12 29 01 28 22.5  09 13 53.9696 +17 12 51.178   17   26 18.0 R  OH 511
 2002 12 29 01 33 55.6  09 13 53.9011 +17 12 51.501   17   26 18.0 R  OH 511
 2002 12 29 01 39 28.9  09 13 53.8275 +17 12 51.914   17   26 18.0 R  OH 511
 2002 12 29 01 45 10.2  09 13 53.7570 +17 12 52.263   17   26 18.2 R  OH 511
 2002 12 29 01 50 43.1  09 13 53.6838 +17 12 52.633   17   26 18.1 R  OH 511
 2003 01 29 23 48 21.9  09 00 13.2562 +18 16 21.434   50   61 17.9 R  OH 511
 2003 01 29 23 53 23.0  09 00 13.1560 +18 16 21.960   50   61 17.7 R  OH 511
 2003 01 30 00 08 27.5  09 00 12.8253 +18 16 23.279   50   61 17.8 R  OH 511
 2003 01 30 00 14 00.4  09 00 12.7025 +18 16 23.736   50   61 17.9 R  OH 511
 2003 01 30 00 19 33.5  09 00 12.5878 +18 16 24.126   50   61 17.5 R  OH 511
 2004 03 24 20 09 23.8  10 58 13.7927 +07 32 43.700   42   29 18.1 R  OH 511
 2004 03 24 20 20 12.1  10 58 13.5849 +07 32 45.042   42   29 18.0 R  OH 511
 2004 03 24 20 28 36.9  10 58 13.4174 +07 32 46.104   42   29 18.0 R  OH 511
 2004 03 24 20 37 02.3  10 58 13.2524 +07 32 47.117   42   29 17.9 R  OH 511
 2004 03 24 20 45 27.7  10 58 13.0863 +07 32 48.159   42   29 17.9 R  OH 511
 2004 03 24 20 53 52.4  10 58 12.9232 +07 32 49.151   42   29 17.9 R  OH 511
 2004 03 24 21 02 16.3  10 58 12.7575 +07 32 50.155   42   29 17.9 R  OH 511
 2004 03 24 21 10 39.5  10 58 12.5958 +07 32 51.164   42   29 17.9 R  OH 511
 2004 03 24 21 19 04.4  10 58 12.4357 +07 32 52.208   42   29 17.9 R  OH 511
 2004 03 24 21 27 29.2  10 58 12.2616 +07 32 53.294   42   29 17.9 R  OH 511
 2004 04 23 21 17 25.3  10 48 05.8751 +08 36 42.223   81   33 17.2 R  OH 511
 2004 04 23 21 27 55.7  10 48 05.7793 +08 36 42.779   81   33 18.1 R  OH 511
 2004 04 23 21 34 20.3  10 48 05.7244 +08 36 43.082   81   33 17.9 R  OH 511
 2004 04 23 21 40 44.3  10 48 05.6839 +08 36 43.384   81   33 18.0 R  OH 511
 2004 04 23 21 47 09.1  10 48 05.6225 +08 36 43.715   81   33 18.1 R  OH 511
 2004 04 23 21 53 33.3  10 48 05.5713 +08 36 44.106   81   33 18.2 R  OH 511
 2004 04 23 21 59 57.4  10 48 05.5226 +08 36 44.384   81   33 18.1 R  OH 511
 2004 04 23 22 06 21.9  10 48 05.4623 +08 36 44.673   81   33 18.0 R  OH 511
 2004 04 23 22 12 46.5  10 48 05.4047 +08 36 45.045   81   33 18.0 R  OH 511
 2005 03 08 03 11 50.1  13 10 58.8333 -05 37 38.494   74   41 18.2 R  OH 511
 2005 03 08 03 17 04.1  13 10 58.7579 -05 37 38.012   74   41 18.2 R  OH 511
 2005 03 08 03 22 17.9  13 10 58.6911 -05 37 37.659   74   41 18.2 R  OH 511
 2005 03 08 03 27 31.1  13 10 58.6241 -05 37 37.335   74   41 18.2 R  OH 511
 2005 03 08 03 32 45.0  13 10 58.5486 -05 37 36.902   74   41 18.4 R  OH 511
 2005 03 08 03 37 59.0  13 10 58.4813 -05 37 36.446   74   41 18.2 R  OH 511
 2005 03 08 03 43 13.0  13 10 58.4020 -05 37 36.050   74   41 18.2 R  OH 511
 2005 03 08 03 48 26.7  13 10 58.3368 -05 37 35.643   74   41 18.2 R  OH 511
 2005 03 10 00 37 29.1  13 10 22.8040 -05 34 01.583   22   38 17.8 R  OH 511
 2005 03 10 00 42 32.7  13 10 22.7301 -05 34 01.145   22   38 17.9 R  OH 511
 2005 03 10 00 47 35.9  13 10 22.6580 -05 34 00.662   22   38 17.9 R  OH 511
 2005 03 10 00 52 39.8  13 10 22.5896 -05 34 00.283   22   38 17.9 R  OH 511
 2005 03 10 00 57 42.9  13 10 22.5173 -05 33 59.890   22   38 17.9 R  OH 511
 2005 03 10 01 02 46.4  13 10 22.4497 -05 33 59.439   22   38 17.9 R  OH 511
 2005 03 10 01 07 50.3  13 10 22.3750 -05 33 59.005   22   38 17.8 R  OH 511
 2005 03 10 01 12 54.2  13 10 22.3042 -05 33 58.570   22   38 17.9 R  OH 511
 2005 03 10 01 17 57.5  13 10 22.2349 -05 33 58.198   22   38 17.9 R  OH 511
 2005 03 10 01 23 00.9  13 10 22.1638 -05 33 57.832   22   38 17.9 R  OH 511
 2005 03 10 01 28 04.4  13 10 22.0934 -05 33 57.393   22   38 17.9 R  OH 511
 2005 04 13 23 39 49.3  12 55 52.4789 -04 10 45.587   79   21 17.3 R  OH 511
 2005 04 13 23 46 20.2  12 55 52.3585 -04 10 44.935   79   21 17.7 R  OH 511
 2005 04 13 23 54 24.2  12 55 52.2104 -04 10 44.121   79   21 17.7 R  OH 511
 2005 04 14 00 02 27.9  12 55 52.0636 -04 10 43.301   79   21 17.6 R  OH 511
 2005 04 14 00 10 31.7  12 55 51.9034 -04 10 42.482   79   21 17.7 R  OH 511
 2005 04 14 00 18 35.6  12 55 51.7535 -04 10 41.718   79   21 17.7 R  OH 511
 2005 04 14 00 26 39.5  12 55 51.6133 -04 10 40.899   79   21 17.6 R  OH 511
 2005 04 14 00 34 43.0  12 55 51.4469 -04 10 40.032   79   21 17.6 R  OH 511
 2005 05 04 20 49 07.5  12 47 42.9441 -03 27 40.470  104   64 17.1 R  OH 511
 2005 05 04 20 56 07.2  12 47 42.8473 -03 27 40.022  104   64 17.6 R  OH 511
 2005 05 04 21 03 20.4  12 47 42.7529 -03 27 39.492  104   64 17.5 R  OH 511
 2005 05 04 21 10 33.5  12 47 42.6347 -03 27 38.919  104   64 17.6 R  OH 511
 2005 05 04 21 17 47.0  12 47 42.5359 -03 27 38.420  104   64 17.6 R  OH 511
 2005 05 04 21 32 14.4  12 47 42.3397 -03 27 37.607  104   64 17.7 R  OH 511
 2005 05 04 21 39 27.7  12 47 42.2327 -03 27 37.072  104   64 17.6 R  OH 511
 2005 05 06 22 36 19.6  12 47 03.6368 -03 24 28.340   29   34 17.5 R  OH 511
 2005 05 06 22 43 33.2  12 47 03.5382 -03 24 27.870   29   34 17.6 R  OH 511
 2005 05 06 22 58 00.9  12 47 03.3521 -03 24 26.914   29   34 17.5 R  OH 511
 2005 05 06 23 12 28.8  12 47 03.1610 -03 24 26.061   29   34 17.7 R  OH 511
 2005 05 08 22 28 36.2  12 46 27.9339 -03 21 37.119   23   19 18.0 R  OH 511
 2005 05 08 22 35 49.7  12 46 27.8410 -03 21 36.740   23   19 18.0 R  OH 511
 2005 05 08 22 43 03.7  12 46 27.7504 -03 21 36.328   23   19 18.0 R  OH 511
 2005 05 08 22 50 16.9  12 46 27.6618 -03 21 35.868   23   19 18.1 R  OH 511
 2005 05 08 22 57 30.1  12 46 27.5743 -03 21 35.477   23   19 18.1 R  OH 511
 2005 05 08 23 04 44.0  12 46 27.4819 -03 21 35.050   23   19 18.0 R  OH 511
 2005 05 14 21 22 58.7  12 44 54.2286 -03 14 31.129   50   25 18.2 R  OH 511
 2005 05 14 21 41 05.6  12 44 54.0381 -03 14 30.405   50   25 18.1 R  OH 511
 2005 05 14 21 48 19.0  12 44 53.9647 -03 14 30.056   50   25 18.1 R  OH 511
 2005 05 14 21 55 33.1  12 44 53.8954 -03 14 29.780   50   25 18.1 R  OH 511
 2005 05 14 22 02 46.5  12 44 53.8248 -03 14 29.432   50   25 18.0 R  OH 511
 2005 05 14 22 09 59.8  12 44 53.7537 -03 14 29.166   50   25 18.0 R  OH 511
 2005 05 14 22 17 13.7  12 44 53.6782 -03 14 28.820   50   25 18.1 R  OH 511
 2005 05 14 22 24 27.5  12 44 53.6063 -03 14 28.512   50   25 17.9 R  OH 511
 2006 05 25 21 00 29.6  14 31 39.0045 -13 49 36.359   93   68 18.8 R  OH 511
 2006 05 25 21 13 18.1  14 31 38.7687 -13 49 35.101   93   68 17.9 R  OH 511
 2006 05 25 21 19 41.6  14 31 38.6566 -13 49 34.468   93   68 17.9 R  OH 511
 2006 05 25 21 26 05.5  14 31 38.5301 -13 49 33.838   93   68 17.9 R  OH 511
 2006 05 25 21 32 30.1  14 31 38.4164 -13 49 33.361   93   68 17.9 R  OH 511
 2006 05 25 21 38 53.8  14 31 38.2949 -13 49 32.662   93   68 18.0 R  OH 511
 2006 05 25 21 45 18.2  14 31 38.1687 -13 49 31.940   93   68 18.1 R  OH 511
