 2007 09 09 23 36 10.2  16 37 00.5920 -21 22 09.447   70   79 17.3 RE E  809
 2007 09 09 23 37 42.6  16 37 00.6176 -21 22 09.496   70   79 17.4 RE E  809
 2007 09 09 23 39 15.3  16 37 00.6455 -21 22 09.527   70   79 17.4 RE E  809
 2007 09 09 23 40 54.4  16 37 00.6741 -21 22 09.582   70   79 17.4 RE E  809
 2007 09 09 23 42 31.4  16 37 00.7019 -21 22 09.618   70   79 17.4 RE E  809
 2007 09 09 23 44 07.2  16 37 00.7291 -21 22 09.679   70   79 17.4 RE E  809
 2007 09 09 23 45 44.1  16 37 00.7579 -21 22 09.728   70   79 17.3 RE E  809
 2007 09 09 23 47 20.2  16 37 00.7852 -21 22 09.770   70   79 17.3 RE E  809
 2007 09 09 23 48 57.8  16 37 00.8130 -21 22 09.810   70   79 17.3 RE E  809
 2007 09 09 23 51 31.4  16 37 00.8479 -21 22 09.780   70   79 17.0 RE E  809
 2007 09 09 23 53 09.0  16 37 00.8764 -21 22 09.824   70   79 17.0 RE E  809
 2007 09 09 23 56 21.4  16 37 00.9320 -21 22 09.915   70   79 17.0 RE E  809
 2007 09 10 00 01 14.1  16 37 01.0158 -21 22 10.053   70   79 17.0 RE E  809
 2007 09 10 00 02 51.6  16 37 01.0437 -21 22 10.099   70   79 17.0 RE E  809
 2007 09 10 00 04 29.5  16 37 01.0732 -21 22 10.147   70   79 16.9 RE E  809
 2007 09 10 02 08 43.2  16 37 03.2474 -21 22 13.763   70   79 17.6 RE E  809
 2007 09 10 02 11 41.2  16 37 03.3003 -21 22 13.844   70   79 17.6 RE E  809
 2007 09 10 02 14 38.3  16 37 03.3524 -21 22 13.927   70   79 17.6 RE E  809
 2007 09 10 02 17 36.0  16 37 03.4036 -21 22 14.004   70   79 17.6 RE E  809
 2007 09 10 02 20 27.4  16 37 03.4545 -21 22 14.064   70   79 17.6 RE E  809
 2007 09 10 02 23 24.8  16 37 03.5073 -21 22 14.151   70   79 17.6 RE E  809
 2007 09 10 02 26 16.7  16 37 03.5573 -21 22 14.242   70   79 17.5 RE E  809
 2007 09 10 02 29 12.7  16 37 03.6094 -21 22 14.325   70   79 17.6 RE E  809
 2007 09 10 02 32 04.4  16 37 03.6596 -21 22 14.406   70   79 17.6 RE E  809
 2008 06 01 05 49 36.9  19 30 04.8519 -21 31 00.522   78    7 17.1 RE E  809
 2008 06 01 05 57 30.5  19 30 04.7215 -21 31 00.697   78    7 17.2 RE E  809
 2008 06 01 06 03 59.2  19 30 04.6308 -21 31 00.821   78    7 17.2 RE E  809
 2008 06 04 07 34 22.0  19 28 54.5585 -21 32 37.748    3    7 16.9 RE E  809
 2008 06 04 07 40 38.2  19 28 54.4511 -21 32 37.907    3    7 17.1 RE E  809
 2009 05 23 08 50 19.2  21 53 54.2166 -13 48 01.258   16   12 17.4 RE E  809
 2009 05 23 08 56 04.6  21 53 54.3053 -13 48 01.032   16   12 17.8 RE E  809
 2009 05 23 09 03 40.2  21 53 54.4248 -13 48 00.729   16   12 17.6 RE E  809
 2009 05 23 09 06 58.9  21 53 54.4737 -13 48 00.580   16   12 17.2 RE E  809
 2009 05 23 09 11 40.9  21 53 54.5459 -13 48 00.390   16   12 17.4 RE E  809
 2009 05 23 09 46 00.8  21 53 55.0731 -13 47 59.054   16   12 17.3 RE E  809
 2009 05 23 09 49 18.1  21 53 55.1226 -13 47 58.923   16   12 17.3 RE E  809
 2009 05 23 09 53 54.3  21 53 55.1946 -13 47 58.727   16   12 17.3 RE E  809
 2009 05 23 09 56 32.3  21 53 55.2352 -13 47 58.634   16   12 17.3 RE E  809
 2009 05 23 09 59 09.4  21 53 55.2765 -13 47 58.527   16   12 17.3 RE E  809
 2009 05 23 10 01 47.4  21 53 55.3163 -13 47 58.431   16   12 17.4 RE E  809
 2009 05 23 10 04 18.4  21 53 55.3541 -13 47 58.334   16   12 17.3 RE E  809
 2009 05 23 10 07 35.2  21 53 55.4023 -13 47 58.221   16   12 17.4 RE E  809
 2009 05 23 10 10 30.2  21 53 55.4487 -13 47 58.088   16   12 17.3 RE E  809
 2009 05 23 10 13 07.3  21 53 55.4877 -13 47 58.006   16   12 17.3 RE E  809
 2009 05 23 10 15 46.4  21 53 55.5275 -13 47 57.884   16   12 17.3 RE E  809
 2009 05 23 10 18 17.3  21 53 55.5662 -13 47 57.794   16   12 17.4 RE E  809
