 1995 06 09 03 50 29.9  16 30 30.0725 -20 47 13.562   21   22 14.6 C  PE 874
 1995 06 09 03 51 53.9  16 30 30.0471 -20 47 13.534   21   22 14.5 C  PE 874
 1995 06 09 03 53 27.0  16 30 30.0139 -20 47 13.560   21   22 14.3 C  PE 874
 1996 06 21 01 27 36.2  19 05 47.0036 -22 42 48.968    9    5 15.0 C  PE 874
 1996 06 21 01 30 20.1  19 05 46.9331 -22 42 48.987    9    5 15.0 C  PE 874
 1996 06 21 01 31 38.4  19 05 46.9007 -22 42 49.011    9    5 15.0 C  PE 874
 1996 06 21 01 32 56.2  19 05 46.8684 -22 42 49.023    9    5 15.0 C  PE 874
 1996 06 24 01 15 49.0  19 03 58.2058 -22 43 27.773    3    7 14.9 C  PE 874
 1996 06 24 01 18 14.0  19 03 58.1422 -22 43 27.784    3    7 14.8 C  PE 874
 1996 06 24 01 19 57.0  19 03 58.0973 -22 43 27.811    3    7 14.9 C  PE 874
 1996 06 24 01 21 40.0  19 03 58.0519 -22 43 27.824    3    7 14.9 C  PE 874
 1996 06 25 01 21 08.0  19 03 20.7165 -22 43 40.468   18    5 14.5 C  PE 874
 1996 06 25 01 24 53.0  19 03 20.6141 -22 43 40.517   18    5 14.7 C  PE 874
 1996 06 25 01 26 36.0  19 03 20.5689 -22 43 40.526   18    5 14.7 C  PE 874
 1996 06 25 01 28 19.0  19 03 20.5241 -22 43 40.543   18    5 14.7 C  PE 874
 1996 06 26 02 07 13.0  19 02 41.8561 -22 43 53.328   17    4 14.6 C  PE 874
 1996 06 26 02 10 15.0  19 02 41.7730 -22 43 53.361   17    4 14.8 C  PE 874
 1996 06 26 02 11 58.0  19 02 41.7277 -22 43 53.371   17    4 14.7 C  PE 874
 1996 06 26 02 13 41.0  19 02 41.6794 -22 43 53.398   17    4 14.6 C  PE 874
 1996 07 25 00 01 39.3  18 43 57.0335 -22 48 34.434    8   12 15.1 un PE 874
 1996 07 25 00 03 11.6  18 43 56.9944 -22 48 34.438    8   12 15.1 un PE 874
 1996 07 25 00 04 02.7  18 43 56.9739 -22 48 34.461    8   12 15.1 un PE 874
 1996 07 25 00 04 19.6  18 43 56.9673 -22 48 34.442    8   12 15.1 un PE 874
 1996 07 25 00 04 36.6  18 43 56.9585 -22 48 34.434    8   12 15.1 un PE 874
 1996 07 25 00 05 10.7  18 43 56.9449 -22 48 34.445    8   12 15.1 un PE 874
 1996 07 25 00 05 27.6  18 43 56.9384 -22 48 34.445    8   12 15.1 un PE 874
 1996 07 25 00 05 44.6  18 43 56.9315 -22 48 34.445    8   12 15.1 un PE 874
 1996 07 25 00 06 01.7  18 43 56.9241 -22 48 34.434    8   12 15.1 un PE 874
 1996 07 25 00 06 18.6  18 43 56.9156 -22 48 34.432    8   12 15.1 un PE 874
 1996 07 25 00 06 35.6  18 43 56.9085 -22 48 34.456    8   12 15.1 un PE 874
 1996 07 25 00 06 52.6  18 43 56.9020 -22 48 34.471    8   12 15.1 un PE 874
 1996 07 25 00 07 43.6  18 43 56.8804 -22 48 34.475    8   12 15.1 un PE 874
 1996 07 25 00 08 00.7  18 43 56.8736 -22 48 34.462    8   12 15.1 un PE 874
 1996 07 25 00 08 17.6  18 43 56.8662 -22 48 34.472    8   12 15.1 un PE 874
 1996 07 26 02 29 00.4  18 43 18.1707 -22 48 43.199    5   10 15.2 un PE 874
 1996 07 26 02 30 37.6  18 43 18.1303 -22 48 43.215    5   10 15.3 un PE 874
 1996 07 26 02 31 24.6  18 43 18.1115 -22 48 43.207    5   10 15.1 un PE 874
 1996 07 26 02 32 11.7  18 43 18.0918 -22 48 43.213    5   10 15.1 un PE 874
 1996 07 26 02 32 57.7  18 43 18.0727 -22 48 43.226    5   10 15.2 un PE 874
 1996 07 26 02 34 32.7  18 43 18.0337 -22 48 43.244    5   10 15.2 un PE 874
 1996 07 26 02 35 19.7  18 43 18.0139 -22 48 43.221    5   10 15.0 un PE 874
 1996 07 26 02 36 06.7  18 43 17.9952 -22 48 43.221    5   10 15.1 un PE 874
 1996 07 26 02 36 53.7  18 43 17.9747 -22 48 43.247    5   10 15.1 un PE 874
 1996 07 27 01 50 59.7  18 42 44.4963 -22 48 50.904    6   26 15.0 un PE 874
 1996 07 27 01 51 46.6  18 42 44.4770 -22 48 50.854    6   26 15.1 un PE 874
 1996 07 27 01 52 33.7  18 42 44.4569 -22 48 50.925    6   26 15.0 un PE 874
 1996 07 27 01 53 20.6  18 42 44.4377 -22 48 50.887    6   26 15.0 un PE 874
 1996 07 27 01 54 07.6  18 42 44.4191 -22 48 50.877    6   26 15.0 un PE 874
 1996 07 27 01 54 54.6  18 42 44.4000 -22 48 50.902    6   26 15.0 un PE 874
 1996 07 27 01 55 41.7  18 42 44.3807 -22 48 50.938    6   26 15.0 un PE 874
 1996 07 27 01 56 28.7  18 42 44.3619 -22 48 50.885    6   26 15.1 un PE 874
 1996 09 30 22 54 05.9  18 35 26.3874 -23 01 40.608   29    8 15.9 C  PE 874
 1996 09 30 22 55 27.0  18 35 26.4047 -23 01 40.601   29    8 15.8 C  PE 874
 1996 10 01 00 13 26.9  18 35 27.6208 -23 01 41.013   29    8 15.8 C  PE 874
 1997 08 15 02 13 08.0  21 13 50.6932 -17 19 10.730    9    5 14.7 un PE 874
 1997 08 15 02 14 47.0  21 13 50.6655 -17 19 10.905    9    5 14.7 un PE 874
 1997 08 15 04 33 41.0  21 13 48.2452 -17 19 25.495    9    5 14.6 un PE 874
 1997 08 15 04 35 20.0  21 13 48.2161 -17 19 25.666    9    5 14.7 un PE 874
 1997 10 23 23 54 55.0  21 04 29.1307 -17 54 25.562   16   37 15.7 V  PE 874
 1997 10 23 23 57 51.0  21 04 29.1509 -17 54 25.435   16   37 16.1 V  PE 874
 1997 10 23 23 59 45.0  21 04 29.1669 -17 54 25.290   16   37 16.3 V  PE 874
 1997 10 24 00 01 37.0  21 04 29.1810 -17 54 25.170   16   37 16.4 V  PE 874
 2008 07 30 22 37 48.3  19 03 01.9539 -23 13 04.879   14    8 15.2 I  PE 874
 2008 07 30 22 39 09.1  19 03 01.9337 -23 13 04.947   14    8 15.2 I  PE 874
 2008 07 30 22 40 29.8  19 03 01.9113 -23 13 05.017   14    8 15.3 I  PE 874
 2008 07 30 22 41 49.8  19 03 01.8913 -23 13 05.085   14    8 15.3 I  PE 874
 2008 07 30 22 43 09.7  19 03 01.8713 -23 13 05.135   14    8 15.3 I  PE 874
 2008 07 30 22 44 29.6  19 03 01.8516 -23 13 05.221   14    8 15.3 I  PE 874
 2008 07 30 22 45 49.5  19 03 01.8284 -23 13 05.283   14    8 15.3 I  PE 874
 2008 07 30 22 48 30.1  19 03 01.7889 -23 13 05.421   14    8 15.3 I  PE 874
 2008 07 30 22 51 09.9  19 03 01.7469 -23 13 05.562   14    8 15.2 I  PE 874
 2008 07 30 22 52 29.9  19 03 01.7256 -23 13 05.618   14    8 15.2 I  PE 874
 2008 07 30 23 12 02.0  19 03 01.4269 -23 13 06.578   14    8 15.2 I  PE 874
 2008 07 30 23 13 31.6  19 03 01.4010 -23 13 06.661   14    8 15.1 I  PE 874
 2008 07 30 23 18 02.0  19 03 01.3342 -23 13 06.878   14    8 15.2 I  PE 874
 2008 07 30 23 19 31.8  19 03 01.3094 -23 13 06.954   14    8 15.0 I  PE 874
 2008 07 30 23 22 32.0  19 03 01.2650 -23 13 07.111   14    8 15.4 I  PE 874
 2008 07 30 23 31 31.0  19 03 01.1236 -23 13 07.555   14    8 15.2 I  PE 874
 2008 07 30 23 33 00.9  19 03 01.1004 -23 13 07.607   14    8 15.1 I  PE 874
 2008 07 30 23 34 30.7  19 03 01.0788 -23 13 07.689   14    8 15.2 I  PE 874
 2008 07 30 23 36 00.6  19 03 01.0562 -23 13 07.772   14    8 15.2 I  PE 874
 2008 07 30 23 40 30.2  19 03 00.9867 -23 13 07.991   14    8 15.2 I  PE 874
 2008 07 30 23 42 00.1  19 03 00.9638 -23 13 08.076   14    8 15.3 I  PE 874
 2008 07 30 23 43 29.1  19 03 00.9404 -23 13 08.129   14    8 15.3 I  PE 874
 2008 07 30 23 45 00.0  19 03 00.9163 -23 13 08.204   14    8 15.1 I  PE 874
 2008 07 30 23 48 00.9  19 03 00.8697 -23 13 08.364   14    8 15.3 I  PE 874
 2008 07 30 23 49 30.8  19 03 00.8456 -23 13 08.444   14    8 15.3 I  PE 874
 2008 07 30 23 52 30.6  19 03 00.8009 -23 13 08.579   14    8 15.2 I  PE 874
 2008 07 30 23 55 30.4  19 03 00.7533 -23 13 08.718   14    8 15.2 I  PE 874
 2008 07 30 23 57 01.1  19 03 00.7302 -23 13 08.786   14    8 15.1 I  PE 874
 2008 07 30 23 58 30.9  19 03 00.7079 -23 13 08.884   14    8 15.2 I  PE 874
 2008 07 31 00 00 00.7  19 03 00.6853 -23 13 08.946   14    8 15.2 I  PE 874
 2008 07 31 00 03 00.4  19 03 00.6370 -23 13 09.084   14    8 15.2 I  PE 874
 2008 07 31 00 04 31.1  19 03 00.6147 -23 13 09.162   14    8 15.2 I  PE 874
 2009 06 21 07 47 02.0  22 00 39.7340 -13 18 27.703   14    6 15.7 I  PE 874
 2009 06 21 07 49 37.1  22 00 39.7292 -13 18 27.689   14    6 15.7 I  PE 874
 2009 06 21 07 52 17.4  22 00 39.7236 -13 18 27.658   14    6 15.7 I  PE 874
 2009 06 21 07 54 57.1  22 00 39.7209 -13 18 27.618   14    6 15.7 I  PE 874
 2009 06 21 07 57 31.9  22 00 39.7156 -13 18 27.581   14    6 15.7 I  PE 874
 2009 06 21 08 00 12.7  22 00 39.7108 -13 18 27.545   14    6 15.7 I  PE 874
 2009 06 21 08 02 47.6  22 00 39.7068 -13 18 27.511   14    6 15.7 I  PE 874
 2009 06 21 08 05 26.7  22 00 39.7019 -13 18 27.478   14    6 15.7 I  PE 874
 2009 06 21 08 10 36.5  22 00 39.6931 -13 18 27.408   14    6 15.7 I  PE 874
 2009 06 21 08 13 12.3  22 00 39.6887 -13 18 27.384   14    6 15.7 I  PE 874
 2009 06 21 08 15 47.2  22 00 39.6840 -13 18 27.348   14    6 15.6 I  PE 874
 2009 06 21 08 19 59.5  22 00 39.6765 -13 18 27.290   14    6 15.6 I  PE 874
 2009 06 21 08 22 39.5  22 00 39.6710 -13 18 27.268   14    6 15.6 I  PE 874
 2009 06 21 08 25 15.6  22 00 39.6651 -13 18 27.242   14    6 15.5 I  PE 874
 2009 06 21 08 29 05.2  22 00 39.6611 -13 18 27.183   14    6 15.6 I  PE 874
 2009 06 21 08 31 41.6  22 00 39.6543 -13 18 27.148   14    6 15.5 I  PE 874
 2009 06 21 08 34 17.0  22 00 39.6497 -13 18 27.124   14    6 15.5 I  PE 874
 2009 06 22 08 21 40.9  22 00 37.4656 -13 18 11.819    3    8 15.4 I  PE 874
 2009 06 22 08 22 34.9  22 00 37.4634 -13 18 11.820    3    8 15.5 I  PE 874
 2009 06 22 08 23 30.0  22 00 37.4613 -13 18 11.803    3    8 15.5 I  PE 874
 2009 06 22 08 25 20.0  22 00 37.4566 -13 18 11.792    3    8 15.4 I  PE 874
 2009 06 22 08 26 15.0  22 00 37.4543 -13 18 11.778    3    8 15.5 I  PE 874
 2009 06 22 08 27 09.9  22 00 37.4527 -13 18 11.789    3    8 15.5 I  PE 874
 2009 06 22 08 28 05.0  22 00 37.4504 -13 18 11.775    3    8 15.5 I  PE 874
 2009 06 22 08 31 45.0  22 00 37.4421 -13 18 11.724    3    8 15.5 I  PE 874
 2009 06 22 08 34 37.3  22 00 37.4348 -13 18 11.697    3    8 15.5 I  PE 874
 2009 06 22 08 35 38.2  22 00 37.4324 -13 18 11.687    3    8 15.4 I  PE 874
 2009 06 22 08 38 27.3  22 00 37.4262 -13 18 11.662    3    8 15.5 I  PE 874
 2009 06 22 08 39 23.2  22 00 37.4235 -13 18 11.650    3    8 15.5 I  PE 874
 2009 06 22 08 40 17.9  22 00 37.4214 -13 18 11.641    3    8 15.5 I  PE 874
 2009 06 22 08 43 41.6  22 00 37.4137 -13 18 11.617    3    8 15.4 I  PE 874
 2009 06 22 08 44 36.6  22 00 37.4114 -13 18 11.598    3    8 15.3 I  PE 874
 2009 06 22 08 45 31.6  22 00 37.4091 -13 18 11.587    3    8 15.4 I  PE 874
 2009 06 22 08 46 26.7  22 00 37.4072 -13 18 11.594    3    8 15.4 I  PE 874
 2009 06 22 08 49 12.3  22 00 37.4003 -13 18 11.562    3    8 15.3 I  PE 874
 2009 06 22 08 50 08.1  22 00 37.3986 -13 18 11.534    3    8 15.4 I  PE 874
 2009 06 22 08 51 03.1  22 00 37.3967 -13 18 11.538    3    8 15.5 I  PE 874
 2009 06 22 08 52 03.5  22 00 37.3942 -13 18 11.525    3    8 15.4 I  PE 874
 2009 06 22 08 56 57.9  22 00 37.3823 -13 18 11.466    3    8 15.4 I  PE 874
 2009 06 22 08 59 37.8  22 00 37.3763 -13 18 11.460    3    8 15.4 I  PE 874
 2009 06 23 08 08 08.5  22 00 34.3899 -13 18 00.499    6    4 15.5 C  PE 874
 2009 06 23 08 09 07.6  22 00 34.3873 -13 18 00.486    6    4 15.5 C  PE 874
 2009 06 23 08 10 02.4  22 00 34.3846 -13 18 00.482    6    4 15.5 C  PE 874
 2009 06 23 08 11 58.5  22 00 34.3790 -13 18 00.475    6    4 15.5 C  PE 874
 2009 06 23 08 14 49.0  22 00 34.3699 -13 18 00.447    6    4 15.5 C  PE 874
 2009 06 23 08 17 46.9  22 00 34.3614 -13 18 00.422    6    4 15.5 C  PE 874
 2009 06 23 08 18 47.3  22 00 34.3579 -13 18 00.416    6    4 15.5 C  PE 874
 2009 06 23 08 20 44.0  22 00 34.3514 -13 18 00.411    6    4 15.5 C  PE 874
 2009 06 23 08 24 44.0  22 00 34.3400 -13 18 00.385    6    4 15.5 C  PE 874
 2009 06 23 08 25 39.4  22 00 34.3370 -13 18 00.371    6    4 15.5 C  PE 874
 2009 06 23 08 26 35.6  22 00 34.3338 -13 18 00.363    6    4 15.5 C  PE 874
 2009 06 23 08 27 31.8  22 00 34.3314 -13 18 00.360    6    4 15.5 C  PE 874
 2009 06 23 08 29 29.4  22 00 34.3261 -13 18 00.345    6    4 15.5 C  PE 874
 2009 06 23 08 30 24.6  22 00 34.3225 -13 18 00.341    6    4 15.5 C  PE 874
 2009 06 23 08 33 30.8  22 00 34.3139 -13 18 00.313    6    4 15.5 C  PE 874
 2009 06 23 08 35 22.0  22 00 34.3087 -13 18 00.303    6    4 15.4 C  PE 874
 2009 06 23 08 36 20.5  22 00 34.3059 -13 18 00.291    6    4 15.4 C  PE 874
 2009 06 23 08 37 16.7  22 00 34.3020 -13 18 00.285    6    4 15.4 C  PE 874
 2009 06 23 08 38 11.9  22 00 34.3003 -13 18 00.279    6    4 15.4 C  PE 874
 2009 06 23 08 39 10.7  22 00 34.2968 -13 18 00.270    6    4 15.4 C  PE 874
 2009 06 23 08 40 05.5  22 00 34.2941 -13 18 00.270    6    4 15.4 C  PE 874
 2009 06 23 08 42 02.8  22 00 34.2882 -13 18 00.258    6    4 15.4 C  PE 874
 2009 06 23 08 43 09.0  22 00 34.2852 -13 18 00.241    6    4 15.4 C  PE 874
 2009 06 23 08 44 09.5  22 00 34.2818 -13 18 00.239    6    4 15.4 C  PE 874
 2009 06 23 08 45 05.4  22 00 34.2789 -13 18 00.228    6    4 15.4 C  PE 874
 2009 06 23 08 47 57.4  22 00 34.2706 -13 18 00.205    6    4 15.4 C  PE 874
 2009 06 24 08 15 55.2  22 00 30.3361 -13 17 52.987    5    5 15.5 I  PE 874
 2009 06 24 08 17 40.8  22 00 30.3290 -13 17 52.977    5    5 15.5 I  PE 874
 2009 06 24 08 19 03.0  22 00 30.3239 -13 17 52.968    5    5 15.5 I  PE 874
 2009 06 24 08 20 35.7  22 00 30.3186 -13 17 52.951    5    5 15.5 I  PE 874
 2009 06 24 08 21 51.6  22 00 30.3140 -13 17 52.961    5    5 15.5 I  PE 874
 2009 06 24 08 23 10.0  22 00 30.3087 -13 17 52.951    5    5 15.5 I  PE 874
 2009 06 24 08 24 26.6  22 00 30.3049 -13 17 52.934    5    5 15.5 I  PE 874
 2009 06 24 08 25 48.2  22 00 30.2997 -13 17 52.941    5    5 15.5 I  PE 874
 2009 06 24 08 27 05.3  22 00 30.2949 -13 17 52.936    5    5 15.5 I  PE 874
 2009 06 24 08 29 36.1  22 00 30.2857 -13 17 52.910    5    5 15.7 I  PE 874
 2009 06 24 08 30 51.2  22 00 30.2811 -13 17 52.911    5    5 15.5 I  PE 874
 2009 06 24 08 32 06.2  22 00 30.2766 -13 17 52.906    5    5 15.7 I  PE 874
 2009 06 24 08 33 21.0  22 00 30.2721 -13 17 52.907    5    5 15.5 I  PE 874
 2009 06 24 08 34 36.1  22 00 30.2671 -13 17 52.906    5    5 15.5 I  PE 874
 2009 06 24 08 35 50.9  22 00 30.2630 -13 17 52.889    5    5 15.6 I  PE 874
 2009 06 24 08 37 09.4  22 00 30.2587 -13 17 52.882    5    5 15.5 I  PE 874
 2009 06 24 08 38 26.3  22 00 30.2540 -13 17 52.877    5    5 15.5 I  PE 874
 2009 06 24 08 41 04.8  22 00 30.2443 -13 17 52.871    5    5 15.6 I  PE 874
 2009 06 24 08 42 20.8  22 00 30.2392 -13 17 52.859    5    5 15.7 I  PE 874
 2009 06 24 08 43 34.9  22 00 30.2345 -13 17 52.854    5    5 15.7 I  PE 874
 2009 06 24 08 44 49.9  22 00 30.2313 -13 17 52.857    5    5 15.6 I  PE 874
 2009 06 24 08 46 07.2  22 00 30.2260 -13 17 52.845    5    5 15.6 I  PE 874
 2009 06 24 08 47 27.1  22 00 30.2207 -13 17 52.834    5    5 15.7 I  PE 874
 2009 06 24 08 48 41.2  22 00 30.2160 -13 17 52.827    5    5 15.7 I  PE 874
 2009 06 24 08 49 58.3  22 00 30.2122 -13 17 52.822    5    5 15.6 I  PE 874
 2009 06 24 08 53 49.4  22 00 30.1979 -13 17 52.812    5    5 15.7 I  PE 874
 2009 06 24 08 57 49.4  22 00 30.1841 -13 17 52.798    5    5 15.5 I  PE 874
 2010 10 20 02 59 11.0  23 44 32.4508 -03 43 59.947   12   12 15.0 I  PE 874
 2010 10 20 03 00 27.0  23 44 32.4383 -03 44 00.002   12   12 15.0 I  PE 874
 2010 10 20 03 01 38.0  23 44 32.4239 -03 44 00.049   12   12 15.0 I  PE 874
 2010 10 20 03 02 01.0  23 44 32.4201 -03 44 00.052   12   12 15.0 I  PE 874
 2010 10 20 03 02 25.0  23 44 32.4151 -03 44 00.065   12   12 15.0 I  PE 874
 2010 10 20 03 02 48.0  23 44 32.4118 -03 44 00.055   12   12 15.0 I  PE 874
 2010 10 20 03 03 35.0  23 44 32.4015 -03 44 00.090   12   12 15.0 I  PE 874
 2010 10 20 03 03 59.0  23 44 32.3969 -03 44 00.128   12   12 14.9 I  PE 874
 2010 10 20 03 04 22.0  23 44 32.3922 -03 44 00.134   12   12 15.0 I  PE 874
 2010 10 20 03 04 46.0  23 44 32.3867 -03 44 00.128   12   12 15.0 I  PE 874
 2010 10 20 03 05 09.0  23 44 32.3821 -03 44 00.133   12   12 14.9 I  PE 874
 2010 10 20 03 05 33.0  23 44 32.3794 -03 44 00.163   12   12 15.0 I  PE 874
 2010 10 20 03 05 56.0  23 44 32.3753 -03 44 00.199   12   12 15.0 I  PE 874
 2010 10 20 03 06 20.0  23 44 32.3703 -03 44 00.186   12   12 15.0 I  PE 874
 2010 10 20 03 07 07.0  23 44 32.3598 -03 44 00.208   12   12 15.0 I  PE 874
 2010 10 20 03 07 30.0  23 44 32.3564 -03 44 00.236   12   12 14.9 I  PE 874
 2010 10 20 03 07 54.0  23 44 32.3528 -03 44 00.224   12   12 15.0 I  PE 874
 2010 10 20 03 08 17.0  23 44 32.3478 -03 44 00.267   12   12 14.9 I  PE 874
 2010 10 20 03 09 04.0  23 44 32.3397 -03 44 00.282   12   12 15.0 I  PE 874
 2010 10 20 03 09 28.0  23 44 32.3349 -03 44 00.307   12   12 15.0 I  PE 874
 2010 10 20 03 10 15.0  23 44 32.3273 -03 44 00.336   12   12 15.0 I  PE 874
 2010 10 20 03 10 38.0  23 44 32.3211 -03 44 00.329   12   12 15.0 I  PE 874
 2010 10 20 03 11 01.0  23 44 32.3166 -03 44 00.339   12   12 15.0 I  PE 874
 2010 10 20 03 11 25.0  23 44 32.3119 -03 44 00.366   12   12 15.0 I  PE 874
 2010 10 20 03 11 48.0  23 44 32.3075 -03 44 00.382   12   12 15.0 I  PE 874
 2013 11 09 05 40 42.8  07 32 02.4741 +22 05 40.248   12   22 15.5 I  PE 874
 2013 11 09 05 41 55.1  07 32 02.4752 +22 05 40.205   12   22 15.5 I  PE 874
 2013 11 09 05 42 30.0  07 32 02.4752 +22 05 40.269   12   22 15.5 I  PE 874
 2013 11 09 05 43 04.9  07 32 02.4742 +22 05 40.213   12   22 15.5 I  PE 874
 2013 11 09 05 43 39.8  07 32 02.4739 +22 05 40.219   12   22 15.5 I  PE 874
 2013 11 09 05 44 14.7  07 32 02.4739 +22 05 40.224   12   22 15.5 I  PE 874
 2013 11 09 05 44 49.6  07 32 02.4764 +22 05 40.181   12   22 15.5 I  PE 874
 2013 11 09 05 45 59.4  07 32 02.4756 +22 05 40.183   12   22 15.5 I  PE 874
 2013 11 09 05 46 34.4  07 32 02.4768 +22 05 40.186   12   22 15.5 I  PE 874
 2013 11 09 05 47 09.3  07 32 02.4744 +22 05 40.188   12   22 15.5 I  PE 874
 2013 11 09 05 47 44.2  07 32 02.4745 +22 05 40.182   12   22 15.5 I  PE 874
 2013 11 09 05 48 19.1  07 32 02.4750 +22 05 40.192   12   22 15.5 I  PE 874
 2013 11 09 05 48 54.0  07 32 02.4757 +22 05 40.151   12   22 15.5 I  PE 874
 2013 11 09 05 49 28.9  07 32 02.4767 +22 05 40.190   12   22 15.5 I  PE 874
 2013 11 09 05 50 03.9  07 32 02.4761 +22 05 40.167   12   22 15.5 I  PE 874
 2013 11 09 05 50 38.8  07 32 02.4757 +22 05 40.120   12   22 15.5 I  PE 874
 2013 11 09 05 51 48.6  07 32 02.4774 +22 05 40.111   12   22 15.5 I  PE 874
 2013 11 09 05 52 23.5  07 32 02.4776 +22 05 40.160   12   22 15.4 I  PE 874
 2013 11 09 05 53 33.3  07 32 02.4767 +22 05 40.152   12   22 15.5 I  PE 874
 2013 11 09 05 54 08.2  07 32 02.4768 +22 05 40.132   12   22 15.5 I  PE 874
 2013 11 09 05 55 18.1  07 32 02.4766 +22 05 40.123   12   22 15.4 I  PE 874
 2013 11 09 05 55 53.0  07 32 02.4758 +22 05 40.096   12   22 15.5 I  PE 874
 2013 11 09 05 56 27.9  07 32 02.4766 +22 05 40.097   12   22 15.4 I  PE 874
 2013 11 09 05 57 02.8  07 32 02.4762 +22 05 40.126   12   22 15.5 I  PE 874
 2013 11 09 05 57 37.7  07 32 02.4774 +22 05 40.059   12   22 15.5 I  PE 874
 2013 11 09 05 58 12.6  07 32 02.4775 +22 05 40.097   12   22 15.5 I  PE 874
