 1998 08 15 02 26 30.1  23 47 10.0504 -02 40 38.492   34   12 16.7 R  OH 511
 1998 08 15 02 34 26.6  23 47 09.9335 -02 40 39.512   34   12 16.7 R  OH 511
 1998 08 15 02 39 49.9  23 47 09.8562 -02 40 40.185   34   12 16.7 R  OH 511
 1998 08 15 02 45 12.3  23 47 09.7761 -02 40 40.904   34   12 16.8 R  OH 511
 1998 08 15 02 52 23.5  23 47 09.6756 -02 40 41.825   34   12 16.6 R  OH 511
 1998 08 15 03 01 52.7  23 47 09.5380 -02 40 43.052   34   12 16.5 R  OH 511
 1998 08 15 03 09 13.5  23 47 09.4302 -02 40 43.995   34   12 16.5 R  OH 511
 1998 08 15 03 13 35.7  23 47 09.3666 -02 40 44.535   34   12 16.5 R  OH 511
 1998 08 15 03 17 58.2  23 47 09.3012 -02 40 45.128   34   12 16.5 R  OH 511
 1998 08 15 03 22 30.9  23 47 09.2382 -02 40 45.725   34   12 16.5 R  OH 511
 1998 08 19 22 17 54.0  23 45 28.0052 -02 56 10.830   15   20 16.4 R  OH 511
 1998 08 19 22 25 52.8  23 45 27.8800 -02 56 11.960   15   20 16.4 R  OH 511
 1998 08 19 22 32 29.5  23 45 27.7776 -02 56 12.869   15   20 16.4 R  OH 511
 1998 08 19 22 39 11.2  23 45 27.6720 -02 56 13.811   15   20 16.4 R  OH 511
 1998 08 19 22 42 33.4  23 45 27.6217 -02 56 14.244   15   20 16.4 R  OH 511
 1998 08 19 22 45 55.9  23 45 27.5673 -02 56 14.763   15   20 16.4 R  OH 511
 1998 08 19 22 49 18.7  23 45 27.5156 -02 56 15.211   15   20 16.4 R  OH 511
 1998 08 19 22 52 41.1  23 45 27.4626 -02 56 15.695   15   20 16.4 R  OH 511
 1998 08 19 22 56 03.0  23 45 27.4104 -02 56 16.142   15   20 16.4 R  OH 511
 1998 08 19 22 59 25.6  23 45 27.3588 -02 56 16.596   15   20 16.4 R  OH 511
 1998 08 19 23 02 48.3  23 45 27.3075 -02 56 17.125   15   20 16.3 R  OH 511
 1998 08 19 23 09 33.0  23 45 27.2014 -02 56 17.995   15   20 16.4 R  OH 511
 1998 12 15 19 52 41.3  23 29 11.6194 -05 11 41.694   18   34 17.2 R  OH 511
 1998 12 15 19 57 24.1  23 29 11.6917 -05 11 41.065   18   34 17.3 R  OH 511
 1998 12 15 20 04 52.5  23 29 11.8084 -05 11 40.171   18   34 17.2 R  OH 511
 1998 12 15 20 09 35.5  23 29 11.8829 -05 11 39.512   18   34 17.2 R  OH 511
 1998 12 15 20 14 18.1  23 29 11.9587 -05 11 38.888   18   34 17.2 R  OH 511
 1998 12 15 20 19 01.1  23 29 12.0302 -05 11 38.367   18   34 17.3 R  OH 511
 1998 12 15 20 23 43.1  23 29 12.1069 -05 11 37.700   18   34 17.2 R  OH 511
 1999 10 08 21 51 21.2  02 05 46.9718 +10 55 46.388   28   20 16.0 R  OH 511
 1999 10 08 21 57 07.7  02 05 46.8565 +10 55 45.936   28   20 16.0 R  OH 511
 1999 10 08 22 03 28.6  02 05 46.7342 +10 55 45.460   28   20 16.2 R  OH 511
 1999 10 08 22 07 20.4  02 05 46.6587 +10 55 45.192   28   20 16.1 R  OH 511
 1999 10 08 22 11 12.4  02 05 46.5836 +10 55 44.854   28   20 16.1 R  OH 511
 1999 10 08 22 15 05.2  02 05 46.5097 +10 55 44.575   28   20 16.1 R  OH 511
 1999 10 08 22 18 56.9  02 05 46.4366 +10 55 44.294   28   20 16.2 R  OH 511
 1999 10 08 22 22 49.0  02 05 46.3569 +10 55 44.024   28   20 16.2 R  OH 511
 1999 10 08 22 26 41.6  02 05 46.2836 +10 55 43.685   28   20 16.1 R  OH 511
 1999 10 08 22 29 36.8  02 05 46.2309 +10 55 43.492   28   20 16.2 R  OH 511
 1999 10 08 22 39 42.4  02 05 46.0348 +10 55 42.690   28   20 16.1 R  OH 511
 1999 10 11 21 55 34.2  02 04 22.9099 +10 50 09.054   22   19 16.0 R  OH 511
 1999 10 11 22 00 00.7  02 04 22.8233 +10 50 08.702   22   19 16.0 R  OH 511
 1999 10 11 22 05 49.8  02 04 22.7025 +10 50 08.254   22   19 16.2 R  OH 511
 1999 10 11 22 18 19.8  02 04 22.4470 +10 50 07.250   22   19 16.0 R  OH 511
 1999 10 11 22 22 43.1  02 04 22.3596 +10 50 06.929   22   19 16.1 R  OH 511
 1999 10 11 22 27 05.4  02 04 22.2714 +10 50 06.553   22   19 16.0 R  OH 511
 1999 10 11 22 31 27.7  02 04 22.1836 +10 50 06.192   22   19 16.1 R  OH 511
 1999 10 11 22 35 49.8  02 04 22.0927 +10 50 05.828   22   19 16.1 R  OH 511
 1999 10 11 22 40 12.4  02 04 22.0066 +10 50 05.493   22   19 16.0 R  OH 511
 1999 11 10 01 12 48.5  01 48 58.3335 +09 48 20.689   40   34 16.2 R  OH 511
 1999 11 10 01 17 40.4  01 48 58.2287 +09 48 20.198   40   34 16.2 R  OH 511
 1999 11 10 01 20 42.5  01 48 58.1611 +09 48 19.912   40   34 16.2 R  OH 511
 1999 11 10 01 23 45.0  01 48 58.0914 +09 48 19.674   40   34 16.2 R  OH 511
 1999 11 10 01 26 47.2  01 48 58.0299 +09 48 19.446   40   34 16.2 R  OH 511
 1999 11 14 20 21 36.4  01 46 30.3227 +09 38 29.194   39   14 15.5 R  OH 511
 1999 11 14 20 24 43.7  01 46 30.2535 +09 38 28.914   39   14 15.6 R  OH 511
 1999 11 14 20 30 31.9  01 46 30.1286 +09 38 28.417   39   14 15.6 R  OH 511
 1999 11 14 20 34 24.9  01 46 30.0464 +09 38 28.110   39   14 15.5 R  OH 511
 1999 11 14 20 38 17.4  01 46 29.9703 +09 38 27.793   39   14 15.5 R  OH 511
 1999 11 14 20 41 38.2  01 46 29.8957 +09 38 27.533   39   14 15.6 R  OH 511
 1999 11 14 21 53 36.4  01 46 28.3547 +09 38 21.519   39   14 15.6 R  OH 511
 1999 11 14 21 57 28.4  01 46 28.2724 +09 38 21.200   39   14 15.6 R  OH 511
 1999 11 14 22 02 34.7  01 46 28.1666 +09 38 20.768   39   14 15.6 R  OH 511
 1999 11 14 22 06 27.0  01 46 28.0805 +09 38 20.433   39   14 15.6 R  OH 511
 1999 11 14 22 10 37.8  01 46 27.9946 +09 38 20.122   39   14 15.6 R  OH 511
 1999 11 14 22 14 29.7  01 46 27.9053 +09 38 19.792   39   14 15.6 R  OH 511
 1999 12 02 22 51 46.3  01 38 41.2782 +09 07 31.850   30   40 16.7 R  OH 511
 1999 12 02 22 55 30.0  01 38 41.2271 +09 07 31.635   30   40 16.5 R  OH 511
 1999 12 02 23 03 25.9  01 38 41.1089 +09 07 31.212   30   40 16.4 R  OH 511
 1999 12 02 23 06 18.5  01 38 41.0632 +09 07 31.027   30   40 16.3 R  OH 511
 1999 12 02 23 09 10.9  01 38 41.0220 +09 07 30.811   30   40 16.4 R  OH 511
 1999 12 02 23 12 03.1  01 38 40.9793 +09 07 30.653   30   40 16.4 R  OH 511
 1999 12 02 23 14 55.3  01 38 40.9357 +09 07 30.569   30   40 16.5 R  OH 511
 1999 12 02 23 18 04.3  01 38 40.8878 +09 07 30.422   30   40 16.4 R  OH 511
 1999 12 03 20 22 08.0  01 38 23.0264 +09 06 19.953   21   17 16.5 R  OH 511
 1999 12 03 20 29 33.1  01 38 22.9216 +09 06 19.538   21   17 16.6 R  OH 511
 1999 12 03 20 32 43.9  01 38 22.8734 +09 06 19.356   21   17 16.4 R  OH 511
 1999 12 03 20 35 46.0  01 38 22.8271 +09 06 19.164   21   17 16.5 R  OH 511
 1999 12 03 20 38 48.3  01 38 22.7857 +09 06 18.993   21   17 16.4 R  OH 511
 1999 12 03 20 45 10.4  01 38 22.6946 +09 06 18.650   21   17 16.4 R  OH 511
 1999 12 03 20 48 13.2  01 38 22.6499 +09 06 18.492   21   17 16.5 R  OH 511
 1999 12 05 22 49 40.6  01 37 42.1495 +09 03 39.519   16   10 16.6 R  OH 511
 1999 12 05 22 56 37.4  01 37 42.0579 +09 03 39.161   16   10 16.6 R  OH 511
 1999 12 05 22 59 40.0  01 37 42.0193 +09 03 39.018   16   10 16.5 R  OH 511
 1999 12 05 23 02 42.3  01 37 41.9773 +09 03 38.844   16   10 16.6 R  OH 511
 1999 12 05 23 08 46.8  01 37 41.8971 +09 03 38.555   16   10 16.6 R  OH 511
 2000 11 20 23 41 11.2  04 17 57.4049 +19 59 13.423   23   23 16.3 R  OH 511
 2000 11 20 23 51 38.9  04 17 57.1565 +19 59 12.629   23   23 16.2 R  OH 511
 2000 11 21 03 32 06.3  04 17 51.9535 +19 58 55.424   23   23 16.2 R  OH 511
 2000 11 21 03 37 04.8  04 17 51.8362 +19 58 54.987   23   23 16.2 R  OH 511
 2000 11 21 03 40 28.1  04 17 51.7565 +19 58 54.753   23   23 16.2 R  OH 511
 2000 11 21 03 45 36.6  04 17 51.6368 +19 58 54.336   23   23 16.2 R  OH 511
 2000 11 21 03 50 36.3  04 17 51.5181 +19 58 53.989   23   23 16.2 R  OH 511
 2000 11 21 03 54 07.6  04 17 51.4368 +19 58 53.683   23   23 16.2 R  OH 511
 2000 11 21 03 57 44.8  04 17 51.3551 +19 58 53.419   23   23 16.2 R  OH 511
 2000 11 24 22 01 40.0  04 15 46.6150 +19 52 04.961   13   22 16.1 R  OH 511
 2000 11 24 22 06 13.5  04 15 46.5061 +19 52 04.656   13   22 16.2 R  OH 511
 2000 11 24 22 09 15.7  04 15 46.4357 +19 52 04.457   13   22 16.2 R  OH 511
 2000 11 24 22 12 17.6  04 15 46.3651 +19 52 04.228   13   22 16.1 R  OH 511
 2000 11 24 22 15 20.3  04 15 46.2945 +19 52 03.983   13   22 16.1 R  OH 511
 2000 11 24 22 18 22.5  04 15 46.2210 +19 52 03.754   13   22 16.2 R  OH 511
 2000 11 24 22 21 24.5  04 15 46.1515 +19 52 03.574   13   22 16.2 R  OH 511
 2000 11 24 22 24 26.5  04 15 46.0790 +19 52 03.356   13   22 16.2 R  OH 511
 2000 11 28 22 33 07.6  04 13 34.5562 +19 45 06.897   20   17 15.1 R  OH 511
 2000 11 28 22 36 51.3  04 13 34.4709 +19 45 06.667   20   17 15.1 R  OH 511
 2000 11 28 22 39 53.4  04 13 34.4016 +19 45 06.426   20   17 15.1 R  OH 511
 2000 11 28 22 42 55.2  04 13 34.3340 +19 45 06.215   20   17 15.1 R  OH 511
 2000 11 28 22 45 57.4  04 13 34.2610 +19 45 05.999   20   17 15.1 R  OH 511
 2000 11 28 22 49 00.2  04 13 34.1900 +19 45 05.766   20   17 15.1 R  OH 511
 2001 12 19 23 19 03.9  06 55 00.5669 +22 57 42.137   22   18 16.7 R  OH 511
 2001 12 19 23 25 41.6  06 55 00.4391 +22 57 42.488   22   18 17.0 R  OH 511
 2001 12 19 23 29 04.8  06 55 00.3688 +22 57 42.685   22   18 16.9 R  OH 511
 2001 12 19 23 32 28.1  06 55 00.3019 +22 57 42.893   22   18 16.9 R  OH 511
 2001 12 19 23 35 51.2  06 55 00.2330 +22 57 43.053   22   18 16.6 R  OH 511
 2001 12 19 23 39 14.1  06 55 00.1692 +22 57 43.302   22   18 16.6 R  OH 511
 2001 12 19 23 42 37.9  06 55 00.0976 +22 57 43.466   22   18 16.5 R  OH 511
 2001 12 19 23 46 01.3  06 55 00.0304 +22 57 43.691   22   18 15.8 R  OH 511
 2001 12 19 23 52 47.8  06 54 59.8963 +22 57 44.073   22   18 16.5 R  OH 511
 2001 12 19 23 56 11.5  06 54 59.8286 +22 57 44.271   22   18 16.6 R  OH 511
 2002 01 10 21 12 48.2  06 43 54.3841 +23 26 09.835    9    7 16.5 R  OH 511
 2002 01 10 21 19 34.6  06 43 54.2365 +23 26 10.153    9    7 16.5 R  OH 511
 2002 01 10 21 22 58.1  06 43 54.1597 +23 26 10.312    9    7 16.5 R  OH 511
 2002 01 10 21 26 21.1  06 43 54.0863 +23 26 10.480    9    7 16.5 R  OH 511
 2002 01 10 21 29 44.5  06 43 54.0113 +23 26 10.636    9    7 16.5 R  OH 511
 2002 01 10 21 33 07.9  06 43 53.9370 +23 26 10.814    9    7 16.5 R  OH 511
 2002 01 10 21 36 31.4  06 43 53.8613 +23 26 10.972    9    7 16.5 R  OH 511
 2002 01 10 21 39 54.5  06 43 53.7875 +23 26 11.147    9    7 16.6 R  OH 511
 2002 02 07 19 27 51.2  06 31 16.8098 +23 46 55.804   38    9 16.9 R  OH 511
 2002 02 07 20 54 03.4  06 31 15.5209 +23 46 56.898   38    9 17.0 R  OH 511
 2002 02 07 21 03 47.0  06 31 15.3762 +23 46 57.012   38    9 17.0 R  OH 511
 2002 02 07 21 13 30.1  06 31 15.2334 +23 46 57.128   38    9 17.1 R  OH 511
 2002 02 07 21 25 16.0  06 31 15.0601 +23 46 57.268   38    9 17.0 R  OH 511
 2002 02 07 21 34 58.8  06 31 14.9069 +23 46 57.358   38    9 17.1 R  OH 511
 2002 02 08 20 41 14.1  06 30 55.1576 +23 47 13.078   45   38 16.0 R  OH 511
 2002 02 08 20 44 37.3  06 30 55.1110 +23 47 13.039   45   38 17.3 R  OH 511
 2002 02 08 20 51 24.5  06 30 55.0059 +23 47 13.161   45   38 17.0 R  OH 511
 2003 01 28 23 22 18.5  09 01 54.8570 +17 15 44.516   57   42 16.6 R  OH 511
 2003 01 28 23 25 41.6  09 01 54.7688 +17 15 44.787   57   42 16.7 R  OH 511
 2003 01 28 23 29 04.6  09 01 54.6774 +17 15 45.206   57   42 16.7 R  OH 511
 2003 01 28 23 32 27.9  09 01 54.5945 +17 15 45.570   57   42 16.7 R  OH 511
 2003 01 28 23 35 50.8  09 01 54.5134 +17 15 45.900   57   42 16.7 R  OH 511
 2003 01 29 23 06 51.9  09 01 18.6695 +17 18 06.617   21   22 16.5 R  OH 511
 2003 01 29 23 19 56.4  09 01 18.3316 +17 18 07.988   21   22 16.1 R  OH 511
 2003 01 29 23 23 19.6  09 01 18.2466 +17 18 08.284   21   22 16.7 R  OH 511
 2003 01 29 23 26 43.3  09 01 18.1544 +17 18 08.622   21   22 16.5 R  OH 511
 2003 01 29 23 30 06.2  09 01 18.0686 +17 18 08.990   21   22 16.5 R  OH 511
 2003 01 29 23 33 29.4  09 01 17.9821 +17 18 09.326   21   22 16.5 R  OH 511
 2003 03 24 19 05 22.1  08 39 23.1899 +18 55 20.627   31   24 16.9 R  OH 511
 2003 03 24 19 11 17.9  08 39 23.1602 +18 55 20.787   31   24 17.3 R  OH 511
 2003 03 24 19 19 49.9  08 39 23.1292 +18 55 21.050   31   24 16.9 R  OH 511
 2003 03 24 19 29 26.7  08 39 23.0897 +18 55 21.353   31   24 16.9 R  OH 511
 2003 03 24 19 49 39.7  08 39 23.0105 +18 55 21.960   31   24 17.0 R  OH 511
 2003 03 26 23 33 11.7  08 39 13.7352 +18 56 52.110   36   16 17.3 R  OH 511
 2003 03 26 23 37 55.1  08 39 13.7221 +18 56 52.214   36   16 17.3 R  OH 511
 2003 03 26 23 45 13.7  08 39 13.7109 +18 56 52.401   36   16 17.4 R  OH 511
 2003 03 26 23 49 56.9  08 39 13.6955 +18 56 52.498   36   16 17.4 R  OH 511
 2003 03 26 23 54 39.7  08 39 13.6847 +18 56 52.649   36   16 17.4 R  OH 511
 2003 03 27 00 04 06.2  08 39 13.6582 +18 56 52.863   36   16 17.1 R  OH 511
 2003 03 27 00 08 49.1  08 39 13.6458 +18 56 52.995   36   16 17.4 R  OH 511
 2003 03 27 00 13 32.4  08 39 13.6373 +18 56 53.105   36   16 17.4 R  OH 511
 2003 03 27 00 18 15.2  08 39 13.6271 +18 56 53.259   36   16 17.3 R  OH 511
 2003 03 27 00 22 58.1  08 39 13.6117 +18 56 53.327   36   16 17.4 R  OH 511
 2004 01 22 02 55 43.3  11 15 43.0053 +06 10 31.483   48   20 17.5 R  OH 511
 2004 01 22 02 59 36.2  11 15 42.9861 +06 10 31.808   48   20 17.0 R  OH 511
 2004 01 22 03 03 29.7  11 15 42.9580 +06 10 32.113   48   20 17.2 R  OH 511
 2004 01 22 03 15 09.0  11 15 42.8756 +06 10 32.983   48   20 17.1 R  OH 511
 2004 04 20 19 38 22.9  10 48 18.1449 +09 22 59.691   24   12 17.0 R  OH 511
 2004 04 20 19 47 37.9  10 48 18.0770 +09 22 59.820   24   12 16.9 R  OH 511
 2004 04 20 19 51 01.4  10 48 18.0484 +09 22 59.828   24   12 17.1 R  OH 511
 2004 04 20 19 57 48.2  10 48 17.9967 +09 22 59.920   24   12 16.9 R  OH 511
 2004 04 20 20 04 35.2  10 48 17.9455 +09 23 00.008   24   12 17.0 R  OH 511
 2004 04 20 20 07 58.5  10 48 17.9198 +09 23 00.042   24   12 17.1 R  OH 511
 2004 04 20 20 11 21.8  10 48 17.8897 +09 23 00.067   24   12 17.0 R  OH 511
 2005 04 12 21 14 56.5  12 46 46.9237 -03 50 34.984   46   33 16.0 R  OH 511
 2005 04 12 21 20 30.4  12 46 46.7927 -03 50 34.177   46   33 16.2 R  OH 511
 2005 04 12 21 26 04.1  12 46 46.6675 -03 50 33.363   46   33 16.3 R  OH 511
 2005 04 12 21 31 37.3  12 46 46.5428 -03 50 32.551   46   33 16.1 R  OH 511
 2005 04 12 21 37 11.3  12 46 46.4139 -03 50 31.780   46   33 16.4 R  OH 511
 2005 04 12 21 42 45.1  12 46 46.2783 -03 50 30.982   46   33 16.3 R  OH 511
 2005 04 12 21 48 19.2  12 46 46.1515 -03 50 30.080   46   33 16.3 R  OH 511
 2005 05 03 21 46 02.9  12 36 50.7834 -02 43 54.457   52   14 16.8 R  OH 511
 2005 05 03 21 54 57.0  12 36 50.6427 -02 43 53.494   52   14 16.9 R  OH 511
 2005 05 03 22 07 04.6  12 36 50.4475 -02 43 52.114   52   14 16.8 R  OH 511
 2005 05 03 22 13 07.9  12 36 50.3384 -02 43 51.441   52   14 17.1 R  OH 511
 2005 05 03 22 19 11.1  12 36 50.2466 -02 43 50.768   52   14 16.7 R  OH 511
 2005 05 03 22 25 15.1  12 36 50.1491 -02 43 50.085   52   14 16.8 R  OH 511
 2005 05 03 22 31 18.4  12 36 50.0474 -02 43 49.434   52   14 16.7 R  OH 511
