 1996 06 22 01 49 39.0  19 07 56.7064 -23 10 30.287   35   17 18.1 C  PE 874
 1996 06 22 01 54 16.0  19 07 56.6168 -23 10 30.506   35   17 17.8 C  PE 874
 1996 06 22 02 16 58.0  19 07 56.1482 -23 10 31.647   35   17 17.8 C  PE 874
 1996 06 22 02 21 10.0  19 07 56.0588 -23 10 31.864   35   17 17.7 C  PE 874
 1996 07 26 03 13 31.1  18 50 49.6367 -23 44 45.951   56   22 16.3 un PE 874
 1996 07 26 03 16 08.2  18 50 49.5858 -23 44 46.087   56   22 16.4 un PE 874
 1996 07 26 03 16 59.1  18 50 49.5648 -23 44 46.103   56   22 17.6 un PE 874
 1996 07 26 03 17 52.2  18 50 49.5560 -23 44 46.087   56   22 17.2 un PE 874
 1996 07 26 03 18 44.1  18 50 49.5342 -23 44 46.130   56   22 16.4 un PE 874
 1996 07 26 03 19 36.2  18 50 49.5138 -23 44 46.143   56   22 17.7 un PE 874
 1996 07 26 03 20 28.1  18 50 49.4934 -23 44 46.185   56   22 18.1 un PE 874
 1996 07 27 02 30 52.1  18 50 23.6050 -23 45 26.873   20   37 18.3 un PE 874
 1996 07 27 02 31 44.1  18 50 23.5904 -23 45 26.906   20   37 18.3 un PE 874
 1996 07 27 02 32 36.1  18 50 23.5704 -23 45 26.949   20   37 18.1 un PE 874
 1996 07 27 02 34 19.1  18 50 23.5381 -23 45 27.053   20   37 18.3 un PE 874
 1996 08 22 01 47 04.2  18 42 05.8901 -23 56 07.903   17   29 18.6 un PE 874
 1996 08 22 01 48 09.4  18 42 05.8802 -23 56 07.889   17   29 18.7 un PE 874
 1996 08 22 02 17 10.3  18 42 05.6591 -23 56 07.955   17   29 18.8 un PE 874
 1996 08 22 02 18 13.3  18 42 05.6536 -23 56 08.011   17   29 18.8 un PE 874
 1997 08 14 02 30 32.0  21 08 02.2146 -16 29 15.729   61   19 17.1 un PE 874
 1997 08 14 02 35 11.0  21 08 02.1244 -16 29 16.187   61   19 17.1 un PE 874
 1997 08 14 05 12 28.0  21 07 58.8166 -16 29 31.476   61   19 17.3 un PE 874
 1997 08 14 05 17 07.0  21 07 58.7139 -16 29 31.931   61   19 17.2 un PE 874
 1997 08 15 02 50 20.0  21 07 32.4680 -16 31 38.197   92   19 17.4 un PE 874
 1997 08 15 02 55 00.0  21 07 32.3596 -16 31 38.664   92   19 17.2 un PE 874
 1997 08 15 05 01 32.0  21 07 29.7117 -16 31 50.854   92   19 17.4 un PE 874
 1997 08 15 05 06 11.0  21 07 29.6232 -16 31 51.261   92   19 17.4 un PE 874
 2008 09 20 00 32 58.7  18 56 14.7819 -23 54 30.392   88   40 18.8 I  PE 874
 2008 09 20 00 38 41.5  18 56 14.8240 -23 54 30.301   88   40 19.4 I  PE 874
 2008 09 20 00 44 25.3  18 56 14.8711 -23 54 30.194   88   40 18.1 I  PE 874
 2008 09 20 00 51 32.3  18 56 14.9504 -23 54 30.166   88   40 18.3 I  PE 874
 2008 09 20 00 57 16.0  18 56 14.9942 -23 54 30.126   88   40 18.8 I  PE 874
 2008 09 24 00 03 49.8  18 57 15.8568 -23 53 13.980   43   18 19.2 I  PE 874
 2008 09 24 00 08 44.7  18 57 15.9089 -23 53 13.918   43   18 19.2 I  PE 874
 2008 09 24 00 13 39.5  18 57 15.9601 -23 53 13.813   43   18 18.8 I  PE 874
 2008 09 24 00 18 34.4  18 57 16.0166 -23 53 13.771   43   18 19.0 I  PE 874
 2008 09 24 00 23 29.3  18 57 16.0735 -23 53 13.669   43   18 19.0 I  PE 874
