 2007 09 08 03 36 39.4  21 29 52.4178 -15 04 54.760   15    5 19.3 RE E  809
 2007 09 08 03 39 18.0  21 29 52.4060 -15 04 54.813   15    5 19.2 RE E  809
 2007 09 08 03 41 57.5  21 29 52.3944 -15 04 54.871   15    5 19.2 RE E  809
 2007 09 09 05 19 03.9  21 29 46.3911 -15 05 24.209   61   30 20.3 RE E  809
 2007 09 09 05 21 44.2  21 29 46.3801 -15 05 24.318   61   30 19.4 RE E  809
 2007 09 09 05 24 20.5  21 29 46.3627 -15 05 24.349   61   30 19.4 RE E  809
 2007 10 09 03 22 47.5  21 27 35.2484 -15 16 02.993    8   15 19.4 RE E  809
 2007 10 09 03 25 44.4  21 27 35.2426 -15 16 03.008    8   15 19.4 RE E  809
 2007 10 09 03 28 41.4  21 27 35.2370 -15 16 03.031    8   15 19.4 RE E  809
 2007 10 09 03 31 40.1  21 27 35.2309 -15 16 03.069    8   15 19.4 RE E  809
 2007 10 09 03 38 09.7  21 27 35.2176 -15 16 03.148    8   15 19.4 RE E  809
 2007 10 09 03 41 21.0  21 27 35.2109 -15 16 03.198    8   15 19.4 RE E  809
 2007 10 09 03 44 17.5  21 27 35.2044 -15 16 03.198    8   15 19.5 RE E  809
 2007 10 09 03 47 18.2  21 27 35.1978 -15 16 03.250    8   15 19.4 RE E  809
 2007 10 09 03 50 10.1  21 27 35.1931 -15 16 03.269    8   15 19.4 RE E  809
 2007 10 10 02 43 59.2  21 27 32.4711 -15 16 16.421   18   18 19.4 RE E  809
 2007 10 10 02 46 58.0  21 27 32.4642 -15 16 16.435   18   18 19.3 RE E  809
 2007 10 10 02 49 53.3  21 27 32.4574 -15 16 16.464   18   18 19.3 RE E  809
 2007 10 10 02 52 50.1  21 27 32.4542 -15 16 16.499   18   18 19.2 RE E  809
 2007 10 10 02 55 37.6  21 27 32.4472 -15 16 16.540   18   18 19.4 RE E  809
 2007 10 10 02 59 07.2  21 27 32.4409 -15 16 16.601   18   18 19.4 RE E  809
 2007 10 10 03 02 05.4  21 27 32.4365 -15 16 16.616   18   18 19.4 RE E  809
 2007 10 10 03 07 56.2  21 27 32.4225 -15 16 16.667   18   18 19.6 RE E  809
 2007 10 10 03 10 46.0  21 27 32.4191 -15 16 16.687   18   18 19.4 RE E  809
 2007 10 12 03 17 02.5  21 27 27.0525 -15 16 42.706   40   35 19.4 RE E  809
 2007 10 12 03 22 52.1  21 27 27.0415 -15 16 42.734   40   35 19.7 RE E  809
 2007 10 12 03 25 48.1  21 27 27.0362 -15 16 42.779   40   35 19.1 RE E  809
 2007 10 12 03 32 09.2  21 27 27.0205 -15 16 42.776   40   35 19.6 RE E  809
 2007 10 12 03 35 05.4  21 27 27.0129 -15 16 42.887   40   35 20.0 RE E  809
 2007 10 12 03 38 01.6  21 27 27.0151 -15 16 42.876   40   35 19.2 RE E  809
 2007 10 12 03 43 49.1  21 27 26.9997 -15 16 42.862   40   35 19.7 RE E  809
 2007 10 13 02 36 12.0  21 27 24.5996 -15 16 54.630   28   10 19.4 RE E  809
 2007 10 13 02 39 08.5  21 27 24.5950 -15 16 54.644   28   10 19.4 RE E  809
 2007 10 13 02 42 06.1  21 27 24.5905 -15 16 54.682   28   10 19.3 RE E  809
 2007 10 13 02 45 04.8  21 27 24.5853 -15 16 54.696   28   10 19.4 RE E  809
 2007 10 13 02 56 00.5  21 27 24.5683 -15 16 54.795   28   10 19.4 RE E  809
 2007 10 13 02 58 57.1  21 27 24.5635 -15 16 54.835   28   10 19.4 RE E  809
 2007 10 13 03 01 56.5  21 27 24.5590 -15 16 54.830   28   10 19.4 RE E  809
 2007 10 13 03 04 55.3  21 27 24.5538 -15 16 54.872   28   10 19.4 RE E  809
 2007 10 13 03 07 45.3  21 27 24.5483 -15 16 54.901   28   10 19.4 RE E  809
 2008 06 04 09 53 26.6  21 46 24.0975 -13 45 45.870    6    6 19.4 RE E  809
 2008 06 04 09 59 52.7  21 46 24.0927 -13 45 45.897    6    6 19.4 RE E  809
 2008 06 04 10 06 12.6  21 46 24.0889 -13 45 45.932    6    6 19.4 RE E  809
 2008 06 04 10 12 38.8  21 46 24.0851 -13 45 45.950    6    6 19.4 RE E  809
 2008 06 04 10 18 58.5  21 46 24.0797 -13 45 45.973    6    6 19.4 RE E  809
 2008 06 06 09 38 50.6  21 46 22.1539 -13 45 57.909    6   12 19.4 RE E  809
 2008 06 06 09 45 19.0  21 46 22.1486 -13 45 57.917    6   12 19.4 RE E  809
 2008 06 06 09 51 46.3  21 46 22.1427 -13 45 57.954    6   12 19.4 RE E  809
 2008 06 06 10 00 21.5  21 46 22.1349 -13 45 57.981    6   12 19.4 RE E  809
 2009 05 20 10 01 31.9  21 54 59.6581 -13 04 56.763   44   41 19.5 RE E  809
 2009 05 20 10 03 11.5  21 54 59.6570 -13 04 56.639   44   41 19.5 RE E  809
 2009 05 20 10 04 51.8  21 54 59.6647 -13 04 56.739   44   41 19.4 RE E  809
 2009 05 20 10 09 47.9  21 54 59.6643 -13 04 56.641   44   41 19.4 RE E  809
 2009 05 20 10 13 07.4  21 54 59.6675 -13 04 56.642   44   41 19.5 RE E  809
 2009 05 20 10 14 47.6  21 54 59.6708 -13 04 56.645   44   41 19.4 RE E  809
 2009 05 20 10 18 43.0  21 54 59.6710 -13 04 56.662   44   41 19.4 RE E  809
 2009 05 20 10 20 22.6  21 54 59.6779 -13 04 56.651   44   41 19.5 RE E  809
 2009 05 20 10 22 01.8  21 54 59.6810 -13 04 56.679   44   41 19.5 RE E  809
 2009 05 20 10 25 21.1  21 54 59.6854 -13 04 56.582   44   41 19.3 RE E  809
 2009 05 22 06 22 16.0  21 55 02.0353 -13 04 46.248   34   11 19.5 RE E  809
 2009 05 22 06 23 57.0  21 55 02.0433 -13 04 46.227   34   11 19.5 RE E  809
 2009 05 22 06 25 37.1  21 55 02.0403 -13 04 46.209   34   11 19.6 RE E  809
 2009 05 22 06 27 16.7  21 55 02.0446 -13 04 46.208   34   11 19.3 RE E  809
 2009 05 22 06 28 53.9  21 55 02.0406 -13 04 46.218   34   11 19.5 RE E  809
 2009 05 22 06 30 34.2  21 55 02.0452 -13 04 46.218   34   11 19.4 RE E  809
 2009 05 22 06 32 14.8  21 55 02.0500 -13 04 46.218   34   11 19.3 RE E  809
 2009 05 22 06 34 13.8  21 55 02.0508 -13 04 46.187   34   11 19.5 RE E  809
 2009 05 22 06 35 53.2  21 55 02.0511 -13 04 46.210   34   11 19.6 RE E  809
 2009 05 22 06 39 10.7  21 55 02.0542 -13 04 46.180   34   11 19.6 RE E  809
 2009 05 22 06 40 50.6  21 55 02.0532 -13 04 46.161   34   11 19.5 RE E  809
 2009 05 22 06 42 29.9  21 55 02.0563 -13 04 46.176   34   11 19.5 RE E  809
 2009 05 22 06 44 10.7  21 55 02.0552 -13 04 46.161   34   11 19.5 RE E  809
 2009 05 23 06 19 29.3  21 55 03.1579 -13 04 41.559   20   21 19.3 RE E  809
 2009 05 23 06 27 45.8  21 55 03.1594 -13 04 41.554   20   21 19.5 RE E  809
 2009 05 23 06 31 04.9  21 55 03.1621 -13 04 41.530   20   21 19.5 RE E  809
 2009 05 23 06 32 45.1  21 55 03.1636 -13 04 41.513   20   21 19.2 RE E  809
 2009 05 23 06 34 52.7  21 55 03.1635 -13 04 41.565   20   21 19.5 RE E  809
 2009 05 23 06 36 33.0  21 55 03.1658 -13 04 41.553   20   21 19.3 RE E  809
 2009 05 23 06 39 52.9  21 55 03.1700 -13 04 41.565   20   21 19.4 RE E  809
 2009 05 23 06 41 32.6  21 55 03.1711 -13 04 41.539   20   21 19.4 RE E  809
 2009 05 23 06 43 12.8  21 55 03.1733 -13 04 41.501   20   21 19.3 RE E  809
 2009 05 23 06 44 52.9  21 55 03.1720 -13 04 41.519   20   21 19.4 RE E  809
 2009 05 23 06 46 33.0  21 55 03.1734 -13 04 41.503   20   21 19.3 RE E  809
 2009 05 23 06 48 12.9  21 55 03.1743 -13 04 41.504   20   21 19.4 RE E  809
 2009 05 23 06 49 52.7  21 55 03.1763 -13 04 41.501   20   21 19.4 RE E  809
 2009 05 24 06 21 35.5  21 55 04.1087 -13 04 37.653   34   24 18.0 RE E  809
 2009 05 24 06 43 03.1  21 55 04.1254 -13 04 37.551   34   24 18.9 RE E  809
 2009 05 24 06 52 38.9  21 55 04.1282 -13 04 37.535   34   24 19.5 RE E  809
 2009 05 24 07 18 00.9  21 55 04.1412 -13 04 37.477   34   24 19.4 RE E  809
 2009 05 24 07 19 38.5  21 55 04.1441 -13 04 37.471   34   24 19.4 RE E  809
 2009 05 24 07 21 17.7  21 55 04.1457 -13 04 37.522   34   24 19.0 RE E  809
 2009 05 24 07 22 54.6  21 55 04.1467 -13 04 37.497   34   24 19.3 RE E  809
 2009 05 24 07 24 33.5  21 55 04.1484 -13 04 37.508   34   24 17.7 RE E  809
 2009 05 24 07 26 10.5  21 55 04.1444 -13 04 37.511   34   24 18.9 RE E  809
 2009 05 24 07 27 49.7  21 55 04.1463 -13 04 37.463   34   24 19.0 RE E  809
 2009 05 24 07 31 09.8  21 55 04.1494 -13 04 37.485   34   24 19.3 RE E  809
 2009 05 24 08 20 58.0  21 55 04.1728 -13 04 37.319   34   24 19.0 RE E  809
 2009 05 24 08 35 21.2  21 55 04.1848 -13 04 37.293   34   24 18.0 RE E  809
 2009 05 24 08 37 19.5  21 55 04.1825 -13 04 37.318   34   24 19.4 RE E  809
