 2005 04 03 00 20 22.4  12 55 29.3809 -04 41 17.762   21   13 15.1 V  BC 874
 2005 04 03 00 22 09.4  12 55 29.3394 -04 41 17.534   21   13 15.1 V  BC 874
 2005 04 03 00 23 56.3  12 55 29.3002 -04 41 17.280   21   13 14.9 V  BC 874
 2005 04 03 00 25 43.2  12 55 29.2592 -04 41 17.007   21   13 14.9 V  BC 874
 2005 04 03 00 27 30.3  12 55 29.2179 -04 41 16.728   21   13 14.9 V  BC 874
 2005 04 03 00 29 17.2  12 55 29.1737 -04 41 16.462   21   13 14.9 V  BC 874
 2005 04 03 00 31 04.2  12 55 29.1320 -04 41 16.201   21   13 15.0 V  BC 874
 2005 04 03 00 32 51.0  12 55 29.0919 -04 41 15.960   21   13 15.0 V  BC 874
 2005 04 03 00 34 37.8  12 55 29.0485 -04 41 15.685   21   13 15.1 V  BC 874
 2005 04 03 00 36 25.6  12 55 29.0056 -04 41 15.427   21   13 15.0 V  BC 874
 2005 04 04 00 54 13.6  12 54 55.4369 -04 37 39.363   17   15 14.9 C  BC 874
 2005 04 04 00 56 01.4  12 54 55.3950 -04 37 39.076   17   15 14.8 C  BC 874
 2005 04 04 00 59 35.2  12 54 55.3113 -04 37 38.524   17   15 14.8 C  BC 874
 2005 04 04 01 01 22.2  12 54 55.2711 -04 37 38.289   17   15 15.0 C  BC 874
 2005 04 04 01 03 09.1  12 54 55.2278 -04 37 38.010   17   15 14.8 C  BC 874
 2005 04 04 01 04 56.0  12 54 55.1866 -04 37 37.754   17   15 14.8 C  BC 874
 2005 04 04 01 08 29.7  12 54 55.1044 -04 37 37.213   17   15 14.6 C  BC 874
 2005 04 04 01 15 18.5  12 54 54.9423 -04 37 36.241   17   15 14.7 C  BC 874
 2005 04 04 01 17 05.5  12 54 54.9019 -04 37 35.965   17   15 14.8 C  BC 874
 2005 04 04 01 20 39.2  12 54 54.8165 -04 37 35.428   17   15 14.8 C  BC 874
 2005 04 04 01 22 27.4  12 54 54.7746 -04 37 35.169   17   15 14.8 C  BC 874
 2005 04 04 01 26 01.3  12 54 54.6888 -04 37 34.614   17   15 14.9 C  BC 874
 2005 04 04 01 27 47.2  12 54 54.6503 -04 37 34.368   17   15 14.8 C  BC 874
 2006 06 07 23 02 22.8  14 33 21.2875 -13 43 48.260   24   18 15.3 C  BC 874
 2006 06 07 23 07 03.4  14 33 21.2335 -13 43 48.231   24   18 15.1 C  BC 874
 2006 06 07 23 08 06.6  14 33 21.2239 -13 43 48.197   24   18 15.2 C  BC 874
 2006 06 07 23 09 08.9  14 33 21.2111 -13 43 48.150   24   18 15.3 C  BC 874
 2006 06 07 23 11 15.5  14 33 21.1837 -13 43 48.149   24   18 15.3 C  BC 874
 2006 06 07 23 12 19.2  14 33 21.1744 -13 43 48.116   24   18 15.2 C  BC 874
 2006 06 07 23 14 25.7  14 33 21.1479 -13 43 48.112   24   18 15.3 C  BC 874
 2006 06 07 23 15 29.7  14 33 21.1366 -13 43 48.093   24   18 15.2 C  BC 874
 2006 06 07 23 18 36.1  14 33 21.1016 -13 43 48.022   24   18 15.3 C  BC 874
 2006 06 07 23 19 39.3  14 33 21.0915 -13 43 48.008   24   18 15.2 C  BC 874
 2006 06 07 23 20 42.1  14 33 21.0790 -13 43 47.978   24   18 15.4 C  BC 874
 2006 06 07 23 21 45.3  14 33 21.0625 -13 43 48.012   24   18 15.3 C  BC 874
 2006 06 07 23 22 47.8  14 33 21.0551 -13 43 47.969   24   18 15.4 C  BC 874
 2006 06 07 23 23 51.0  14 33 21.0424 -13 43 47.952   24   18 15.3 C  BC 874
 2006 06 07 23 24 54.2  14 33 21.0299 -13 43 47.968   24   18 15.3 C  BC 874
 2006 06 07 23 25 57.4  14 33 21.0158 -13 43 47.932   24   18 15.3 C  BC 874
 2006 06 07 23 27 00.6  14 33 21.0021 -13 43 47.926   24   18 15.3 C  BC 874
 2006 07 01 22 54 02.7  14 29 44.5275 -13 46 53.831   14   12 15.4 C  BC 874
 2006 07 01 22 55 16.4  14 29 44.5258 -13 46 53.877   14   12 15.4 C  BC 874
 2006 07 01 23 19 40.7  14 29 44.4837 -13 46 54.523   14   12 15.5 C  BC 874
 2006 07 01 23 22 08.1  14 29 44.4796 -13 46 54.580   14   12 15.5 C  BC 874
 2006 07 01 23 23 21.0  14 29 44.4785 -13 46 54.627   14   12 15.5 C  BC 874
 2006 07 02 00 30 39.9  14 29 44.3649 -13 46 56.404   14   12 15.4 C  BC 874
 2006 07 02 00 34 20.1  14 29 44.3586 -13 46 56.492   14   12 15.5 C  BC 874
 2006 07 02 00 35 33.0  14 29 44.3567 -13 46 56.519   14   12 15.6 C  BC 874
 2006 07 02 00 41 38.0  14 29 44.3484 -13 46 56.705   14   12 15.6 C  BC 874
 2006 07 02 00 44 03.7  14 29 44.3438 -13 46 56.773   14   12 15.7 C  BC 874
 2006 07 02 00 45 17.3  14 29 44.3415 -13 46 56.782   14   12 15.5 C  BC 874
 2006 07 02 00 46 31.0  14 29 44.3413 -13 46 56.815   14   12 15.5 C  BC 874
 2006 07 02 00 47 43.8  14 29 44.3357 -13 46 56.834   14   12 15.4 C  BC 874
 2006 07 02 00 52 36.9  14 29 44.3286 -13 46 57.003   14   12 15.6 C  BC 874
 2006 07 02 00 53 49.7  14 29 44.3266 -13 46 56.997   14   12 15.5 C  BC 874
 2006 07 02 00 55 02.6  14 29 44.3272 -13 46 57.043   14   12 15.6 C  BC 874
 2006 07 02 00 56 16.3  14 29 44.3235 -13 46 57.072   14   12 15.6 C  BC 874
 2006 07 02 00 57 29.1  14 29 44.3203 -13 46 57.096   14   12 15.6 C  BC 874
 2006 07 02 00 59 55.7  14 29 44.3176 -13 46 57.182   14   12 15.5 C  BC 874
 2006 07 02 01 01 09.4  14 29 44.3153 -13 46 57.214   14   12 15.6 C  BC 874
 2006 07 02 01 02 23.1  14 29 44.3144 -13 46 57.220   14   12 15.6 C  BC 874
 2006 07 02 01 03 36.0  14 29 44.3114 -13 46 57.257   14   12 15.6 C  BC 874
 2006 07 02 01 04 48.8  14 29 44.3092 -13 46 57.299   14   12 15.7 C  BC 874
 2006 07 02 01 06 01.6  14 29 44.3085 -13 46 57.353   14   12 15.6 C  BC 874
 2006 07 02 01 09 42.1  14 29 44.3026 -13 46 57.444   14   12 15.5 C  BC 874
 2006 07 02 01 11 25.0  14 29 44.2988 -13 46 57.459   14   12 15.4 C  BC 874
 2006 07 02 01 13 07.8  14 29 44.2971 -13 46 57.514   14   12 15.4 C  BC 874
 2006 07 02 01 14 50.6  14 29 44.2956 -13 46 57.570   14   12 15.5 C  BC 874
 2006 07 02 01 16 34.3  14 29 44.2920 -13 46 57.602   14   12 15.5 C  BC 874
 2006 07 02 01 18 18.0  14 29 44.2889 -13 46 57.636   14   12 15.5 C  BC 874
 2006 07 02 01 20 00.8  14 29 44.2861 -13 46 57.680   14   12 15.6 C  BC 874
 2006 07 02 01 21 43.6  14 29 44.2842 -13 46 57.754   14   12 15.5 C  BC 874
 2006 07 02 01 23 27.3  14 29 44.2814 -13 46 57.797   14   12 15.5 C  BC 874
 2006 07 02 01 25 10.1  14 29 44.2789 -13 46 57.839   14   12 15.5 C  BC 874
 2006 08 30 23 53 41.9  14 45 32.4473 -15 23 29.597   35   34 15.9 C  BC 874
 2006 08 30 23 54 54.7  14 45 32.4697 -15 23 29.671   35   34 16.0 C  BC 874
 2006 08 30 23 56 07.6  14 45 32.4978 -15 23 29.771   35   34 15.9 C  BC 874
 2006 08 30 23 57 20.4  14 45 32.5282 -15 23 29.905   35   34 15.9 C  BC 874
 2006 08 30 23 58 34.1  14 45 32.5518 -15 23 30.053   35   34 16.0 C  BC 874
 2006 08 30 23 59 47.8  14 45 32.5767 -15 23 30.101   35   34 15.9 C  BC 874
 2006 08 31 00 00 57.8  14 45 32.6029 -15 23 30.218   35   34 16.0 C  BC 874
 2006 08 31 00 02 10.6  14 45 32.6337 -15 23 30.309   35   34 16.0 C  BC 874
 2006 08 31 00 03 23.5  14 45 32.6537 -15 23 30.401   35   34 16.0 C  BC 874
 2006 08 31 00 04 37.1  14 45 32.6813 -15 23 30.535   35   34 16.0 C  BC 874
 2006 08 31 00 05 50.8  14 45 32.7096 -15 23 30.728   35   34 16.0 C  BC 874
 2006 08 31 00 07 03.7  14 45 32.7310 -15 23 30.809   35   34 15.9 C  BC 874
 2006 08 31 00 08 16.5  14 45 32.7640 -15 23 30.843   35   34 16.2 C  BC 874
 2006 08 31 23 16 21.9  14 46 03.0525 -15 25 39.522    7   22 16.0 C  BC 874
 2006 08 31 23 20 01.3  14 46 03.1326 -15 25 39.838    7   22 16.0 C  BC 874
 2006 08 31 23 21 15.0  14 46 03.1589 -15 25 39.985    7   22 16.0 C  BC 874
 2006 08 31 23 22 27.8  14 46 03.1864 -15 25 40.089    7   22 16.1 C  BC 874
 2006 08 31 23 24 53.5  14 46 03.2398 -15 25 40.293    7   22 15.9 C  BC 874
 2006 08 31 23 26 07.2  14 46 03.2656 -15 25 40.394    7   22 16.0 C  BC 874
 2006 08 31 23 27 20.0  14 46 03.2924 -15 25 40.480    7   22 15.9 C  BC 874
 2006 08 31 23 28 32.9  14 46 03.3184 -15 25 40.642    7   22 16.0 C  BC 874
 2006 08 31 23 29 45.7  14 46 03.3453 -15 25 40.780    7   22 16.1 C  BC 874
 2006 08 31 23 30 58.5  14 46 03.3711 -15 25 40.867    7   22 16.0 C  BC 874
 2007 02 16 06 32 18.7  16 59 11.2816 -22 00 43.970   17   12 15.8 C  BC 874
 2007 02 16 06 33 37.7  16 59 11.3154 -22 00 44.059   17   12 15.9 C  BC 874
 2007 02 16 06 36 15.0  16 59 11.3804 -22 00 44.232   17   12 15.9 C  BC 874
 2007 02 16 06 38 50.7  16 59 11.4498 -22 00 44.373   17   12 16.0 C  BC 874
 2007 02 16 06 40 09.4  16 59 11.4825 -22 00 44.448   17   12 15.8 C  BC 874
 2007 02 16 06 41 28.2  16 59 11.5177 -22 00 44.545   17   12 15.9 C  BC 874
 2007 02 16 06 44 03.9  16 59 11.5852 -22 00 44.675   17   12 15.9 C  BC 874
 2007 02 16 06 45 21.8  16 59 11.6151 -22 00 44.773   17   12 15.9 C  BC 874
 2007 02 16 06 46 40.5  16 59 11.6508 -22 00 44.855   17   12 16.0 C  BC 874
 2007 02 16 06 47 59.1  16 59 11.6845 -22 00 44.932   17   12 15.8 C  BC 874
 2007 02 16 06 49 17.0  16 59 11.7181 -22 00 44.978   17   12 16.0 C  BC 874
 2007 02 16 06 51 52.7  16 59 11.7818 -22 00 45.143   17   12 15.9 C  BC 874
 2007 02 16 06 53 11.4  16 59 11.8188 -22 00 45.232   17   12 16.0 C  BC 874
 2007 04 15 03 19 57.0  17 17 11.0344 -22 47 19.415   31   25 16.1 U  BC 874
 2007 04 15 03 21 00.7  17 17 11.0270 -22 47 19.381   31   25 16.1 U  BC 874
 2007 04 15 03 22 03.5  17 17 11.0258 -22 47 19.366   31   25 16.1 U  BC 874
 2007 04 15 03 23 06.3  17 17 11.0192 -22 47 19.417   31   25 16.1 U  BC 874
 2007 04 15 03 24 09.1  17 17 11.0177 -22 47 19.397   31   25 16.1 U  BC 874
 2007 08 22 01 32 41.6  16 31 19.1984 -20 57 46.963   13   14 15.6 C  BC 874
 2007 08 22 01 36 22.1  16 31 19.2268 -20 57 47.067   13   14 15.7 C  BC 874
 2007 08 22 01 37 35.5  16 31 19.2367 -20 57 47.116   13   14 15.7 C  BC 874
 2007 08 22 01 38 49.0  16 31 19.2451 -20 57 47.178   13   14 15.7 C  BC 874
 2007 08 22 01 40 02.5  16 31 19.2577 -20 57 47.203   13   14 15.7 C  BC 874
 2007 08 22 01 41 16.0  16 31 19.2656 -20 57 47.264   13   14 15.7 C  BC 874
 2007 08 22 01 43 43.0  16 31 19.2856 -20 57 47.329   13   14 15.7 C  BC 874
 2007 08 22 01 44 56.5  16 31 19.2934 -20 57 47.343   13   14 15.7 C  BC 874
 2007 08 22 01 46 10.0  16 31 19.3037 -20 57 47.423   13   14 15.7 C  BC 874
 2007 08 22 01 47 23.4  16 31 19.3142 -20 57 47.435   13   14 15.8 C  BC 874
 2007 08 22 01 48 36.9  16 31 19.3248 -20 57 47.490   13   14 15.8 C  BC 874
 2007 08 23 00 29 58.3  16 31 30.7950 -20 58 35.764   40   28 15.6 C  BC 874
 2007 08 23 00 31 02.6  16 31 30.8040 -20 58 35.804   40   28 15.6 C  BC 874
 2007 08 23 00 32 06.1  16 31 30.8119 -20 58 35.884   40   28 15.6 C  BC 874
 2007 08 23 00 33 09.4  16 31 30.8242 -20 58 35.898   40   28 15.5 C  BC 874
 2007 08 23 00 35 15.5  16 31 30.8437 -20 58 36.016   40   28 15.5 C  BC 874
 2007 08 23 00 36 19.0  16 31 30.8545 -20 58 36.029   40   28 15.6 C  BC 874
 2007 08 23 00 40 32.0  16 31 30.8878 -20 58 36.192   40   28 15.6 C  BC 874
 2007 08 24 00 39 28.1  16 31 43.8063 -20 59 29.398   21   16 15.7 C  BC 874
 2007 08 24 00 41 54.8  16 31 43.8282 -20 59 29.507   21   16 15.7 C  BC 874
 2007 08 24 00 43 08.0  16 31 43.8403 -20 59 29.541   21   16 15.7 C  BC 874
 2007 08 24 00 44 21.1  16 31 43.8478 -20 59 29.586   21   16 15.7 C  BC 874
 2007 08 24 00 45 34.3  16 31 43.8623 -20 59 29.649   21   16 15.7 C  BC 874
 2007 08 24 00 46 48.4  16 31 43.8703 -20 59 29.653   21   16 15.7 C  BC 874
 2007 08 24 00 48 01.6  16 31 43.8789 -20 59 29.692   21   16 15.6 C  BC 874
 2007 08 24 00 49 14.8  16 31 43.8930 -20 59 29.738   21   16 15.6 C  BC 874
 2007 08 24 00 50 28.0  16 31 43.9021 -20 59 29.794   21   16 15.7 C  BC 874
 2007 08 24 00 52 54.7  16 31 43.9258 -20 59 29.889   21   16 15.6 C  BC 874
 2007 08 24 00 54 07.9  16 31 43.9348 -20 59 29.949   21   16 15.7 C  BC 874
 2007 08 24 00 55 21.1  16 31 43.9477 -20 59 29.982   21   16 15.7 C  BC 874
 2007 08 24 00 56 34.3  16 31 43.9577 -20 59 30.004   21   16 15.7 C  BC 874
 2007 08 24 01 00 13.0  16 31 43.9918 -20 59 30.119   21   16 15.7 C  BC 874
 2007 08 24 01 01 26.2  16 31 44.0015 -20 59 30.205   21   16 15.7 C  BC 874
 2007 08 24 23 30 30.8  16 31 56.9127 -21 00 22.466    7   10 15.7 C  BC 874
 2007 08 24 23 34 09.6  16 31 56.9477 -21 00 22.599    7   10 15.6 C  BC 874
 2007 08 24 23 36 36.0  16 31 56.9701 -21 00 22.699    7   10 15.6 C  BC 874
 2007 08 24 23 37 50.1  16 31 56.9814 -21 00 22.736    7   10 15.6 C  BC 874
 2007 08 24 23 39 02.6  16 31 56.9931 -21 00 22.771    7   10 15.7 C  BC 874
 2007 08 24 23 40 15.9  16 31 57.0050 -21 00 22.838    7   10 15.7 C  BC 874
 2007 08 24 23 41 29.1  16 31 57.0165 -21 00 22.871    7   10 15.6 C  BC 874
 2007 08 24 23 42 42.3  16 31 57.0270 -21 00 22.939    7   10 15.7 C  BC 874
 2007 08 24 23 43 55.5  16 31 57.0380 -21 00 22.971    7   10 15.6 C  BC 874
 2007 08 24 23 45 08.9  16 31 57.0499 -21 00 23.021    7   10 15.6 C  BC 874
 2007 08 24 23 46 21.1  16 31 57.0610 -21 00 23.046    7   10 15.7 C  BC 874
 2007 08 24 23 47 34.4  16 31 57.0729 -21 00 23.094    7   10 15.6 C  BC 874
 2007 08 24 23 48 47.6  16 31 57.0848 -21 00 23.158    7   10 15.6 C  BC 874
 2007 08 24 23 50 00.4  16 31 57.0956 -21 00 23.190    7   10 15.6 C  BC 874
 2007 08 24 23 51 13.7  16 31 57.1079 -21 00 23.237    7   10 15.7 C  BC 874
 2007 08 24 23 52 26.1  16 31 57.1198 -21 00 23.308    7   10 15.7 C  BC 874
 2007 09 12 23 03 41.1  16 38 45.8180 -21 24 19.647   42   36 14.5 C  BC 874
 2007 09 12 23 10 53.3  16 38 45.9631 -21 24 20.062   42   36 14.5 C  BC 874
 2007 09 12 23 17 00.9  16 38 46.0814 -21 24 20.409   42   36 14.5 C  BC 874
 2007 09 12 23 19 17.8  16 38 46.1248 -21 24 20.592   42   36 14.6 C  BC 874
 2007 09 12 23 24 05.0  16 38 46.2204 -21 24 20.882   42   36 14.6 C  BC 874
 2007 09 12 23 27 25.2  16 38 46.2813 -21 24 21.149   42   36 14.6 C  BC 874
 2007 09 12 23 29 08.6  16 38 46.3146 -21 24 21.167   42   36 14.6 C  BC 874
 2007 09 12 23 34 18.2  16 38 46.4236 -21 24 21.464   42   36 14.6 C  BC 874
 2007 09 12 23 36 02.5  16 38 46.4510 -21 24 21.610   42   36 14.6 C  BC 874
 2007 09 12 23 37 45.9  16 38 46.4928 -21 24 21.796   42   36 14.6 C  BC 874
 2007 09 12 23 39 29.4  16 38 46.5230 -21 24 21.895   42   36 14.5 C  BC 874
 2007 09 12 23 41 12.9  16 38 46.5551 -21 24 21.944   42   36 14.6 C  BC 874
 2007 09 12 23 42 56.4  16 38 46.5883 -21 24 22.088   42   36 14.6 C  BC 874
 2007 09 12 23 44 39.8  16 38 46.6236 -21 24 22.185   42   36 14.5 C  BC 874
 2007 09 12 23 46 23.3  16 38 46.6570 -21 24 22.294   42   36 14.6 C  BC 874
 2007 09 12 23 48 06.7  16 38 46.6948 -21 24 22.362   42   36 14.6 C  BC 874
 2007 09 12 23 49 49.4  16 38 46.7237 -21 24 22.530   42   36 14.5 C  BC 874
 2008 04 18 05 22 41.6  19 30 42.5019 -21 21 13.724    8   13 15.7 R  BC 874
 2008 04 18 05 24 44.4  19 30 42.5192 -21 21 13.656    8   13 15.7 R  BC 874
 2008 04 18 05 28 50.1  19 30 42.5508 -21 21 13.593    8   13 15.7 R  BC 874
 2008 04 18 05 30 52.9  19 30 42.5655 -21 21 13.568    8   13 15.7 R  BC 874
 2008 04 18 05 34 59.5  19 30 42.5982 -21 21 13.508    8   13 15.7 R  BC 874
 2008 04 18 05 39 05.2  19 30 42.6293 -21 21 13.455    8   13 15.6 R  BC 874
 2008 04 18 05 41 08.0  19 30 42.6448 -21 21 13.406    8   13 15.6 R  BC 874
 2008 05 24 05 51 24.3  19 30 07.5168 -21 33 00.418   18   23 15.4 I  BC 874
 2008 05 24 05 55 38.5  19 30 07.4784 -21 33 00.609   18   23 15.3 I  BC 874
 2008 05 24 05 57 21.9  19 30 07.4596 -21 33 00.713   18   23 15.3 I  BC 874
 2008 05 24 05 59 05.4  19 30 07.4444 -21 33 00.754   18   23 15.4 I  BC 874
 2008 05 24 06 00 48.9  19 30 07.4278 -21 33 00.842   18   23 15.3 I  BC 874
 2008 05 24 06 06 00.1  19 30 07.3780 -21 33 01.109   18   23 15.5 I  BC 874
 2008 05 24 06 07 43.6  19 30 07.3578 -21 33 01.161   18   23 15.4 I  BC 874
 2008 05 24 06 11 10.6  19 30 07.3243 -21 33 01.340   18   23 15.4 I  BC 874
 2008 05 24 06 12 53.2  19 30 07.3087 -21 33 01.360   18   23 15.5 I  BC 874
 2008 05 24 06 14 36.7  19 30 07.2919 -21 33 01.506   18   23 15.4 I  BC 874
 2008 05 24 06 16 19.3  19 30 07.2750 -21 33 01.528   18   23 15.3 I  BC 874
 2008 05 24 06 18 02.7  19 30 07.2567 -21 33 01.604   18   23 15.4 I  BC 874
 2008 05 24 06 19 45.3  19 30 07.2416 -21 33 01.705   18   23 15.4 I  BC 874
 2008 05 24 06 21 28.8  19 30 07.2243 -21 33 01.789   18   23 15.4 I  BC 874
 2008 05 24 06 23 12.3  19 30 07.2091 -21 33 01.875   18   23 15.4 I  BC 874
 2008 05 24 06 24 55.7  19 30 07.1915 -21 33 01.909   18   23 15.3 I  BC 874
 2008 05 24 06 28 21.8  19 30 07.1581 -21 33 02.077   18   23 15.3 I  BC 874
 2008 05 24 06 30 05.3  19 30 07.1430 -21 33 02.157   18   23 15.5 I  BC 874
 2008 05 24 06 31 48.7  19 30 07.1241 -21 33 02.216   18   23 15.4 I  BC 874
 2008 05 24 06 33 32.2  19 30 07.1101 -21 33 02.315   18   23 15.4 I  BC 874
 2008 05 24 06 35 15.7  19 30 07.0922 -21 33 02.384   18   23 15.3 I  BC 874
 2008 05 24 06 36 58.3  19 30 07.0739 -21 33 02.406   18   23 15.4 I  BC 874
 2008 05 24 06 38 41.8  19 30 07.0562 -21 33 02.531   18   23 15.4 I  BC 874
 2008 05 24 06 43 51.3  19 30 07.0048 -21 33 02.728   18   23 15.4 I  BC 874
 2008 05 24 06 47 19.1  19 30 06.9733 -21 33 02.889   18   23 15.3 I  BC 874
 2008 05 24 06 49 02.6  19 30 06.9556 -21 33 02.927   18   23 15.4 I  BC 874
 2008 05 24 06 50 46.0  19 30 06.9386 -21 33 03.029   18   23 15.4 I  BC 874
 2008 05 24 06 52 29.5  19 30 06.9221 -21 33 03.088   18   23 15.4 I  BC 874
 2008 05 26 07 03 58.7  19 29 39.1365 -21 35 12.810   13   19 15.3 I  BC 874
 2008 05 26 07 06 01.4  19 29 39.1150 -21 35 12.902   13   19 15.4 I  BC 874
 2008 05 26 07 07 04.8  19 29 39.1032 -21 35 12.955   13   19 15.3 I  BC 874
 2008 05 26 07 08 08.3  19 29 39.0919 -21 35 12.967   13   19 15.3 I  BC 874
 2008 05 26 07 09 11.6  19 29 39.0808 -21 35 13.041   13   19 15.3 I  BC 874
 2008 05 26 07 10 14.2  19 29 39.0679 -21 35 13.100   13   19 15.3 I  BC 874
 2008 05 26 07 11 17.7  19 29 39.0570 -21 35 13.128   13   19 15.2 I  BC 874
 2008 05 26 07 12 20.3  19 29 39.0460 -21 35 13.209   13   19 15.3 I  BC 874
 2008 05 26 07 13 23.8  19 29 39.0363 -21 35 13.231   13   19 15.3 I  BC 874
 2008 05 26 07 14 27.4  19 29 39.0249 -21 35 13.267   13   19 15.3 I  BC 874
 2008 05 26 07 15 30.9  19 29 39.0124 -21 35 13.337   13   19 15.3 I  BC 874
 2008 05 26 07 16 34.5  19 29 39.0016 -21 35 13.394   13   19 15.3 I  BC 874
 2008 05 26 07 17 37.2  19 29 38.9913 -21 35 13.443   13   19 15.3 I  BC 874
 2008 05 26 07 18 40.8  19 29 38.9800 -21 35 13.508   13   19 15.3 I  BC 874
 2008 05 26 07 19 44.2  19 29 38.9692 -21 35 13.505   13   19 15.3 I  BC 874
 2008 05 26 07 20 47.9  19 29 38.9564 -21 35 13.557   13   19 15.3 I  BC 874
 2008 05 26 07 21 51.4  19 29 38.9454 -21 35 13.611   13   19 15.3 I  BC 874
 2008 05 26 07 22 54.9  19 29 38.9349 -21 35 13.698   13   19 15.3 I  BC 874
 2008 05 26 07 23 58.5  19 29 38.9220 -21 35 13.752   13   19 15.3 I  BC 874
 2008 05 26 07 25 02.0  19 29 38.9110 -21 35 13.729   13   19 15.2 I  BC 874
 2008 05 26 07 26 05.4  19 29 38.9026 -21 35 13.776   13   19 15.3 I  BC 874
 2008 05 26 07 27 08.9  19 29 38.8887 -21 35 13.881   13   19 15.3 I  BC 874
 2008 05 26 07 28 12.4  19 29 38.8794 -21 35 13.902   13   19 15.3 I  BC 874
 2008 05 26 07 29 15.9  19 29 38.8663 -21 35 13.958   13   19 15.3 I  BC 874
 2008 05 26 07 30 19.4  19 29 38.8559 -21 35 14.011   13   19 15.3 I  BC 874
 2008 05 26 07 31 22.9  19 29 38.8464 -21 35 14.045   13   19 15.2 I  BC 874
 2008 08 11 23 07 48.5  18 59 21.2915 -23 24 39.580    5   16 15.4 I  BC 874
 2008 08 11 23 12 56.2  18 59 21.2359 -23 24 39.741    5   16 15.4 I  BC 874
 2008 08 11 23 15 15.3  18 59 21.2108 -23 24 39.836    5   16 15.4 I  BC 874
 2008 08 11 23 16 58.1  18 59 21.1928 -23 24 39.888    5   16 15.4 I  BC 874
 2008 08 11 23 20 24.7  18 59 21.1543 -23 24 39.971    5   16 15.4 I  BC 874
 2008 08 11 23 22 08.4  18 59 21.1363 -23 24 40.046    5   16 15.4 I  BC 874
 2008 08 12 00 44 51.7  18 59 20.2343 -23 24 42.771    5   16 15.5 I  BC 874
 2008 08 12 00 46 35.4  18 59 20.2152 -23 24 42.793    5   16 15.4 I  BC 874
 2008 08 12 00 50 01.0  18 59 20.1782 -23 24 42.933    5   16 15.4 I  BC 874
 2008 09 19 23 29 34.7  18 58 11.1371 -23 28 33.015   12   18 16.1 I  BC 874
 2008 09 19 23 30 57.3  18 58 11.1468 -23 28 32.995   12   18 16.1 I  BC 874
 2008 09 19 23 32 21.2  18 58 11.1584 -23 28 32.945   12   18 16.1 I  BC 874
 2008 09 19 23 37 02.0  18 58 11.1935 -23 28 32.851   12   18 16.0 I  BC 874
 2008 09 19 23 38 45.3  18 58 11.2050 -23 28 32.789   12   18 16.0 I  BC 874
 2008 09 19 23 40 29.0  18 58 11.2191 -23 28 32.725   12   18 16.0 I  BC 874
 2008 09 19 23 42 12.5  18 58 11.2330 -23 28 32.672   12   18 15.9 I  BC 874
 2008 09 19 23 43 55.9  18 58 11.2443 -23 28 32.643   12   18 16.0 I  BC 874
 2008 09 19 23 53 24.0  18 58 11.3159 -23 28 32.427   12   18 15.9 I  BC 874
 2008 09 19 23 55 07.6  18 58 11.3281 -23 28 32.373   12   18 16.0 I  BC 874
 2008 09 19 23 57 34.1  18 58 11.3467 -23 28 32.293   12   18 15.9 I  BC 874
 2008 09 19 23 59 17.6  18 58 11.3602 -23 28 32.274   12   18 16.0 I  BC 874
 2008 09 20 00 01 01.8  18 58 11.3751 -23 28 32.240   12   18 15.9 I  BC 874
 2008 09 20 00 02 44.3  18 58 11.3863 -23 28 32.172   12   18 15.9 I  BC 874
 2008 09 20 00 04 27.8  18 58 11.3988 -23 28 32.107   12   18 15.9 I  BC 874
 2008 09 20 00 06 12.1  18 58 11.4137 -23 28 32.067   12   18 15.9 I  BC 874
 2008 09 20 00 07 55.6  18 58 11.4268 -23 28 32.066   12   18 16.0 I  BC 874
 2008 09 20 00 09 38.4  18 58 11.4371 -23 28 31.977   12   18 15.9 I  BC 874
 2008 09 20 00 11 21.9  18 58 11.4523 -23 28 31.953   12   18 15.9 I  BC 874
 2008 09 20 00 13 05.8  18 58 11.4655 -23 28 31.905   12   18 15.9 I  BC 874
 2008 09 20 00 24 11.4  18 58 11.5485 -23 28 31.619   12   18 15.8 I  BC 874
 2008 09 20 00 26 44.8  18 58 11.5673 -23 28 31.569   12   18 15.8 I  BC 874
 2008 09 20 00 31 51.7  18 58 11.6050 -23 28 31.455   12   18 15.8 I  BC 874
 2008 09 20 00 34 24.3  18 58 11.6259 -23 28 31.385   12   18 15.8 I  BC 874
 2008 09 20 00 42 04.9  18 58 11.6832 -23 28 31.193   12   18 15.8 I  BC 874
 2008 09 20 00 44 38.5  18 58 11.7034 -23 28 31.091   12   18 15.8 I  BC 874
 2008 09 20 00 47 12.0  18 58 11.7226 -23 28 31.053   12   18 15.9 I  BC 874
 2008 09 20 01 54 54.1  18 58 12.2430 -23 28 29.298   12   18 15.8 I  BC 874
 2008 09 20 02 00 01.0  18 58 12.2842 -23 28 29.157   12   18 15.8 I  BC 874
 2008 09 20 02 02 34.5  18 58 12.3031 -23 28 29.090   12   18 15.8 I  BC 874
 2008 09 20 02 05 08.0  18 58 12.3245 -23 28 29.005   12   18 15.7 I  BC 874
 2009 07 18 06 08 02.3  21 54 27.3401 -13 35 50.695   14    7 15.2 I  BC 874
 2009 07 18 06 09 36.0  21 54 27.3087 -13 35 50.779   14    7 15.2 I  BC 874
 2009 07 18 06 11 09.5  21 54 27.2818 -13 35 50.887   14    7 15.3 I  BC 874
 2009 07 18 06 15 50.8  21 54 27.1964 -13 35 51.201   14    7 15.1 I  BC 874
 2009 07 18 06 17 23.4  21 54 27.1674 -13 35 51.296   14    7 15.2 I  BC 874
 2009 07 18 06 20 30.3  21 54 27.1107 -13 35 51.513   14    7 15.2 I  BC 874
 2009 07 18 06 23 37.3  21 54 27.0556 -13 35 51.701   14    7 15.2 I  BC 874
 2009 07 18 06 25 10.7  21 54 27.0269 -13 35 51.818   14    7 15.2 I  BC 874
 2009 07 18 06 28 16.7  21 54 26.9702 -13 35 52.014   14    7 15.1 I  BC 874
 2009 07 18 06 29 49.3  21 54 26.9414 -13 35 52.112   14    7 15.2 I  BC 874
 2009 07 18 06 31 22.8  21 54 26.9156 -13 35 52.213   14    7 15.2 I  BC 874
 2009 07 18 06 32 57.1  21 54 26.8865 -13 35 52.327   14    7 15.2 I  BC 874
 2009 07 18 06 36 04.1  21 54 26.8304 -13 35 52.521   14    7 15.1 I  BC 874
 2010 07 05 07 41 04.0  00 09 28.4661 -00 16 46.420   11   20 15.6 R  BC 874
 2010 07 05 07 41 46.0  00 09 28.4721 -00 16 46.389   11   20 15.6 R  BC 874
 2010 07 05 07 42 28.0  00 09 28.4750 -00 16 46.400   11   20 15.7 R  BC 874
 2010 07 05 07 43 52.0  00 09 28.4841 -00 16 46.394   11   20 15.7 R  BC 874
 2010 07 05 07 44 34.0  00 09 28.4903 -00 16 46.361   11   20 15.6 R  BC 874
 2010 07 05 07 45 16.0  00 09 28.4957 -00 16 46.366   11   20 15.6 R  BC 874
 2010 07 05 07 45 58.0  00 09 28.4982 -00 16 46.342   11   20 15.5 R  BC 874
 2010 07 05 07 47 21.0  00 09 28.5091 -00 16 46.386   11   20 15.7 R  BC 874
 2010 07 05 07 48 03.0  00 09 28.5127 -00 16 46.320   11   20 15.7 R  BC 874
 2010 07 05 07 48 45.0  00 09 28.5187 -00 16 46.325   11   20 15.7 R  BC 874
 2010 07 05 07 49 27.0  00 09 28.5239 -00 16 46.336   11   20 15.7 R  BC 874
 2010 07 05 07 50 51.0  00 09 28.5330 -00 16 46.306   11   20 15.6 R  BC 874
 2010 07 05 07 51 33.0  00 09 28.5370 -00 16 46.338   11   20 15.8 R  BC 874
 2010 07 05 07 52 15.0  00 09 28.5418 -00 16 46.276   11   20 15.6 R  BC 874
 2010 07 05 07 52 57.0  00 09 28.5465 -00 16 46.277   11   20 15.5 R  BC 874
 2010 07 05 07 53 39.0  00 09 28.5516 -00 16 46.276   11   20 15.7 R  BC 874
 2010 07 05 07 55 03.0  00 09 28.5603 -00 16 46.257   11   20 15.4 R  BC 874
 2010 07 05 07 55 45.0  00 09 28.5662 -00 16 46.296   11   20 15.5 R  BC 874
 2010 07 05 07 56 26.0  00 09 28.5699 -00 16 46.300   11   20 15.7 R  BC 874
 2010 07 05 07 57 08.0  00 09 28.5734 -00 16 46.263   11   20 15.6 R  BC 874
 2010 07 05 07 57 50.0  00 09 28.5790 -00 16 46.248   11   20 15.6 R  BC 874
 2010 07 05 07 58 32.0  00 09 28.5846 -00 16 46.253   11   20 15.9 R  BC 874
 2010 07 05 07 59 14.0  00 09 28.5893 -00 16 46.287   11   20 15.6 R  BC 874
 2010 07 05 08 00 38.0  00 09 28.5976 -00 16 46.242   11   20 15.8 R  BC 874
 2010 07 05 08 01 20.0  00 09 28.6021 -00 16 46.219   11   20 15.8 R  BC 874
 2010 07 06 08 22 48.0  00 09 38.8817 -00 16 37.142   30   23 15.4 C  BC 874
 2010 07 06 08 24 45.0  00 09 38.8932 -00 16 37.147   30   23 15.4 C  BC 874
 2010 07 06 08 26 51.0  00 09 38.9036 -00 16 37.161   30   23 15.4 C  BC 874
 2010 07 06 08 27 33.0  00 09 38.9143 -00 16 37.182   30   23 15.5 C  BC 874
 2010 07 06 08 28 15.0  00 09 38.9161 -00 16 37.178   30   23 15.5 C  BC 874
 2010 07 06 08 28 57.0  00 09 38.9216 -00 16 37.141   30   23 15.5 C  BC 874
 2010 07 06 08 29 40.0  00 09 38.9226 -00 16 37.129   30   23 15.3 C  BC 874
 2010 07 06 08 30 22.0  00 09 38.9294 -00 16 37.115   30   23 15.3 C  BC 874
 2010 07 07 08 23 20.0  00 09 48.3830 -00 16 32.852   21   16 15.4 C  BC 874
 2010 07 07 08 25 54.0  00 09 48.4010 -00 16 32.850   21   16 15.5 C  BC 874
 2010 07 07 08 26 16.0  00 09 48.4003 -00 16 32.890   21   16 15.5 C  BC 874
 2010 07 07 08 26 38.0  00 09 48.4037 -00 16 32.867   21   16 15.4 C  BC 874
 2010 07 07 08 27 22.0  00 09 48.4104 -00 16 32.853   21   16 15.4 C  BC 874
 2010 07 07 08 27 46.0  00 09 48.4120 -00 16 32.846   21   16 15.4 C  BC 874
 2010 07 07 08 28 07.0  00 09 48.4126 -00 16 32.877   21   16 15.5 C  BC 874
 2010 07 07 08 28 29.0  00 09 48.4157 -00 16 32.874   21   16 15.4 C  BC 874
 2011 09 03 08 18 36.0  02 35 26.0609 +14 14 23.399   32   41 15.6 I  BC 874
 2011 09 03 08 21 41.0  02 35 26.0584 +14 14 23.492   32   41 15.6 I  BC 874
 2011 09 03 08 24 45.0  02 35 26.0518 +14 14 23.397   32   41 15.2 I  BC 874
 2011 09 03 08 27 49.0  02 35 26.0439 +14 14 23.418   32   41 15.5 I  BC 874
 2011 09 03 08 30 53.0  02 35 26.0445 +14 14 23.417   32   41 15.4 I  BC 874
 2011 09 04 06 30 32.0  02 35 24.2323 +14 14 25.044   16   28 15.5 I  BC 874
 2011 09 04 06 32 15.0  02 35 24.2272 +14 14 25.010   16   28 14.9 I  BC 874
 2011 09 04 06 35 42.0  02 35 24.2184 +14 14 25.038   16   28 15.4 I  BC 874
 2011 09 04 06 40 51.0  02 35 24.2092 +14 14 25.054   16   28 15.5 I  BC 874
 2011 09 04 06 42 34.0  02 35 24.2066 +14 14 25.008   16   28 15.5 I  BC 874
 2011 09 04 06 44 18.0  02 35 24.2012 +14 14 25.041   16   28 15.4 I  BC 874
 2011 09 04 06 46 01.0  02 35 24.1949 +14 14 25.009   16   28 15.4 I  BC 874
 2011 09 04 06 49 27.0  02 35 24.1906 +14 14 25.061   16   28 15.4 I  BC 874
 2011 09 04 06 52 54.0  02 35 24.1822 +14 14 25.060   16   28 15.4 I  BC 874
 2011 09 04 06 59 47.0  02 35 24.1643 +14 14 25.074   16   28 15.4 I  BC 874
 2011 09 04 07 04 39.0  02 35 24.1541 +14 14 25.003   16   28 15.4 I  BC 874
 2011 09 04 07 06 22.0  02 35 24.1491 +14 14 25.070   16   28 15.5 I  BC 874
 2011 09 04 07 09 49.0  02 35 24.1431 +14 14 25.005   16   28 15.4 I  BC 874
 2011 09 04 07 11 32.0  02 35 24.1388 +14 14 25.016   16   28 15.4 I  BC 874
 2011 09 04 07 13 15.0  02 35 24.1340 +14 14 25.057   16   28 15.4 I  BC 874
 2011 09 04 07 14 58.0  02 35 24.1289 +14 14 24.983   16   28 15.3 I  BC 874
 2011 09 04 07 16 42.0  02 35 24.1254 +14 14 25.059   16   28 15.4 I  BC 874
 2011 09 04 07 18 25.0  02 35 24.1227 +14 14 24.994   16   28 15.3 I  BC 874
 2011 09 04 07 20 08.0  02 35 24.1192 +14 14 25.007   16   28 15.4 I  BC 874
 2011 09 04 07 21 52.0  02 35 24.1143 +14 14 24.968   16   28 15.4 I  BC 874
 2011 09 04 07 23 35.0  02 35 24.1103 +14 14 25.045   16   28 15.4 I  BC 874
 2011 09 04 07 25 18.0  02 35 24.1089 +14 14 25.043   16   28 15.4 I  BC 874
 2011 09 04 07 27 01.0  02 35 24.1036 +14 14 25.008   16   28 15.4 I  BC 874
 2011 09 04 07 28 45.0  02 35 24.1005 +14 14 24.991   16   28 15.4 I  BC 874
 2011 09 04 07 30 28.0  02 35 24.0959 +14 14 25.029   16   28 15.4 I  BC 874
 2011 09 04 07 33 54.0  02 35 24.0872 +14 14 25.021   16   28 15.4 I  BC 874
 2011 09 04 07 35 38.0  02 35 24.0833 +14 14 25.014   16   28 15.4 I  BC 874
 2011 09 04 07 37 21.0  02 35 24.0815 +14 14 24.996   16   28 15.4 I  BC 874
 2011 09 04 07 39 04.0  02 35 24.0766 +14 14 25.022   16   28 15.4 I  BC 874
 2011 09 04 07 40 47.0  02 35 24.0724 +14 14 25.016   16   28 15.4 I  BC 874
 2011 09 04 07 42 31.0  02 35 24.0680 +14 14 24.965   16   28 15.4 I  BC 874
 2011 09 04 07 45 57.0  02 35 24.0601 +14 14 25.031   16   28 15.4 I  BC 874
 2011 09 04 07 47 40.0  02 35 24.0578 +14 14 25.036   16   28 15.4 I  BC 874
 2011 09 04 07 49 23.0  02 35 24.0521 +14 14 24.971   16   28 15.4 I  BC 874
 2011 09 04 07 51 06.0  02 35 24.0486 +14 14 24.985   16   28 15.4 I  BC 874
 2011 09 04 07 52 50.0  02 35 24.0449 +14 14 24.945   16   28 15.3 I  BC 874
 2011 09 04 07 54 33.0  02 35 24.0421 +14 14 24.985   16   28 15.4 I  BC 874
 2011 09 04 07 58 58.0  02 35 24.0295 +14 14 25.025   16   28 14.9 I  BC 874
 2011 09 04 08 00 41.0  02 35 24.0257 +14 14 24.971   16   28 15.4 I  BC 874
 2011 09 04 08 02 24.0  02 35 24.0215 +14 14 24.997   16   28 15.3 I  BC 874
 2011 09 04 08 05 51.0  02 35 24.0145 +14 14 25.004   16   28 15.3 I  BC 874
 2011 09 04 08 07 34.0  02 35 24.0115 +14 14 24.961   16   28 15.4 I  BC 874
 2011 09 04 08 11 01.0  02 35 24.0026 +14 14 24.994   16   28 15.4 I  BC 874
 2011 09 04 08 14 27.0  02 35 23.9975 +14 14 24.965   16   28 15.4 I  BC 874
 2011 09 04 08 17 54.0  02 35 23.9860 +14 14 24.957   16   28 15.4 I  BC 874
 2011 09 04 08 19 37.0  02 35 23.9842 +14 14 24.955   16   28 15.3 I  BC 874
 2011 09 04 08 21 21.0  02 35 23.9811 +14 14 24.922   16   28 15.6 I  BC 874
 2011 09 04 08 23 04.0  02 35 23.9753 +14 14 24.905   16   28 15.4 I  BC 874
 2011 09 04 08 24 47.0  02 35 23.9721 +14 14 24.959   16   28 15.4 I  BC 874
 2011 09 04 08 26 31.0  02 35 23.9676 +14 14 24.925   16   28 15.5 I  BC 874
 2011 09 04 08 29 57.0  02 35 23.9616 +14 14 24.886   16   28 15.3 I  BC 874
 2012 09 16 06 47 21.6  04 56 53.0667 +21 25 56.951   27   18 15.3 un BC 874
 2012 09 16 06 48 27.4  04 56 53.0755 +21 25 56.926   27   18 15.4 un BC 874
 2012 09 16 06 49 33.3  04 56 53.0788 +21 25 56.923   27   18 15.4 un BC 874
 2012 09 16 06 50 39.1  04 56 53.0852 +21 25 56.921   27   18 15.3 un BC 874
 2012 09 16 06 51 45.0  04 56 53.0980 +21 25 56.915   27   18 15.3 un BC 874
 2012 09 16 06 52 50.9  04 56 53.1026 +21 25 56.887   27   18 15.4 un BC 874
 2012 09 16 06 53 56.7  04 56 53.1129 +21 25 56.918   27   18 15.3 un BC 874
 2012 09 16 06 55 02.7  04 56 53.1204 +21 25 56.918   27   18 15.4 un BC 874
 2012 09 16 06 56 08.6  04 56 53.1284 +21 25 56.848   27   18 15.4 un BC 874
 2012 09 16 06 57 14.4  04 56 53.1381 +21 25 56.881   27   18 15.4 un BC 874
 2012 09 16 06 58 20.2  04 56 53.1412 +21 25 56.857   27   18 15.4 un BC 874
 2012 09 16 06 59 26.1  04 56 53.1494 +21 25 56.874   27   18 15.4 un BC 874
 2012 09 16 07 00 31.9  04 56 53.1593 +21 25 56.825   27   18 15.4 un BC 874
 2012 09 16 07 01 37.8  04 56 53.1660 +21 25 56.817   27   18 15.4 un BC 874
 2012 09 16 07 02 43.7  04 56 53.1729 +21 25 56.820   27   18 15.3 un BC 874
 2012 09 16 07 03 49.6  04 56 53.1819 +21 25 56.848   27   18 15.3 un BC 874
 2012 09 16 07 04 55.5  04 56 53.1921 +21 25 56.828   27   18 15.4 un BC 874
 2012 09 16 07 06 01.4  04 56 53.1949 +21 25 56.786   27   18 15.4 un BC 874
 2012 09 16 07 07 07.3  04 56 53.2041 +21 25 56.782   27   18 15.4 un BC 874
 2012 09 16 07 08 13.1  04 56 53.2132 +21 25 56.782   27   18 15.3 un BC 874
 2012 09 17 07 22 45.3  04 57 03.9399 +21 25 43.406   28   22 15.3 un BC 874
 2012 09 17 07 23 31.1  04 57 03.9408 +21 25 43.373   28   22 15.4 un BC 874
 2012 09 17 07 24 17.0  04 57 03.9481 +21 25 43.357   28   22 15.3 un BC 874
 2012 09 17 07 25 02.8  04 57 03.9483 +21 25 43.372   28   22 15.4 un BC 874
 2012 09 17 07 25 48.7  04 57 03.9541 +21 25 43.330   28   22 15.3 un BC 874
 2012 09 17 07 26 34.6  04 57 03.9629 +21 25 43.378   28   22 15.3 un BC 874
 2012 09 17 07 27 20.5  04 57 03.9639 +21 25 43.327   28   22 15.3 un BC 874
 2012 09 17 07 28 52.2  04 57 03.9744 +21 25 43.289   28   22 15.4 un BC 874
 2012 09 17 07 29 38.1  04 57 03.9814 +21 25 43.305   28   22 15.3 un BC 874
 2012 09 17 07 30 23.9  04 57 03.9885 +21 25 43.280   28   22 15.4 un BC 874
 2012 09 17 07 31 55.6  04 57 03.9953 +21 25 43.278   28   22 15.3 un BC 874
 2012 09 17 07 32 41.5  04 57 04.0023 +21 25 43.254   28   22 15.4 un BC 874
 2012 09 17 07 33 27.4  04 57 04.0041 +21 25 43.275   28   22 15.4 un BC 874
 2012 09 17 07 34 13.2  04 57 04.0124 +21 25 43.258   28   22 15.4 un BC 874
 2012 09 17 07 34 59.1  04 57 04.0189 +21 25 43.277   28   22 15.4 un BC 874
 2012 09 17 07 35 44.9  04 57 04.0190 +21 25 43.225   28   22 15.4 un BC 874
 2012 09 17 07 36 30.8  04 57 04.0267 +21 25 43.281   28   22 15.4 un BC 874
 2012 09 17 07 37 16.7  04 57 04.0320 +21 25 43.250   28   22 15.3 un BC 874
 2012 09 18 06 34 28.9  04 57 13.4651 +21 25 29.923   27   47 15.4 un BC 874
 2012 09 18 06 35 04.8  04 57 13.4634 +21 25 29.810   27   47 15.4 un BC 874
 2012 09 18 06 35 40.7  04 57 13.4691 +21 25 29.868   27   47 15.3 un BC 874
 2012 09 18 06 36 16.6  04 57 13.4742 +21 25 29.808   27   47 15.3 un BC 874
 2012 09 18 06 36 52.5  04 57 13.4759 +21 25 29.820   27   47 15.4 un BC 874
 2012 09 18 06 37 28.4  04 57 13.4828 +21 25 29.898   27   47 15.3 un BC 874
 2012 09 18 06 38 04.3  04 57 13.4849 +21 25 29.812   27   47 15.4 un BC 874
 2012 09 18 06 38 40.2  04 57 13.4887 +21 25 29.792   27   47 15.3 un BC 874
 2012 09 18 06 39 16.1  04 57 13.4908 +21 25 29.803   27   47 15.4 un BC 874
 2012 09 18 06 39 52.0  04 57 13.4963 +21 25 29.791   27   47 15.3 un BC 874
 2012 09 18 06 40 27.9  04 57 13.5021 +21 25 29.766   27   47 15.3 un BC 874
 2012 09 18 06 41 03.8  04 57 13.5030 +21 25 29.867   27   47 15.3 un BC 874
 2012 09 18 06 41 39.6  04 57 13.5076 +21 25 29.786   27   47 15.3 un BC 874
 2012 09 18 06 42 15.5  04 57 13.5133 +21 25 29.772   27   47 15.3 un BC 874
 2012 09 18 06 42 51.4  04 57 13.5113 +21 25 29.850   27   47 15.4 un BC 874
 2012 09 18 06 43 27.4  04 57 13.5148 +21 25 29.732   27   47 15.4 un BC 874
 2012 09 18 06 44 03.2  04 57 13.5178 +21 25 29.810   27   47 15.3 un BC 874
 2012 09 18 06 45 15.0  04 57 13.5273 +21 25 29.691   27   47 15.3 un BC 874
 2012 09 18 06 45 50.9  04 57 13.5327 +21 25 29.833   27   47 15.4 un BC 874
 2012 09 19 06 22 56.4  04 57 22.4394 +21 25 15.371   20   12 15.4 un BC 874
 2012 09 19 06 24 02.4  04 57 22.4428 +21 25 15.379   20   12 15.4 un BC 874
 2012 09 19 06 25 08.3  04 57 22.4516 +21 25 15.360   20   12 15.5 un BC 874
 2012 09 19 06 26 14.1  04 57 22.4555 +21 25 15.340   20   12 15.5 un BC 874
 2012 09 19 06 27 20.0  04 57 22.4598 +21 25 15.340   20   12 15.4 un BC 874
 2012 09 19 06 28 25.9  04 57 22.4656 +21 25 15.315   20   12 15.4 un BC 874
 2012 09 19 06 29 31.8  04 57 22.4710 +21 25 15.301   20   12 15.5 un BC 874
 2012 09 19 06 30 37.6  04 57 22.4791 +21 25 15.298   20   12 15.4 un BC 874
 2012 09 19 06 31 43.5  04 57 22.4863 +21 25 15.292   20   12 15.5 un BC 874
 2012 09 19 06 32 49.4  04 57 22.4907 +21 25 15.262   20   12 15.4 un BC 874
 2012 09 19 06 33 55.3  04 57 22.4953 +21 25 15.274   20   12 15.4 un BC 874
 2012 09 19 06 35 01.1  04 57 22.5038 +21 25 15.267   20   12 15.5 un BC 874
 2012 09 19 06 37 12.8  04 57 22.5158 +21 25 15.234   20   12 15.5 un BC 874
 2012 09 19 06 38 18.7  04 57 22.5200 +21 25 15.242   20   12 15.5 un BC 874
 2012 09 19 06 39 24.6  04 57 22.5271 +21 25 15.244   20   12 15.4 un BC 874
 2012 09 19 06 40 30.5  04 57 22.5344 +21 25 15.191   20   12 15.4 un BC 874
 2012 09 19 06 41 36.4  04 57 22.5400 +21 25 15.181   20   12 15.4 un BC 874
 2012 09 19 06 42 42.4  04 57 22.5435 +21 25 15.197   20   12 15.5 un BC 874
 2012 10 19 04 17 40.0  04 55 40.6199 +21 15 27.202   69   48 15.2 un BC 874
 2012 10 19 04 20 10.8  04 55 40.6014 +21 15 27.054   69   48 15.3 un BC 874
 2012 10 19 04 21 15.7  04 55 40.5781 +21 15 27.102   69   48 15.1 un BC 874
 2012 10 19 04 22 20.6  04 55 40.5703 +21 15 27.052   69   48 14.1 un BC 874
 2012 10 19 04 23 25.6  04 55 40.5634 +21 15 27.059   69   48 14.1 un BC 874
 2012 10 19 04 24 30.5  04 55 40.5387 +21 15 27.157   69   48 15.4 un BC 874
 2012 10 19 04 25 35.5  04 55 40.5423 +21 15 27.075   69   48 14.8 un BC 874
 2012 10 19 04 26 40.5  04 55 40.5209 +21 15 27.040   69   48 15.5 un BC 874
 2012 10 19 04 27 45.4  04 55 40.5189 +21 15 27.030   69   48 15.4 un BC 874
 2012 10 19 04 28 50.3  04 55 40.4941 +21 15 26.992   69   48 14.5 un BC 874
 2012 10 19 04 29 55.3  04 55 40.4935 +21 15 26.944   69   48 14.4 un BC 874
 2012 10 19 04 35 05.1  04 55 40.4354 +21 15 27.029   69   48 14.5 un BC 874
 2012 10 19 04 36 10.1  04 55 40.4268 +21 15 27.002   69   48 14.1 un BC 874
 2012 10 19 04 41 34.8  04 55 40.3612 +21 15 26.889   69   48 15.1 un BC 874
 2012 10 19 04 42 39.7  04 55 40.3548 +21 15 26.781   69   48 15.2 un BC 874
 2012 10 19 05 14 56.2  04 55 39.9918 +21 15 26.472   69   48 15.1 un BC 874
 2012 10 19 05 16 01.1  04 55 39.9813 +21 15 26.446   69   48 15.2 un BC 874
 2012 10 19 05 17 06.0  04 55 39.9634 +21 15 26.419   69   48 15.4 un BC 874
 2012 10 19 05 18 11.0  04 55 39.9540 +21 15 26.413   69   48 15.2 un BC 874
 2012 10 19 05 19 15.9  04 55 39.9414 +21 15 26.314   69   48 15.2 un BC 874
 2012 10 19 05 20 20.9  04 55 39.9350 +21 15 26.310   69   48 15.2 un BC 874
 2012 10 19 05 21 25.8  04 55 39.9183 +21 15 26.284   69   48 15.3 un BC 874
 2012 10 19 05 22 30.8  04 55 39.9041 +21 15 26.313   69   48 15.2 un BC 874
 2012 10 19 05 23 35.7  04 55 39.8944 +21 15 26.276   69   48 15.3 un BC 874
 2012 10 19 05 24 40.7  04 55 39.8790 +21 15 26.240   69   48 15.1 un BC 874
 2013 10 06 07 11 14.8  07 22 42.5636 +22 24 37.491   27   11 15.8 I  BC 874
 2013 10 06 07 14 37.4  07 22 42.6347 +22 24 37.398   27   11 15.8 I  BC 874
 2013 10 06 07 15 42.4  07 22 42.6572 +22 24 37.374   27   11 15.8 I  BC 874
 2013 10 06 07 16 47.4  07 22 42.6813 +22 24 37.359   27   11 15.7 I  BC 874
 2013 10 06 07 18 57.3  07 22 42.7258 +22 24 37.288   27   11 15.9 I  BC 874
 2013 10 06 07 21 07.3  07 22 42.7735 +22 24 37.202   27   11 15.9 I  BC 874
 2013 10 06 07 22 12.2  07 22 42.7923 +22 24 37.180   27   11 15.9 I  BC 874
 2013 10 06 07 24 22.2  07 22 42.8374 +22 24 37.115   27   11 15.9 I  BC 874
 2013 10 06 07 25 27.1  07 22 42.8601 +22 24 37.106   27   11 15.9 I  BC 874
 2013 10 06 07 26 32.1  07 22 42.8810 +22 24 37.064   27   11 15.9 I  BC 874
 2013 10 06 07 27 37.1  07 22 42.9073 +22 24 37.040   27   11 15.8 I  BC 874
 2013 10 06 07 28 42.0  07 22 42.9325 +22 24 37.000   27   11 15.8 I  BC 874
 2013 10 06 07 29 47.0  07 22 42.9515 +22 24 36.983   27   11 15.9 I  BC 874
 2013 10 06 07 30 51.9  07 22 42.9743 +22 24 36.937   27   11 15.9 I  BC 874
 2013 10 06 07 31 56.9  07 22 42.9998 +22 24 36.892   27   11 15.8 I  BC 874
 2013 10 06 07 33 01.8  07 22 43.0216 +22 24 36.885   27   11 15.9 I  BC 874
 2013 10 06 07 34 06.8  07 22 43.0424 +22 24 36.846   27   11 15.9 I  BC 874
 2013 10 06 07 35 11.8  07 22 43.0629 +22 24 36.804   27   11 15.9 I  BC 874
 2013 10 06 07 37 21.7  07 22 43.1103 +22 24 36.758   27   11 16.0 I  BC 874
 2013 10 06 07 39 31.6  07 22 43.1532 +22 24 36.697   27   11 15.9 I  BC 874
 2013 10 06 07 40 36.6  07 22 43.1747 +22 24 36.662   27   11 15.9 I  BC 874
 2013 10 06 07 41 41.6  07 22 43.1973 +22 24 36.622   27   11 15.9 I  BC 874
 2013 10 06 07 42 46.5  07 22 43.2236 +22 24 36.590   27   11 15.8 I  BC 874
 2013 10 06 07 54 28.0  07 22 43.4612 +22 24 36.246   27   11 15.9 I  BC 874
 2013 10 06 07 55 33.0  07 22 43.4858 +22 24 36.208   27   11 15.8 I  BC 874
 2013 10 06 07 58 47.9  07 22 43.5507 +22 24 36.136   27   11 16.0 I  BC 874
 2013 10 06 08 02 02.8  07 22 43.6181 +22 24 36.009   27   11 15.9 I  BC 874
 2013 10 06 08 04 12.7  07 22 43.6664 +22 24 35.945   27   11 16.3 I  BC 874
 2014 02 08 23 37 34.4  06 48 22.4708 +22 42 08.756   14   21 15.3 I  BC 874
 2014 02 08 23 39 24.3  06 48 22.4349 +22 42 08.799   14   21 15.2 I  BC 874
 2014 02 08 23 42 09.1  06 48 22.3837 +22 42 08.854   14   21 15.2 I  BC 874
 2014 02 08 23 43 04.0  06 48 22.3646 +22 42 08.843   14   21 15.1 I  BC 874
 2014 02 08 23 43 59.0  06 48 22.3461 +22 42 08.866   14   21 15.3 I  BC 874
 2014 02 08 23 44 53.9  06 48 22.3297 +22 42 08.884   14   21 15.2 I  BC 874
 2014 02 08 23 45 48.8  06 48 22.3124 +22 42 08.900   14   21 15.4 I  BC 874
 2014 02 08 23 46 43.8  06 48 22.2962 +22 42 08.968   14   21 15.2 I  BC 874
 2014 02 08 23 47 38.7  06 48 22.2784 +22 42 08.921   14   21 15.2 I  BC 874
 2014 02 08 23 48 33.6  06 48 22.2585 +22 42 08.949   14   21 15.2 I  BC 874
 2014 02 08 23 49 28.6  06 48 22.2423 +22 42 09.012   14   21 15.2 I  BC 874
 2014 02 08 23 50 23.5  06 48 22.2233 +22 42 09.011   14   21 15.2 I  BC 874
 2014 02 08 23 51 18.4  06 48 22.2059 +22 42 09.029   14   21 15.2 I  BC 874
 2014 02 08 23 53 08.3  06 48 22.1707 +22 42 09.071   14   21 15.2 I  BC 874
 2014 02 08 23 54 03.2  06 48 22.1540 +22 42 09.089   14   21 15.2 I  BC 874
 2014 02 08 23 54 58.2  06 48 22.1365 +22 42 09.066   14   21 15.1 I  BC 874
 2014 02 08 23 55 53.1  06 48 22.1195 +22 42 09.127   14   21 15.2 I  BC 874
 2014 02 08 23 56 48.0  06 48 22.0999 +22 42 09.124   14   21 15.1 I  BC 874
 2014 02 08 23 58 37.9  06 48 22.0648 +22 42 09.163   14   21 15.1 I  BC 874
 2014 02 09 00 01 22.7  06 48 22.0133 +22 42 09.232   14   21 15.2 I  BC 874
 2014 02 09 00 02 17.6  06 48 21.9951 +22 42 09.236   14   21 15.2 I  BC 874
 2014 02 09 00 03 12.6  06 48 21.9794 +22 42 09.206   14   21 15.2 I  BC 874
 2014 02 09 00 04 07.5  06 48 21.9603 +22 42 09.266   14   21 15.2 I  BC 874
 2014 02 09 00 05 02.4  06 48 21.9435 +22 42 09.280   14   21 15.2 I  BC 874
 2014 02 09 00 05 57.4  06 48 21.9264 +22 42 09.293   14   21 15.1 I  BC 874
 2014 02 09 00 06 52.3  06 48 21.9085 +22 42 09.283   14   21 15.1 I  BC 874
 2014 02 09 00 07 47.2  06 48 21.8882 +22 42 09.349   14   21 15.1 I  BC 874
 2014 02 09 00 08 42.2  06 48 21.8740 +22 42 09.350   14   21 15.2 I  BC 874
 2014 02 09 00 09 37.1  06 48 21.8555 +22 42 09.329   14   21 15.2 I  BC 874
 2014 02 09 00 11 27.0  06 48 21.8186 +22 42 09.433   14   21 15.2 I  BC 874
 2014 02 09 00 13 16.8  06 48 21.7828 +22 42 09.441   14   21 15.2 I  BC 874
 2014 02 09 00 14 11.7  06 48 21.7650 +22 42 09.430   14   21 15.1 I  BC 874
 2014 02 09 00 15 06.7  06 48 21.7495 +22 42 09.458   14   21 15.2 I  BC 874
 2014 02 09 00 16 01.6  06 48 21.7328 +22 42 09.508   14   21 15.2 I  BC 874
 2014 02 09 00 16 56.6  06 48 21.7133 +22 42 09.538   14   21 15.2 I  BC 874
 2014 02 09 00 17 51.5  06 48 21.6949 +22 42 09.553   14   21 15.2 I  BC 874
 2014 02 09 00 18 46.4  06 48 21.6799 +22 42 09.524   14   21 15.1 I  BC 874
 2014 02 09 00 20 36.3  06 48 21.6433 +22 42 09.555   14   21 15.2 I  BC 874
 2014 02 09 00 21 31.2  06 48 21.6245 +22 42 09.582   14   21 15.2 I  BC 874
 2014 02 09 00 22 26.1  06 48 21.6070 +22 42 09.646   14   21 15.2 I  BC 874
