 2005 04 04 02 26 55.5  12 51 40.8161 -04 21 54.310   64   32 16.6 C  BC 874
 2005 04 04 02 28 41.5  12 51 40.7803 -04 21 54.028   64   32 16.4 C  BC 874
 2005 04 04 02 34 00.4  12 51 40.6484 -04 21 53.266   64   32 15.4 C  BC 874
 2005 04 04 02 35 47.2  12 51 40.5983 -04 21 53.010   64   32 16.4 C  BC 874
 2005 04 04 02 37 34.1  12 51 40.5532 -04 21 52.741   64   32 16.4 C  BC 874
 2005 04 04 02 39 21.1  12 51 40.5177 -04 21 52.492   64   32 16.3 C  BC 874
 2005 04 04 02 41 08.0  12 51 40.4727 -04 21 52.277   64   32 16.3 C  BC 874
 2006 02 28 05 55 44.8  15 03 14.1355 -16 01 17.796   22   22 17.4 C  BC 874
 2006 02 28 05 57 18.9  15 03 14.1409 -16 01 17.750   22   22 17.3 C  BC 874
 2006 02 28 05 58 52.3  15 03 14.1385 -16 01 17.752   22   22 17.2 C  BC 874
 2006 02 28 06 00 25.2  15 03 14.1427 -16 01 17.659   22   22 16.9 C  BC 874
 2006 02 28 06 01 58.5  15 03 14.1398 -16 01 17.629   22   22 17.4 C  BC 874
 2006 02 28 06 06 40.9  15 03 14.1421 -16 01 17.530   22   22 17.2 C  BC 874
 2006 02 28 06 08 14.2  15 03 14.1430 -16 01 17.504   22   22 17.3 C  BC 874
 2006 02 28 06 09 47.4  15 03 14.1467 -16 01 17.466   22   22 17.2 C  BC 874
 2006 02 28 06 11 20.2  15 03 14.1463 -16 01 17.403   22   22 16.9 C  BC 874
 2006 02 28 06 12 53.4  15 03 14.1464 -16 01 17.368   22   22 17.4 C  BC 874
 2006 02 28 06 14 27.6  15 03 14.1457 -16 01 17.305   22   22 17.4 C  BC 874
 2006 02 28 06 16 01.7  15 03 14.1481 -16 01 17.333   22   22 17.4 C  BC 874
 2006 02 28 06 17 35.8  15 03 14.1492 -16 01 17.230   22   22 17.3 C  BC 874
 2006 02 28 06 19 09.9  15 03 14.1521 -16 01 17.236   22   22 17.3 C  BC 874
 2006 02 28 06 20 43.2  15 03 14.1498 -16 01 17.168   22   22 17.3 C  BC 874
 2006 02 28 06 22 16.5  15 03 14.1502 -16 01 17.156   22   22 17.3 C  BC 874
 2006 02 28 06 25 25.1  15 03 14.1531 -16 01 17.080   22   22 17.3 C  BC 874
 2006 03 01 05 53 39.6  15 03 15.2038 -16 00 38.792   11   10 17.2 C  BC 874
 2006 03 01 05 55 43.3  15 03 15.2051 -16 00 38.718   11   10 17.2 C  BC 874
 2006 03 01 06 01 24.9  15 03 15.2048 -16 00 38.553   11   10 17.2 C  BC 874
 2006 03 01 06 03 27.7  15 03 15.2037 -16 00 38.503   11   10 17.2 C  BC 874
 2006 03 01 06 05 30.7  15 03 15.2042 -16 00 38.447   11   10 17.2 C  BC 874
 2006 03 01 06 07 34.4  15 03 15.2043 -16 00 38.408   11   10 17.2 C  BC 874
 2006 03 01 06 09 36.8  15 03 15.2058 -16 00 38.330   11   10 17.2 C  BC 874
 2006 03 01 06 11 40.4  15 03 15.2050 -16 00 38.286   11   10 17.1 C  BC 874
 2006 03 01 06 17 48.9  15 03 15.2057 -16 00 38.107   11   10 17.2 C  BC 874
 2006 03 01 06 19 52.6  15 03 15.2058 -16 00 38.041   11   10 17.2 C  BC 874
 2006 03 01 06 21 55.6  15 03 15.2046 -16 00 38.003   11   10 17.2 C  BC 874
 2006 03 01 06 23 59.4  15 03 15.2064 -16 00 37.946   11   10 17.1 C  BC 874
 2006 03 01 06 26 02.3  15 03 15.2056 -16 00 37.868   11   10 17.3 C  BC 874
 2006 03 01 06 30 07.9  15 03 15.2064 -16 00 37.761   11   10 17.2 C  BC 874
 2006 03 01 06 32 10.6  15 03 15.2064 -16 00 37.712   11   10 17.3 C  BC 874
 2006 03 01 06 34 14.3  15 03 15.2066 -16 00 37.672   11   10 17.3 C  BC 874
 2006 03 03 05 55 17.7  15 03 15.2559 -15 59 11.320   20   12 17.1 C  BC 874
 2006 03 03 05 57 20.6  15 03 15.2508 -15 59 11.239   20   12 17.2 C  BC 874
 2006 03 03 05 59 24.3  15 03 15.2521 -15 59 11.169   20   12 17.0 C  BC 874
 2006 03 03 06 01 27.7  15 03 15.2511 -15 59 11.121   20   12 17.1 C  BC 874
 2006 03 03 06 03 31.4  15 03 15.2479 -15 59 11.049   20   12 17.1 C  BC 874
 2006 03 03 06 05 34.2  15 03 15.2434 -15 59 10.963   20   12 17.1 C  BC 874
 2006 03 03 06 07 37.1  15 03 15.2463 -15 59 10.895   20   12 17.1 C  BC 874
 2006 03 03 06 09 39.9  15 03 15.2424 -15 59 10.857   20   12 17.1 C  BC 874
 2006 03 03 06 11 42.7  15 03 15.2389 -15 59 10.784   20   12 17.1 C  BC 874
 2006 03 03 06 13 46.4  15 03 15.2378 -15 59 10.730   20   12 17.2 C  BC 874
 2006 03 03 06 15 49.6  15 03 15.2371 -15 59 10.648   20   12 17.1 C  BC 874
 2006 03 03 06 19 56.2  15 03 15.2318 -15 59 10.535   20   12 17.2 C  BC 874
 2006 03 03 06 21 59.1  15 03 15.2285 -15 59 10.441   20   12 17.1 C  BC 874
 2006 03 03 06 24 01.7  15 03 15.2293 -15 59 10.406   20   12 17.2 C  BC 874
 2006 03 03 06 26 04.7  15 03 15.2253 -15 59 10.325   20   12 17.0 C  BC 874
 2006 03 03 06 28 08.4  15 03 15.2240 -15 59 10.266   20   12 17.2 C  BC 874
 2006 03 09 05 32 27.5  15 02 58.9545 -15 53 38.150    8   15 17.2 C  BC 874
 2006 03 09 05 36 10.2  15 02 58.9399 -15 53 37.971    8   15 17.0 C  BC 874
 2006 03 09 05 40 25.5  15 02 58.9230 -15 53 37.809    8   15 17.1 C  BC 874
 2006 03 09 05 44 28.9  15 02 58.9080 -15 53 37.640    8   15 17.1 C  BC 874
 2006 03 10 04 55 43.9  15 02 54.0135 -15 52 34.052   30   34 17.2 C  BC 874
 2006 03 10 05 00 53.1  15 02 53.9938 -15 52 33.806   30   34 16.0 C  BC 874
 2006 03 10 05 02 36.6  15 02 53.9867 -15 52 33.748   30   34 17.2 C  BC 874
 2006 03 10 05 04 19.4  15 02 53.9829 -15 52 33.634   30   34 16.0 C  BC 874
 2006 03 10 05 06 02.3  15 02 53.9713 -15 52 33.640   30   34 17.0 C  BC 874
 2006 03 10 05 07 46.0  15 02 53.9651 -15 52 33.518   30   34 17.3 C  BC 874
 2006 03 10 05 09 29.6  15 02 53.9566 -15 52 33.454   30   34 16.1 C  BC 874
 2006 03 10 05 11 12.4  15 02 53.9517 -15 52 33.344   30   34 17.2 C  BC 874
 2006 03 10 05 14 38.6  15 02 53.9392 -15 52 33.198   30   34 17.1 C  BC 874
 2006 03 10 05 16 21.4  15 02 53.9249 -15 52 33.155   30   34 17.0 C  BC 874
 2006 03 10 05 18 04.2  15 02 53.9212 -15 52 33.026   30   34 16.6 C  BC 874
 2006 03 10 05 21 30.7  15 02 53.9056 -15 52 32.840   30   34 17.2 C  BC 874
 2006 03 10 05 23 13.6  15 02 53.9005 -15 52 32.864   30   34 17.2 C  BC 874
 2006 03 10 05 26 39.3  15 02 53.8818 -15 52 32.716   30   34 17.1 C  BC 874
 2006 03 10 05 30 06.7  15 02 53.8729 -15 52 32.460   30   34 15.8 C  BC 874
 2006 03 10 05 31 49.5  15 02 53.8638 -15 52 32.445   30   34 17.0 C  BC 874
 2006 03 14 04 41 11.7  15 02 27.1870 -15 47 44.431   28   17 17.2 C  BC 874
 2006 03 14 04 47 09.7  15 02 27.1546 -15 47 44.120   28   17 16.9 C  BC 874
 2006 03 14 04 53 32.5  15 02 27.1151 -15 47 43.773   28   17 17.0 C  BC 874
 2006 03 14 04 58 01.3  15 02 27.0896 -15 47 43.532   28   17 17.0 C  BC 874
 2006 03 14 05 00 11.5  15 02 27.0722 -15 47 43.411   28   17 17.1 C  BC 874
 2006 03 14 05 01 54.4  15 02 27.0665 -15 47 43.329   28   17 17.0 C  BC 874
 2006 03 14 05 03 37.2  15 02 27.0568 -15 47 43.253   28   17 17.2 C  BC 874
 2006 03 14 05 07 03.8  15 02 27.0325 -15 47 43.028   28   17 17.1 C  BC 874
 2006 03 14 05 08 47.5  15 02 27.0243 -15 47 42.949   28   17 17.0 C  BC 874
 2006 03 14 05 10 30.3  15 02 27.0113 -15 47 42.878   28   17 17.0 C  BC 874
 2006 03 14 05 12 13.1  15 02 27.0028 -15 47 42.812   28   17 17.0 C  BC 874
 2006 03 14 05 13 55.9  15 02 26.9949 -15 47 42.715   28   17 17.1 C  BC 874
 2006 06 08 00 21 45.7  14 33 54.2012 -13 32 04.103   54   22 16.9 C  BC 874
 2006 06 08 00 24 32.2  14 33 54.1696 -13 32 04.070   54   22 16.7 C  BC 874
 2006 06 08 00 25 55.9  14 33 54.1583 -13 32 04.050   54   22 16.6 C  BC 874
 2006 06 08 00 30 07.0  14 33 54.1152 -13 32 04.030   54   22 16.6 C  BC 874
 2006 06 08 00 31 30.7  14 33 54.0984 -13 32 04.051   54   22 16.2 C  BC 874
 2006 06 08 00 32 54.3  14 33 54.0862 -13 32 04.035   54   22 16.4 C  BC 874
 2006 06 08 00 34 17.9  14 33 54.0750 -13 32 04.017   54   22 16.8 C  BC 874
 2006 06 08 00 34 58.6  14 33 54.0648 -13 32 03.953   54   22 16.3 C  BC 874
 2006 06 08 00 36 22.3  14 33 54.0472 -13 32 03.962   54   22 16.7 C  BC 874
 2006 06 08 00 39 10.5  14 33 54.0254 -13 32 03.986   54   22 16.8 C  BC 874
 2006 06 08 00 40 34.1  14 33 54.0110 -13 32 03.923   54   22 16.6 C  BC 874
 2006 06 08 00 41 57.0  14 33 54.0017 -13 32 03.949   54   22 16.1 C  BC 874
 2006 06 08 00 43 20.6  14 33 53.9851 -13 32 03.954   54   22 16.6 C  BC 874
 2006 06 08 00 46 07.5  14 33 53.9546 -13 32 03.917   54   22 16.7 C  BC 874
 2006 06 08 00 51 16.9  14 33 53.8960 -13 32 03.899   54   22 16.7 C  BC 874
 2006 06 08 00 52 40.1  14 33 53.8842 -13 32 03.815   54   22 15.8 C  BC 874
 2006 06 08 00 55 25.8  14 33 53.8536 -13 32 03.833   54   22 16.8 C  BC 874
 2006 06 08 00 56 49.0  14 33 53.8446 -13 32 03.813   54   22 16.7 C  BC 874
 2006 06 08 00 58 12.2  14 33 53.8286 -13 32 03.812   54   22 16.8 C  BC 874
 2006 06 08 01 02 22.1  14 33 53.7771 -13 32 03.753   54   22 16.7 C  BC 874
 2006 06 08 01 03 45.3  14 33 53.7708 -13 32 03.803   54   22 16.6 C  BC 874
 2006 06 08 01 06 31.7  14 33 53.7421 -13 32 03.722   54   22 16.5 C  BC 874
 2006 06 08 01 10 41.6  14 33 53.6954 -13 32 03.691   54   22 16.8 C  BC 874
 2006 06 08 01 13 27.2  14 33 53.6627 -13 32 03.698   54   22 16.7 C  BC 874
 2006 06 08 01 14 50.4  14 33 53.6535 -13 32 03.681   54   22 16.5 C  BC 874
 2006 07 04 00 47 41.4  14 30 19.3429 -13 42 24.398   14   30 17.2 C  BC 874
 2006 07 04 00 49 54.2  14 30 19.3389 -13 42 24.456   14   30 17.2 C  BC 874
 2006 07 04 00 52 07.1  14 30 19.3348 -13 42 24.530   14   30 17.2 C  BC 874
 2006 07 04 00 54 19.9  14 30 19.3321 -13 42 24.620   14   30 17.1 C  BC 874
 2006 07 04 00 56 32.7  14 30 19.3295 -13 42 24.692   14   30 17.2 C  BC 874
 2006 07 04 00 58 46.4  14 30 19.3245 -13 42 24.786   14   30 17.1 C  BC 874
 2006 07 04 01 00 59.3  14 30 19.3222 -13 42 24.879   14   30 17.2 C  BC 874
 2006 07 04 01 03 12.1  14 30 19.3177 -13 42 24.951   14   30 17.2 C  BC 874
 2006 07 04 01 07 37.8  14 30 19.3088 -13 42 25.138   14   30 17.3 C  BC 874
 2006 07 04 01 09 51.5  14 30 19.3060 -13 42 25.199   14   30 17.2 C  BC 874
 2006 07 04 01 12 05.2  14 30 19.3027 -13 42 25.292   14   30 17.2 C  BC 874
 2006 07 04 01 14 18.9  14 30 19.2983 -13 42 25.388   14   30 17.2 C  BC 874
 2006 07 04 01 16 31.7  14 30 19.2956 -13 42 25.488   14   30 17.2 C  BC 874
 2006 07 04 01 18 45.4  14 30 19.2907 -13 42 25.540   14   30 17.2 C  BC 874
 2006 07 04 01 20 58.2  14 30 19.2892 -13 42 25.643   14   30 17.2 C  BC 874
 2006 07 04 01 23 11.0  14 30 19.2843 -13 42 25.753   14   30 17.2 C  BC 874
 2006 07 04 01 25 23.9  14 30 19.2811 -13 42 25.837   14   30 17.2 C  BC 874
 2006 07 04 01 27 37.5  14 30 19.2780 -13 42 25.930   14   30 17.1 C  BC 874
 2006 07 04 01 38 07.9  14 30 19.2609 -13 42 26.308   14   30 17.1 C  BC 874
 2006 07 04 01 40 20.7  14 30 19.2579 -13 42 26.388   14   30 17.0 C  BC 874
 2006 07 04 01 44 47.2  14 30 19.2522 -13 42 26.532   14   30 17.1 C  BC 874
 2006 07 04 01 51 25.7  14 30 19.2415 -13 42 26.753   14   30 17.1 C  BC 874
 2006 07 04 01 53 39.4  14 30 19.2372 -13 42 26.846   14   30 17.1 C  BC 874
 2006 07 04 01 55 52.2  14 30 19.2346 -13 42 26.877   14   30 17.0 C  BC 874
 2006 08 30 22 20 15.1  14 44 21.3289 -15 23 19.908   34   20 17.4 C  BC 874
 2006 08 30 22 23 45.3  14 44 21.3986 -15 23 20.271   34   20 17.5 C  BC 874
 2006 08 30 22 25 49.0  14 44 21.4445 -15 23 20.506   34   20 17.4 C  BC 874
 2006 08 30 22 29 54.6  14 44 21.5277 -15 23 20.916   34   20 17.5 C  BC 874
 2006 08 30 22 31 57.5  14 44 21.5693 -15 23 21.128   34   20 17.4 C  BC 874
 2006 08 30 22 36 04.9  14 44 21.6603 -15 23 21.545   34   20 17.6 C  BC 874
 2006 08 30 22 38 07.7  14 44 21.6985 -15 23 21.713   34   20 17.3 C  BC 874
 2006 08 30 22 40 10.6  14 44 21.7383 -15 23 21.973   34   20 17.3 C  BC 874
 2006 08 30 22 42 13.4  14 44 21.7829 -15 23 22.157   34   20 17.5 C  BC 874
 2006 08 30 22 50 26.5  14 44 21.9579 -15 23 23.019   34   20 17.4 C  BC 874
 2006 08 31 22 35 02.6  14 44 52.3591 -15 25 49.547   22   13 17.6 C  BC 874
 2006 08 31 22 37 15.5  14 44 52.4063 -15 25 49.803   22   13 17.5 C  BC 874
 2006 08 31 22 39 29.2  14 44 52.4566 -15 25 50.032   22   13 17.7 C  BC 874
 2006 08 31 22 43 54.8  14 44 52.5508 -15 25 50.473   22   13 17.7 C  BC 874
 2006 08 31 22 48 20.5  14 44 52.6446 -15 25 50.904   22   13 17.7 C  BC 874
 2006 08 31 22 50 34.2  14 44 52.6931 -15 25 51.142   22   13 17.2 C  BC 874
 2006 08 31 22 52 47.9  14 44 52.7402 -15 25 51.384   22   13 17.6 C  BC 874
 2006 08 31 22 55 00.7  14 44 52.7851 -15 25 51.607   22   13 17.6 C  BC 874
 2006 08 31 22 57 13.6  14 44 52.8325 -15 25 51.837   22   13 17.5 C  BC 874
 2006 08 31 22 59 26.4  14 44 52.8789 -15 25 52.071   22   13 17.8 C  BC 874
 2006 08 31 23 01 40.1  14 44 52.9256 -15 25 52.291   22   13 17.4 C  BC 874
 2007 04 18 04 16 34.9  17 17 42.3919 -22 45 26.849   18   23 17.7 U  BC 874
 2007 04 18 04 17 38.3  17 17 42.3839 -22 45 26.906   18   23 17.7 U  BC 874
 2007 04 18 04 18 41.0  17 17 42.3778 -22 45 26.924   18   23 17.7 U  BC 874
 2007 04 18 04 19 44.5  17 17 42.3746 -22 45 26.913   18   23 17.7 U  BC 874
 2007 04 18 04 20 48.9  17 17 42.3675 -22 45 26.988   18   23 17.7 U  BC 874
 2007 04 18 04 21 52.4  17 17 42.3580 -22 45 27.000   18   23 17.7 U  BC 874
 2007 04 18 04 22 55.0  17 17 42.3541 -22 45 26.984   18   23 17.7 U  BC 874
 2007 04 18 04 23 58.5  17 17 42.3466 -22 45 27.000   18   23 17.7 U  BC 874
 2007 04 18 04 25 02.9  17 17 42.3408 -22 45 27.047   18   23 17.7 U  BC 874
 2007 04 18 04 26 06.4  17 17 42.3336 -22 45 27.017   18   23 17.7 U  BC 874
 2007 08 22 00 58 17.7  16 31 16.1493 -21 14 36.254   53   23 17.7 C  BC 874
 2007 08 22 00 59 50.4  16 31 16.1583 -21 14 36.285   53   23 17.7 C  BC 874
 2007 08 22 01 02 56.7  16 31 16.1807 -21 14 36.318   53   23 17.7 C  BC 874
 2007 08 22 01 04 29.4  16 31 16.1853 -21 14 36.334   53   23 17.2 C  BC 874
 2007 08 22 01 06 02.6  16 31 16.2036 -21 14 36.315   53   23 17.7 C  BC 874
 2007 08 22 01 07 35.8  16 31 16.2121 -21 14 36.276   53   23 17.7 C  BC 874
 2007 08 22 01 09 09.0  16 31 16.2218 -21 14 36.333   53   23 17.8 C  BC 874
 2007 08 22 01 12 14.5  16 31 16.2445 -21 14 36.281   53   23 17.6 C  BC 874
 2007 08 22 01 13 47.7  16 31 16.2585 -21 14 36.284   53   23 17.8 C  BC 874
 2007 08 22 01 15 20.9  16 31 16.2617 -21 14 36.324   53   23 17.4 C  BC 874
 2007 08 22 01 16 53.3  16 31 16.2823 -21 14 36.332   53   23 17.1 C  BC 874
 2007 08 22 01 21 32.8  16 31 16.3039 -21 14 36.310   53   23 17.8 C  BC 874
 2007 08 22 01 23 06.0  16 31 16.3250 -21 14 36.293   53   23 17.1 C  BC 874
 2007 08 22 01 24 39.3  16 31 16.3259 -21 14 36.311   53   23 17.0 C  BC 874
 2007 08 22 01 26 12.9  16 31 16.3485 -21 14 36.312   53   23 17.6 C  BC 874
 2007 08 22 01 27 47.3  16 31 16.3549 -21 14 36.323   53   23 17.5 C  BC 874
 2007 08 22 23 59 52.8  16 31 26.6847 -21 14 42.011   60   22 16.2 C  BC 874
 2007 08 23 00 10 48.7  16 31 26.7630 -21 14 42.071   60   22 17.9 C  BC 874
 2007 08 23 00 15 29.1  16 31 26.8061 -21 14 42.098   60   22 17.5 C  BC 874
 2007 08 23 00 20 09.6  16 31 26.8315 -21 14 42.127   60   22 17.9 C  BC 874
 2007 08 24 00 09 43.6  16 31 38.5444 -21 14 50.038   22   36 17.7 C  BC 874
 2007 08 24 00 12 50.7  16 31 38.5680 -21 14 50.054   22   36 17.7 C  BC 874
 2007 08 24 00 14 23.4  16 31 38.5828 -21 14 50.100   22   36 17.7 C  BC 874
 2007 08 24 00 15 57.0  16 31 38.5967 -21 14 50.023   22   36 17.7 C  BC 874
 2007 08 24 00 19 03.1  16 31 38.6177 -21 14 50.109   22   36 17.6 C  BC 874
 2007 08 24 00 22 10.0  16 31 38.6452 -21 14 50.093   22   36 17.8 C  BC 874
 2007 08 24 00 26 49.5  16 31 38.6831 -21 14 50.174   22   36 17.7 C  BC 874
 2007 08 24 00 28 22.8  16 31 38.6986 -21 14 50.165   22   36 17.8 C  BC 874
 2007 08 24 00 29 56.1  16 31 38.7072 -21 14 50.095   22   36 17.7 C  BC 874
 2007 08 24 00 31 29.3  16 31 38.7209 -21 14 50.149   22   36 17.7 C  BC 874
 2007 08 24 00 33 02.5  16 31 38.7317 -21 14 50.098   22   36 15.9 C  BC 874
 2007 08 24 23 58 23.6  16 31 51.0574 -21 15 00.020   19    7 17.5 C  BC 874
 2007 08 25 00 09 15.0  16 31 51.1497 -21 15 00.088   19    7 17.5 C  BC 874
 2007 08 25 00 10 48.1  16 31 51.1662 -21 15 00.096   19    7 17.6 C  BC 874
 2007 08 25 00 12 21.4  16 31 51.1778 -21 15 00.113   19    7 17.5 C  BC 874
 2007 08 25 00 13 54.1  16 31 51.1929 -21 15 00.125   19    7 17.5 C  BC 874
 2007 08 25 00 15 27.3  16 31 51.2054 -21 15 00.144   19    7 17.6 C  BC 874
 2007 08 25 00 16 59.7  16 31 51.2175 -21 15 00.150   19    7 17.5 C  BC 874
 2007 08 25 00 20 06.1  16 31 51.2424 -21 15 00.153   19    7 17.5 C  BC 874
 2007 08 25 00 21 39.3  16 31 51.2595 -21 15 00.170   19    7 17.6 C  BC 874
 2007 08 25 00 26 19.0  16 31 51.2980 -21 15 00.196   19    7 17.5 C  BC 874
 2008 04 18 06 07 25.4  19 33 50.0320 -21 41 40.908   33   29 17.8 I  BC 874
 2008 04 18 06 11 28.2  19 33 50.0602 -21 41 40.769   33   29 17.6 I  BC 874
 2008 04 18 06 19 34.7  19 33 50.1340 -21 41 40.495   33   29 17.5 I  BC 874
 2008 04 18 06 23 38.4  19 33 50.1649 -21 41 40.313   33   29 18.0 I  BC 874
 2008 04 18 06 27 41.2  19 33 50.2006 -21 41 40.136   33   29 17.7 I  BC 874
 2008 04 18 06 31 44.1  19 33 50.2306 -21 41 39.966   33   29 17.7 I  BC 874
 2008 04 18 06 35 47.2  19 33 50.2675 -21 41 39.892   33   29 17.5 I  BC 874
 2008 05 26 06 28 55.6  19 32 03.6641 -21 28 43.556   85   20 17.4 I  BC 874
 2008 05 26 06 33 58.2  19 32 03.6099 -21 28 43.571   85   20 15.7 I  BC 874
 2008 05 26 06 38 04.5  19 32 03.5473 -21 28 43.652   85   20 17.3 I  BC 874
 2008 05 26 06 42 11.4  19 32 03.4962 -21 28 43.679   85   20 17.4 I  BC 874
 2008 05 26 06 46 19.2  19 32 03.4478 -21 28 43.731   85   20 17.4 I  BC 874
 2008 05 26 06 48 22.6  19 32 03.4036 -21 28 43.775   85   20 17.5 I  BC 874
 2008 05 26 06 50 26.0  19 32 03.3844 -21 28 43.791   85   20 17.3 I  BC 874
 2008 05 26 06 54 32.9  19 32 03.3352 -21 28 43.858   85   20 17.5 I  BC 874
 2008 05 26 06 58 38.9  19 32 03.2839 -21 28 43.912   85   20 16.1 I  BC 874
 2008 05 26 07 00 42.4  19 32 03.2459 -21 28 43.943   85   20 17.3 I  BC 874
 2008 09 19 23 29 34.7  18 58 00.5190 -23 28 03.618   41   34 18.0 I  BC 874
 2008 09 19 23 30 57.3  18 58 00.5321 -23 28 03.650   41   34 18.0 I  BC 874
 2008 09 19 23 32 21.2  18 58 00.5395 -23 28 03.622   41   34 18.0 I  BC 874
 2008 09 19 23 37 02.0  18 58 00.5850 -23 28 03.647   41   34 18.2 I  BC 874
 2008 09 19 23 38 45.3  18 58 00.5988 -23 28 03.611   41   34 17.9 I  BC 874
 2008 09 19 23 42 12.5  18 58 00.6299 -23 28 03.610   41   34 18.1 I  BC 874
 2008 09 19 23 43 55.9  18 58 00.6437 -23 28 03.653   41   34 18.0 I  BC 874
 2008 09 19 23 53 24.0  18 58 00.7184 -23 28 03.725   41   34 17.9 I  BC 874
 2008 09 19 23 55 07.6  18 58 00.7378 -23 28 03.694   41   34 17.9 I  BC 874
 2008 09 19 23 57 34.1  18 58 00.7594 -23 28 03.773   41   34 16.6 I  BC 874
 2008 09 19 23 59 17.6  18 58 00.7670 -23 28 03.750   41   34 17.9 I  BC 874
 2008 09 20 00 01 01.8  18 58 00.7830 -23 28 03.803   41   34 17.8 I  BC 874
 2008 09 20 00 02 44.3  18 58 00.7949 -23 28 03.845   41   34 17.8 I  BC 874
 2008 09 20 00 04 27.8  18 58 00.8112 -23 28 03.810   41   34 17.9 I  BC 874
 2008 09 20 00 07 55.6  18 58 00.8403 -23 28 03.881   41   34 17.4 I  BC 874
 2008 09 20 00 09 38.4  18 58 00.8630 -23 28 03.856   41   34 17.3 I  BC 874
 2008 09 20 00 11 21.9  18 58 00.8708 -23 28 03.890   41   34 18.1 I  BC 874
 2008 09 20 00 13 05.8  18 58 00.8877 -23 28 03.895   41   34 18.1 I  BC 874
 2008 09 20 00 24 11.4  18 58 00.9809 -23 28 03.934   41   34 18.0 I  BC 874
 2008 09 20 00 26 44.8  18 58 01.0013 -23 28 03.950   41   34 18.0 I  BC 874
 2008 09 20 00 29 18.3  18 58 01.0262 -23 28 03.953   41   34 17.8 I  BC 874
 2008 09 20 00 31 51.7  18 58 01.0410 -23 28 03.950   41   34 17.8 I  BC 874
 2008 09 20 00 34 24.3  18 58 01.0623 -23 28 04.012   41   34 18.0 I  BC 874
 2008 09 20 00 36 57.9  18 58 01.0883 -23 28 03.937   41   34 18.1 I  BC 874
 2008 09 20 00 44 38.5  18 58 01.1566 -23 28 04.000   41   34 18.1 I  BC 874
 2008 09 20 02 00 01.0  18 58 01.7987 -23 28 04.406   41   34 16.1 I  BC 874
 2008 09 20 02 02 34.5  18 58 01.8139 -23 28 04.465   41   34 17.0 I  BC 874
 2009 07 18 07 31 14.1  21 55 58.7844 -14 12 24.911   14   15 16.7 C  BC 874
 2009 07 18 07 32 57.5  21 55 58.7596 -14 12 25.012   14   15 16.8 C  BC 874
 2009 07 18 07 34 41.0  21 55 58.7351 -14 12 25.156   14   15 16.8 C  BC 874
 2009 07 18 07 38 07.9  21 55 58.6876 -14 12 25.428   14   15 16.8 C  BC 874
 2009 07 18 07 41 34.7  21 55 58.6392 -14 12 25.651   14   15 16.7 C  BC 874
 2009 07 18 07 43 17.3  21 55 58.6168 -14 12 25.783   14   15 16.9 C  BC 874
 2009 07 18 07 45 00.7  21 55 58.5938 -14 12 25.892   14   15 16.8 C  BC 874
 2009 07 18 07 46 44.1  21 55 58.5668 -14 12 26.053   14   15 16.7 C  BC 874
 2010 07 06 07 48 38.0  00 14 38.5168 +00 28 24.334   14   16 16.6 C  BC 874
 2010 07 06 07 50 18.0  00 14 38.5259 +00 28 24.369   14   16 16.7 C  BC 874
 2010 07 06 07 51 10.0  00 14 38.5305 +00 28 24.450   14   16 16.7 C  BC 874
 2010 07 06 07 52 02.0  00 14 38.5360 +00 28 24.491   14   16 16.7 C  BC 874
 2010 07 06 07 52 54.0  00 14 38.5413 +00 28 24.530   14   16 16.7 C  BC 874
 2010 07 06 07 55 30.0  00 14 38.5532 +00 28 24.637   14   16 16.7 C  BC 874
 2010 07 06 07 56 22.0  00 14 38.5600 +00 28 24.720   14   16 16.7 C  BC 874
 2010 07 06 07 58 07.0  00 14 38.5692 +00 28 24.769   14   16 16.6 C  BC 874
 2010 07 06 07 58 59.0  00 14 38.5756 +00 28 24.829   14   16 16.6 C  BC 874
 2010 07 06 07 59 51.0  00 14 38.5809 +00 28 24.853   14   16 16.7 C  BC 874
 2010 07 06 08 00 43.0  00 14 38.5836 +00 28 24.922   14   16 16.6 C  BC 874
 2010 07 06 08 01 35.0  00 14 38.5881 +00 28 24.954   14   16 16.6 C  BC 874
 2010 07 06 08 03 20.0  00 14 38.5979 +00 28 25.061   14   16 16.5 C  BC 874
 2010 07 06 08 05 04.0  00 14 38.6102 +00 28 25.137   14   16 16.5 C  BC 874
 2010 07 06 08 05 56.0  00 14 38.6130 +00 28 25.152   14   16 16.5 C  BC 874
 2010 07 07 08 02 21.0  00 14 47.0216 +00 29 32.988   32   47 16.4 C  BC 874
 2010 07 07 08 03 55.0  00 14 47.0329 +00 29 32.980   32   47 17.0 C  BC 874
 2010 07 07 08 04 47.0  00 14 47.0333 +00 29 33.008   32   47 16.9 C  BC 874
 2010 07 07 08 05 38.0  00 14 47.0359 +00 29 33.144   32   47 16.9 C  BC 874
 2010 07 07 08 06 30.0  00 14 47.0421 +00 29 33.215   32   47 17.0 C  BC 874
 2010 07 07 08 07 22.0  00 14 47.0442 +00 29 33.223   32   47 16.9 C  BC 874
 2010 07 07 08 09 58.0  00 14 47.0596 +00 29 33.311   32   47 17.0 C  BC 874
 2010 07 07 08 10 50.0  00 14 47.0668 +00 29 33.310   32   47 17.1 C  BC 874
 2014 02 10 01 05 03.9  06 52 14.7958 +23 34 23.715   58   40 16.2 I  BC 874
 2014 02 10 01 08 28.9  06 52 14.7499 +23 34 23.830   58   40 17.1 I  BC 874
 2014 02 10 01 11 53.8  06 52 14.7011 +23 34 23.853   58   40 16.4 I  BC 874
 2014 02 10 01 15 18.8  06 52 14.6512 +23 34 23.977   58   40 17.4 I  BC 874
 2014 02 10 01 18 43.8  06 52 14.6066 +23 34 24.011   58   40 17.0 I  BC 874
 2014 02 10 01 22 08.8  06 52 14.5621 +23 34 24.145   58   40 16.7 I  BC 874
 2014 02 10 01 25 33.7  06 52 14.5246 +23 34 24.243   58   40 17.0 I  BC 874
 2014 02 10 01 28 58.7  06 52 14.4772 +23 34 24.295   58   40 16.3 I  BC 874
 2014 02 10 01 32 23.7  06 52 14.4290 +23 34 24.374   58   40 17.5 I  BC 874
 2014 02 10 01 35 48.7  06 52 14.3902 +23 34 24.528   58   40 17.0 I  BC 874
