  -0.143   0.094 1813.03   16.02 2.521     89.60    201.04 26.316 25.745 99.999 20.279 19.646 99.999 99.999 99.999  0.361 99.999 99.999 99.999 99.999  99.999  99.999  99.999  99.999  0.037  0.032  0.003  0.002  0.028  0.024  496  421 -0.000 -0.000    0  21.959729662 -13.699473006  8 16 15.02 2009  5 22 2454973.84656987    79  filtro desconhecido   targ_cat_global_reduction_sat_gr1                  Megaclite             2044  4098
  -0.092   0.031 1813.03   16.02 0.546     89.60    201.04 26.316 25.745 99.999 22.042 21.416 99.999 99.999 99.999  0.361 99.999 99.999 99.999 99.999  99.999  99.999  99.999  99.999  0.026  0.026  0.003  0.003  0.026  0.028  496  465 -0.000 -0.000    0  21.959752432 -13.699353045  8 16 15.02 2009  5 22 2454973.85230463    79  filtro desconhecido   targ_cat_global_reduction_sat_gr1                  Megaclite             2044  4098
  -0.104   0.063 1813.03   16.02 0.788     89.60    201.04 26.316 25.745 99.999 22.372 21.726 99.999 99.999 99.999  0.361 99.999 99.999 99.999 99.999  99.999  99.999  99.999  99.999  0.055  0.055  0.003  0.003  0.028  0.027  496  465 -0.000 -0.000    0  21.959759577 -13.699297801  8 16 15.02 2009  5 22 2454973.85423852    79  filtro desconhecido   targ_cat_global_reduction_sat_gr1                  Megaclite             2044  4098
   0.004   0.024 1813.03   16.02 0.537     89.60    201.04 26.316 25.745 99.999 22.285 21.662 99.999 99.999 99.999  0.361 99.999 99.999 99.999 99.999  99.999  99.999  99.999  99.999  0.042  0.042  0.003  0.003  0.027  0.027  496  461 -0.000 -0.000    0  21.959768762 -13.699263663  8 16 15.02 2009  5 22 2454973.85611673    79  filtro desconhecido   targ_cat_global_reduction_sat_gr1                  Megaclite             2044  4098
  -0.179   0.117 1813.03   16.02 0.793     89.60    201.04 26.316 25.745 99.999 22.429 21.874 99.999 99.999 99.999  0.361 99.999 99.999 99.999 99.999  99.999  99.999  99.999  99.999  0.005  0.005  0.003  0.003  0.027  0.028  496  447 -0.000 -0.000    0  21.959773392 -13.699186763  8 16 15.02 2009  5 22 2454973.85825214    79  filtro desconhecido   targ_cat_global_reduction_sat_gr1                  Megaclite             2044  4098
  -0.045   0.007 1813.03   16.02 0.451     89.60    201.04 26.316 25.745 99.999 22.086 21.656 99.999 99.999 99.999  0.361 99.999 99.999 99.999 99.999  99.999  99.999  99.999  99.999  0.042  0.041  0.004  0.005  0.026  0.028  496  434 -0.000 -0.000    0  21.959785866 -13.699154340  8 16 15.02 2009  5 22 2454973.86085995    79  filtro desconhecido   targ_cat_global_reduction_sat_gr1                  Megaclite             2044  4098
  -0.070   0.077 1813.03   16.02 1.312     89.60    201.04 26.316 25.745 99.999 21.161 20.683 99.999 99.999 99.999  0.361 99.999 99.999 99.999 99.999  99.999  99.999  99.999  99.999  0.063  0.048  0.004  0.005  0.024  0.028  496  465 -0.000 -0.000    0  21.959792769 -13.699088249  8 16 15.02 2009  5 22 2454973.86280657    79  filtro desconhecido   targ_cat_global_reduction_sat_gr1                  Megaclite             2044  4098
  -0.072   0.079 1813.03   16.02 -.679     89.60    201.04 26.316 25.745 99.999 22.202 21.735 99.999 99.999 99.999  0.361 99.999 99.999 99.999 99.999  99.999  99.999  99.999  99.999  0.045  0.045  0.004  0.004  0.027  0.028  496  442 -0.000 -0.000    0  21.959800078 -13.699041409  8 16 15.02 2009  5 22 2454973.86474092    79  filtro desconhecido   targ_cat_global_reduction_sat_gr1                  Megaclite             2044  4098
  -0.087   0.045 1813.03   16.02 0.759     89.60    201.04 26.316 25.745 99.999 22.070 21.659 99.999 99.999 99.999  0.361 99.999 99.999 99.999 99.999  99.999  99.999  99.999  99.999  0.038  0.038  0.004  0.004  0.027  0.027  496  398 -0.000 -0.000    0  21.959814195 -13.698959448  8 16 15.02 2009  5 22 2454973.86854492    79  filtro desconhecido   targ_cat_global_reduction_sat_gr1                  Megaclite             2044  4098
  -0.035   0.088 1813.03   16.02 0.545     89.60    201.04 26.316 25.745 99.999 22.000 21.567 99.999 99.999 99.999  0.361 99.999 99.999 99.999 99.999  99.999  99.999  99.999  99.999  0.000  0.000  0.005  0.004  0.029  0.027  496  456 -0.000 -0.000    0  21.959822531 -13.698901031  8 16 15.02 2009  5 22 2454973.87047765    79  filtro desconhecido   targ_cat_global_reduction_sat_gr1                  Megaclite             2044  4098
