  -0.189  -0.223  774.06 1016.31 1.629    226.66    103.39 24.085 24.047 99.999 18.196 18.158 99.999 99.999 99.999  0.442 99.999 99.999 99.999 99.999  99.999  99.999  99.999  99.999  0.000  0.000  0.006  0.006  0.062  0.058  277  144 99.999 99.999   99  17.413674333 -22.790394927  3 27 54.55 2007  4 18 2454208.64438137    60  U                     Pasiphae0001.fits                                  Pasiphae              2045  2050     1   0.000   0.000
  -0.185  -0.198  771.17 1015.38 1.538    251.29    104.66 24.095 24.061 99.999 18.094 18.060 99.999 99.999 99.999  0.450 99.999 99.999 99.999 99.999  99.999  99.999  99.999  99.999  0.011  0.011  0.006  0.006  0.060  0.060  275  145 99.999 99.999   99  17.413672081 -22.790380595  3 29 28.89 2007  4 18 2454208.64547326    60  U                     Pasiphae0002.fits                                  Pasiphae              2045  2050     1   0.000   0.000
  -0.223  -0.205  809.35 1015.94 1.656    247.63     94.04 24.163 24.123 99.999 18.178 18.138 99.999 99.999 99.999  0.458 99.999 99.999 99.999 99.999  99.999  99.999  99.999  99.999  0.015  0.015  0.006  0.005  0.066  0.057  271  147 99.999 99.999   99  17.413669028 -22.790374898  3 31  2.36 2007  4 18 2454208.64655509    60  U                     Pasiphae0003.fits                                  Pasiphae              2045  2050     1   0.000   0.000
  -0.213  -0.177  805.18 1015.57 1.529    267.06     98.36 24.269 24.213 99.999 18.202 18.146 99.999 99.999 99.999  0.445 99.999 99.999 99.999 99.999  99.999  99.999  99.999  99.999  0.012  0.012  0.006  0.006  0.061  0.058  278  139 99.999 99.999   99  17.413666942 -22.790360004  3 32 35.88 2007  4 18 2454208.64763750    60  U                     Pasiphae0004.fits                                  Pasiphae              2045  2050     1   0.000   0.000
  -0.211  -0.244  805.80 1016.21 1.949    166.43     92.99 23.819 23.803 99.999 18.266 18.250 99.999 99.999 99.999  0.448 99.999 99.999 99.999 99.999  99.999  99.999  99.999  99.999  0.028  0.028  0.006  0.005  0.066  0.056  278  139 99.999 99.999   99  17.413664687 -22.790371070  3 34  9.33 2007  4 18 2454208.64871910    60  U                     Pasiphae0005.fits                                  Pasiphae              2045  2050     1   0.000   0.000
  -0.185  -0.182  805.38 1015.79 2.154    133.96     87.49 23.561 23.570 99.999 18.243 18.252 99.999 99.999 99.999  0.462 99.999 99.999 99.999 99.999  99.999  99.999  99.999  99.999  0.029  0.029  0.006  0.006  0.062  0.056  270  131 99.999 99.999   99  17.413662905 -22.790346359  3 35 42.76 2007  4 18 2454208.64980046    60  U                     Pasiphae0006.fits                                  Pasiphae              2045  2050     1   0.000   0.000
  -0.227  -0.235  798.74 1015.93 1.723    168.46     96.64 23.923 23.867 99.999 18.357 18.301 99.999 99.999 99.999  0.454 99.999 99.999 99.999 99.999  99.999  99.999  99.999  99.999  0.015  0.015  0.007  0.006  0.064  0.055  281  135 99.999 99.999   99  17.413659740 -22.790353897  3 37 16.23 2007  4 18 2454208.65088229    60  U                     Pasiphae0007.fits                                  Pasiphae              2045  2050     1   0.000   0.000
  -0.246  -0.226  800.96 1016.04 1.540    215.83     97.26 24.221 24.169 99.999 18.386 18.334 99.999 99.999 99.999  0.452 99.999 99.999 99.999 99.999  99.999  99.999  99.999  99.999  0.000  0.000  0.006  0.006  0.064  0.063  277  150 99.999 99.999   99  17.413657055 -22.790343808  3 38 49.67 2007  4 18 2454208.65196377    60  U                     Pasiphae0008.fits                                  Pasiphae              2045  2050     1   0.000   0.000
  -0.161  -0.178  795.45 1015.84 1.655    171.17     93.56 23.997 23.991 99.999 18.413 18.407 99.999 99.999 99.999  0.450 99.999 99.999 99.999 99.999  99.999  99.999  99.999  99.999  0.016  0.016  0.006  0.006  0.063  0.056  278  140 99.999 99.999   99  17.413656469 -22.790323074  3 40 23.14 2007  4 18 2454208.65304560    60  U                     Pasiphae0009.fits                                  Pasiphae              2045  2050     1   0.000   0.000
  -0.227  -0.209  792.07 1015.91 1.676    227.05     91.51 24.133 24.082 99.999 18.243 18.192 99.999 99.999 99.999  0.451 99.999 99.999 99.999 99.999  99.999  99.999  99.999  99.999  0.013  0.013  0.006  0.006  0.065  0.058  279  147 99.999 99.999   99  17.413652838 -22.790324210  3 41 56.61 2007  4 18 2454208.65412743    60  U                     Pasiphae0010.fits                                  Pasiphae              2045  2050     1   0.000   0.000
  -0.209  -0.173  789.40 1016.31 1.873    617.09    285.46 25.050 25.009 99.999 18.074 18.033 99.999 99.999 99.999  0.433 99.999 99.999 99.999 99.999  99.999  99.999  99.999  99.999  0.017  0.017  0.006  0.006  0.063  0.059  261  132 99.999 99.999   99  17.413648522 -22.790299119  3 45  5.24 2007  4 18 2454208.65631065   180  U                     Pasiphae0011.fits                                  Pasiphae              2045  2050     1   0.000   0.000
  -0.501  -0.142  790.79 1017.10 2.947    358.94    217.48 24.286 24.291 99.999 17.898 17.903 99.999 99.999 99.999  0.425 99.999 99.999 99.999 99.999  99.999  99.999  99.999  99.999  0.070  0.069  0.008  0.008  0.061  0.061  171   73 99.999 99.999   99  17.413626410 -22.790238135  3 56  0.56 2007  4 18 2454208.66389537   180  U                     Pasiphae0012.fits                                  Pasiphae              2045  2050     1   0.000   0.000
