   0.079  -0.080 1036.83    9.20 4.094   2075.08    520.53 23.708 23.240 99.999 18.009 17.389 99.999 99.999 99.999  0.199 99.999  0.030  0.050  0.060  99.999  99.999   0.005   0.003  0.010  0.010  0.006  0.007  0.033  0.036  257  185 -0.000  0.000    0  21.917807971 -13.077125918  6 21 35.51 2009  5 24 2454975.76499427    39  filtro desconhecido   targ_cat_global_reduction_sat_gr1                  Nereida               2044  4098
   0.140  -0.027 1036.83    9.20 1.405   2075.08    520.53 23.708 23.240 99.999 18.860 18.107 99.999 99.999 99.999  0.199 99.999  0.030  0.050  0.060  99.999  99.999   0.005   0.003  0.016  0.017  0.006  0.005  0.034  0.031  257  169 -0.001 -0.002    0  21.917812600 -13.077097580  6 21 35.51 2009  5 24 2454975.77989715    39  filtro desconhecido   targ_cat_global_reduction_sat_gr1                  Nereida               2044  4098
   0.099  -0.033 1036.83    9.20 0.926   2075.08    520.53 23.708 23.240 99.999 19.509 18.837 99.999 99.999 99.999  0.199 99.999  0.030  0.050  0.060  99.999  99.999   0.005   0.003  0.035  0.035  0.005  0.006  0.031  0.034  257  165 -0.000  0.000    0  21.917813389 -13.077092996  6 21 35.51 2009  5 24 2454975.78656210    39  filtro desconhecido   targ_cat_global_reduction_sat_gr1                  Nereida               2044  4098
   0.076  -0.033 1036.83    9.20 1.322   2075.08    520.53 23.708 23.240 99.999 19.353 18.663 99.999 99.999 99.999  0.199 99.999  0.030  0.050  0.060  99.999  99.999   0.005   0.003  0.017  0.017  0.006  0.006  0.029  0.027  257  271 -0.000 -0.000    0  21.917817005 -13.077076974  6 21 35.51 2009  5 24 2454975.80417822    39  filtro desconhecido   targ_cat_global_reduction_sat_gr1                  Nereida               2044  4098
   0.106  -0.031 1036.83    9.20 0.991   2075.08    520.53 23.708 23.240 99.999 19.353 18.586 99.999 99.999 99.999  0.199 99.999  0.030  0.050  0.060  99.999  99.999   0.005   0.003  0.013  0.013  0.005  0.005  0.029  0.028  257  303 -0.000  0.000    0  21.917817817 -13.077075162  6 21 35.51 2009  5 24 2454975.80530786    39  filtro desconhecido   targ_cat_global_reduction_sat_gr1                  Nereida               2044  4098
   0.115  -0.085 1036.83    9.20 1.197   2075.08    520.53 23.708 23.240 99.999 19.042 18.324 99.999 99.999 99.999  0.199 99.999  0.030  0.050  0.060  99.999  99.999   0.005   0.003  0.019  0.019  0.006  0.005  0.031  0.024  257  197 -0.000  0.000    0  21.917818242 -13.077089321  6 21 35.51 2009  5 24 2454975.80645544    39  filtro desconhecido   targ_cat_global_reduction_sat_gr1                  Nereida               2044  4098
   0.116  -0.064 1036.83    9.20 0.755   2075.08    520.53 23.708 23.240 99.999 19.330 18.628 99.999 99.999 99.999  0.199 99.999  0.030  0.050  0.060  99.999  99.999   0.005   0.003  0.022  0.023  0.006  0.006  0.030  0.026  257  207 -0.000  0.000    0  21.917818538 -13.077082592  6 21 35.51 2009  5 24 2454975.80757639    39  filtro desconhecido   targ_cat_global_reduction_sat_gr1                  Nereida               2044  4098
   0.126  -0.079 1036.83    9.20 3.551   2075.08    520.53 23.708 23.240 99.999 17.657 16.951 99.999 99.999 99.999  0.199 99.999  0.030  0.050  0.060  99.999  99.999   0.005   0.003  0.024  0.025  0.008  0.007  0.037  0.036  257  204 -0.000  0.000    0  21.917818988 -13.077085440  6 21 35.51 2009  5 24 2454975.80872188    39  filtro desconhecido   targ_cat_global_reduction_sat_gr1                  Nereida               2044  4098
   0.056  -0.086 1036.83    9.20 1.621   2075.08    520.53 23.708 23.240 99.999 18.871 18.231 99.999 99.999 99.999  0.199 99.999  0.030  0.050  0.060  99.999  99.999   0.005   0.003  0.001  0.001  0.005  0.006  0.026  0.027  257  243 -0.000  0.000    0  21.917817893 -13.077086306  6 21 35.51 2009  5 24 2454975.80984458    39  filtro desconhecido   targ_cat_global_reduction_sat_gr1                  Nereida               2044  4098
   0.070  -0.042 1036.83    9.20 1.171   2075.08    520.53 23.708 23.240 99.999 19.045 18.334 99.999 99.999 99.999  0.199 99.999  0.030  0.050  0.060  99.999  99.999   0.005   0.003  0.002  0.002  0.006  0.005  0.032  0.028  257  197 -0.000  0.000    0  21.917818419 -13.077073033  6 21 35.51 2009  5 24 2454975.81099228    39  filtro desconhecido   targ_cat_global_reduction_sat_gr1                  Nereida               2044  4098
   0.088  -0.071 1036.83    9.20 1.102   2075.08    520.53 23.708 23.240 99.999 19.253 18.386 99.999 99.999 99.999  0.199 99.999  0.030  0.050  0.060  99.999  99.999   0.005   0.003  0.019  0.019  0.007  0.007  0.034  0.031  257  219 -0.000  0.000    0  21.917819283 -13.077079241  6 21 35.51 2009  5 24 2454975.81330803    39  filtro desconhecido   targ_cat_global_reduction_sat_gr1                  Nereida               2044  4098
   0.023  -0.021 1160.86   31.65 1.376     44.14    275.89 24.366 23.613 99.999 19.022 18.362 99.999 99.999 99.999  0.150 99.999 99.999 99.999 99.999  99.999  99.999  99.999  99.999  0.000  0.000  0.005  0.005  0.023  0.024  168  201 -0.000 -0.000    0  21.917825791 -13.077033146  8 20 58.09 2009  5 24 2454975.84789451    39  filtro desconhecido   targ_cat_global_reduction_sat_gr1                  Nereida               2044  4098
   0.082  -0.028 1160.86   31.65 2.380     44.14    275.89 24.366 23.613 99.999 18.030 17.573 99.999 99.999 99.999  0.150 99.999 99.999 99.999 99.999  99.999  99.999  99.999  99.999  0.030  0.025  0.005  0.004  0.016  0.016  168  295 -0.000 -0.000    0  21.917829110 -13.077025824  8 20 58.09 2009  5 24 2454975.85788484    39  filtro desconhecido   targ_cat_global_reduction_sat_gr1                  Nereida               2044  4098
   0.033  -0.058 1160.86   31.65 1.227     44.14    275.89 24.366 23.613 99.999 19.379 18.842 99.999 99.999 99.999  0.150 99.999 99.999 99.999 99.999  99.999  99.999  99.999  99.999  0.006  0.005  0.004  0.005  0.022  0.025  168  176 -0.000 -0.000    0  21.917828479 -13.077032786  8 20 58.09 2009  5 24 2454975.85925360    39  filtro desconhecido   targ_cat_global_reduction_sat_gr1                  Nereida               2044  4098
