  -0.069   0.086 1268.57    1.96 2.079    141.91    -55.60 24.240 23.497 99.999 19.311 18.822 99.999 99.999 99.999  0.117 99.999 99.999 99.999 99.999  99.999  99.999  99.999  99.999  0.021  0.021  0.005  0.006  0.022  0.025  368  302 -0.000 -0.000    0  21.497893821 -15.081877852  3 36 39.42 2007  9  8 2454351.65045626    59  filtro desconhecido   targ_cat_global_reduction_sat_gr1                  Nereida               2044  4098     1  99.999  99.999
  -0.085   0.083 1268.57    1.96 1.606    141.91    -55.60 24.240 23.497 99.999 19.215 18.720 99.999 99.999 99.999  0.117 99.999 99.999 99.999 99.999  99.999  99.999  99.999  99.999  0.001  0.001  0.004  0.005  0.019  0.024  368  343 -0.000 -0.000    0  21.497890559 -15.081892436  3 36 39.42 2007  9  8 2454351.65229224    59  filtro desconhecido   targ_cat_global_reduction_sat_gr1                  Nereida               2044  4098     1  99.999  99.999
  -0.099   0.076 1268.57    1.96 1.449    141.91    -55.60 24.240 23.497 99.999 19.235 18.714 99.999 99.999 99.999  0.117 99.999 99.999 99.999 99.999  99.999  99.999  99.999  99.999  0.012  0.012  0.005  0.005  0.020  0.024  368  376 -0.000 -0.000    0  21.497887328 -15.081908602  3 36 39.42 2007  9  8 2454351.65413807    59  filtro desconhecido   targ_cat_global_reduction_sat_gr1                  Nereida               2044  4098     1  99.999  99.999
  -0.043   0.085   27.83    1.96 0.636    119.87     85.52 23.998 23.341 99.999 20.278 19.772 99.999 99.999 99.999  0.102 99.999 99.999 99.999 99.999  99.999  99.999  99.999  99.999  0.016  0.016  0.005  0.005  0.021  0.022  291  278 -0.000  0.000    0  21.496219739 -15.090058054  5 19  3.92 2007  9  9 2454352.72157310    59  filtro desconhecido   targ_cat_global_reduction_sat_gr1                  Nereida               2044  4098     1  99.999  99.999
  -0.047   0.026   27.83    1.96 1.854    119.87     85.52 23.998 23.341 99.999 19.439 19.012 99.999 99.999 99.999  0.102 99.999 99.999 99.999 99.999  99.999  99.999  99.999  99.999  0.035  0.034  0.005  0.006  0.021  0.023  291  263 -0.000  0.000    0  21.496216706 -15.090088403  5 19  3.92 2007  9  9 2454352.72342934    59  filtro desconhecido   targ_cat_global_reduction_sat_gr1                  Nereida               2044  4098     1  99.999  99.999
  -0.151   0.044   27.83    1.96 2.359    119.87     85.52 23.998 23.341 99.999 19.358 18.825 99.999 99.999 99.999  0.102 99.999 99.999 99.999 99.999  99.999  99.999  99.999  99.999  0.040  0.040  0.007  0.007  0.025  0.026  291  245 -0.000  0.000    0  21.496211862 -15.090097051  5 19  3.92 2007  9  9 2454352.72523730    59  filtro desconhecido   targ_cat_global_reduction_sat_gr1                  Nereida               2044  4098     1  99.999  99.999
  -0.060  -0.182 1240.24    4.21 1.504    198.69    130.63 25.107 24.623 99.999 19.376 18.785 99.999 99.999 99.999  0.407 99.999 99.999 99.999 99.999  99.999  99.999  99.999  99.999  0.010  0.010  0.007  0.007  0.029  0.028  435  387 -0.000 -0.001    0  21.459791228 -15.267498081  3 22 47.57 2007 10  9 2454382.64082832    79  filtro desconhecido   targ_cat_global_reduction_sat_gr1                  Nereida               2044  4098     1  99.999  99.999
  -0.056  -0.168 1240.24    4.21 1.542    198.69    130.63 25.107 24.623 99.999 19.442 18.817 99.999 99.999 99.999  0.407 99.999 99.999 99.999 99.999  99.999  99.999  99.999  99.999  0.012  0.012  0.007  0.006  0.028  0.025  435  401 -0.000 -0.001    0  21.459789624 -15.267502095  3 22 47.57 2007 10  9 2454382.64287607    79  filtro desconhecido   targ_cat_global_reduction_sat_gr1                  Nereida               2044  4098     1  99.999  99.999
  -0.047  -0.163 1240.24    4.21 1.488    198.69    130.63 25.107 24.623 99.999 19.417 18.866 99.999 99.999 99.999  0.407 99.999 99.999 99.999 99.999  99.999  99.999  99.999  99.999  0.011  0.011  0.006  0.006  0.028  0.028  435  416 -0.000 -0.001    0  21.459788065 -15.267508492  3 22 47.57 2007 10  9 2454382.64492451    79  filtro desconhecido   targ_cat_global_reduction_sat_gr1                  Nereida               2044  4098     1  99.999  99.999
  -0.046  -0.172 1240.24    4.21 1.478    198.69    130.63 25.107 24.623 99.999 19.378 18.806 99.999 99.999 99.999  0.407 99.999 99.999 99.999 99.999  99.999  99.999  99.999  99.999  0.011  0.011  0.006  0.006  0.026  0.026  435  456 -0.000 -0.001    0  21.459786366 -15.267519132  3 22 47.57 2007 10  9 2454382.64699234    79  filtro desconhecido   targ_cat_global_reduction_sat_gr1                  Nereida               2044  4098     1  99.999  99.999
  -0.076  -0.164 1240.24    4.21 1.667    198.69    130.63 25.107 24.623 99.999 19.395 18.814 99.999 99.999 99.999  0.407 99.999 99.999 99.999 99.999  99.999  99.999  99.999  99.999  0.013  0.013  0.008  0.008  0.030  0.029  435  362 -0.000 -0.001    0  21.459784118 -15.267524612  3 22 47.57 2007 10  9 2454382.64897740    79  filtro desconhecido   targ_cat_global_reduction_sat_gr1                  Nereida               2044  4098     1  99.999  99.999
  -0.043  -0.188 1240.24    4.21 1.536    198.69    130.63 25.107 24.623 99.999 19.386 18.709 99.999 99.999 99.999  0.407 99.999 99.999 99.999 99.999  99.999  99.999  99.999  99.999  0.011  0.011  0.003  0.004  0.027  0.030  435  418 -0.000 -0.000    0  21.459782673 -15.267541192  3 22 47.57 2007 10  9 2454382.65150148    79  filtro desconhecido   targ_cat_global_reduction_sat_gr1                  Nereida               2044  4098     1  99.999  99.999
  -0.043  -0.208 1240.24    4.21 1.379    198.69    130.63 25.107 24.623 99.999 19.384 18.723 99.999 99.999 99.999  0.407 99.999 99.999 99.999 99.999  99.999  99.999  99.999  99.999  0.011  0.011  0.004  0.004  0.029  0.029  435  421 -0.000 -0.000    0  21.459780806 -15.267555023  3 22 47.57 2007 10  9 2454382.65371549    79  filtro desconhecido   targ_cat_global_reduction_sat_gr1                  Nereida               2044  4098     1  99.999  99.999
  -0.050  -0.179 1240.24    4.21 1.695    198.69    130.63 25.107 24.623 99.999 19.460 18.764 99.999 99.999 99.999  0.407 99.999 99.999 99.999 99.999  99.999  99.999  99.999  99.999  0.012  0.012  0.004  0.004  0.029  0.030  435  364 -0.000 -0.000    0  21.459778989 -15.267555061  3 22 47.57 2007 10  9 2454382.65575895    79  filtro desconhecido   targ_cat_global_reduction_sat_gr1                  Nereida               2044  4098     1  99.999  99.999
  -0.054  -0.202 1240.24    4.21 1.484    198.69    130.63 25.107 24.623 99.999 19.365 18.674 99.999 99.999 99.999  0.407 99.999 99.999 99.999 99.999  99.999  99.999  99.999  99.999  0.010  0.010  0.003  0.004  0.027  0.031  435  406 -0.000 -0.000    0  21.459777156 -15.267569537  3 22 47.57 2007 10  9 2454382.65784977    79  filtro desconhecido   targ_cat_global_reduction_sat_gr1                  Nereida               2044  4098     1  99.999  99.999
  -0.036  -0.194 1240.24    4.21 1.605    198.69    130.63 25.107 24.623 99.999 19.428 18.771 99.999 99.999 99.999  0.407 99.999 99.999 99.999 99.999  99.999  99.999  99.999  99.999  0.012  0.012  0.004  0.005  0.029  0.035  435  385 -0.000 -0.000    0  21.459775858 -15.267574807  3 22 47.57 2007 10  9 2454382.65984020    79  filtro desconhecido   targ_cat_global_reduction_sat_gr1                  Nereida               2044  4098     1  99.999  99.999
  -0.062  -0.093 1306.93    8.49 0.903     64.79    178.81 25.998 25.707 99.999 19.379 18.771 99.999 99.999 99.999  0.703 99.999 99.999 99.999 99.999  99.999  99.999  99.999  99.999  0.009  0.009  0.005  0.004  0.027  0.024  545  521 -0.000 -0.000    0  21.459019748 -15.271228168  2 43 59.25 2007 10 10 2454383.61388021    79  filtro desconhecido   targ_cat_global_reduction_sat_gr1                  Nereida               2044  4098     1  99.999  99.999
  -0.075  -0.079 1306.93    8.49 1.049     64.79    178.81 25.998 25.707 99.999 19.265 18.679 99.999 99.999 99.999  0.703 99.999 99.999 99.999 99.999  99.999  99.999  99.999  99.999  0.006  0.011  0.005  0.005  0.030  0.028  545  472 -0.000 -0.000    0  21.459017840 -15.271231928  2 43 59.25 2007 10 10 2454383.61594961    79  filtro desconhecido   targ_cat_global_reduction_sat_gr1                  Nereida               2044  4098     1  99.999  99.999
  -0.088  -0.081 1306.93    8.49 0.926     64.79    178.81 25.998 25.707 99.999 19.295 18.728 99.999 99.999 99.999  0.703 99.999 99.999 99.999 99.999  99.999  99.999  99.999  99.999  0.005  0.005  0.004  0.004  0.027  0.025  545  553 -0.000 -0.000    0  21.459015957 -15.271240066  2 43 59.25 2007 10 10 2454383.61797883    79  filtro desconhecido   targ_cat_global_reduction_sat_gr1                  Nereida               2044  4098     1  99.999  99.999
  -0.049  -0.088 1306.93    8.49 0.995     64.79    178.81 25.998 25.707 99.999 19.235 18.694 99.999 99.999 99.999  0.703 99.999 99.999 99.999 99.999  99.999  99.999  99.999  99.999  0.014  0.009  0.005  0.005  0.030  0.027  545  482 -0.000 -0.000    0  21.459015065 -15.271249730  2 43 59.25 2007 10 10 2454383.62002461    79  filtro desconhecido   targ_cat_global_reduction_sat_gr1                  Nereida               2044  4098     1  99.999  99.999
  -0.070  -0.103 1306.93    8.49 0.929     64.79    178.81 25.998 25.707 99.999 19.378 18.774 99.999 99.999 99.999  0.703 99.999 99.999 99.999 99.999  99.999  99.999  99.999  99.999  0.007  0.007  0.005  0.005  0.026  0.027  545  469 -0.000 -0.000    0  21.459013100 -15.271261116  2 43 59.25 2007 10 10 2454383.62196329    79  filtro desconhecido   targ_cat_global_reduction_sat_gr1                  Nereida               2044  4098     1  99.999  99.999
  -0.059  -0.132 1306.93    8.49 1.015     64.79    178.81 25.998 25.707 99.999 19.367 18.618 99.999 99.999 99.999  0.703 99.999 99.999 99.999 99.999  99.999  99.999  99.999  99.999  0.008  0.006  0.004  0.004  0.030  0.030  545  472 -0.000 -0.000    0  21.459011359 -15.271278149  2 43 59.25 2007 10 10 2454383.62438907    79  filtro desconhecido   targ_cat_global_reduction_sat_gr1                  Nereida               2044  4098     1  99.999  99.999
  -0.036  -0.119 1306.93    8.49 1.040     64.79    178.81 25.998 25.707 99.999 19.395 18.660 99.999 99.999 99.999  0.703 99.999 99.999 99.999 99.999  99.999  99.999  99.999  99.999  0.010  0.010  0.003  0.004  0.027  0.031  545  466 -0.000 -0.000    0  21.459010146 -15.271282178  2 43 59.25 2007 10 10 2454383.62645222    79  filtro desconhecido   targ_cat_global_reduction_sat_gr1                  Nereida               2044  4098     1  99.999  99.999
  -0.031  -0.160 1306.93    8.49 1.071     64.79    178.81 25.998 25.707 99.999 19.327 18.572 99.999 99.999 99.999  0.703 99.999 99.999 99.999 99.999  99.999  99.999  99.999  99.999  0.001  0.001  0.004  0.004  0.030  0.030  545  450 -0.000 -0.000    0  21.459008599 -15.271301082  2 43 59.25 2007 10 10 2454383.62846754    79  filtro desconhecido   targ_cat_global_reduction_sat_gr1                  Nereida               2044  4098     1  99.999  99.999
  -0.067  -0.116 1306.93    8.49 0.936     64.79    178.81 25.998 25.707 99.999 19.643 18.938 99.999 99.999 99.999  0.703 99.999 99.999 99.999 99.999  99.999  99.999  99.999  99.999  0.030  0.019  0.003  0.004  0.027  0.031  545  455 -0.000 -0.000    0  21.459006261 -15.271296324  2 43 59.25 2007 10 10 2454383.63051239    79  filtro desconhecido   targ_cat_global_reduction_sat_gr1                  Nereida               2044  4098     1  99.999  99.999
  -0.034  -0.110 1306.93    8.49 1.075     64.79    178.81 25.998 25.707 99.999 19.410 18.728 99.999 99.999 99.999  0.703 99.999 99.999 99.999 99.999  99.999  99.999  99.999  99.999  0.007  0.008  0.004  0.004  0.029  0.033  545  443 -0.000 -0.000    0  21.459005312 -15.271301854  2 43 59.25 2007 10 10 2454383.63247735    79  filtro desconhecido   targ_cat_global_reduction_sat_gr1                  Nereida               2044  4098     1  99.999  99.999
   0.091   0.006  323.81   19.26 2.122    210.38    -56.78 24.358 23.877 99.999 19.411 18.814 99.999 99.999 99.999  0.162 99.999 99.999 99.999 99.999  99.999  99.999  99.999  99.999  0.028  0.028  0.005  0.006  0.022  0.027  378  341  0.000  0.000    0  21.457514588 -15.278529412  3 17  2.59 2007 10 12 2454385.63683554    79  filtro desconhecido   targ_cat_global_reduction_sat_gr1                  Nereida               2044  4098     1  99.999  99.999
  -0.096  -0.079  323.81   19.26 1.933    210.38    -56.78 24.358 23.877 99.999 19.791 19.320 99.999 99.999 99.999  0.162 99.999 99.999 99.999 99.999  99.999  99.999  99.999  99.999  0.010  0.011  0.005  0.005  0.029  0.026  378  271  0.000  0.000    0  21.457509496 -15.278560078  3 17  2.59 2007 10 12 2454385.63887854    79  filtro desconhecido   targ_cat_global_reduction_sat_gr1                  Nereida               2044  4098     1  99.999  99.999
   0.089   0.028  323.81   19.26 1.723    210.38    -56.78 24.358 23.877 99.999 19.690 19.148 99.999 99.999 99.999  0.162 99.999 99.999 99.999 99.999  99.999  99.999  99.999  99.999  0.057  0.057  0.006  0.007  0.030  0.034  378  263  0.000  0.000    0  21.457511535 -15.278537136  3 17  2.59 2007 10 12 2454385.64088171    79  filtro desconhecido   targ_cat_global_reduction_sat_gr1                  Nereida               2044  4098     1  99.999  99.999
   0.089   0.007  323.81   19.26 2.874    210.38    -56.78 24.358 23.877 99.999 19.107 18.517 99.999 99.999 99.999  0.162 99.999 99.999 99.999 99.999  99.999  99.999  99.999  99.999  0.034  0.038  0.006  0.007  0.030  0.036  378  322  0.000  0.000    0  21.457510051 -15.278549805  3 17  2.59 2007 10 12 2454385.64291858    79  filtro desconhecido   targ_cat_global_reduction_sat_gr1                  Nereida               2044  4098     1  99.999  99.999
   0.287   1.090  323.81   19.26 0.739    210.38    -56.78 24.358 23.877 99.999 19.762 19.363 99.999 99.999 99.999  0.162 99.999 99.999 99.999 99.999  99.999  99.999  99.999  99.999  0.039  0.046  0.005  0.006  0.024  0.030  378  275  0.000  0.000    0  21.457512408 -15.278255845  3 17  2.59 2007 10 12 2454385.64490010    79  filtro desconhecido   targ_cat_global_reduction_sat_gr1                  Nereida               2044  4098     1  99.999  99.999
   0.030   0.064  323.81   19.26 3.110    210.38    -56.78 24.358 23.877 99.999 19.560 18.970 99.999 99.999 99.999  0.162 99.999 99.999 99.999 99.999  99.999  99.999  99.999  99.999  0.009  0.009  0.005  0.005  0.029  0.033  378  284  0.000  0.000    0  21.457505689 -15.278548944  3 17  2.59 2007 10 12 2454385.64732912    79  filtro desconhecido   targ_cat_global_reduction_sat_gr1                  Nereida               2044  4098     1  99.999  99.999
  -0.001  -0.022  323.81   19.26 2.311    210.38    -56.78 24.358 23.877 99.999 19.952 19.368 99.999 99.999 99.999  0.162 99.999 99.999 99.999 99.999  99.999  99.999  99.999  99.999  0.027  0.026  0.004  0.004  0.026  0.028  378  306  0.000  0.000    0  21.457503587 -15.278579670  3 17  2.59 2007 10 12 2454385.64936900    79  filtro desconhecido   targ_cat_global_reduction_sat_gr1                  Nereida               2044  4098     1  99.999  99.999
   0.108   0.014  323.81   19.26 5.087    210.38    -56.78 24.358 23.877 99.999 19.250 18.745 99.999 99.999 99.999  0.162 99.999 99.999 99.999 99.999  99.999  99.999  99.999  99.999  0.032  0.030  0.004  0.004  0.026  0.030  378  278  0.000  0.000    0  21.457504192 -15.278576797  3 17  2.59 2007 10 12 2454385.65140772    79  filtro desconhecido   targ_cat_global_reduction_sat_gr1                  Nereida               2044  4098     1  99.999  99.999
   0.487   0.991  323.81   19.26 1.901    210.38    -56.78 24.358 23.877 99.999 19.614 19.068 99.999 99.999 99.999  0.162 99.999 99.999 99.999 99.999  99.999  99.999  99.999  99.999  0.022  0.029  0.004  0.005  0.028  0.031  378  275  0.000  0.000    0  21.457509929 -15.278312213  3 17  2.59 2007 10 12 2454385.65347168    79  filtro desconhecido   targ_cat_global_reduction_sat_gr1                  Nereida               2044  4098     1  99.999  99.999
   0.041   0.077  323.81   19.26 1.980    210.38    -56.78 24.358 23.877 99.999 19.672 19.052 99.999 99.999 99.999  0.162 99.999 99.999 99.999 99.999  99.999  99.999  99.999  99.999  0.054  0.053  0.004  0.004  0.026  0.031  378  337  0.000  0.000    0  21.457499928 -15.278572789  3 17  2.59 2007 10 12 2454385.65542970    79  filtro desconhecido   targ_cat_global_reduction_sat_gr1                  Nereida               2044  4098     1  99.999  99.999
  -0.204  -0.064 1343.28    6.31 1.585     17.66    122.93 24.511 24.000 99.999 19.396 18.786 99.999 99.999 99.999  0.144 99.999 99.999 99.999 99.999  99.999  99.999  99.999  99.999  0.017  0.017  0.007  0.006  0.032  0.028  346  310 -0.000 -0.000    0  21.456833222 -15.281841669  2 36 12.04 2007 10 13 2454386.60847266    79  filtro desconhecido   targ_cat_global_reduction_sat_gr1                  Nereida               2044  4098     1  99.999  99.999
  -0.196  -0.054 1343.28    6.31 1.587     17.66    122.93 24.511 24.000 99.999 19.379 18.784 99.999 99.999 99.999  0.144 99.999 99.999 99.999 99.999  99.999  99.999  99.999  99.999  0.013  0.013  0.007  0.006  0.032  0.029  346  343 -0.000 -0.000    0  21.456831931 -15.281845659  2 36 12.04 2007 10 13 2454386.61051531    79  filtro desconhecido   targ_cat_global_reduction_sat_gr1                  Nereida               2044  4098     1  99.999  99.999
  -0.185  -0.068 1343.28    6.31 1.466     17.66    122.93 24.511 24.000 99.999 19.276 18.764 99.999 99.999 99.999  0.144 99.999 99.999 99.999 99.999  99.999  99.999  99.999  99.999  0.012  0.012  0.005  0.005  0.024  0.025  346  359 -0.000 -0.000    0  21.456830701 -15.281856014  2 36 12.04 2007 10 13 2454386.61257151    79  filtro desconhecido   targ_cat_global_reduction_sat_gr1                  Nereida               2044  4098     1  99.999  99.999
  -0.184  -0.058 1343.28    6.31 1.341     17.66    122.93 24.511 24.000 99.999 19.407 18.839 99.999 99.999 99.999  0.144 99.999 99.999 99.999 99.999  99.999  99.999  99.999  99.999  0.012  0.012  0.006  0.006  0.028  0.029  346  354 -0.000 -0.000    0  21.456829241 -15.281859981  2 36 12.04 2007 10 13 2454386.61463987    79  filtro desconhecido   targ_cat_global_reduction_sat_gr1                  Nereida               2044  4098     1  99.999  99.999
  -0.162  -0.033 1343.28    6.31 1.284     17.66    122.93 24.511 24.000 99.999 19.210 18.687 99.999 99.999 99.999  0.144 99.999 99.999 99.999 99.999  99.999  99.999  99.999  99.999  0.010  0.010  0.006  0.006  0.030  0.030  346  370 -0.000 -0.000    0  21.456828276 -15.281859763  2 36 12.04 2007 10 13 2454386.61662683    79  filtro desconhecido   targ_cat_global_reduction_sat_gr1                  Nereida               2044  4098     1  99.999  99.999
  -0.151  -0.068 1343.28    6.31 1.386     17.66    122.93 24.511 24.000 99.999 19.435 18.751 99.999 99.999 99.999  0.144 99.999 99.999 99.999 99.999  99.999  99.999  99.999  99.999  0.012  0.012  0.004  0.004  0.031  0.030  346  449 -0.000 -0.000    0  21.456824518 -15.281887565  2 36 12.04 2007 10 13 2454386.62222832    79  filtro desconhecido   targ_cat_global_reduction_sat_gr1                  Nereida               2044  4098     1  99.999  99.999
  -0.145  -0.084 1343.28    6.31 1.289     17.66    122.93 24.511 24.000 99.999 19.409 18.739 99.999 99.999 99.999  0.144 99.999 99.999 99.999 99.999  99.999  99.999  99.999  99.999  0.008  0.008  0.003  0.003  0.026  0.027  346  456 -0.000 -0.000    0  21.456823188 -15.281898630  2 36 12.04 2007 10 13 2454386.62427260    79  filtro desconhecido   targ_cat_global_reduction_sat_gr1                  Nereida               2044  4098     1  99.999  99.999
  -0.134  -0.055 1343.28    6.31 1.258     17.66    122.93 24.511 24.000 99.999 19.421 18.735 99.999 99.999 99.999  0.144 99.999 99.999 99.999 99.999  99.999  99.999  99.999  99.999  0.008  0.008  0.003  0.003  0.028  0.027  346  490 -0.000 -0.000    0  21.456821947 -15.281897214  2 36 12.04 2007 10 13 2454386.62634952    79  filtro desconhecido   targ_cat_global_reduction_sat_gr1                  Nereida               2044  4098     1  99.999  99.999
  -0.133  -0.073 1343.28    6.31 1.331     17.66    122.93 24.511 24.000 99.999 19.380 18.681 99.999 99.999 99.999  0.144 99.999 99.999 99.999 99.999  99.999  99.999  99.999  99.999  0.006  0.006  0.004  0.004  0.032  0.032  346  466 -0.000 -0.000    0  21.456820500 -15.281908838  2 36 12.04 2007 10 13 2454386.62841788    79  filtro desconhecido   targ_cat_global_reduction_sat_gr1                  Nereida               2044  4098     1  99.999  99.999
  -0.140  -0.079 1343.28    6.31 1.104     17.66    122.93 24.511 24.000 99.999 19.395 18.706 99.999 99.999 99.999  0.144 99.999 99.999 99.999 99.999  99.999  99.999  99.999  99.999  0.007  0.007  0.003  0.003  0.029  0.029  346  501 -0.000 -0.000    0  21.456818986 -15.281916917  2 36 12.04 2007 10 13 2454386.63038597    79  filtro desconhecido   targ_cat_global_reduction_sat_gr1                  Nereida               2044  4098     1  99.999  99.999
   0.092   0.071  884.43    3.64 0.696    117.06    603.57 26.923 26.704 99.999 19.395 18.813 99.999 99.999 99.999  0.857 99.999 99.999 99.999 99.999  99.999  99.999  99.999  99.999  0.006  0.006  0.003  0.003  0.023  0.023  536  502  0.000 -0.000    0  21.773360429 -13.762741687  9 53 26.68 2008  6  4 2454621.91211441   299  filtro desconhecido   targ_cat_global_reduction_sat_gr1                  Nereida               2044  4098     1  99.999  99.999
   0.085   0.068  884.43    3.64 0.724    117.06    603.57 26.923 26.704 99.999 19.399 18.733 99.999 99.999 99.999  0.857 99.999 99.999 99.999 99.999  99.999  99.999  99.999  99.999  0.008  0.008  0.003  0.003  0.020  0.021  536  625  0.000 -0.000    0  21.773359097 -13.762749298  9 53 26.68 2008  6  4 2454621.91658250   299  filtro desconhecido   targ_cat_global_reduction_sat_gr1                  Nereida               2044  4098     1  99.999  99.999
   0.090   0.056  884.43    3.64 0.744    117.06    603.57 26.923 26.704 99.999 19.398 18.788 99.999 99.999 99.999  0.857 99.999 99.999 99.999 99.999  99.999  99.999  99.999  99.999  0.005  0.005  0.003  0.003  0.021  0.023  536  565  0.000 -0.000    0  21.773358017 -13.762758777  9 53 26.68 2008  6  4 2454621.92097949   299  filtro desconhecido   targ_cat_global_reduction_sat_gr1                  Nereida               2044  4098     1  99.999  99.999
   0.098   0.062  884.43    3.64 0.721    117.06    603.57 26.923 26.704 99.999 19.377 18.701 99.999 99.999 99.999  0.857 99.999 99.999 99.999 99.999  99.999  99.999  99.999  99.999  0.005  0.005  0.003  0.003  0.022  0.022  536  459  0.000 -0.000    0  21.773356977 -13.762763958  9 53 26.68 2008  6  4 2454621.92544955   299  filtro desconhecido   targ_cat_global_reduction_sat_gr1                  Nereida               2044  4098     1  99.999  99.999
   0.081   0.062  884.43    3.64 0.846    117.06    603.57 26.923 26.704 99.999 19.429 18.677 99.999 99.999 99.999  0.857 99.999 99.999 99.999 99.999  99.999  99.999  99.999  99.999  0.004  0.004  0.004  0.004  0.025  0.025  536  516  0.000 -0.000    0  21.773355483 -13.762770219  9 53 26.68 2008  6  4 2454621.92984458   299  filtro desconhecido   targ_cat_global_reduction_sat_gr1                  Nereida               2044  4098     1  99.999  99.999
   0.028   0.037   10.80   14.35 1.381    510.84    689.86 26.260 25.799 99.999 19.394 18.778 99.999 99.999 99.999  0.565 99.999 99.999 99.999 99.999  99.999  99.999  99.999  99.999  0.008  0.008  0.003  0.003  0.023  0.027  546  505  0.000  0.000    0  21.772820515 -13.766085741  9 38 50.69 2008  6  6 2454623.90197560   299  filtro desconhecido   targ_cat_global_reduction_sat_gr1                  Nereida               2044  4098     1  99.999  99.999
   0.031   0.059   10.80   14.35 1.399    510.84    689.86 26.260 25.799 99.999 19.397 18.790 99.999 99.999 99.999  0.565 99.999 99.999 99.999 99.999  99.999  99.999  99.999  99.999  0.007  0.007  0.003  0.003  0.024  0.026  546  524  0.000  0.000    0  21.772819060 -13.766088147  9 38 50.69 2008  6  6 2454623.90647043   299  filtro desconhecido   targ_cat_global_reduction_sat_gr1                  Nereida               2044  4098     1  99.999  99.999
   0.025   0.051   10.80   14.35 1.161    510.84    689.86 26.260 25.799 99.999 19.399 18.810 99.999 99.999 99.999  0.565 99.999 99.999 99.999 99.999  99.999  99.999  99.999  99.999  0.006  0.006  0.003  0.003  0.026  0.027  546  584  0.000  0.000    0  21.772817415 -13.766098238  9 38 50.69 2008  6  6 2454623.91095356   299  filtro desconhecido   targ_cat_global_reduction_sat_gr1                  Nereida               2044  4098     1  99.999  99.999
   0.016   0.064   10.80   14.35 1.633    510.84    689.86 26.260 25.799 99.999 19.413 18.824 99.999 99.999 99.999  0.565 99.999 99.999 99.999 99.999  99.999  99.999  99.999  99.999  0.008  0.008  0.003  0.003  0.026  0.031  546  480  0.000  0.000    0  21.772815246 -13.766105716  9 38 50.69 2008  6  6 2454623.91691570   299  filtro desconhecido   targ_cat_global_reduction_sat_gr1                  Nereida               2044  4098     1  99.999  99.999
   0.024  -0.169 1970.21  113.67 2.424    761.97    412.48 99.999 99.999 99.999 18.807 18.326 99.999 99.999 99.999  0.136 99.999  0.040  0.080  0.100  99.999  99.999  99.999  99.999  0.011  0.009  0.016  0.018  0.034  0.037   98  106 -0.001 -0.000    0  21.916570588 -13.082464942  9 59 50.99 2009  5 20 2454971.91656241    39  filtro desconhecido   targ_cat_global_reduction_sat_gr1                  Nereida               2044  4098     1  99.999  99.999
   0.059  -0.065 1970.21  113.67 1.647    761.97    412.48 99.999 99.999 99.999 19.524 18.973 99.999 99.999 99.999  0.136 99.999  0.040  0.080  0.100  99.999  99.999  99.999  99.999  0.065  0.065  0.016  0.014  0.035  0.029   98  123 -0.001 -0.000    0  21.916571681 -13.082434269  9 59 50.99 2009  5 20 2454971.91773082    39  filtro desconhecido   targ_cat_global_reduction_sat_gr1                  Nereida               2044  4098     1  99.999  99.999
   0.022   0.052 1970.21  113.67 0.730    761.97    412.48 99.999 99.999 99.999 19.523 18.970 99.999 99.999 99.999  0.136 99.999  0.040  0.080  0.100  99.999  99.999  99.999  99.999  0.043  0.043  0.014  0.013  0.032  0.028   98  124 -0.001 -0.000    0  21.916571398 -13.082399611  9 59 50.99 2009  5 20 2454971.91888314    39  filtro desconhecido   targ_cat_global_reduction_sat_gr1                  Nereida               2044  4098     1  99.999  99.999
   0.112  -0.055 1970.21  113.67 1.012    761.97    412.48 99.999 99.999 99.999 19.411 18.797 99.999 99.999 99.999  0.136 99.999  0.040  0.080  0.100  99.999  99.999  99.999  99.999  0.038  0.038  0.012  0.012  0.030  0.029   98  159 -0.001 -0.000    0  21.916573515 -13.082427595  9 59 50.99 2009  5 20 2454971.92004507    39  filtro desconhecido   targ_cat_global_reduction_sat_gr1                  Nereida               2044  4098     1  99.999  99.999
   0.041   0.021 1970.21  113.67 1.258    761.97    412.48 99.999 99.999 99.999 19.432 18.835 99.999 99.999 99.999  0.136 99.999  0.040  0.080  0.100  99.999  99.999  99.999  99.999  0.032  0.032  0.015  0.015  0.037  0.036   98  186 -0.001 -0.000    0  21.916573421 -13.082400178  9 59 50.99 2009  5 20 2454971.92347137    39  filtro desconhecido   targ_cat_global_reduction_sat_gr1                  Nereida               2044  4098     1  99.999  99.999
   0.043   0.006 1970.21  113.67 1.140    761.97    412.48 99.999 99.999 99.999 19.461 18.796 99.999 99.999 99.999  0.136 99.999  0.040  0.080  0.100  99.999  99.999  99.999  99.999  0.028  0.027  0.015  0.015  0.037  0.038   98  197 -0.001 -0.000    0  21.916574297 -13.082400452  9 59 50.99 2009  5 20 2454971.92578064    39  filtro desconhecido   targ_cat_global_reduction_sat_gr1                  Nereida               2044  4098     1  99.999  99.999
   0.070  -0.005 1970.21  113.67 1.137    761.97    412.48 99.999 99.999 99.999 19.422 18.746 99.999 99.999 99.999  0.136 99.999  0.040  0.080  0.100  99.999  99.999  99.999  99.999  0.023  0.023  0.015  0.015  0.037  0.037   98  221 -0.001 -0.000    0  21.916575212 -13.082401451  9 59 50.99 2009  5 20 2454971.92694095    39  filtro desconhecido   targ_cat_global_reduction_sat_gr1                  Nereida               2044  4098     1  99.999  99.999
   0.021  -0.039 1970.21  113.67 1.012    761.97    412.48 99.999 99.999 99.999 19.419 18.723 99.999 99.999 99.999  0.136 99.999  0.040  0.080  0.100  99.999  99.999  99.999  99.999  0.009  0.009  0.006  0.005  0.037  0.034   98  288 -0.001 -0.000    0  21.916575265 -13.082406153  9 59 50.99 2009  5 20 2454971.92966440    39  filtro desconhecido   targ_cat_global_reduction_sat_gr1                  Nereida               2044  4098     1  99.999  99.999
   0.100  -0.035 1970.21  113.67 0.982    761.97    412.48 99.999 99.999 99.999 19.466 18.797 99.999 99.999 99.999  0.136 99.999  0.040  0.080  0.100  99.999  99.999  99.999  99.999  0.015  0.015  0.006  0.006  0.036  0.037   98  243 -0.000 -0.000    0  21.916577181 -13.082402990  9 59 50.99 2009  5 20 2454971.93081788    39  filtro desconhecido   targ_cat_global_reduction_sat_gr1                  Nereida               2044  4098     1  99.999  99.999
   0.124  -0.070 1970.21  113.67 1.191    761.97    412.48 99.999 99.999 99.999 19.545 18.875 99.999 99.999 99.999  0.136 99.999  0.040  0.080  0.100  99.999  99.999  99.999  99.999  0.024  0.024  0.007  0.006  0.040  0.037   98  235 -0.001 -0.000    0  21.916578046 -13.082410962  9 59 50.99 2009  5 20 2454971.93196581    39  filtro desconhecido   targ_cat_global_reduction_sat_gr1                  Nereida               2044  4098     1  99.999  99.999
   0.144   0.013 1970.21  113.67 0.999    761.97    412.48 99.999 99.999 99.999 19.295 18.659 99.999 99.999 99.999  0.136 99.999  0.040  0.080  0.100  99.999  99.999  99.999  99.999  0.005  0.005  0.009  0.008  0.042  0.037   98  132 -0.001 -0.000    0  21.916579272 -13.082383823  9 59 50.99 2009  5 20 2454971.93427231    39  filtro desconhecido   targ_cat_global_reduction_sat_gr1                  Nereida               2044  4098     1  99.999  99.999
  -0.082  -0.055  732.07   53.37 1.016     76.83    315.33 24.753 24.047 99.999 19.534 18.796 99.999 99.999 99.999  0.224 99.999 99.999 99.999 99.999  99.999  99.999  99.999  99.999  0.039  0.039  0.005  0.004  0.029  0.024  231  242 -0.000 -0.000    0  21.917232021 -13.079513311  6 22 16.07 2009  5 22 2454973.76546379    39  filtro desconhecido   targ_cat_global_reduction_sat_gr1                  Nereida               2044  4098     1  99.999  99.999
   0.016  -0.039  732.07   53.37 0.743     76.83    315.33 24.753 24.047 99.999 19.500 18.648 99.999 99.999 99.999  0.224 99.999 99.999 99.999 99.999  99.999  99.999  99.999  99.999  0.023  0.023  0.005  0.004  0.029  0.024  231  251 -0.000 -0.000    0  21.917234257 -13.079507520  6 22 16.07 2009  5 22 2454973.76663197    39  filtro desconhecido   targ_cat_global_reduction_sat_gr1                  Nereida               2044  4098     1  99.999  99.999
  -0.046  -0.027  732.07   53.37 0.904     76.83    315.33 24.753 24.047 99.999 19.552 18.840 99.999 99.999 99.999  0.224 99.999 99.999 99.999 99.999  99.999  99.999  99.999  99.999  0.021  0.022  0.005  0.004  0.029  0.024  231  187 -0.000 -0.000    0  21.917233427 -13.079502520  6 22 16.07 2009  5 22 2454973.76779136    39  filtro desconhecido   targ_cat_global_reduction_sat_gr1                  Nereida               2044  4098     1  99.999  99.999
  -0.003  -0.031  732.07   53.37 0.975     76.83    315.33 24.753 24.047 99.999 19.316 18.550 99.999 99.999 99.999  0.224 99.999 99.999 99.999 99.999  99.999  99.999  99.999  99.999  0.024  0.024  0.005  0.004  0.027  0.024  231  232 -0.000 -0.000    0  21.917234606 -13.079502273  6 22 16.07 2009  5 22 2454973.76894426    39  filtro desconhecido   targ_cat_global_reduction_sat_gr1                  Nereida               2044  4098     1  99.999  99.999
  -0.079  -0.046  732.07   53.37 1.183     76.83    315.33 24.753 24.047 99.999 19.518 18.704 99.999 99.999 99.999  0.224 99.999 99.999 99.999 99.999  99.999  99.999  99.999  99.999  0.000  0.000  0.005  0.004  0.027  0.024  231  208 -0.000 -0.000    0  21.917233501 -13.079505103  6 22 16.07 2009  5 22 2454973.77006880    39  filtro desconhecido   targ_cat_global_reduction_sat_gr1                  Nereida               2044  4098     1  99.999  99.999
  -0.031  -0.052  732.07   53.37 1.128     76.83    315.33 24.753 24.047 99.999 19.385 18.623 99.999 99.999 99.999  0.224 99.999 99.999 99.999 99.999  99.999  99.999  99.999  99.999  0.033  0.034  0.005  0.004  0.029  0.022  231  239 -0.000 -0.000    0  21.917234768 -13.079504995  6 22 16.07 2009  5 22 2454973.77122946    39  filtro desconhecido   targ_cat_global_reduction_sat_gr1                  Nereida               2044  4098     1  99.999  99.999
   0.021  -0.057  732.07   53.37 1.500     76.83    315.33 24.753 24.047 99.999 19.334 18.627 99.999 99.999 99.999  0.224 99.999 99.999 99.999 99.999  99.999  99.999  99.999  99.999  0.010  0.009  0.006  0.005  0.030  0.026  231  207 -0.000 -0.000    0  21.917236113 -13.079505042  6 22 16.07 2009  5 22 2454973.77239428    39  filtro desconhecido   targ_cat_global_reduction_sat_gr1                  Nereida               2044  4098     1  99.999  99.999
   0.010  -0.033  732.07   53.37 0.991     76.83    315.33 24.753 24.047 99.999 19.467 18.736 99.999 99.999 99.999  0.224 99.999 99.999 99.999 99.999  99.999  99.999  99.999  99.999  0.007  0.007  0.003  0.003  0.020  0.020  231  559 -0.000 -0.000    0  21.917236331 -13.079496515  6 22 16.07 2009  5 22 2454973.77377140    39  filtro desconhecido   targ_cat_global_reduction_sat_gr1                  Nereida               2044  4098     1  99.999  99.999
  -0.005  -0.061  732.07   53.37 0.621     76.83    315.33 24.753 24.047 99.999 19.640 18.984 99.999 99.999 99.999  0.224 99.999 99.999 99.999 99.999  99.999  99.999  99.999  99.999  0.016  0.016  0.003  0.003  0.020  0.018  231  557 -0.000 -0.000    0  21.917236407 -13.079502734  6 22 16.07 2009  5 22 2454973.77492164    39  filtro desconhecido   targ_cat_global_reduction_sat_gr1                  Nereida               2044  4098     1  99.999  99.999
   0.000  -0.076  732.07   53.37 1.201     76.83    315.33 24.753 24.047 99.999 19.353 18.580 99.999 99.999 99.999  0.224 99.999 99.999 99.999 99.999  99.999  99.999  99.999  99.999  0.019  0.019  0.003  0.003  0.020  0.018  231  587 -0.000 -0.000    0  21.917236862 -13.079505438  6 22 16.07 2009  5 22 2454973.77605116    39  filtro desconhecido   targ_cat_global_reduction_sat_gr1                  Nereida               2044  4098     1  99.999  99.999
   0.005  -0.042  732.07   53.37 0.822     76.83    315.33 24.753 24.047 99.999 19.611 18.864 99.999 99.999 99.999  0.224 99.999 99.999 99.999 99.999  99.999  99.999  99.999  99.999  0.014  0.014  0.004  0.003  0.022  0.020  231  560 -0.000 -0.000    0  21.917237288 -13.079494575  6 22 16.07 2009  5 22 2454973.77720811    39  filtro desconhecido   targ_cat_global_reduction_sat_gr1                  Nereida               2044  4098     1  99.999  99.999
  -0.029  -0.028  732.07   53.37 0.860     76.83    315.33 24.753 24.047 99.999 19.504 18.761 99.999 99.999 99.999  0.224 99.999 99.999 99.999 99.999  99.999  99.999  99.999  99.999  0.022  0.018  0.003  0.003  0.018  0.018  231  649 -0.000 -0.000    0  21.917237007 -13.079489200  6 22 16.07 2009  5 22 2454973.77836414    39  filtro desconhecido   targ_cat_global_reduction_sat_gr1                  Nereida               2044  4098     1  99.999  99.999
  -0.004  -0.049  732.07   53.37 0.981     76.83    315.33 24.753 24.047 99.999 19.485 18.771 99.999 99.999 99.999  0.224 99.999 99.999 99.999 99.999  99.999  99.999  99.999  99.999  0.016  0.016  0.003  0.003  0.019  0.018  231  559 -0.000 -0.000    0  21.917237850 -13.079493267  6 22 16.07 2009  5 22 2454973.77951368    39  filtro desconhecido   targ_cat_global_reduction_sat_gr1                  Nereida               2044  4098     1  99.999  99.999
  -0.038  -0.039  732.07   53.37 0.816     76.83    315.33 24.753 24.047 99.999 19.496 18.659 99.999 99.999 99.999  0.224 99.999 99.999 99.999 99.999  99.999  99.999  99.999  99.999  0.015  0.015  0.003  0.002  0.019  0.017  231  627 -0.000 -0.000    0  21.917237554 -13.079489294  6 22 16.07 2009  5 22 2454973.78067943    39  filtro desconhecido   targ_cat_global_reduction_sat_gr1                  Nereida               2044  4098     1  99.999  99.999
   0.207  -0.030   36.07   56.50 2.462     58.54    154.55 24.841 24.295 99.999 18.230 17.674 99.999 99.999 99.999  0.157 99.999 99.999 99.999 99.999  99.999  99.999  99.999  99.999  0.038  0.023  0.010  0.009  0.035  0.034  212  244  0.001 -0.000    0  21.917541460 -13.078214412  6 17 48.28 2009  5 23 2454974.76236432    39  filtro desconhecido   targ_cat_global_reduction_sat_gr1                  Nereida               2044  4098     1  99.999  99.999
   0.316  -0.021   36.07   56.50 1.166     58.54    154.55 24.841 24.295 99.999 19.255 18.519 99.999 99.999 99.999  0.157 99.999 99.999 99.999 99.999  99.999  99.999  99.999  99.999  0.022  0.022  0.010  0.008  0.036  0.029  212  265  0.001 -0.000    0  21.917543874 -13.078210803  6 17 48.28 2009  5 23 2454974.76353377    39  filtro desconhecido   targ_cat_global_reduction_sat_gr1                  Nereida               2044  4098     1  99.999  99.999
   0.232   0.050   36.07   56.50 0.873     58.54    154.55 24.841 24.295 99.999 19.535 18.649 99.999 99.999 99.999  0.157 99.999 99.999 99.999 99.999  99.999  99.999  99.999  99.999  0.026  0.056  0.011  0.010  0.034  0.030  212  265  0.001 -0.000    0  21.917542584 -13.078189626  6 17 48.28 2009  5 23 2454974.76468841    39  filtro desconhecido   targ_cat_global_reduction_sat_gr1                  Nereida               2044  4098     1  99.999  99.999
   0.346   0.062   36.07   56.50 1.074     58.54    154.55 24.841 24.295 99.999 19.856 19.234 99.999 99.999 99.999  0.157 99.999 99.999 99.999 99.999  99.999  99.999  99.999  99.999  0.004  0.004  0.013  0.010  0.037  0.029  212  242  0.001 -0.000    0  21.917545047 -13.078185362  6 17 48.28 2009  5 23 2454974.76584398    39  filtro desconhecido   targ_cat_global_reduction_sat_gr1                  Nereida               2044  4098     1  99.999  99.999
   0.304   0.032   36.07   56.50 0.872     58.54    154.55 24.841 24.295 99.999 19.517 18.760 99.999 99.999 99.999  0.157 99.999 99.999 99.999 99.999  99.999  99.999  99.999  99.999  0.019  0.019  0.010  0.009  0.031  0.030  212  257  0.001 -0.000    0  21.917544588 -13.078192198  6 17 48.28 2009  5 23 2454974.76699885    39  filtro desconhecido   targ_cat_global_reduction_sat_gr1                  Nereida               2044  4098     1  99.999  99.999
   0.522   0.107   36.07   56.50 2.071     58.54    154.55 24.841 24.295 99.999 17.895 17.288 99.999 99.999 99.999  0.157 99.999 99.999 99.999 99.999  99.999  99.999  99.999  99.999  0.085  0.061  0.012  0.009  0.035  0.027  212  263  0.001 -0.000    0  21.917549026 -13.078169875  6 17 48.28 2009  5 23 2454974.76815754    39  filtro desconhecido   targ_cat_global_reduction_sat_gr1                  Nereida               2044  4098     1  99.999  99.999
   0.256  -0.039   36.07   56.50 0.819     58.54    154.55 24.841 24.295 99.999 19.518 19.027 99.999 99.999 99.999  0.157 99.999 99.999 99.999 99.999  99.999  99.999  99.999  99.999  0.020  0.020  0.011  0.010  0.034  0.029  212  283  0.001 -0.000    0  21.917544281 -13.078209318  6 17 48.28 2009  5 23 2454974.76928034    39  filtro desconhecido   targ_cat_global_reduction_sat_gr1                  Nereida               2044  4098     1  99.999  99.999
   0.296   0.011   36.07   56.50 0.865     58.54    154.55 24.841 24.295 99.999 19.547 19.057 99.999 99.999 99.999  0.157 99.999 99.999 99.999 99.999  99.999  99.999  99.999  99.999  0.007  0.007  0.011  0.012  0.029  0.032  212  268  0.001 -0.000    0  21.917545353 -13.078194055  6 17 48.28 2009  5 23 2454974.77042884    39  filtro desconhecido   targ_cat_global_reduction_sat_gr1                  Nereida               2044  4098     1  99.999  99.999
   0.262  -0.024   36.07   56.50 0.975     58.54    154.55 24.841 24.295 99.999 19.483 18.858 99.999 99.999 99.999  0.157 99.999 99.999 99.999 99.999  99.999  99.999  99.999  99.999  0.021  0.022  0.010  0.010  0.031  0.030  212  271  0.001 -0.000    0  21.917545037 -13.078202680  6 17 48.28 2009  5 23 2454974.77158510    39  filtro desconhecido   targ_cat_global_reduction_sat_gr1                  Nereida               2044  4098     1  99.999  99.999
   0.267  -0.012   36.07   56.50 1.153     58.54    154.55 24.841 24.295 99.999 19.201 18.460 99.999 99.999 99.999  0.157 99.999 99.999 99.999 99.999  99.999  99.999  99.999  99.999  0.016  0.015  0.010  0.010  0.030  0.027  212  291  0.001 -0.000    0  21.917545438 -13.078198094  6 17 48.28 2009  5 23 2454974.77274506    39  filtro desconhecido   targ_cat_global_reduction_sat_gr1                  Nereida               2044  4098     1  99.999  99.999
   0.245  -0.070   36.07   56.50 1.047     58.54    154.55 24.841 24.295 99.999 19.464 18.801 99.999 99.999 99.999  0.157 99.999 99.999 99.999 99.999  99.999  99.999  99.999  99.999  0.014  0.014  0.006  0.005  0.034  0.029  212  254  0.001 -0.000    0  21.917545411 -13.078212546  6 17 48.28 2009  5 23 2454974.77422115    39  filtro desconhecido   targ_cat_global_reduction_sat_gr1                  Nereida               2044  4098     1  99.999  99.999
   0.262  -0.062   36.07   56.50 0.856     58.54    154.55 24.841 24.295 99.999 19.343 18.661 99.999 99.999 99.999  0.157 99.999 99.999 99.999 99.999  99.999  99.999  99.999  99.999  0.012  0.012  0.005  0.004  0.027  0.023  212  276  0.001 -0.000    0  21.917546064 -13.078209218  6 17 48.28 2009  5 23 2454974.77538273    39  filtro desconhecido   targ_cat_global_reduction_sat_gr1                  Nereida               2044  4098     1  99.999  99.999
   0.351  -0.051   36.07   56.50 1.086     58.54    154.55 24.841 24.295 99.999 19.430 18.612 99.999 99.999 99.999  0.157 99.999 99.999 99.999 99.999  99.999  99.999  99.999  99.999  0.029  0.029  0.006  0.003  0.040  0.023  212  311  0.001 -0.000    0  21.917548067 -13.078204818  6 17 48.28 2009  5 23 2454974.77653853    39  filtro desconhecido   targ_cat_global_reduction_sat_gr1                  Nereida               2044  4098     1  99.999  99.999
   0.291  -0.084   36.07   56.50 0.905     58.54    154.55 24.841 24.295 99.999 19.436 18.689 99.999 99.999 99.999  0.157 99.999 99.999 99.999 99.999  99.999  99.999  99.999  99.999  0.000  0.000  0.006  0.005  0.033  0.027  212  303  0.001 -0.000    0  21.917547225 -13.078212368  6 17 48.28 2009  5 23 2454974.77769641    39  filtro desconhecido   targ_cat_global_reduction_sat_gr1                  Nereida               2044  4098     1  99.999  99.999
   0.291  -0.062   36.07   56.50 0.879     58.54    154.55 24.841 24.295 99.999 19.369 18.622 99.999 99.999 99.999  0.157 99.999 99.999 99.999 99.999  99.999  99.999  99.999  99.999  0.011  0.010  0.004  0.004  0.028  0.027  212  300  0.001 -0.000    0  21.917547527 -13.078205322  6 17 48.28 2009  5 23 2454974.77884966    39  filtro desconhecido   targ_cat_global_reduction_sat_gr1                  Nereida               2044  4098     1  99.999  99.999
   0.305  -0.029   36.07   56.50 1.026     58.54    154.55 24.841 24.295 99.999 19.338 18.666 99.999 99.999 99.999  0.157 99.999 99.999 99.999 99.999  99.999  99.999  99.999  99.999  0.014  0.014  0.005  0.004  0.031  0.027  212  298  0.001 -0.000    0  21.917548131 -13.078194641  6 17 48.28 2009  5 23 2454974.78000997    39  filtro desconhecido   targ_cat_global_reduction_sat_gr1                  Nereida               2044  4098     1  99.999  99.999
   0.270  -0.052   36.07   56.50 0.898     58.54    154.55 24.841 24.295 99.999 19.408 18.666 99.999 99.999 99.999  0.157 99.999 99.999 99.999 99.999  99.999  99.999  99.999  99.999  0.009  0.009  0.006  0.005  0.033  0.027  212  285  0.001 -0.000    0  21.917547767 -13.078199611  6 17 48.28 2009  5 23 2454974.78116854    39  filtro desconhecido   targ_cat_global_reduction_sat_gr1                  Nereida               2044  4098     1  99.999  99.999
   0.274  -0.040   36.07   56.50 0.947     58.54    154.55 24.841 24.295 99.999 19.311 18.584 99.999 99.999 99.999  0.157 99.999 99.999 99.999 99.999  99.999  99.999  99.999  99.999  0.017  0.017  0.006  0.005  0.038  0.029  212  331  0.001 -0.000    0  21.917548153 -13.078195412  6 17 48.28 2009  5 23 2454974.78232723    39  filtro desconhecido   targ_cat_global_reduction_sat_gr1                  Nereida               2044  4098     1  99.999  99.999
   0.272  -0.046   36.07   56.50 0.858     58.54    154.55 24.841 24.295 99.999 19.432 18.696 99.999 99.999 99.999  0.157 99.999 99.999 99.999 99.999  99.999  99.999  99.999  99.999  0.010  0.010  0.005  0.004  0.031  0.027  212  319  0.001 -0.000    0  21.917548415 -13.078195467  6 17 48.28 2009  5 23 2454974.78348279    39  filtro desconhecido   targ_cat_global_reduction_sat_gr1                  Nereida               2044  4098     1  99.999  99.999
   0.285  -0.047   36.07   56.50 0.789     58.54    154.55 24.841 24.295 99.999 19.353 18.556 99.999 99.999 99.999  0.157 99.999 99.999 99.999 99.999  99.999  99.999  99.999  99.999  0.011  0.012  0.005  0.004  0.030  0.026  212  298  0.001 -0.000    0  21.917548965 -13.078194629  6 17 48.28 2009  5 23 2454974.78463778    39  filtro desconhecido   targ_cat_global_reduction_sat_gr1                  Nereida               2044  4098     1  99.999  99.999
   0.079  -0.080 1036.83    9.20 4.094   2075.08    520.53 23.708 23.240 99.999 18.009 17.389 99.999 99.999 99.999  0.199 99.999  0.030  0.050  0.060  99.999  99.999   0.005   0.003  0.010  0.010  0.006  0.007  0.033  0.036  257  185 -0.000  0.000    0  21.917807971 -13.077125918  6 21 35.51 2009  5 24 2454975.76499427    39  filtro desconhecido   targ_cat_global_reduction_sat_gr1                  Nereida               2044  4098     1  99.999  99.999
   0.842  -0.041 1036.83    9.20 4.717   2075.08    520.53 23.708 23.240 99.999 17.126 16.557 99.999 99.999 99.999  0.199 99.999  0.030  0.050  0.060  99.999  99.999   0.005   0.003  0.004  0.004  0.004  0.004  0.015  0.018  257  280 -0.000  0.000    0  21.917824530 -13.077106854  6 21 35.51 2009  5 24 2454975.77379811    39  filtro desconhecido   targ_cat_global_reduction_sat_gr1                  Nereida               2044  4098     1  99.999  99.999
   0.079  -0.151 1036.83    9.20 1.372   2075.08    520.53 23.708 23.240 99.999 19.397 18.780 99.999 99.999 99.999  0.199 99.999  0.030  0.050  0.060  99.999  99.999   0.005   0.003  0.000  0.000  0.012  0.009  0.041  0.031  257  161 -0.000 -0.000    0  21.917810343 -13.077136434  6 21 35.51 2009  5 24 2454975.77505867    39  filtro desconhecido   targ_cat_global_reduction_sat_gr1                  Nereida               2044  4098     1  99.999  99.999
   0.140  -0.027 1036.83    9.20 1.405   2075.08    520.53 23.708 23.240 99.999 18.860 18.107 99.999 99.999 99.999  0.199 99.999  0.030  0.050  0.060  99.999  99.999   0.005   0.003  0.016  0.017  0.006  0.005  0.034  0.031  257  169 -0.001 -0.002    0  21.917812600 -13.077097580  6 21 35.51 2009  5 24 2454975.77989715    39  filtro desconhecido   targ_cat_global_reduction_sat_gr1                  Nereida               2044  4098     1  99.999  99.999
   0.099  -0.033 1036.83    9.20 0.926   2075.08    520.53 23.708 23.240 99.999 19.509 18.837 99.999 99.999 99.999  0.199 99.999  0.030  0.050  0.060  99.999  99.999   0.005   0.003  0.035  0.035  0.005  0.006  0.031  0.034  257  165 -0.000  0.000    0  21.917813389 -13.077092996  6 21 35.51 2009  5 24 2454975.78656210    39  filtro desconhecido   targ_cat_global_reduction_sat_gr1                  Nereida               2044  4098     1  99.999  99.999
   0.120   0.035 1036.83    9.20 1.906   2075.08    520.53 23.708 23.240 99.999 18.687 18.194 99.999 99.999 99.999  0.199 99.999  0.030  0.050  0.060  99.999  99.999   0.005   0.003  0.000  0.000  0.003  0.003  0.018  0.021  257  338 -0.000  0.000    0  21.917817087 -13.077060989  6 21 35.51 2009  5 24 2454975.80092359    39  filtro desconhecido   targ_cat_global_reduction_sat_gr1                  Nereida               2044  4098     1  99.999  99.999
   0.076  -0.033 1036.83    9.20 1.322   2075.08    520.53 23.708 23.240 99.999 19.353 18.663 99.999 99.999 99.999  0.199 99.999  0.030  0.050  0.060  99.999  99.999   0.005   0.003  0.017  0.017  0.006  0.006  0.029  0.027  257  271 -0.000 -0.000    0  21.917817005 -13.077076974  6 21 35.51 2009  5 24 2454975.80417822    39  filtro desconhecido   targ_cat_global_reduction_sat_gr1                  Nereida               2044  4098     1  99.999  99.999
   0.106  -0.031 1036.83    9.20 0.991   2075.08    520.53 23.708 23.240 99.999 19.353 18.586 99.999 99.999 99.999  0.199 99.999  0.030  0.050  0.060  99.999  99.999   0.005   0.003  0.013  0.013  0.005  0.005  0.029  0.028  257  303 -0.000  0.000    0  21.917817817 -13.077075162  6 21 35.51 2009  5 24 2454975.80530786    39  filtro desconhecido   targ_cat_global_reduction_sat_gr1                  Nereida               2044  4098     1  99.999  99.999
   0.115  -0.085 1036.83    9.20 1.197   2075.08    520.53 23.708 23.240 99.999 19.042 18.324 99.999 99.999 99.999  0.199 99.999  0.030  0.050  0.060  99.999  99.999   0.005   0.003  0.019  0.019  0.006  0.005  0.031  0.024  257  197 -0.000  0.000    0  21.917818242 -13.077089321  6 21 35.51 2009  5 24 2454975.80645544    39  filtro desconhecido   targ_cat_global_reduction_sat_gr1                  Nereida               2044  4098     1  99.999  99.999
   0.116  -0.064 1036.83    9.20 0.755   2075.08    520.53 23.708 23.240 99.999 19.330 18.628 99.999 99.999 99.999  0.199 99.999  0.030  0.050  0.060  99.999  99.999   0.005   0.003  0.022  0.023  0.006  0.006  0.030  0.026  257  207 -0.000  0.000    0  21.917818538 -13.077082592  6 21 35.51 2009  5 24 2454975.80757639    39  filtro desconhecido   targ_cat_global_reduction_sat_gr1                  Nereida               2044  4098     1  99.999  99.999
   0.126  -0.079 1036.83    9.20 3.551   2075.08    520.53 23.708 23.240 99.999 17.657 16.951 99.999 99.999 99.999  0.199 99.999  0.030  0.050  0.060  99.999  99.999   0.005   0.003  0.024  0.025  0.008  0.007  0.037  0.036  257  204 -0.000  0.000    0  21.917818988 -13.077085440  6 21 35.51 2009  5 24 2454975.80872188    39  filtro desconhecido   targ_cat_global_reduction_sat_gr1                  Nereida               2044  4098     1  99.999  99.999
   0.056  -0.086 1036.83    9.20 1.621   2075.08    520.53 23.708 23.240 99.999 18.871 18.231 99.999 99.999 99.999  0.199 99.999  0.030  0.050  0.060  99.999  99.999   0.005   0.003  0.001  0.001  0.005  0.006  0.026  0.027  257  243 -0.000  0.000    0  21.917817893 -13.077086306  6 21 35.51 2009  5 24 2454975.80984458    39  filtro desconhecido   targ_cat_global_reduction_sat_gr1                  Nereida               2044  4098     1  99.999  99.999
   0.070  -0.042 1036.83    9.20 1.171   2075.08    520.53 23.708 23.240 99.999 19.045 18.334 99.999 99.999 99.999  0.199 99.999  0.030  0.050  0.060  99.999  99.999   0.005   0.003  0.002  0.002  0.006  0.005  0.032  0.028  257  197 -0.000  0.000    0  21.917818419 -13.077073033  6 21 35.51 2009  5 24 2454975.81099228    39  filtro desconhecido   targ_cat_global_reduction_sat_gr1                  Nereida               2044  4098     1  99.999  99.999
   0.150   0.057 1036.83    9.20 0.774   2075.08    520.53 23.708 23.240 99.999 19.580 18.924 99.999 99.999 99.999  0.199 99.999  0.030  0.050  0.060  99.999  99.999   0.005   0.003  0.049  0.055  0.007  0.006  0.032  0.029  257  184 -0.000  0.000    0  21.917820209 -13.077044682  6 21 35.51 2009  5 24 2454975.81214969    39  filtro desconhecido   targ_cat_global_reduction_sat_gr1                  Nereida               2044  4098     1  99.999  99.999
   0.088  -0.071 1036.83    9.20 1.102   2075.08    520.53 23.708 23.240 99.999 19.253 18.386 99.999 99.999 99.999  0.199 99.999  0.030  0.050  0.060  99.999  99.999   0.005   0.003  0.019  0.019  0.007  0.007  0.034  0.031  257  219 -0.000  0.000    0  21.917819283 -13.077079241  6 21 35.51 2009  5 24 2454975.81330803    39  filtro desconhecido   targ_cat_global_reduction_sat_gr1                  Nereida               2044  4098     1  99.999  99.999
   0.023  -0.021 1160.86   31.65 1.376     44.14    275.89 24.366 23.613 99.999 19.022 18.362 99.999 99.999 99.999  0.150 99.999 99.999 99.999 99.999  99.999  99.999  99.999  99.999  0.000  0.000  0.005  0.005  0.023  0.024  168  201 -0.000 -0.000    0  21.917825791 -13.077033146  8 20 58.09 2009  5 24 2454975.84789451    39  filtro desconhecido   targ_cat_global_reduction_sat_gr1                  Nereida               2044  4098     1  99.999  99.999
  -0.015   0.017 1160.86   31.65 1.573     44.14    275.89 24.366 23.613 99.999 19.138 18.655 99.999 99.999 99.999  0.150 99.999 99.999 99.999 99.999  99.999  99.999  99.999  99.999  0.017  0.017  0.005  0.005  0.025  0.028  168  183 -0.000 -0.000    0  21.917825380 -13.077021356  8 20 58.09 2009  5 24 2454975.84930392    39  filtro desconhecido   targ_cat_global_reduction_sat_gr1                  Nereida               2044  4098     1  99.999  99.999
   0.082  -0.028 1160.86   31.65 2.380     44.14    275.89 24.366 23.613 99.999 18.030 17.573 99.999 99.999 99.999  0.150 99.999 99.999 99.999 99.999  99.999  99.999  99.999  99.999  0.030  0.025  0.005  0.004  0.016  0.016  168  295 -0.000 -0.000    0  21.917829110 -13.077025824  8 20 58.09 2009  5 24 2454975.85788484    39  filtro desconhecido   targ_cat_global_reduction_sat_gr1                  Nereida               2044  4098     1  99.999  99.999
   0.033  -0.058 1160.86   31.65 1.227     44.14    275.89 24.366 23.613 99.999 19.379 18.842 99.999 99.999 99.999  0.150 99.999 99.999 99.999 99.999  99.999  99.999  99.999  99.999  0.006  0.005  0.004  0.005  0.022  0.025  168  176 -0.000 -0.000    0  21.917828479 -13.077032786  8 20 58.09 2009  5 24 2454975.85925360    39  filtro desconhecido   targ_cat_global_reduction_sat_gr1                  Nereida               2044  4098     1  99.999  99.999
