   0.316  -0.021   36.07   56.50 1.166     58.54    154.55 24.841 24.295 99.999 19.255 18.519 99.999 99.999 99.999  0.157 99.999 99.999 99.999 99.999  99.999  99.999  99.999  99.999  0.022  0.022  0.010  0.008  0.036  0.029  212  265  0.001 -0.000    0  21.917543874 -13.078210803  6 17 48.28 2009  5 23 2454974.76353377    39  filtro desconhecido   targ_cat_global_reduction_sat_gr1                  Nereida               2044  4098
   0.256  -0.039   36.07   56.50 0.819     58.54    154.55 24.841 24.295 99.999 19.518 19.027 99.999 99.999 99.999  0.157 99.999 99.999 99.999 99.999  99.999  99.999  99.999  99.999  0.020  0.020  0.011  0.010  0.034  0.029  212  283  0.001 -0.000    0  21.917544281 -13.078209318  6 17 48.28 2009  5 23 2454974.76928034    39  filtro desconhecido   targ_cat_global_reduction_sat_gr1                  Nereida               2044  4098
   0.262  -0.024   36.07   56.50 0.975     58.54    154.55 24.841 24.295 99.999 19.483 18.858 99.999 99.999 99.999  0.157 99.999 99.999 99.999 99.999  99.999  99.999  99.999  99.999  0.021  0.022  0.010  0.010  0.031  0.030  212  271  0.001 -0.000    0  21.917545037 -13.078202680  6 17 48.28 2009  5 23 2454974.77158510    39  filtro desconhecido   targ_cat_global_reduction_sat_gr1                  Nereida               2044  4098
   0.267  -0.012   36.07   56.50 1.153     58.54    154.55 24.841 24.295 99.999 19.201 18.460 99.999 99.999 99.999  0.157 99.999 99.999 99.999 99.999  99.999  99.999  99.999  99.999  0.016  0.015  0.010  0.010  0.030  0.027  212  291  0.001 -0.000    0  21.917545438 -13.078198094  6 17 48.28 2009  5 23 2454974.77274506    39  filtro desconhecido   targ_cat_global_reduction_sat_gr1                  Nereida               2044  4098
   0.245  -0.070   36.07   56.50 1.047     58.54    154.55 24.841 24.295 99.999 19.464 18.801 99.999 99.999 99.999  0.157 99.999 99.999 99.999 99.999  99.999  99.999  99.999  99.999  0.014  0.014  0.006  0.005  0.034  0.029  212  254  0.001 -0.000    0  21.917545411 -13.078212546  6 17 48.28 2009  5 23 2454974.77422115    39  filtro desconhecido   targ_cat_global_reduction_sat_gr1                  Nereida               2044  4098
   0.262  -0.062   36.07   56.50 0.856     58.54    154.55 24.841 24.295 99.999 19.343 18.661 99.999 99.999 99.999  0.157 99.999 99.999 99.999 99.999  99.999  99.999  99.999  99.999  0.012  0.012  0.005  0.004  0.027  0.023  212  276  0.001 -0.000    0  21.917546064 -13.078209218  6 17 48.28 2009  5 23 2454974.77538273    39  filtro desconhecido   targ_cat_global_reduction_sat_gr1                  Nereida               2044  4098
   0.291  -0.084   36.07   56.50 0.905     58.54    154.55 24.841 24.295 99.999 19.436 18.689 99.999 99.999 99.999  0.157 99.999 99.999 99.999 99.999  99.999  99.999  99.999  99.999  0.000  0.000  0.006  0.005  0.033  0.027  212  303  0.001 -0.000    0  21.917547225 -13.078212368  6 17 48.28 2009  5 23 2454974.77769641    39  filtro desconhecido   targ_cat_global_reduction_sat_gr1                  Nereida               2044  4098
   0.291  -0.062   36.07   56.50 0.879     58.54    154.55 24.841 24.295 99.999 19.369 18.622 99.999 99.999 99.999  0.157 99.999 99.999 99.999 99.999  99.999  99.999  99.999  99.999  0.011  0.010  0.004  0.004  0.028  0.027  212  300  0.001 -0.000    0  21.917547527 -13.078205322  6 17 48.28 2009  5 23 2454974.77884966    39  filtro desconhecido   targ_cat_global_reduction_sat_gr1                  Nereida               2044  4098
   0.305  -0.029   36.07   56.50 1.026     58.54    154.55 24.841 24.295 99.999 19.338 18.666 99.999 99.999 99.999  0.157 99.999 99.999 99.999 99.999  99.999  99.999  99.999  99.999  0.014  0.014  0.005  0.004  0.031  0.027  212  298  0.001 -0.000    0  21.917548131 -13.078194641  6 17 48.28 2009  5 23 2454974.78000997    39  filtro desconhecido   targ_cat_global_reduction_sat_gr1                  Nereida               2044  4098
   0.270  -0.052   36.07   56.50 0.898     58.54    154.55 24.841 24.295 99.999 19.408 18.666 99.999 99.999 99.999  0.157 99.999 99.999 99.999 99.999  99.999  99.999  99.999  99.999  0.009  0.009  0.006  0.005  0.033  0.027  212  285  0.001 -0.000    0  21.917547767 -13.078199611  6 17 48.28 2009  5 23 2454974.78116854    39  filtro desconhecido   targ_cat_global_reduction_sat_gr1                  Nereida               2044  4098
   0.274  -0.040   36.07   56.50 0.947     58.54    154.55 24.841 24.295 99.999 19.311 18.584 99.999 99.999 99.999  0.157 99.999 99.999 99.999 99.999  99.999  99.999  99.999  99.999  0.017  0.017  0.006  0.005  0.038  0.029  212  331  0.001 -0.000    0  21.917548153 -13.078195412  6 17 48.28 2009  5 23 2454974.78232723    39  filtro desconhecido   targ_cat_global_reduction_sat_gr1                  Nereida               2044  4098
   0.272  -0.046   36.07   56.50 0.858     58.54    154.55 24.841 24.295 99.999 19.432 18.696 99.999 99.999 99.999  0.157 99.999 99.999 99.999 99.999  99.999  99.999  99.999  99.999  0.010  0.010  0.005  0.004  0.031  0.027  212  319  0.001 -0.000    0  21.917548415 -13.078195467  6 17 48.28 2009  5 23 2454974.78348279    39  filtro desconhecido   targ_cat_global_reduction_sat_gr1                  Nereida               2044  4098
   0.285  -0.047   36.07   56.50 0.789     58.54    154.55 24.841 24.295 99.999 19.353 18.556 99.999 99.999 99.999  0.157 99.999 99.999 99.999 99.999  99.999  99.999  99.999  99.999  0.011  0.012  0.005  0.004  0.030  0.026  212  298  0.001 -0.000    0  21.917548965 -13.078194629  6 17 48.28 2009  5 23 2454974.78463778    39  filtro desconhecido   targ_cat_global_reduction_sat_gr1                  Nereida               2044  4098
