   0.059  -0.065 1970.21  113.67 1.647    761.97    412.48 99.999 99.999 99.999 19.524 18.973 99.999 99.999 99.999  0.136 99.999  0.040  0.080  0.100  99.999  99.999  99.999  99.999  0.065  0.065  0.016  0.014  0.035  0.029   98  123 -0.001 -0.000    0  21.916571681 -13.082434269  9 59 50.99 2009  5 20 2454971.91773082    39  filtro desconhecido   targ_cat_global_reduction_sat_gr1                  Nereida               2044  4098
   0.022   0.052 1970.21  113.67 0.730    761.97    412.48 99.999 99.999 99.999 19.523 18.970 99.999 99.999 99.999  0.136 99.999  0.040  0.080  0.100  99.999  99.999  99.999  99.999  0.043  0.043  0.014  0.013  0.032  0.028   98  124 -0.001 -0.000    0  21.916571398 -13.082399611  9 59 50.99 2009  5 20 2454971.91888314    39  filtro desconhecido   targ_cat_global_reduction_sat_gr1                  Nereida               2044  4098
   0.112  -0.055 1970.21  113.67 1.012    761.97    412.48 99.999 99.999 99.999 19.411 18.797 99.999 99.999 99.999  0.136 99.999  0.040  0.080  0.100  99.999  99.999  99.999  99.999  0.038  0.038  0.012  0.012  0.030  0.029   98  159 -0.001 -0.000    0  21.916573515 -13.082427595  9 59 50.99 2009  5 20 2454971.92004507    39  filtro desconhecido   targ_cat_global_reduction_sat_gr1                  Nereida               2044  4098
   0.041   0.021 1970.21  113.67 1.258    761.97    412.48 99.999 99.999 99.999 19.432 18.835 99.999 99.999 99.999  0.136 99.999  0.040  0.080  0.100  99.999  99.999  99.999  99.999  0.032  0.032  0.015  0.015  0.037  0.036   98  186 -0.001 -0.000    0  21.916573421 -13.082400178  9 59 50.99 2009  5 20 2454971.92347137    39  filtro desconhecido   targ_cat_global_reduction_sat_gr1                  Nereida               2044  4098
   0.043   0.006 1970.21  113.67 1.140    761.97    412.48 99.999 99.999 99.999 19.461 18.796 99.999 99.999 99.999  0.136 99.999  0.040  0.080  0.100  99.999  99.999  99.999  99.999  0.028  0.027  0.015  0.015  0.037  0.038   98  197 -0.001 -0.000    0  21.916574297 -13.082400452  9 59 50.99 2009  5 20 2454971.92578064    39  filtro desconhecido   targ_cat_global_reduction_sat_gr1                  Nereida               2044  4098
   0.070  -0.005 1970.21  113.67 1.137    761.97    412.48 99.999 99.999 99.999 19.422 18.746 99.999 99.999 99.999  0.136 99.999  0.040  0.080  0.100  99.999  99.999  99.999  99.999  0.023  0.023  0.015  0.015  0.037  0.037   98  221 -0.001 -0.000    0  21.916575212 -13.082401451  9 59 50.99 2009  5 20 2454971.92694095    39  filtro desconhecido   targ_cat_global_reduction_sat_gr1                  Nereida               2044  4098
   0.021  -0.039 1970.21  113.67 1.012    761.97    412.48 99.999 99.999 99.999 19.419 18.723 99.999 99.999 99.999  0.136 99.999  0.040  0.080  0.100  99.999  99.999  99.999  99.999  0.009  0.009  0.006  0.005  0.037  0.034   98  288 -0.001 -0.000    0  21.916575265 -13.082406153  9 59 50.99 2009  5 20 2454971.92966440    39  filtro desconhecido   targ_cat_global_reduction_sat_gr1                  Nereida               2044  4098
   0.100  -0.035 1970.21  113.67 0.982    761.97    412.48 99.999 99.999 99.999 19.466 18.797 99.999 99.999 99.999  0.136 99.999  0.040  0.080  0.100  99.999  99.999  99.999  99.999  0.015  0.015  0.006  0.006  0.036  0.037   98  243 -0.000 -0.000    0  21.916577181 -13.082402990  9 59 50.99 2009  5 20 2454971.93081788    39  filtro desconhecido   targ_cat_global_reduction_sat_gr1                  Nereida               2044  4098
   0.124  -0.070 1970.21  113.67 1.191    761.97    412.48 99.999 99.999 99.999 19.545 18.875 99.999 99.999 99.999  0.136 99.999  0.040  0.080  0.100  99.999  99.999  99.999  99.999  0.024  0.024  0.007  0.006  0.040  0.037   98  235 -0.001 -0.000    0  21.916578046 -13.082410962  9 59 50.99 2009  5 20 2454971.93196581    39  filtro desconhecido   targ_cat_global_reduction_sat_gr1                  Nereida               2044  4098
   0.144   0.013 1970.21  113.67 0.999    761.97    412.48 99.999 99.999 99.999 19.295 18.659 99.999 99.999 99.999  0.136 99.999  0.040  0.080  0.100  99.999  99.999  99.999  99.999  0.005  0.005  0.009  0.008  0.042  0.037   98  132 -0.001 -0.000    0  21.916579272 -13.082383823  9 59 50.99 2009  5 20 2454971.93427231    39  filtro desconhecido   targ_cat_global_reduction_sat_gr1                  Nereida               2044  4098
