   0.050  -0.097  475.18    8.67 1.665     25.92    119.54 99.999 99.999 99.999 20.278 19.783 99.999 99.999 99.999  0.133 99.999 99.999 99.999 99.999  99.999  99.999  99.999  99.999  0.008  0.008  0.005  0.006  0.031  0.032  472  440 -0.000  0.000    0  23.200706290  -6.103937676  3 56 46.09 2007  9  8 2454351.66442231    79  filtro desconhecido   targ_cat_global_reduction_sat_gr1                  Sycorax               2044  4098
   0.062  -0.072  475.18    8.67 1.356     25.92    119.54 99.999 99.999 99.999 20.364 19.864 99.999 99.999 99.999  0.133 99.999 99.999 99.999 99.999  99.999  99.999  99.999  99.999  0.008  0.008  0.005  0.006  0.028  0.032  472  514 -0.000  0.000    0  23.200700986  -6.103963761  3 56 46.09 2007  9  8 2454351.66656219    79  filtro desconhecido   targ_cat_global_reduction_sat_gr1                  Sycorax               2044  4098
  -0.056   0.021  201.70   10.65 2.025     20.99    127.04 99.999 99.999 99.999 20.565 19.927 99.999 99.999 99.999  0.121 99.999 99.999 99.999 99.999  99.999  99.999  99.999  99.999  0.014  0.014  0.006  0.006  0.034  0.033  365  349 -0.000  0.000    0  23.197735400  -6.121864850  7 51  0.88 2007  9  9 2454352.82709348    79  filtro desconhecido   targ_cat_global_reduction_sat_gr1                  Sycorax               2044  4098
  -0.008   0.008  201.70   10.65 1.443     20.99    127.04 99.999 99.999 99.999 20.604 19.993 99.999 99.999 99.999  0.121 99.999 99.999 99.999 99.999  99.999  99.999  99.999  99.999  0.013  0.013  0.006  0.006  0.032  0.032  365  365 -0.000  0.000    0  23.197731107  -6.121899147  7 51  0.88 2007  9  9 2454352.82910765    79  filtro desconhecido   targ_cat_global_reduction_sat_gr1                  Sycorax               2044  4098
   0.053  -0.081  436.88    9.37 0.476     41.98    162.91 24.763 24.052 99.999 21.265 20.704 99.999 99.999 99.999  0.156 99.999 99.999 99.999 99.999  99.999  99.999  99.999  99.999  0.010  0.010  0.006  0.006  0.032  0.035  296  290 -0.000 -0.000    0  23.125926407  -6.545783797  4 20  6.06 2007 10  9 2454382.69246494    99  filtro desconhecido   targ_cat_global_reduction_sat_gr1                  Sycorax               2044  4098
   0.074  -0.010  436.88    9.37 2.535     41.98    162.91 24.763 24.052 99.999 20.414 19.885 99.999 99.999 99.999  0.156 99.999 99.999 99.999 99.999  99.999  99.999  99.999  99.999  0.036  0.034  0.005  0.006  0.031  0.035  296  293 -0.000 -0.000    0  23.125921884  -6.545791386  4 20  6.06 2007 10  9 2454382.69474309    99  filtro desconhecido   targ_cat_global_reduction_sat_gr1                  Sycorax               2044  4098
   0.060  -0.113  436.88    9.37 2.902     41.98    162.91 24.763 24.052 99.999 18.947 18.284 99.999 99.999 99.999  0.156 99.999 99.999 99.999 99.999  99.999  99.999  99.999  99.999  0.057  0.048  0.006  0.007  0.030  0.040  296  291 -0.000 -0.000    0  23.125916754  -6.545847154  4 20  6.06 2007 10  9 2454382.69700759    99  filtro desconhecido   targ_cat_global_reduction_sat_gr1                  Sycorax               2044  4098
   0.079  -0.053  436.88    9.37 1.821     41.98    162.91 24.763 24.052 99.999 20.660 20.137 99.999 99.999 99.999  0.156 99.999 99.999 99.999 99.999  99.999  99.999  99.999  99.999  0.019  0.019  0.005  0.005  0.031  0.034  296  388 -0.000 -0.000    0  23.125912138  -6.545857975  4 20  6.06 2007 10  9 2454382.69930994    99  filtro desconhecido   targ_cat_global_reduction_sat_gr1                  Sycorax               2044  4098
   0.052  -0.161  436.88    9.37 3.756     41.98    162.91 24.763 24.052 99.999 19.604 19.070 99.999 99.999 99.999  0.156 99.999 99.999 99.999 99.999  99.999  99.999  99.999  99.999  0.075  0.067  0.005  0.007  0.032  0.038  296  307 -0.000 -0.000    0  23.125906910  -6.545914486  4 20  6.06 2007 10  9 2454382.70150832    99  filtro desconhecido   targ_cat_global_reduction_sat_gr1                  Sycorax               2044  4098
   0.015  -0.071 1388.46   17.10 0.939    106.52    161.65 26.084 25.527 99.999 20.619 20.076 99.999 99.999 99.999  0.452 99.999 99.999 99.999 99.999  99.999  99.999  99.999  99.999  0.021  0.021  0.004  0.005  0.024  0.026  363  414  0.000 -0.000    0  23.123914859  -6.557235007  3 37 52.50 2007 10 10 2454383.65130210    99  filtro desconhecido   targ_cat_global_reduction_sat_gr1                  Sycorax               2044  4098
   0.007  -0.044 1388.46   17.10 0.759    106.52    161.65 26.084 25.527 99.999 20.578 20.006 99.999 99.999 99.999  0.452 99.999 99.999 99.999 99.999  99.999  99.999  99.999  99.999  0.008  0.008  0.004  0.004  0.024  0.024  363  435  0.000 -0.000    0  23.123909858  -6.557254343  3 37 52.50 2007 10 10 2454383.65358443    99  filtro desconhecido   targ_cat_global_reduction_sat_gr1                  Sycorax               2044  4098
   0.049  -0.062 1388.46   17.10 0.993    106.52    161.65 26.084 25.527 99.999 20.546 20.145 99.999 99.999 99.999  0.452 99.999 99.999 99.999 99.999  99.999  99.999  99.999  99.999  0.016  0.016  0.003  0.004  0.026  0.029  363  466  0.000 -0.000    0  23.123865163  -6.557511836  3 37 52.50 2007 10 10 2454383.67494812    99  filtro desconhecido   targ_cat_global_reduction_sat_gr1                  Sycorax               2044  4098
   0.051  -0.098 1388.46   17.10 0.977    106.52    161.65 26.084 25.527 99.999 20.331 20.016 99.999 99.999 99.999  0.452 99.999 99.999 99.999 99.999  99.999  99.999  99.999  99.999  0.011  0.011  0.003  0.004  0.025  0.029  363  472  0.000 -0.000    0  23.123860370  -6.557548789  3 37 52.50 2007 10 10 2454383.67722523    99  filtro desconhecido   targ_cat_global_reduction_sat_gr1                  Sycorax               2044  4098
  -0.228   0.164  790.29  111.71 1.266    147.98    172.85 24.519 23.850 99.999 21.180 20.336 99.999 99.999 99.999  0.160 99.999 99.999 99.999 99.999  99.999  99.999  99.999  99.999  0.011  0.011  0.007  0.007  0.028  0.026  229  278 -0.000  0.000    0  23.121604809  -6.570218088  6 20 34.58 2007 10 11 2454384.76428913    99  filtro desconhecido   targ_cat_global_reduction_sat_gr1                  Sycorax               2044  4098
  -0.087   0.120  790.29  111.71 4.368    147.98    172.85 24.519 23.850 99.999 19.057 18.269 99.999 99.999 99.999  0.160 99.999 99.999 99.999 99.999  99.999  99.999  99.999  99.999  0.002  0.002  0.007  0.006  0.032  0.028  229  259 -0.000  0.000    0  23.121588319  -6.570336648  6 20 34.58 2007 10 11 2454384.77349947    99  filtro desconhecido   targ_cat_global_reduction_sat_gr1                  Sycorax               2044  4098
  -0.264   0.183  790.29  111.71 0.645    147.98    172.85 24.519 23.850 99.999 20.850 20.367 99.999 99.999 99.999  0.160 99.999 99.999 99.999 99.999  99.999  99.999  99.999  99.999  0.000  0.000  0.005  0.005  0.033  0.032  229  219 -0.000  0.000    0  23.121569809  -6.570404012  6 20 34.58 2007 10 11 2454384.78084663    99  filtro desconhecido   targ_cat_global_reduction_sat_gr1                  Sycorax               2044  4098
  -0.216  -0.031 1300.71   44.16 1.686     56.46     99.29 23.875 23.193 99.999 21.176 20.296 99.999 99.999 99.999  0.129 99.999 99.999 99.999 99.999  99.999  99.999  99.999  99.999  0.010  0.010  0.006  0.007  0.026  0.029  237  325 -0.000  0.000    0  23.119741644  -6.580826808  4 13 50.21 2007 10 12 2454385.68083510    99  filtro desconhecido   targ_cat_global_reduction_sat_gr1                  Sycorax               2044  4098
  -0.153  -0.037 1300.71   44.16 1.516     56.46     99.29 23.875 23.193 99.999 20.724 19.971 99.999 99.999 99.999  0.129 99.999 99.999 99.999 99.999  99.999  99.999  99.999  99.999  0.008  0.008  0.007  0.007  0.031  0.031  237  312 -0.000  0.000    0  23.119738073  -6.580854715  4 13 50.21 2007 10 12 2454385.68313099    99  filtro desconhecido   targ_cat_global_reduction_sat_gr1                  Sycorax               2044  4098
   0.067  -0.205 1300.71   44.16 1.925     56.46     99.29 23.875 23.193 99.999 20.532 19.738 99.999 99.999 99.999  0.129 99.999 99.999 99.999 99.999  99.999  99.999  99.999  99.999  0.063  0.063  0.007  0.006  0.029  0.027  237  309 -0.000  0.000    0  23.119737605  -6.580926675  4 13 50.21 2007 10 12 2454385.68534755    99  filtro desconhecido   targ_cat_global_reduction_sat_gr1                  Sycorax               2044  4098
  -0.082  -0.038 1300.71   44.16 2.012     56.46     99.29 23.875 23.193 99.999 20.560 19.904 99.999 99.999 99.999  0.129 99.999 99.999 99.999 99.999  99.999  99.999  99.999  99.999  0.025  0.024  0.005  0.005  0.030  0.027  237  277 -0.000  0.000    0  23.119724191  -6.580938909  4 13 50.21 2007 10 12 2454385.69050200    99  filtro desconhecido   targ_cat_global_reduction_sat_gr1                  Sycorax               2044  4098
  -0.053  -0.125 1300.71   44.16 5.666     56.46     99.29 23.875 23.193 99.999 18.855 18.184 99.999 99.999 99.999  0.129 99.999 99.999 99.999 99.999  99.999  99.999  99.999  99.999  0.084  0.099  0.005  0.005  0.030  0.029  237  278 -0.000  0.000    0  23.119715397  -6.581014652  4 13 50.21 2007 10 12 2454385.69504049    99  filtro desconhecido   targ_cat_global_reduction_sat_gr1                  Sycorax               2044  4098
   0.075  -0.094  244.12   16.04 1.074     35.38    193.76 26.059 25.355 99.999 20.503 19.754 99.999 99.999 99.999  0.673 99.999 99.999 99.999 99.999  99.999  99.999  99.999  99.999  0.011  0.011  0.005  0.005  0.030  0.031  563  596  0.001  0.000    0  23.117804268  -6.591800888  3 35 58.27 2007 10 13 2454386.64997998   149  filtro desconhecido   targ_cat_global_reduction_sat_gr1                  Sycorax               2044  4098
   0.087  -0.086  244.12   16.04 1.077     35.38    193.76 26.059 25.355 99.999 20.529 19.765 99.999 99.999 99.999  0.673 99.999 99.999 99.999 99.999  99.999  99.999  99.999  99.999  0.014  0.014  0.006  0.005  0.033  0.031  563  568  0.001  0.000    0  23.117798671  -6.591830431  3 35 58.27 2007 10 13 2454386.65284238   149  filtro desconhecido   targ_cat_global_reduction_sat_gr1                  Sycorax               2044  4098
   0.056  -0.097  244.12   16.04 1.094     35.38    193.76 26.059 25.355 99.999 20.422 19.706 99.999 99.999 99.999  0.673 99.999 99.999 99.999 99.999  99.999  99.999  99.999  99.999  0.014  0.014  0.005  0.005  0.031  0.032  563  582  0.001  0.000    0  23.117792293  -6.591865337  3 35 58.27 2007 10 13 2454386.65568881   149  filtro desconhecido   targ_cat_global_reduction_sat_gr1                  Sycorax               2044  4098
   0.046  -0.068  244.12   16.04 1.009     35.38    193.76 26.059 25.355 99.999 20.508 19.766 99.999 99.999 99.999  0.673 99.999 99.999 99.999 99.999  99.999  99.999  99.999  99.999  0.015  0.015  0.006  0.006  0.032  0.031  563  552  0.001  0.000    0  23.117786243  -6.591889337  3 35 58.27 2007 10 13 2454386.65856962   149  filtro desconhecido   targ_cat_global_reduction_sat_gr1                  Sycorax               2044  4098
   0.094  -0.082  244.12   16.04 0.977     35.38    193.76 26.059 25.355 99.999 20.529 19.766 99.999 99.999 99.999  0.673 99.999 99.999 99.999 99.999  99.999  99.999  99.999  99.999  0.010  0.010  0.006  0.006  0.031  0.031  563  550  0.001  0.000    0  23.117781442  -6.591924549  3 35 58.27 2007 10 13 2454386.66136834   149  filtro desconhecido   targ_cat_global_reduction_sat_gr1                  Sycorax               2044  4098
   0.078  -0.113  244.12   16.04 1.218     35.38    193.76 26.059 25.355 99.999 20.406 19.656 99.999 99.999 99.999  0.673 99.999 99.999 99.999 99.999  99.999  99.999  99.999  99.999  0.013  0.013  0.004  0.004  0.033  0.033  563  510  0.001  0.000    0  23.117774559  -6.591969505  3 35 58.27 2007 10 13 2454386.66460866   149  filtro desconhecido   targ_cat_global_reduction_sat_gr1                  Sycorax               2044  4098
   0.058  -0.102  244.12   16.04 1.167     35.38    193.76 26.059 25.355 99.999 20.540 19.868 99.999 99.999 99.999  0.673 99.999 99.999 99.999 99.999  99.999  99.999  99.999  99.999  0.017  0.017  0.004  0.004  0.032  0.033  563  533  0.001  0.000    0  23.117768382  -6.591998143  3 35 58.27 2007 10 13 2454386.66746724   149  filtro desconhecido   targ_cat_global_reduction_sat_gr1                  Sycorax               2044  4098
   0.085  -0.149  244.12   16.04 1.092     35.38    193.76 26.059 25.355 99.999 20.388 19.737 99.999 99.999 99.999  0.673 99.999 99.999 99.999 99.999  99.999  99.999  99.999  99.999  0.011  0.011  0.003  0.003  0.030  0.033  563  588  0.001  0.000    0  23.117763115  -6.592043055  3 35 58.27 2007 10 13 2454386.67031436   149  filtro desconhecido   targ_cat_global_reduction_sat_gr1                  Sycorax               2044  4098
   0.106  -0.089  244.12   16.04 1.340     35.38    193.76 26.059 25.355 99.999 20.497 19.732 99.999 99.999 99.999  0.673 99.999 99.999 99.999 99.999  99.999  99.999  99.999  99.999  0.019  0.019  0.004  0.004  0.034  0.032  563  503  0.001  0.000    0  23.117757439  -6.592059781  3 35 58.27 2007 10 13 2454386.67329775   149  filtro desconhecido   targ_cat_global_reduction_sat_gr1                  Sycorax               2044  4098
   0.086  -0.132  244.12   16.04 1.056     35.38    193.76 26.059 25.355 99.999 20.501 19.777 99.999 99.999 99.999  0.673 99.999 99.999 99.999 99.999  99.999  99.999  99.999  99.999  0.011  0.011  0.003  0.004  0.031  0.035  563  532  0.001  0.000    0  23.117751438  -6.592102399  3 35 58.27 2007 10 13 2454386.67607539   149  filtro desconhecido   targ_cat_global_reduction_sat_gr1                  Sycorax               2044  4098
  -0.365  -0.043  904.35    2.23 0.788    204.00   2716.40 27.113 26.955 99.999 20.545 19.992 99.999 99.999 99.999  0.826 99.999 99.999 99.999 99.999  99.999  99.999  99.999  99.999  0.017  0.016  0.002  0.002  0.010  0.011  413  332 -0.000 -0.000    0  23.555781041  -3.628405572 10 33  8.05 2008  6  4 2454621.93967646   599  filtro desconhecido   targ_cat_global_reduction_sat_gr1                  Sycorax               2044  4098
  -0.191  -0.129  904.35    2.23 1.942    204.00   2716.40 27.113 26.955 99.999 18.267 17.936 99.999 99.999 99.999  0.826 99.999 99.999 99.999 99.999  99.999  99.999  99.999  99.999  0.044  0.044  0.008  0.004  0.027  0.014  413  123  0.001  0.000    0  23.555794931  -3.628363804 10 33  8.05 2008  6  4 2454621.94887932   599  filtro desconhecido   targ_cat_global_reduction_sat_gr1                  Sycorax               2044  4098
  -0.337  -0.000  567.25    0.70 1.258    107.13   1571.86 26.872 26.525 99.999 20.645 20.169 99.999 99.999 99.999  0.758 99.999 99.999 99.999 99.999  99.999  99.999  99.999  99.999  0.017  0.017  0.002  0.002  0.014  0.015  563  450  0.001  0.000    0  23.558075445  -3.614864018 10 13 45.91 2008  6  6 2454623.92622580   599  filtro desconhecido   targ_cat_global_reduction_sat_gr1                  Sycorax               2044  4098
  -0.278  -0.067  567.25    0.70 1.198    107.13   1571.86 26.872 26.525 99.999 20.047 19.811 99.999 99.999 99.999  0.758 99.999 99.999 99.999 99.999  99.999  99.999  99.999  99.999  0.018  0.018  0.002  0.002  0.014  0.014  563  457  0.001  0.000    0  23.558089116  -3.614805483 10 13 45.91 2008  6  6 2454623.93808029   599  filtro desconhecido   targ_cat_global_reduction_sat_gr1                  Sycorax               2044  4098
