   0.075  -0.094  244.12   16.04 1.074     35.38    193.76 26.059 25.355 99.999 20.503 19.754 99.999 99.999 99.999  0.673 99.999 99.999 99.999 99.999  99.999  99.999  99.999  99.999  0.011  0.011  0.005  0.005  0.030  0.031  563  596  0.001  0.000    0  23.117804268  -6.591800888  3 35 58.27 2007 10 13 2454386.64997998   149  filtro desconhecido   targ_cat_global_reduction_sat_gr1                  Sycorax               2044  4098
   0.087  -0.086  244.12   16.04 1.077     35.38    193.76 26.059 25.355 99.999 20.529 19.765 99.999 99.999 99.999  0.673 99.999 99.999 99.999 99.999  99.999  99.999  99.999  99.999  0.014  0.014  0.006  0.005  0.033  0.031  563  568  0.001  0.000    0  23.117798671  -6.591830431  3 35 58.27 2007 10 13 2454386.65284238   149  filtro desconhecido   targ_cat_global_reduction_sat_gr1                  Sycorax               2044  4098
   0.056  -0.097  244.12   16.04 1.094     35.38    193.76 26.059 25.355 99.999 20.422 19.706 99.999 99.999 99.999  0.673 99.999 99.999 99.999 99.999  99.999  99.999  99.999  99.999  0.014  0.014  0.005  0.005  0.031  0.032  563  582  0.001  0.000    0  23.117792293  -6.591865337  3 35 58.27 2007 10 13 2454386.65568881   149  filtro desconhecido   targ_cat_global_reduction_sat_gr1                  Sycorax               2044  4098
   0.046  -0.068  244.12   16.04 1.009     35.38    193.76 26.059 25.355 99.999 20.508 19.766 99.999 99.999 99.999  0.673 99.999 99.999 99.999 99.999  99.999  99.999  99.999  99.999  0.015  0.015  0.006  0.006  0.032  0.031  563  552  0.001  0.000    0  23.117786243  -6.591889337  3 35 58.27 2007 10 13 2454386.65856962   149  filtro desconhecido   targ_cat_global_reduction_sat_gr1                  Sycorax               2044  4098
   0.094  -0.082  244.12   16.04 0.977     35.38    193.76 26.059 25.355 99.999 20.529 19.766 99.999 99.999 99.999  0.673 99.999 99.999 99.999 99.999  99.999  99.999  99.999  99.999  0.010  0.010  0.006  0.006  0.031  0.031  563  550  0.001  0.000    0  23.117781442  -6.591924549  3 35 58.27 2007 10 13 2454386.66136834   149  filtro desconhecido   targ_cat_global_reduction_sat_gr1                  Sycorax               2044  4098
   0.078  -0.113  244.12   16.04 1.218     35.38    193.76 26.059 25.355 99.999 20.406 19.656 99.999 99.999 99.999  0.673 99.999 99.999 99.999 99.999  99.999  99.999  99.999  99.999  0.013  0.013  0.004  0.004  0.033  0.033  563  510  0.001  0.000    0  23.117774559  -6.591969505  3 35 58.27 2007 10 13 2454386.66460866   149  filtro desconhecido   targ_cat_global_reduction_sat_gr1                  Sycorax               2044  4098
   0.058  -0.102  244.12   16.04 1.167     35.38    193.76 26.059 25.355 99.999 20.540 19.868 99.999 99.999 99.999  0.673 99.999 99.999 99.999 99.999  99.999  99.999  99.999  99.999  0.017  0.017  0.004  0.004  0.032  0.033  563  533  0.001  0.000    0  23.117768382  -6.591998143  3 35 58.27 2007 10 13 2454386.66746724   149  filtro desconhecido   targ_cat_global_reduction_sat_gr1                  Sycorax               2044  4098
   0.085  -0.149  244.12   16.04 1.092     35.38    193.76 26.059 25.355 99.999 20.388 19.737 99.999 99.999 99.999  0.673 99.999 99.999 99.999 99.999  99.999  99.999  99.999  99.999  0.011  0.011  0.003  0.003  0.030  0.033  563  588  0.001  0.000    0  23.117763115  -6.592043055  3 35 58.27 2007 10 13 2454386.67031436   149  filtro desconhecido   targ_cat_global_reduction_sat_gr1                  Sycorax               2044  4098
   0.106  -0.089  244.12   16.04 1.340     35.38    193.76 26.059 25.355 99.999 20.497 19.732 99.999 99.999 99.999  0.673 99.999 99.999 99.999 99.999  99.999  99.999  99.999  99.999  0.019  0.019  0.004  0.004  0.034  0.032  563  503  0.001  0.000    0  23.117757439  -6.592059781  3 35 58.27 2007 10 13 2454386.67329775   149  filtro desconhecido   targ_cat_global_reduction_sat_gr1                  Sycorax               2044  4098
   0.086  -0.132  244.12   16.04 1.056     35.38    193.76 26.059 25.355 99.999 20.501 19.777 99.999 99.999 99.999  0.673 99.999 99.999 99.999 99.999  99.999  99.999  99.999  99.999  0.011  0.011  0.003  0.004  0.031  0.035  563  532  0.001  0.000    0  23.117751438  -6.592102399  3 35 58.27 2007 10 13 2454386.67607539   149  filtro desconhecido   targ_cat_global_reduction_sat_gr1                  Sycorax               2044  4098
