 17 09 20.045900 -22 19 22.73200 2454200.63963281 Taygete             
 17 09 20.043400 -22 19 22.76700 2454200.64156802 Taygete             
 17 09 20.040900 -22 19 22.80200 2454200.64352001 Taygete             
 17 09 20.035600 -22 19 22.87500 2454200.64755228 Taygete             
 17 09 20.033000 -22 19 22.91000 2454200.64948760 Taygete             
 17 09 20.030400 -22 19 22.94500 2454200.65141622 Taygete             
 17 09 20.072800 -22 19 22.33300 2454200.61767102 Taygete             
 17 09 20.070600 -22 19 22.36900 2454200.61961804 Taygete             
 17 09 20.068300 -22 19 22.40400 2454200.62153935 Taygete             
 17 09 20.025600 -22 19 23.00900 2454200.65495686 Taygete             
 17 09 20.023000 -22 19 23.04400 2454200.65689311 Taygete             
 17 09 20.020300 -22 19 23.07800 2454200.65881523 Taygete             
 17 09 20.063900 -22 19 22.47000 2454200.62518525 Taygete             
 17 09 20.061600 -22 19 22.50500 2454200.62712057 Taygete             
 17 09 20.059200 -22 19 22.54000 2454200.62905045 Taygete             
 17 09 16.224300 -22 19 49.58200 2454202.63778831 Taygete             
 17 09 16.218700 -22 19 49.61500 2454202.63977446 Taygete             
 17 09 16.270700 -22 19 49.30500 2454202.62106132 Taygete             
 17 09 16.265300 -22 19 49.33800 2454202.62303681 Taygete             
 17 09 16.254300 -22 19 49.40500 2454202.62705844 Taygete             
 17 09 16.248800 -22 19 49.43700 2454202.62903301 Taygete             
 17 09 16.209700 -22 19 49.66700 2454202.64294808 Taygete             
 17 09 16.204100 -22 19 49.69900 2454202.64491096 Taygete             
 17 09 16.298800 -22 19 49.13300 2454202.61065135 Taygete             
 17 09 16.293500 -22 19 49.16600 2454202.61263889 Taygete             
 17 09 16.195100 -22 19 49.75100 2454202.64806108 Taygete             
 17 09 16.189400 -22 19 49.78400 2454202.65005811 Taygete             
 17 09 16.284900 -22 19 49.21900 2454202.61582270 Taygete             
 17 09 16.279600 -22 19 49.25200 2454202.61781626 Taygete             
 17 09 13.174800 -22 20  1.80500 2454203.63784898 Taygete             
 17 09 13.167700 -22 20  1.83600 2454203.63982309 Taygete             
 17 09 13.217800 -22 20  1.61500 2454203.62575600 Taygete             
 17 09 13.210800 -22 20  1.64600 2454203.62772674 Taygete             
 17 09 13.151800 -22 20  1.90500 2454203.64423154 Taygete             
 17 09 13.144600 -22 20  1.93600 2454203.64620414 Taygete             
 17 09 13.255500 -22 20  1.44500 2454203.61496694 Taygete             
 17 09 13.248600 -22 20  1.47600 2454203.61694059 Taygete             
 17 09 13.132600 -22 20  1.98700 2454203.64949169 Taygete             
 17 09 13.125400 -22 20  2.01800 2454203.65146047 Taygete             
 17 09 13.236700 -22 20  1.53000 2454203.62035806 Taygete             
 17 09 13.229800 -22 20  1.56100 2454203.62232683 Taygete             
 16 44  2.591100 -22 09 22.60400 2454351.65045626 Taygete             
 16 44  2.640000 -22 09 22.68300 2454351.65229225 Taygete             
 16 44  2.689200 -22 09 22.76300 2454351.65413807 Taygete             
 16 44  2.963700 -22 09 23.20500 2454351.66442231 Taygete             
 16 44  3.020800 -22 09 23.29700 2454351.66656219 Taygete             
 16 44  3.082100 -22 09 23.39600 2454351.66885540 Taygete             
 16 44 31.622300 -22 10 12.60900 2454352.72157310 Taygete             
 16 44 31.673600 -22 10 12.69000 2454352.72342934 Taygete             
 16 44 31.723500 -22 10 12.77000 2454352.72523730 Taygete             
 16 44 34.560000 -22 10 17.30500 2454352.82709348 Taygete             
 16 44 34.616500 -22 10 17.39700 2454352.82910765 Taygete             
 16 44 34.673100 -22 10 17.48800 2454352.83112600 Taygete             
 16 44 53.687200 -22 10 51.08000 2454353.51716084 Taygete             
 16 44 53.768100 -22 10 51.21600 2454353.52011600 Taygete             
 16 44 53.818600 -22 10 51.30000 2454353.52196182 Taygete             
 16 44 53.868500 -22 10 51.38400 2454353.52378634 Taygete             
 16 44 53.918800 -22 10 51.46800 2454353.52562325 Taygete             
 16 44 53.966600 -22 10 51.54800 2454353.52736916 Taygete             
 16 44 54.016900 -22 10 51.63200 2454353.52920443 Taygete             
 16 44 54.065400 -22 10 51.71300 2454353.53097569 Taygete             
 16 44 54.115300 -22 10 51.79600 2454353.53279350 Taygete             
 16 44 54.163200 -22 10 51.87600 2454353.53454147 Taygete             
 16 44 54.716400 -22 10 52.79300 2454353.55469836 Taygete             
 16 44 54.766100 -22 10 52.87400 2454353.55650366 Taygete             
 16 44 54.816100 -22 10 52.95700 2454353.55832273 Taygete             
 16 44 54.871100 -22 10 53.04700 2454353.56032289 Taygete             
 16 44 54.919200 -22 10 53.12700 2454353.56207134 Taygete             
 16 44 54.969500 -22 10 53.20900 2454353.56390072 Taygete             
 16 44 55.018400 -22 10 53.28900 2454353.56567638 Taygete             
 16 44 55.068600 -22 10 53.37200 2454353.56749975 Taygete             
 16 44 55.116500 -22 10 53.45000 2454353.56923915 Taygete             
 16 44 52.766400 -22 10 49.52100 2454353.48345198 Taygete             
 16 44 52.795600 -22 10 49.57100 2454353.48452182 Taygete             
 16 44 52.824900 -22 10 49.62000 2454353.48559421 Taygete             
 16 44 52.856100 -22 10 49.67400 2454353.48674128 Taygete             
 16 44 52.886800 -22 10 49.72600 2454353.48786369 Taygete             
 16 44 52.917000 -22 10 49.77800 2454353.48897243 Taygete             
 16 44 52.947600 -22 10 49.83000 2454353.49009472 Taygete             
 16 44 52.978000 -22 10 49.88100 2454353.49120637 Taygete             
 16 44 53.008800 -22 10 49.93400 2454353.49233618 Taygete             
 16 44 53.057300 -22 10 50.01600 2454353.49411346 Taygete             
 16 44 53.088200 -22 10 50.06900 2454353.49524328 Taygete             
 16 44 53.118600 -22 10 50.12000 2454353.49635606 Taygete             
 16 44 53.149000 -22 10 50.17200 2454353.49747003 Taygete             
 16 44 53.179700 -22 10 50.22400 2454353.49859453 Taygete             
 16 44 53.210300 -22 10 50.27600 2454353.49971449 Taygete             
 16 44 53.241500 -22 10 50.32900 2454353.50085797 Taygete             
 16 44 53.272300 -22 10 50.38100 2454353.50198650 Taygete             
 16 44 53.303300 -22 10 50.43300 2454353.50311992 Taygete             
 16 44 55.672200 -22 10 54.35700 2454353.58938916 Taygete             
 16 44 55.729100 -22 10 54.45000 2454353.59144976 Taygete             
 16 44 55.785700 -22 10 54.54200 2454353.59349936 Taygete             
 16 44 55.842600 -22 10 54.63400 2454353.59555626 Taygete             
 16 44 55.897500 -22 10 54.72300 2454353.59754010 Taygete             
 16 44 55.954200 -22 10 54.81500 2454353.59959317 Taygete             
 16 44 56.009300 -22 10 54.90400 2454353.60158303 Taygete             
 16 44 56.065700 -22 10 54.99500 2454353.60361966 Taygete             
 16 44 56.120700 -22 10 55.08400 2454353.60560721 Taygete             
 16 44 56.721700 -22 10 56.05100 2454353.62727449 Taygete             
 16 44 56.778500 -22 10 56.14200 2454353.62931830 Taygete             
 16 44 56.908700 -22 10 56.35100 2454353.63399929 Taygete             
 16 44 55.192800 -22 10 53.57500 2454353.57201206 Taygete             
 16 44 55.243300 -22 10 53.65800 2454353.57384213 Taygete             
 16 44 55.293700 -22 10 53.74000 2454353.57567279 Taygete             
 16 44 55.345000 -22 10 53.82400 2454353.57753274 Taygete             
 16 44 55.394000 -22 10 53.90400 2454353.57930851 Taygete             
 16 44 55.444600 -22 10 53.98700 2454353.58114275 Taygete             
 16 44 55.493300 -22 10 54.06600 2454353.58290788 Taygete             
 16 44 55.544200 -22 10 54.14900 2454353.58475543 Taygete             
 16 44 55.592400 -22 10 54.22700 2454353.58650019 Taygete             
 16 44 53.350700 -22 10 50.51300 2454353.50485505 Taygete             
 16 44 53.381800 -22 10 50.56600 2454353.50599227 Taygete             
 16 44 53.412700 -22 10 50.61800 2454353.50712475 Taygete             
 16 44 53.443800 -22 10 50.67000 2454353.50826001 Taygete             
 16 44 53.474600 -22 10 50.72200 2454353.50938890 Taygete             
 16 44 53.505400 -22 10 50.77400 2454353.51051328 Taygete             
 16 44 53.536400 -22 10 50.82600 2454353.51164703 Taygete             
 16 44 53.571500 -22 10 50.88600 2454353.51293328 Taygete             
 16 44 53.602500 -22 10 50.93800 2454353.51406460 Taygete             
 16 44 54.246400 -22 10 52.01400 2454353.53757569 Taygete             
 16 44 54.297300 -22 10 52.09900 2454353.53943321 Taygete             
 16 44 54.346800 -22 10 52.18100 2454353.54123585 Taygete             
 16 44 54.397800 -22 10 52.26600 2454353.54309522 Taygete             
 16 44 54.445700 -22 10 52.34500 2454353.54484182 Taygete             
 16 44 54.495900 -22 10 52.42800 2454353.54667131 Taygete             
 16 44 54.543300 -22 10 52.50700 2454353.54839556 Taygete             
 16 44 54.593200 -22 10 52.58900 2454353.55021429 Taygete             
 16 44 54.640900 -22 10 52.66800 2454353.55195000 Taygete             
 17 02 12.714300 -22 36 36.78800 2454382.50138887 Taygete             
 17 02 12.836800 -22 36 36.93800 2454382.50427083 Taygete             
 17 02 12.957800 -22 36 37.08600 2454382.50711898 Taygete             
 17 02 13.079100 -22 36 37.23500 2454382.50997304 Taygete             
 17 02 13.196700 -22 36 37.37800 2454382.51273818 Taygete             
 17 02 18.676900 -22 36 43.97600 2454382.64082832 Taygete             
 17 02 18.765000 -22 36 44.08100 2454382.64287606 Taygete             
 17 02 18.853300 -22 36 44.18700 2454382.64492451 Taygete             
 17 02 18.942300 -22 36 44.29300 2454382.64699234 Taygete             
 17 02 19.027800 -22 36 44.39500 2454382.64897740 Taygete             
 17 02 19.136600 -22 36 44.52500 2454382.65150148 Taygete             
 17 02 19.232100 -22 36 44.63900 2454382.65371549 Taygete             
 17 02 19.320100 -22 36 44.74400 2454382.65575895 Taygete             
 17 02 19.410300 -22 36 44.85200 2454382.65784977 Taygete             
 17 02 19.496200 -22 36 44.95500 2454382.65984020 Taygete             
 17 02 20.393600 -22 36 46.02700 2454382.68062573 Taygete             
 17 02 20.492200 -22 36 46.14500 2454382.68290875 Taygete             
 17 02 20.590100 -22 36 46.26200 2454382.68517243 Taygete             
 17 02 20.693800 -22 36 46.38600 2454382.68756985 Taygete             
 17 02 20.787500 -22 36 46.49800 2454382.68973616 Taygete             
 17 02 20.905500 -22 36 46.63900 2454382.69246494 Taygete             
 17 02 21.004100 -22 36 46.75700 2454382.69474309 Taygete             
 17 02 21.102100 -22 36 46.87500 2454382.69700759 Taygete             
 17 02 21.201700 -22 36 46.99400 2454382.69930994 Taygete             
 17 02 21.296900 -22 36 47.10800 2454382.70150832 Taygete             
 17 03  0.647800 -22 37 37.11300 2454383.61388021 Taygete             
 17 03  0.737600 -22 37 37.21900 2454383.61594961 Taygete             
 17 03  0.825600 -22 37 37.32300 2454383.61797883 Taygete             
 17 03  0.914400 -22 37 37.42700 2454383.62002461 Taygete             
 17 03  0.998500 -22 37 37.52700 2454383.62196329 Taygete             
 17 03  1.103800 -22 37 37.65100 2454383.62438907 Taygete             
 17 03  1.193400 -22 37 37.75600 2454383.62645222 Taygete             
 17 03  1.280900 -22 37 37.85900 2454383.62846753 Taygete             
 17 03  1.369800 -22 37 37.96400 2454383.63051238 Taygete             
 17 03  1.455100 -22 37 38.06500 2454383.63247735 Taygete             
 17 03  2.273800 -22 37 39.02900 2454383.65130210 Taygete             
 17 03  2.373100 -22 37 39.14600 2454383.65358443 Taygete             
 17 03  3.304200 -22 37 40.24300 2454383.67494813 Taygete             
 17 03  3.403500 -22 37 40.36000 2454383.67722523 Taygete             
 17 02 56.696300 -22 37 32.41900 2454383.52236001 Taygete             
 17 02 56.823400 -22 37 32.57100 2454383.52531573 Taygete             
 17 02 56.944100 -22 37 32.71600 2454383.52812256 Taygete             
 17 02 57.066900 -22 37 32.86300 2454383.53097662 Taygete             
 17 02 57.186300 -22 37 33.00600 2454383.53375126 Taygete             
 17 03 50.827100 -22 38 39.14600 2454384.76428913 Taygete             
 17 03 50.930000 -22 38 39.26800 2454384.76660931 Taygete             
 17 03 51.033300 -22 38 39.39000 2454384.76893968 Taygete             
 17 03 51.136300 -22 38 39.51200 2454384.77126241 Taygete             
 17 03 51.235500 -22 38 39.63000 2454384.77349947 Taygete             
 17 03 51.355600 -22 38 39.77200 2454384.77620475 Taygete             
 17 03 51.458700 -22 38 39.89400 2454384.77853038 Taygete             
 17 03 51.561500 -22 38 40.01600 2454384.78084663 Taygete             
 17 03 51.664800 -22 38 40.13900 2454384.78317435 Taygete             
 17 03 51.770100 -22 38 40.26400 2454384.78554792 Taygete             
 17 04 29.171900 -22 39 26.60600 2454385.63683554 Taygete             
 17 04 29.262500 -22 39 26.71000 2454385.63887854 Taygete             
 17 04 29.351200 -22 39 26.81100 2454385.64088171 Taygete             
 17 04 29.441500 -22 39 26.91500 2454385.64291858 Taygete             
 17 04 29.529400 -22 39 27.01500 2454385.64490010 Taygete             
 17 04 29.637100 -22 39 27.13900 2454385.64732912 Taygete             
 17 04 29.727600 -22 39 27.24200 2454385.64936900 Taygete             
 17 04 29.818000 -22 39 27.34600 2454385.65140772 Taygete             
 17 04 29.909600 -22 39 27.45100 2454385.65347168 Taygete             
 17 04 29.996500 -22 39 27.55000 2454385.65542970 Taygete             
 17 04 30.922500 -22 39 28.61100 2454385.67627556 Taygete             
 17 04 31.024600 -22 39 28.72800 2454385.67857073 Taygete             
 17 04 31.125300 -22 39 28.84400 2454385.68083510 Taygete             
 17 04 31.227500 -22 39 28.96100 2454385.68313100 Taygete             
 17 04 31.326100 -22 39 29.07400 2454385.68534755 Taygete             
 17 04 31.555500 -22 39 29.33700 2454385.69050200 Taygete             
 17 04 31.657100 -22 39 29.45400 2454385.69278340 Taygete             
 17 04 31.757600 -22 39 29.56900 2454385.69504049 Taygete             
 17 04 31.859900 -22 39 29.68700 2454385.69733821 Taygete             
 17 04 31.957800 -22 39 29.80000 2454385.69953486 Taygete             
 17 05  8.111000 -22 40 14.17800 2454386.51458931 Taygete             
 17 05  8.218400 -22 40 14.30100 2454386.51701693 Taygete             
 17 05  8.395500 -22 40 14.50400 2454386.52102073 Taygete             
 17 05  8.502500 -22 40 14.62700 2454386.52343887 Taygete             
 17 05 12.279600 -22 40 18.91900 2454386.60847266 Taygete             
 17 05 12.370700 -22 40 19.02200 2454386.61051531 Taygete             
 17 05 12.462400 -22 40 19.12500 2454386.61257150 Taygete             
 17 05 12.554700 -22 40 19.22900 2454386.61463987 Taygete             
 17 05 12.643400 -22 40 19.33000 2454386.61662683 Taygete             
 17 05 12.893400 -22 40 19.61200 2454386.62222832 Taygete             
 17 05 12.984700 -22 40 19.71500 2454386.62427260 Taygete             
 17 05 13.077500 -22 40 19.81900 2454386.62634953 Taygete             
 17 05 13.169900 -22 40 19.92400 2454386.62841788 Taygete             
 17 05 13.257800 -22 40 20.02300 2454386.63038597 Taygete             
 17 05 14.134300 -22 40 21.01100 2454386.64997998 Taygete             
 17 05 14.262400 -22 40 21.15600 2454386.65284238 Taygete             
 17 05 14.389900 -22 40 21.30000 2454386.65568881 Taygete             
 17 05 14.519000 -22 40 21.44500 2454386.65856962 Taygete             
 17 05 14.644400 -22 40 21.58700 2454386.66136834 Taygete             
 17 05 14.789600 -22 40 21.75100 2454386.66460866 Taygete             
 17 05 14.917800 -22 40 21.89500 2454386.66746725 Taygete             
 17 05 15.045500 -22 40 22.04000 2454386.67031436 Taygete             
 17 05 15.179300 -22 40 22.19100 2454386.67329775 Taygete             
 17 05 15.303900 -22 40 22.33200 2454386.67607539 Taygete             
 19 26 41.698800 -21 25 27.20300 2454618.76682508 Taygete             
 19 26 41.644900 -21 25 27.31300 2454618.76930921 Taygete             
 19 26 41.862200 -21 25 26.86700 2454618.75928869 Taygete             
 19 26 41.789900 -21 25 27.01500 2454618.76262396 Taygete             
 19 26 41.554300 -21 25 27.49800 2454618.77348390 Taygete             
 19 26 41.301800 -21 25 28.01300 2454618.78511076 Taygete             
 19 26 42.316400 -21 25 25.92500 2454618.73831188 Taygete             
 19 26 42.219500 -21 25 26.12700 2454618.74278898 Taygete             
 19 26 42.100900 -21 25 26.37300 2454618.74827064 Taygete             
 19 26 42.003500 -21 25 26.57500 2454618.75276894 Taygete             
 19 26  0.131000 -21 26 53.29300 2454620.69302966 Taygete             
 19 26  0.094500 -21 26 53.37100 2454620.69462678 Taygete             
 19 25 59.395200 -21 26 54.84800 2454620.72518971 Taygete             
 19 25 59.320600 -21 26 55.00400 2454620.72843801 Taygete             
 19 25 58.883100 -21 26 55.91400 2454620.74748947 Taygete             
 19 25 58.823500 -21 26 56.03700 2454620.75008002 Taygete             
 19 26  2.836800 -21 26 47.36600 2454620.57302413 Taygete             
 19 26  2.736600 -21 26 47.59000 2454620.57752635 Taygete             
 19 25 59.864800 -21 26 53.85900 2454620.70467957 Taygete             
 19 25 59.804300 -21 26 53.98700 2454620.70732523 Taygete             
 19 25 59.707700 -21 26 54.19100 2454620.71154716 Taygete             
 19 25 59.634200 -21 26 54.34600 2454620.71475645 Taygete             
 19 26  3.211800 -21 26 46.52400 2454620.55612941 Taygete             
 19 26  3.167600 -21 26 46.62400 2454620.55812598 Taygete             
 19 26  3.042700 -21 26 46.90400 2454620.56375852 Taygete             
 19 26  2.955300 -21 26 47.10000 2454620.56769331 Taygete             
 19 25 59.547200 -21 26 54.52900 2454620.71855566 Taygete             
 19 25 59.481800 -21 26 54.66600 2454620.72141134 Taygete             
 19 25 33.230500 -21 27 48.82500 2454621.87608304 Taygete             
 19 25 33.133700 -21 27 49.01200 2454621.88016730 Taygete             
 19 25 33.885300 -21 27 47.54900 2454621.84846955 Taygete             
 19 25 33.644600 -21 27 48.02000 2454621.85861481 Taygete             
 19 25 34.884300 -21 27 45.57200 2454621.80637684 Taygete             
 19 25 34.787600 -21 27 45.76500 2454621.81045124 Taygete             
 19 25 34.667000 -21 27 46.00600 2454621.81553304 Taygete             
 19 25 34.563700 -21 27 46.21100 2454621.81988766 Taygete             
 19 25 34.412400 -21 27 46.51100 2454621.82626131 Taygete             
 19 25 34.183400 -21 27 46.96300 2454621.83590699 Taygete             
 19 25 34.066600 -21 27 47.19300 2454621.84082848 Taygete             
 19 25 33.502700 -21 27 48.29600 2454621.86459973 Taygete             
 19 25 33.423500 -21 27 48.45000 2454621.86793985 Taygete             
 19 25 33.345000 -21 27 48.60300 2454621.87124872 Taygete             
 19 25 32.377800 -21 27 50.46500 2454621.91211441 Taygete             
 19 25 32.272300 -21 27 50.66700 2454621.91658250 Taygete             
 19 25 32.168500 -21 27 50.86500 2454621.92097949 Taygete             
 19 25 32.063000 -21 27 51.06600 2454621.92544955 Taygete             
 19 25 31.959300 -21 27 51.26400 2454621.92984458 Taygete             
 19 25 42.265100 -21 27 29.65000 2454621.48850632 Taygete             
 19 25 42.169100 -21 27 29.86700 2454621.49278244 Taygete             
 19 25 42.075300 -21 27 30.07900 2454621.49695481 Taygete             
 19 25 32.974400 -21 27 49.32000 2454621.88689220 Taygete             
 19 25 32.707000 -21 27 49.83400 2454621.89819128 Taygete             
 19 25 31.727700 -21 27 51.70400 2454621.93967646 Taygete             
 19 25 31.511100 -21 27 52.11500 2454621.94887932 Taygete             
 19 24 45.309200 -21 29 27.88000 2454623.90197560 Taygete             
 19 24 45.197400 -21 29 28.09500 2454623.90647043 Taygete             
 19 24 45.085900 -21 29 28.30800 2454623.91095357 Taygete             
 19 24 44.937700 -21 29 28.59200 2454623.91691569 Taygete             
 19 24 55.287500 -21 29  6.95100 2454623.49671373 Taygete             
 19 24 55.111500 -21 29  7.34700 2454623.50410688 Taygete             
 19 24 54.908200 -21 29  7.80300 2454623.51263457 Taygete             
 19 24 56.031400 -21 29  5.27900 2454623.46532162 Taygete             
 19 24 55.995300 -21 29  5.36000 2454623.46685112 Taygete             
 19 24 55.836800 -21 29  5.71600 2454623.47355226 Taygete             
 19 24 55.628400 -21 29  6.18500 2454623.48235249 Taygete             
 19 24 55.469000 -21 29  6.54300 2454623.48907434 Taygete             
 19 24 44.706500 -21 29 29.03300 2454623.92622580 Taygete             
 19 24 44.412500 -21 29 29.59300 2454623.93808029 Taygete             
 19 24 54.679700 -21 29  8.31600 2454623.52220291 Taygete             
 19 24 54.438700 -21 29  8.85600 2454623.53226957 Taygete             
 21 56 20.992700 -13 38 43.34100 2454971.57581615 Taygete             
 21 56 21.048000 -13 38 43.12300 2454971.57810852 Taygete             
 21 56 21.176400 -13 38 42.61800 2454971.58342781 Taygete             
 21 56 21.290800 -13 38 42.16800 2454971.58817050 Taygete             
 21 56 21.371200 -13 38 41.85100 2454971.59150998 Taygete             
 21 56 21.451500 -13 38 41.53500 2454971.59484449 Taygete             
 21 56 21.532100 -13 38 41.21800 2454971.59819022 Taygete             
 21 56 21.610600 -13 38 40.90900 2454971.60145492 Taygete             
 21 56 21.706900 -13 38 40.53000 2454971.60545836 Taygete             
 21 56 21.787700 -13 38 40.21100 2454971.60882262 Taygete             
 21 56 21.867500 -13 38 39.89700 2454971.61214716 Taygete             
 21 56 21.947900 -13 38 39.58000 2454971.61549659 Taygete             
 21 56 22.026000 -13 38 39.27200 2454971.61875584 Taygete             
 21 56 28.961300 -13 38 11.22300 2454971.91656241 Taygete             
 21 56 28.987900 -13 38 11.11200 2454971.91773082 Taygete             
 21 56 29.014100 -13 38 11.00200 2454971.91888314 Taygete             
 21 56 29.040500 -13 38 10.89200 2454971.92004507 Taygete             
 21 56 29.066100 -13 38 10.78500 2454971.92116916 Taygete             
 21 56 29.092800 -13 38 10.67300 2454971.92234266 Taygete             
 21 56 29.118400 -13 38 10.56600 2454971.92347137 Taygete             
 21 56 29.144800 -13 38 10.45600 2454971.92462819 Taygete             
 21 56 29.171000 -13 38 10.34600 2454971.92578064 Taygete             
 21 56 29.197300 -13 38 10.23600 2454971.92694095 Taygete             
 21 56 29.233000 -13 38 10.08700 2454971.92850709 Taygete             
 21 56 29.259300 -13 38  9.97700 2454971.92966440 Taygete             
 21 56 29.285500 -13 38  9.86700 2454971.93081788 Taygete             
 21 56 29.311600 -13 38  9.75700 2454971.93196581 Taygete             
 21 56 29.337900 -13 38  9.64700 2454971.93312335 Taygete             
 21 56 29.364000 -13 38  9.53800 2454971.93427231 Taygete             
 21 56 29.390500 -13 38  9.42700 2454971.93543725 Taygete             
 21 56 29.416800 -13 38  9.31600 2454971.93659663 Taygete             
 21 56 43.907000 -13 37  9.96900 2454972.55847656 Taygete             
 21 56 43.934400 -13 37  9.86300 2454972.55964127 Taygete             
 21 56 43.963200 -13 37  9.75000 2454972.56086652 Taygete             
 21 56 44.040000 -13 37  9.45100 2454972.56413412 Taygete             
 21 56 44.091200 -13 37  9.25100 2454972.56631247 Taygete             
 21 56 44.142000 -13 37  9.05200 2454972.56847775 Taygete             
 21 56 44.193100 -13 37  8.85300 2454972.57065426 Taygete             
 21 56 44.242300 -13 37  8.66100 2454972.57275009 Taygete             
 21 56 44.293000 -13 37  8.46400 2454972.57490981 Taygete             
 21 56 44.342400 -13 37  8.27100 2454972.57701895 Taygete             
 21 56 44.393200 -13 37  8.07200 2454972.57918584 Taygete             
 21 56 44.442400 -13 37  7.88100 2454972.58128295 Taygete             
 21 56 44.493300 -13 37  7.68200 2454972.58345645 Taygete             
 21 56 44.569600 -13 37  7.38400 2454972.58671293 Taygete             
 21 56 44.678500 -13 37  6.95900 2454972.59136818 Taygete             
 21 56 44.729200 -13 37  6.76100 2454972.59353381 Taygete             
 21 56 44.780100 -13 37  6.56300 2454972.59571182 Taygete             
 21 56 44.829100 -13 37  6.37100 2454972.59780823 Taygete             
 21 56 44.879500 -13 37  6.17400 2454972.59996841 Taygete             
 21 56 44.928800 -13 37  5.98200 2454972.60207639 Taygete             
 21 56 44.979300 -13 37  5.78500 2454972.60424329 Taygete             
 21 56 45.028300 -13 37  5.59300 2454972.60634190 Taygete             
 21 56 45.079000 -13 37  5.39600 2454972.60851400 Taygete             
 21 56 50.772200 -13 36 42.69900 2454972.85907025 Taygete             
 21 56 50.797800 -13 36 42.59400 2454972.86022374 Taygete             
 21 56 50.822800 -13 36 42.49100 2454972.86135118 Taygete             
 21 56 50.848500 -13 36 42.38600 2454972.86250790 Taygete             
 21 56 50.874200 -13 36 42.28000 2454972.86366833 Taygete             
 21 56 50.899800 -13 36 42.17500 2454972.86482459 Taygete             
 21 56 50.925500 -13 36 42.07000 2454972.86598108 Taygete             
 21 56 50.951200 -13 36 41.96400 2454972.86714081 Taygete             
 21 56 50.976600 -13 36 41.85900 2454972.86828943 Taygete             
 21 56 51.002400 -13 36 41.75400 2454972.86945216 Taygete             
 21 56 51.033600 -13 36 41.62500 2454972.87085881 Taygete             
 21 56 51.059500 -13 36 41.51900 2454972.87202733 Taygete             
 21 56 51.084800 -13 36 41.41500 2454972.87317155 Taygete             
 21 56 51.110700 -13 36 41.30800 2454972.87434286 Taygete             
 21 56 51.136300 -13 36 41.20300 2454972.87549669 Taygete             
 21 56 51.161900 -13 36 41.09700 2454972.87665480 Taygete             
 21 56 51.187500 -13 36 40.99200 2454972.87781002 Taygete             
 21 56 51.213300 -13 36 40.88600 2454972.87897426 Taygete             
 21 56 51.238800 -13 36 40.78100 2454972.88012612 Taygete             
 21 56 51.264300 -13 36 40.67600 2454972.88128134 Taygete             
 21 56 51.299100 -13 36 40.53200 2454972.88285350 Taygete             
 21 56 51.324900 -13 36 40.42600 2454972.88401855 Taygete             
 21 56 51.354300 -13 36 40.30400 2454972.88535110 Taygete             
 21 56 51.384600 -13 36 40.17900 2454972.88671977 Taygete             
 21 56 51.410300 -13 36 40.07300 2454972.88788286 Taygete             
 21 56 51.435400 -13 36 39.97000 2454972.88901574 Taygete             
 21 56 51.501300 -13 36 39.69800 2454972.89199661 Taygete             
 21 56 51.527000 -13 36 39.59200 2454972.89315912 Taygete             
 21 56 51.552000 -13 36 39.48800 2454972.89429328 Taygete             
 21 56 51.577600 -13 36 39.38200 2454972.89545091 Taygete             
 21 56 51.602400 -13 36 39.28000 2454972.89657419 Taygete             
 21 56 51.628200 -13 36 39.17300 2454972.89774214 Taygete             
 21 57 11.537900 -13 35 18.94300 2454973.78228852 Taygete             
 21 57 11.562500 -13 35 18.84500 2454973.78341954 Taygete             
 21 57 11.587500 -13 35 18.74500 2454973.78456874 Taygete             
 21 57 11.612800 -13 35 18.64400 2454973.78573102 Taygete             
 21 57 11.675300 -13 35 18.39400 2454973.78860426 Taygete             
 21 57 11.838100 -13 35 17.74200 2454973.79609720 Taygete             
 21 57 11.880100 -13 35 17.57400 2454973.79803618 Taygete             
 21 57 11.922200 -13 35 17.40500 2454973.79997574 Taygete             
 21 57 11.964200 -13 35 17.23600 2454973.80191378 Taygete             
 21 57 12.004700 -13 35 17.07400 2454973.80377777 Taygete             
 21 57 12.046300 -13 35 16.90700 2454973.80569881 Taygete             
 21 57 12.086900 -13 35 16.74400 2454973.80757413 Taygete             
 21 57 12.128800 -13 35 16.57500 2454973.80950663 Taygete             
 21 57 12.180000 -13 35 16.36900 2454973.81187494 Taygete             
 21 57 12.277100 -13 35 15.97800 2454973.81636361 Taygete             
 21 57 12.319200 -13 35 15.80900 2454973.81830792 Taygete             
 21 57 12.360800 -13 35 15.64100 2454973.82023486 Taygete             
 21 57 12.402900 -13 35 15.47100 2454973.82218333 Taygete             
 21 57 12.443200 -13 35 15.30800 2454973.82404881 Taygete             
 21 57 13.743400 -13 35 10.02000 2454973.88453310 Taygete             
 21 57 13.784600 -13 35  9.85100 2454973.88645877 Taygete             
 21 57 13.967900 -13 35  9.10000 2454973.89502439 Taygete             
 21 57 14.009100 -13 35  8.93100 2454973.89694867 Taygete             
 21 57 12.886700 -13 35 13.51400 2454973.84461828 Taygete             
 21 57 12.928700 -13 35 13.34300 2454973.84656987 Taygete             
 21 57 12.970200 -13 35 13.17400 2454973.84850306 Taygete             
 21 57 13.012000 -13 35 13.00500 2454973.85044238 Taygete             
 21 57 13.052000 -13 35 12.84200 2454973.85230463 Taygete             
 21 57 13.093600 -13 35 12.67300 2454973.85423852 Taygete             
 21 57 13.133900 -13 35 12.50900 2454973.85611672 Taygete             
 21 57 13.179800 -13 35 12.32200 2454973.85825214 Taygete             
 21 57 13.235800 -13 35 12.09400 2454973.86085995 Taygete             
 21 57 13.277600 -13 35 11.92400 2454973.86280657 Taygete             
 21 57 13.319100 -13 35 11.75400 2454973.86474091 Taygete             
 21 57 13.360700 -13 35 11.58500 2454973.86667956 Taygete             
 21 57 13.400800 -13 35 11.42100 2454973.86854492 Taygete             
 21 57 13.442200 -13 35 11.25200 2454973.87047765 Taygete             
 21 57 13.482400 -13 35 11.08800 2454973.87235355 Taygete             
 21 57 13.523900 -13 35 10.91900 2454973.87428731 Taygete             
 21 57 11.171000 -13 35 20.40500 2454973.76546378 Taygete             
 21 57 11.196600 -13 35 20.30400 2454973.76663197 Taygete             
 21 57 11.221900 -13 35 20.20300 2454973.76779137 Taygete             
 21 57 11.247000 -13 35 20.10300 2454973.76894426 Taygete             
 21 57 11.271600 -13 35 20.00500 2454973.77006880 Taygete             
 21 57 11.296900 -13 35 19.90400 2454973.77122946 Taygete             
 21 57 11.322300 -13 35 19.80300 2454973.77239428 Taygete             
 21 57 11.352300 -13 35 19.68300 2454973.77377140 Taygete             
 21 57 11.377400 -13 35 19.58400 2454973.77492164 Taygete             
 21 57 11.402000 -13 35 19.48500 2454973.77605116 Taygete             
 21 57 11.427300 -13 35 19.38500 2454973.77720811 Taygete             
 21 57 11.452400 -13 35 19.28400 2454973.77836414 Taygete             
 21 57 11.477500 -13 35 19.18400 2454973.77951368 Taygete             
 21 57 11.502900 -13 35 19.08300 2454973.78067943 Taygete             
 21 57 12.484300 -13 35 15.14200 2454973.82595317 Taygete             
 21 57 12.509400 -13 35 15.04100 2454973.82711464 Taygete             
 21 57 12.534800 -13 35 14.93800 2454973.82829289 Taygete             
 21 57 12.559900 -13 35 14.83700 2454973.82945459 Taygete             
 21 57 12.584900 -13 35 14.73600 2454973.83061247 Taygete             
 21 57 12.609900 -13 35 14.63500 2454973.83177313 Taygete             
 21 57 12.634800 -13 35 14.53400 2454973.83292534 Taygete             
 21 57 12.664500 -13 35 14.41400 2454973.83430395 Taygete             
 21 57 12.689700 -13 35 14.31200 2454973.83547306 Taygete             
 21 57 12.714600 -13 35 14.21100 2454973.83662874 Taygete             
 21 57 12.739500 -13 35 14.11000 2454973.83778396 Taygete             
 21 57 12.763700 -13 35 14.01200 2454973.83890931 Taygete             
 21 57 12.788400 -13 35 13.91200 2454973.84005433 Taygete             
 21 57 12.813400 -13 35 13.81100 2454973.84121350 Taygete             
 21 57  7.093400 -13 35 36.33900 2454973.58254782 Taygete             
 21 57  7.123500 -13 35 36.22300 2454973.58387412 Taygete             
 21 57  7.149900 -13 35 36.12000 2454973.58503768 Taygete             
 21 57  7.176200 -13 35 36.01900 2454973.58619197 Taygete             
 21 57  7.202400 -13 35 35.91800 2454973.58734880 Taygete             
 21 57  7.233700 -13 35 35.79600 2454973.58872881 Taygete             
 21 57  7.259700 -13 35 35.69600 2454973.58987083 Taygete             
 21 57  7.285900 -13 35 35.59500 2454973.59102894 Taygete             
 21 57  7.312200 -13 35 35.49300 2454973.59218740 Taygete             
 21 57  7.337900 -13 35 35.39400 2454973.59331831 Taygete             
 21 57  6.220700 -13 35 39.71300 2454973.54426270 Taygete             
 21 57  6.251800 -13 35 39.59300 2454973.54562476 Taygete             
 21 57  6.287300 -13 35 39.45500 2454973.54717759 Taygete             
 21 57  6.313300 -13 35 39.35500 2454973.54831348 Taygete             
 21 57  6.339900 -13 35 39.25200 2454973.54947760 Taygete             
 21 57  6.366300 -13 35 39.15000 2454973.55063572 Taygete             
 21 57  6.392700 -13 35 39.04800 2454973.55179117 Taygete             
 21 57  6.419200 -13 35 38.94600 2454973.55295067 Taygete             
 21 57  6.445500 -13 35 38.84400 2454973.55410414 Taygete             
 21 57  6.471200 -13 35 38.74500 2454973.55522775 Taygete             
 21 57  6.497500 -13 35 38.64300 2454973.55637975 Taygete             
 21 57  6.523800 -13 35 38.54100 2454973.55753426 Taygete             
 21 57  6.550200 -13 35 38.43900 2454973.55869122 Taygete             
 21 57  6.573600 -13 35 38.34900 2454973.55971679 Taygete             
 21 57  6.599800 -13 35 38.24700 2454973.56086703 Taygete             
 21 57  6.625500 -13 35 38.14800 2454973.56199064 Taygete             
 21 57  6.655600 -13 35 38.03100 2454973.56331497 Taygete             
 21 57  6.692100 -13 35 37.89100 2454973.56491329 Taygete             
 21 57  6.718600 -13 35 37.78800 2454973.56607753 Taygete             
 21 57  6.744900 -13 35 37.68600 2454973.56723090 Taygete             
 21 57  6.771300 -13 35 37.58400 2454973.56838947 Taygete             
 21 57  6.796800 -13 35 37.48600 2454973.56951193 Taygete             
 21 57  6.823000 -13 35 37.38500 2454973.57065951 Taygete             
 21 57  6.849300 -13 35 37.28300 2454973.57181484 Taygete             
 21 57  6.875600 -13 35 37.18100 2454973.57297295 Taygete             
 21 57  6.902000 -13 35 37.07900 2454973.57413130 Taygete             
 21 57  6.928300 -13 35 36.97700 2454973.57528917 Taygete             
 21 57  6.954700 -13 35 36.87500 2454973.57644590 Taygete             
 21 57  6.978000 -13 35 36.78500 2454973.57747170 Taygete             
 21 57  7.004200 -13 35 36.68400 2454973.57862275 Taygete             
 21 57  7.030400 -13 35 36.58200 2454973.57977889 Taygete             
 21 57  7.056000 -13 35 36.48400 2454973.58090240 Taygete             
 21 57 28.286500 -13 34 11.24600 2454974.54965837 Taygete             
 21 57 28.311500 -13 34 11.15000 2454974.55078904 Taygete             
 21 57 28.337300 -13 34 11.05100 2454974.55195387 Taygete             
 21 57 28.363000 -13 34 10.95300 2454974.55311534 Taygete             
 21 57 28.388100 -13 34 10.85700 2454974.55425238 Taygete             
 21 57 28.413700 -13 34 10.75900 2454974.55540725 Taygete             
 21 57 28.439200 -13 34 10.66100 2454974.55656177 Taygete             
 21 57 28.525000 -13 34 10.33300 2454974.56044286 Taygete             
 21 57 28.573100 -13 34 10.14900 2454974.56262006 Taygete             
 21 57 28.621000 -13 34  9.96500 2454974.56479228 Taygete             
 21 57 28.669100 -13 34  9.78100 2454974.56696936 Taygete             
 21 57 28.715400 -13 34  9.60400 2454974.56906635 Taygete             
 21 57 28.773200 -13 34  9.38300 2454974.57168850 Taygete             
 21 57 28.821400 -13 34  9.19900 2454974.57387207 Taygete             
 21 57 28.869300 -13 34  9.01500 2454974.57604834 Taygete             
 21 57 28.917400 -13 34  8.83100 2454974.57823193 Taygete             
 21 57 28.963700 -13 34  8.65400 2454974.58033515 Taygete             
 21 57 33.443700 -13 33 51.27300 2454974.78845786 Taygete             
 21 57 33.468000 -13 33 51.17600 2454974.78961460 Taygete             
 21 57 33.491600 -13 33 51.08300 2454974.79073681 Taygete             
 21 57 33.515700 -13 33 50.98700 2454974.79188543 Taygete             
 21 57 33.539600 -13 33 50.89200 2454974.79302003 Taygete             
 21 57 33.563100 -13 33 50.79900 2454974.79413961 Taygete             
 21 57 33.587200 -13 33 50.70300 2454974.79528719 Taygete             
 21 57 33.611400 -13 33 50.60700 2454974.79644287 Taygete             
 21 57 33.635000 -13 33 50.51300 2454974.79756660 Taygete             
 21 57 33.659000 -13 33 50.41700 2454974.79871221 Taygete             
 21 57 33.682600 -13 33 50.32300 2454974.79983733 Taygete             
 21 57 33.704300 -13 33 50.23700 2454974.80086950 Taygete             
 21 57 33.728500 -13 33 50.14100 2454974.80202344 Taygete             
 21 57 33.752300 -13 33 50.04600 2454974.80315852 Taygete             
 21 57 33.776500 -13 33 49.95000 2454974.80431269 Taygete             
 21 57 33.804900 -13 33 49.83700 2454974.80567083 Taygete             
 21 57 33.828600 -13 33 49.74200 2454974.80680324 Taygete             
 21 57 33.852600 -13 33 49.64600 2454974.80794885 Taygete             
 21 57 33.876200 -13 33 49.55300 2454974.80907235 Taygete             
 21 57 33.899900 -13 33 49.45800 2454974.81020591 Taygete             
 21 57 33.923900 -13 33 49.36200 2454974.81135338 Taygete             
 21 57 33.948100 -13 33 49.26500 2454974.81251103 Taygete             
 21 57 33.971500 -13 33 49.17200 2454974.81362990 Taygete             
 21 57 33.995600 -13 33 49.07600 2454974.81477968 Taygete             
 21 57 34.019800 -13 33 48.97900 2454974.81593674 Taygete             
 21 57 34.043900 -13 33 48.88300 2454974.81709023 Taygete             
 21 57 34.065400 -13 33 48.79700 2454974.81812054 Taygete             
 21 57 34.089400 -13 33 48.70100 2454974.81926894 Taygete             
 21 57 34.112900 -13 33 48.60700 2454974.82039289 Taygete             
 21 57 34.136900 -13 33 48.51100 2454974.82153804 Taygete             
 21 57 34.185200 -13 33 48.31700 2454974.82385310 Taygete             
 21 57 34.208700 -13 33 48.22300 2454974.82497799 Taygete             
 21 57 34.233200 -13 33 48.12500 2454974.82615267 Taygete             
 21 57 34.257100 -13 33 48.02900 2454974.82729873 Taygete             
 21 57 34.280600 -13 33 47.93500 2454974.82842419 Taygete             
 21 57 34.304300 -13 33 47.84000 2454974.82955846 Taygete             
 21 57 34.328200 -13 33 47.74400 2454974.83070512 Taygete             
 21 57 34.351600 -13 33 47.65100 2454974.83182560 Taygete             
 21 57 34.375400 -13 33 47.55500 2454974.83297062 Taygete             
 21 57 34.399700 -13 33 47.45800 2454974.83413269 Taygete             
 21 57 34.447800 -13 33 47.26400 2454974.83644508 Taygete             
 21 57 34.472400 -13 33 47.16500 2454974.83762368 Taygete             
 21 57 34.496600 -13 33 47.06800 2454974.83878353 Taygete             
 21 57 34.520700 -13 33 46.97100 2454974.83994140 Taygete             
 21 57 34.544200 -13 33 46.87700 2454974.84107266 Taygete             
 21 57 34.567600 -13 33 46.78300 2454974.84219477 Taygete             
 21 57 34.591500 -13 33 46.68600 2454974.84334177 Taygete             
 21 57 34.615600 -13 33 46.58900 2454974.84450023 Taygete             
 21 57 34.639600 -13 33 46.49300 2454974.84565429 Taygete             
 21 57 34.663700 -13 33 46.39600 2454974.84681472 Taygete             
 21 57 36.409300 -13 33 39.29200 2454974.93116082 Taygete             
 21 57 36.433200 -13 33 39.19400 2454974.93231812 Taygete             
 21 57 36.457200 -13 33 39.09500 2454974.93348190 Taygete             
 21 57 36.493400 -13 33 38.94700 2454974.93523892 Taygete             
 21 57 36.516800 -13 33 38.85100 2454974.93637214 Taygete             
 21 57 36.541100 -13 33 38.75100 2454974.93755282 Taygete             
 21 57 32.893600 -13 33 53.44700 2454974.76236432 Taygete             
 21 57 32.918300 -13 33 53.35000 2454974.76353377 Taygete             
 21 57 32.942700 -13 33 53.25400 2454974.76468841 Taygete             
 21 57 32.967200 -13 33 53.15700 2454974.76584398 Taygete             
 21 57 32.991600 -13 33 53.06100 2454974.76699885 Taygete             
 21 57 33.016000 -13 33 52.96500 2454974.76815753 Taygete             
 21 57 33.039700 -13 33 52.87100 2454974.76928034 Taygete             
 21 57 33.064000 -13 33 52.77600 2454974.77042884 Taygete             
 21 57 33.088400 -13 33 52.67900 2454974.77158510 Taygete             
 21 57 33.112800 -13 33 52.58300 2454974.77274506 Taygete             
 21 57 33.144000 -13 33 52.46000 2454974.77422115 Taygete             
 21 57 33.168400 -13 33 52.36300 2454974.77538273 Taygete             
 21 57 33.192800 -13 33 52.26600 2454974.77653853 Taygete             
 21 57 33.217200 -13 33 52.17000 2454974.77769641 Taygete             
 21 57 33.241500 -13 33 52.07400 2454974.77884966 Taygete             
 21 57 33.265900 -13 33 51.97700 2454974.78000997 Taygete             
 21 57 33.290300 -13 33 51.88100 2454974.78116854 Taygete             
 21 57 33.314700 -13 33 51.78400 2454974.78232723 Taygete             
 21 57 33.339100 -13 33 51.68800 2454974.78348279 Taygete             
 21 57 33.363400 -13 33 51.59100 2454974.78463778 Taygete             
 21 57 29.017100 -13 34  8.44900 2454974.58275898 Taygete             
 21 57 29.057300 -13 34  8.29600 2454974.58458522 Taygete             
 21 57 29.152900 -13 34  7.92900 2454974.58893446 Taygete             
 21 57 29.201100 -13 34  7.74500 2454974.59112556 Taygete             
 21 57 29.248700 -13 34  7.56300 2454974.59329083 Taygete             
 21 57 29.296500 -13 34  7.38000 2454974.59547000 Taygete             
 21 57 29.342600 -13 34  7.20300 2454974.59756895 Taygete             
 21 57 29.390300 -13 34  7.02000 2454974.59974291 Taygete             
 21 57 29.447700 -13 34  6.80000 2454974.60236264 Taygete             
 21 57 29.495600 -13 34  6.61700 2454974.60454748 Taygete             
 21 57 29.543100 -13 34  6.43500 2454974.60671484 Taygete             
 21 57 29.590800 -13 34  6.25200 2454974.60889216 Taygete             
 21 57 29.636700 -13 34  6.07600 2454974.61098949 Taygete             
 21 57 29.684100 -13 34  5.89400 2454974.61315546 Taygete             
 21 57 29.730200 -13 34  5.71700 2454974.61526229 Taygete             
 21 57 34.699700 -13 33 46.25000 2454974.84854615 Taygete             
 21 57 34.735700 -13 33 46.10500 2454974.85027828 Taygete             
 21 57 34.870600 -13 33 45.56100 2454974.85676926 Taygete             
 21 57 34.924800 -13 33 45.34200 2454974.85937716 Taygete             
 21 57 35.109500 -13 33 44.59500 2454974.86827824 Taygete             
 21 57 35.192400 -13 33 44.25900 2454974.87227624 Taygete             
 21 57 35.301600 -13 33 43.81600 2454974.87754880 Taygete             
 21 57 35.349300 -13 33 43.62200 2454974.87984847 Taygete             
 21 57 35.416800 -13 33 43.34800 2454974.88311258 Taygete             
 21 57 35.569000 -13 33 42.72900 2454974.89046369 Taygete             
 21 57 35.909800 -13 33 41.33800 2454974.90695453 Taygete             
 21 57 35.957000 -13 33 41.14600 2454974.90923765 Taygete             
 21 57 36.023000 -13 33 40.87600 2454974.91243510 Taygete             
 21 57 36.060700 -13 33 40.72100 2454974.91426377 Taygete             
 21 57 36.098300 -13 33 40.56800 2454974.91608167 Taygete             
 21 57 36.136000 -13 33 40.41300 2454974.91791069 Taygete             
 21 57 36.172100 -13 33 40.26500 2454974.91965797 Taygete             
 21 57 36.219100 -13 33 40.07300 2454974.92193566 Taygete             
 21 57 36.260800 -13 33 39.90100 2454974.92396076 Taygete             
 21 57 36.298300 -13 33 39.74800 2454974.92577947 Taygete             
 21 57 36.336300 -13 33 39.59200 2454974.92762076 Taygete             
 21 57 36.372300 -13 33 39.44400 2454974.92936713 Taygete             
 21 57 55.104200 -13 32 25.37700 2454975.81805588 Taygete             
 21 57 55.132600 -13 32 25.26400 2454975.81946681 Taygete             
 21 57 55.217500 -13 32 24.92800 2454975.82367466 Taygete             
 21 57 55.240200 -13 32 24.83800 2454975.82480094 Taygete             
 21 57 55.262900 -13 32 24.74700 2454975.82592872 Taygete             
 21 57 55.286100 -13 32 24.65500 2454975.82708127 Taygete             
 21 57 55.309400 -13 32 24.56200 2454975.82823834 Taygete             
 21 57 55.336900 -13 32 24.45300 2454975.82960400 Taygete             
 21 57 55.359600 -13 32 24.36300 2454975.83072760 Taygete             
 21 57 55.382600 -13 32 24.27200 2454975.83187194 Taygete             
 21 57 55.405900 -13 32 24.17900 2454975.83302856 Taygete             
 21 57 55.429200 -13 32 24.08600 2454975.83418703 Taygete             
 21 57 55.457200 -13 32 23.97500 2454975.83557779 Taygete             
 21 57 55.480500 -13 32 23.88200 2454975.83673787 Taygete             
 21 57 55.503700 -13 32 23.79000 2454975.83788896 Taygete             
 21 57 55.526900 -13 32 23.69700 2454975.83904681 Taygete             
 21 57 55.549800 -13 32 23.60600 2454975.84018153 Taygete             
 21 57 55.573200 -13 32 23.51300 2454975.84134531 Taygete             
 21 57 55.596300 -13 32 23.42000 2454975.84249590 Taygete             
 21 57 55.618800 -13 32 23.33000 2454975.84361928 Taygete             
 21 57 55.641900 -13 32 23.23800 2454975.84476569 Taygete             
 21 57 55.665200 -13 32 23.14500 2454975.84592578 Taygete             
 21 57 54.027600 -13 32 29.61200 2454975.76499427 Taygete             
 21 57 54.110600 -13 32 29.28800 2454975.76906311 Taygete             
 21 57 54.157000 -13 32 29.10600 2454975.77134034 Taygete             
 21 57 54.207100 -13 32 28.91000 2454975.77379811 Taygete             
 21 57 54.232800 -13 32 28.81000 2454975.77505867 Taygete             
 21 57 54.268900 -13 32 28.66900 2454975.77683142 Taygete             
 21 57 54.305200 -13 32 28.52600 2454975.77861831 Taygete             
 21 57 54.331200 -13 32 28.42400 2454975.77989715 Taygete             
 21 57 54.362600 -13 32 28.30100 2454975.78143818 Taygete             
 21 57 54.399800 -13 32 28.15500 2454975.78327194 Taygete             
 21 57 54.441200 -13 32 27.99300 2454975.78530641 Taygete             
 21 57 54.466700 -13 32 27.89300 2454975.78656209 Taygete             
 21 57 54.497500 -13 32 27.77200 2454975.78807904 Taygete             
 21 57 54.520700 -13 32 27.68000 2454975.78922419 Taygete             
 21 57 54.543600 -13 32 27.59000 2454975.79035301 Taygete             
 21 57 54.567100 -13 32 27.49800 2454975.79150881 Taygete             
 21 57 54.589900 -13 32 27.40800 2454975.79263613 Taygete             
 21 57 54.612600 -13 32 27.31900 2454975.79375558 Taygete             
 21 57 54.635900 -13 32 27.22700 2454975.79490409 Taygete             
 21 57 54.659400 -13 32 27.13400 2454975.79606138 Taygete             
 21 57 54.682800 -13 32 27.04200 2454975.79721891 Taygete             
 21 57 54.705600 -13 32 26.95200 2454975.79834125 Taygete             
 21 57 54.734400 -13 32 26.83900 2454975.79976699 Taygete             
 21 57 54.757900 -13 32 26.74600 2454975.80092359 Taygete             
 21 57 54.801000 -13 32 26.57600 2454975.80305252 Taygete             
 21 57 54.823700 -13 32 26.48600 2454975.80417822 Taygete             
 21 57 54.846600 -13 32 26.39600 2454975.80530786 Taygete             
 21 57 54.869800 -13 32 26.30400 2454975.80645544 Taygete             
 21 57 54.892500 -13 32 26.21500 2454975.80757639 Taygete             
 21 57 54.915600 -13 32 26.12300 2454975.80872187 Taygete             
 21 57 54.938300 -13 32 26.03400 2454975.80984458 Taygete             
 21 57 54.961500 -13 32 25.94200 2454975.81099228 Taygete             
 21 57 54.984900 -13 32 25.84900 2454975.81214969 Taygete             
 21 57 55.008300 -13 32 25.75700 2454975.81330803 Taygete             
 21 57 56.120400 -13 32 21.32200 2454975.86863389 Taygete             
 21 57 56.168600 -13 32 21.12900 2454975.87103774 Taygete             
 21 57 56.207500 -13 32 20.97200 2454975.87298587 Taygete             
 21 57 56.230700 -13 32 20.87900 2454975.87414178 Taygete             
 21 57 56.253800 -13 32 20.78600 2454975.87529919 Taygete             
 21 57 56.276900 -13 32 20.69300 2454975.87645534 Taygete             
 21 57 56.300100 -13 32 20.59900 2454975.87761576 Taygete             
 21 57 56.322200 -13 32 20.51000 2454975.87871918 Taygete             
 21 57 56.361500 -13 32 20.35200 2454975.88068797 Taygete             
 21 57 56.384800 -13 32 20.25800 2454975.88185140 Taygete             
 21 57 56.407900 -13 32 20.16500 2454975.88300789 Taygete             
 21 57 56.431000 -13 32 20.07200 2454975.88416334 Taygete             
 21 57 56.453500 -13 32 19.98100 2454975.88528811 Taygete             
 21 57 56.476900 -13 32 19.88700 2454975.88645965 Taygete             
 21 57 56.499900 -13 32 19.79400 2454975.88761313 Taygete             
 21 57 56.523000 -13 32 19.70100 2454975.88876953 Taygete             
 21 57 50.152500 -13 32 44.45600 2454975.57925160 Taygete             
 21 57 50.176700 -13 32 44.36400 2454975.58038448 Taygete             
 21 57 50.201400 -13 32 44.27100 2454975.58154768 Taygete             
 21 57 50.225300 -13 32 44.18000 2454975.58266910 Taygete             
 21 57 50.249500 -13 32 44.08900 2454975.58380393 Taygete             
 21 57 50.298600 -13 32 43.90300 2454975.58611171 Taygete             
 21 57 50.323200 -13 32 43.81000 2454975.58726728 Taygete             
 21 57 50.347800 -13 32 43.71600 2454975.58842666 Taygete             
 21 57 50.372300 -13 32 43.62300 2454975.58958025 Taygete             
 21 57 50.396200 -13 32 43.53300 2454975.59070144 Taygete             
 21 57 55.704700 -13 32 22.98700 2454975.84789451 Taygete             
 21 57 55.733000 -13 32 22.87400 2454975.84930392 Taygete             
 21 57 55.799300 -13 32 22.60900 2454975.85260983 Taygete             
 21 57 55.848100 -13 32 22.41400 2454975.85504308 Taygete             
 21 57 55.905100 -13 32 22.18600 2454975.85788484 Taygete             
 21 57 55.932600 -13 32 22.07600 2454975.85925360 Taygete             
