 09 25  1.804400 +16 46 16.74400 2454200.63963281 Ijiraq              
 09 25  1.797000 +16 46 16.79900 2454200.64156802 Ijiraq              
 09 25  1.789700 +16 46 16.85500 2454200.64352001 Ijiraq              
 09 25  1.774500 +16 46 16.97000 2454200.64755228 Ijiraq              
 09 25  1.767200 +16 46 17.02600 2454200.64948760 Ijiraq              
 09 25  1.759900 +16 46 17.08100 2454200.65141622 Ijiraq              
 09 25  1.887900 +16 46 16.11300 2454200.61767102 Ijiraq              
 09 25  1.880400 +16 46 16.16900 2454200.61961804 Ijiraq              
 09 25  1.873100 +16 46 16.22400 2454200.62153935 Ijiraq              
 09 25  1.746600 +16 46 17.18100 2454200.65495686 Ijiraq              
 09 25  1.739300 +16 46 17.23600 2454200.65689311 Ijiraq              
 09 25  1.732100 +16 46 17.29100 2454200.65881523 Ijiraq              
 09 25  1.859200 +16 46 16.32900 2454200.62518525 Ijiraq              
 09 25  1.851800 +16 46 16.38500 2454200.62712057 Ijiraq              
 09 25  1.844500 +16 46 16.44000 2454200.62905045 Ijiraq              
 09 24 55.607300 +16 47 11.07700 2454202.63778831 Ijiraq              
 09 24 55.601300 +16 47 11.12400 2454202.63977446 Ijiraq              
 09 24 55.658300 +16 47 10.67700 2454202.62106132 Ijiraq              
 09 24 55.652200 +16 47 10.72400 2454202.62303681 Ijiraq              
 09 24 55.640000 +16 47 10.82100 2454202.62705844 Ijiraq              
 09 24 55.633900 +16 47 10.86800 2454202.62903301 Ijiraq              
 09 24 55.591600 +16 47 11.20000 2454202.64294808 Ijiraq              
 09 24 55.585700 +16 47 11.24600 2454202.64491096 Ijiraq              
 09 24 55.690300 +16 47 10.42600 2454202.61065135 Ijiraq              
 09 24 55.684200 +16 47 10.47400 2454202.61263889 Ijiraq              
 09 24 55.576200 +16 47 11.32100 2454202.64806108 Ijiraq              
 09 24 55.570200 +16 47 11.36900 2454202.65005811 Ijiraq              
 09 24 55.674400 +16 47 10.55100 2454202.61582270 Ijiraq              
 09 24 55.668200 +16 47 10.59900 2454202.61781626 Ijiraq              
 09 24 53.064500 +16 47 34.67700 2454203.63784898 Ijiraq              
 09 24 53.059300 +16 47 34.71900 2454203.63982309 Ijiraq              
 09 24 53.096800 +16 47 34.41800 2454203.62575600 Ijiraq              
 09 24 53.091500 +16 47 34.46000 2454203.62772674 Ijiraq              
 09 24 53.047600 +16 47 34.81400 2454203.64423154 Ijiraq              
 09 24 53.042400 +16 47 34.85600 2454203.64620414 Ijiraq              
 09 24 53.125800 +16 47 34.18500 2454203.61496694 Ijiraq              
 09 24 53.120400 +16 47 34.22700 2454203.61694059 Ijiraq              
 09 24 53.033700 +16 47 34.92600 2454203.64949169 Ijiraq              
 09 24 53.028600 +16 47 34.96700 2454203.65146047 Ijiraq              
 09 24 53.111300 +16 47 34.30100 2454203.62035806 Ijiraq              
 09 24 53.106000 +16 47 34.34400 2454203.62232683 Ijiraq              
 10 11 39.684600 +12 21 31.28700 2454351.65045626 Ijiraq              
 10 11 39.736600 +12 21 30.98800 2454351.65229225 Ijiraq              
 10 11 39.788900 +12 21 30.68700 2454351.65413807 Ijiraq              
 10 11 40.080200 +12 21 29.01200 2454351.66442231 Ijiraq              
 10 11 40.140800 +12 21 28.66300 2454351.66656219 Ijiraq              
 10 11 40.205700 +12 21 28.29000 2454351.66885540 Ijiraq              
 10 12  9.651100 +12 18 37.00100 2454352.72157310 Ijiraq              
 10 12  9.703400 +12 18 36.70000 2454352.72342934 Ijiraq              
 10 12  9.754400 +12 18 36.40700 2454352.72523730 Ijiraq              
 10 12 12.620900 +12 18 19.92600 2454352.82709348 Ijiraq              
 10 12 12.677400 +12 18 19.60000 2454352.82910765 Ijiraq              
 10 12 12.734000 +12 18 19.27400 2454352.83112600 Ijiraq              
 10 12 31.773500 +12 16 27.87300 2454353.51716084 Ijiraq              
 10 12 31.856400 +12 16 27.39200 2454353.52011600 Ijiraq              
 10 12 31.908300 +12 16 27.09100 2454353.52196182 Ijiraq              
 10 12 31.959500 +12 16 26.79400 2454353.52378634 Ijiraq              
 10 12 32.011000 +12 16 26.49400 2454353.52562325 Ijiraq              
 10 12 32.060100 +12 16 26.21000 2454353.52736916 Ijiraq              
 10 12 32.111600 +12 16 25.91100 2454353.52920443 Ijiraq              
 10 12 32.161300 +12 16 25.62200 2454353.53097569 Ijiraq              
 10 12 32.212400 +12 16 25.32600 2454353.53279350 Ijiraq              
 10 12 32.261500 +12 16 25.04200 2454353.53454147 Ijiraq              
 10 12 32.827900 +12 16 21.76000 2454353.55469836 Ijiraq              
 10 12 32.878600 +12 16 21.46600 2454353.55650366 Ijiraq              
 10 12 32.929800 +12 16 21.17000 2454353.55832273 Ijiraq              
 10 12 32.986000 +12 16 20.84400 2454353.56032289 Ijiraq              
 10 12 33.035200 +12 16 20.56000 2454353.56207134 Ijiraq              
 10 12 33.086600 +12 16 20.26200 2454353.56390072 Ijiraq              
 10 12 33.136600 +12 16 19.97300 2454353.56567638 Ijiraq              
 10 12 33.187800 +12 16 19.67600 2454353.56749975 Ijiraq              
 10 12 33.236800 +12 16 19.39300 2454353.56923915 Ijiraq              
 10 12 30.828400 +12 16 33.36900 2454353.48345198 Ijiraq              
 10 12 30.858400 +12 16 33.19400 2454353.48452182 Ijiraq              
 10 12 30.888400 +12 16 33.01900 2454353.48559421 Ijiraq              
 10 12 30.920600 +12 16 32.83200 2454353.48674128 Ijiraq              
 10 12 30.952000 +12 16 32.64900 2454353.48786369 Ijiraq              
 10 12 30.983100 +12 16 32.46800 2454353.48897243 Ijiraq              
 10 12 31.014500 +12 16 32.28500 2454353.49009472 Ijiraq              
 10 12 31.045700 +12 16 32.10400 2454353.49120637 Ijiraq              
 10 12 31.077300 +12 16 31.92000 2454353.49233618 Ijiraq              
 10 12 31.127100 +12 16 31.63000 2454353.49411346 Ijiraq              
 10 12 31.158800 +12 16 31.44600 2454353.49524328 Ijiraq              
 10 12 31.190000 +12 16 31.26400 2454353.49635606 Ijiraq              
 10 12 31.221200 +12 16 31.08300 2454353.49747003 Ijiraq              
 10 12 31.252700 +12 16 30.89900 2454353.49859453 Ijiraq              
 10 12 31.284100 +12 16 30.71700 2454353.49971449 Ijiraq              
 10 12 31.316200 +12 16 30.53000 2454353.50085797 Ijiraq              
 10 12 31.347800 +12 16 30.34600 2454353.50198650 Ijiraq              
 10 12 31.379600 +12 16 30.16200 2454353.50311992 Ijiraq              
 10 12 33.803700 +12 16 16.11700 2454353.58938916 Ijiraq              
 10 12 33.861700 +12 16 15.78200 2454353.59144976 Ijiraq              
 10 12 33.919400 +12 16 15.44900 2454353.59349936 Ijiraq              
 10 12 33.977300 +12 16 15.11400 2454353.59555626 Ijiraq              
 10 12 34.033100 +12 16 14.79200 2454353.59754010 Ijiraq              
 10 12 34.090900 +12 16 14.45800 2454353.59959317 Ijiraq              
 10 12 34.146900 +12 16 14.13500 2454353.60158303 Ijiraq              
 10 12 34.204300 +12 16 13.80400 2454353.60361966 Ijiraq              
 10 12 34.260200 +12 16 13.48100 2454353.60560721 Ijiraq              
 10 12 34.870300 +12 16  9.96300 2454353.62727449 Ijiraq              
 10 12 34.927900 +12 16  9.63100 2454353.62931830 Ijiraq              
 10 12 35.059700 +12 16  8.87100 2454353.63399929 Ijiraq              
 10 12 33.314800 +12 16 18.94200 2454353.57201206 Ijiraq              
 10 12 33.366200 +12 16 18.64500 2454353.57384213 Ijiraq              
 10 12 33.417700 +12 16 18.34700 2454353.57567279 Ijiraq              
 10 12 33.470100 +12 16 18.04400 2454353.57753274 Ijiraq              
 10 12 33.520000 +12 16 17.75600 2454353.57930851 Ijiraq              
 10 12 33.571600 +12 16 17.45700 2454353.58114275 Ijiraq              
 10 12 33.621300 +12 16 17.17000 2454353.58290788 Ijiraq              
 10 12 33.673300 +12 16 16.87000 2454353.58475543 Ijiraq              
 10 12 33.722400 +12 16 16.58600 2454353.58650019 Ijiraq              
 10 12 31.428300 +12 16 29.87900 2454353.50485505 Ijiraq              
 10 12 31.460200 +12 16 29.69300 2454353.50599227 Ijiraq              
 10 12 31.491900 +12 16 29.50900 2454353.50712475 Ijiraq              
 10 12 31.523800 +12 16 29.32400 2454353.50826001 Ijiraq              
 10 12 31.555400 +12 16 29.14000 2454353.50938890 Ijiraq              
 10 12 31.587000 +12 16 28.95600 2454353.51051328 Ijiraq              
 10 12 31.618800 +12 16 28.77200 2454353.51164703 Ijiraq              
 10 12 31.654900 +12 16 28.56200 2454353.51293328 Ijiraq              
 10 12 31.686600 +12 16 28.37800 2454353.51406460 Ijiraq              
 10 12 32.346700 +12 16 24.54700 2454353.53757569 Ijiraq              
 10 12 32.398900 +12 16 24.24500 2454353.53943321 Ijiraq              
 10 12 32.449500 +12 16 23.95100 2454353.54123585 Ijiraq              
 10 12 32.501800 +12 16 23.64900 2454353.54309522 Ijiraq              
 10 12 32.550900 +12 16 23.36400 2454353.54484182 Ijiraq              
 10 12 32.602300 +12 16 23.06600 2454353.54667131 Ijiraq              
 10 12 32.650700 +12 16 22.78600 2454353.54839556 Ijiraq              
 10 12 32.701800 +12 16 22.48900 2454353.55021429 Ijiraq              
 10 12 32.750600 +12 16 22.20700 2454353.55195000 Ijiraq              
 10 25  7.192200 +11 02 53.87500 2454382.50138887 Ijiraq              
 10 25  7.261300 +11 02 53.47400 2454382.50427083 Ijiraq              
 10 25  7.329700 +11 02 53.07800 2454382.50711898 Ijiraq              
 10 25  7.398200 +11 02 52.68100 2454382.50997304 Ijiraq              
 10 25  7.464600 +11 02 52.29600 2454382.51273818 Ijiraq              
 10 25 10.540100 +11 02 34.54200 2454382.64082832 Ijiraq              
 10 25 10.589300 +11 02 34.25900 2454382.64287606 Ijiraq              
 10 25 10.638400 +11 02 33.97600 2454382.64492451 Ijiraq              
 10 25 10.688000 +11 02 33.69100 2454382.64699234 Ijiraq              
 10 25 10.735600 +11 02 33.41600 2454382.64897740 Ijiraq              
 10 25 10.796100 +11 02 33.06800 2454382.65150148 Ijiraq              
 10 25 10.849200 +11 02 32.76200 2454382.65371549 Ijiraq              
 10 25 10.898100 +11 02 32.48000 2454382.65575895 Ijiraq              
 10 25 10.948300 +11 02 32.19100 2454382.65784977 Ijiraq              
 10 25 10.996000 +11 02 31.91700 2454382.65984020 Ijiraq              
 10 25 11.493800 +11 02 29.04900 2454382.68062573 Ijiraq              
 10 25 11.548500 +11 02 28.73400 2454382.68290875 Ijiraq              
 10 25 11.602600 +11 02 28.42200 2454382.68517243 Ijiraq              
 10 25 11.660000 +11 02 28.09100 2454382.68756985 Ijiraq              
 10 25 11.711800 +11 02 27.79300 2454382.68973616 Ijiraq              
 10 25 11.777100 +11 02 27.41600 2454382.69246494 Ijiraq              
 10 25 11.831600 +11 02 27.10200 2454382.69474309 Ijiraq              
 10 25 11.885800 +11 02 26.79000 2454382.69700759 Ijiraq              
 10 25 11.940800 +11 02 26.47300 2454382.69930994 Ijiraq              
 10 25 11.993400 +11 02 26.17000 2454382.70150832 Ijiraq              
 10 25 33.471600 +11 00 20.35500 2454383.61388021 Ijiraq              
 10 25 33.520900 +11 00 20.07100 2454383.61594961 Ijiraq              
 10 25 33.569200 +11 00 19.79300 2454383.61797883 Ijiraq              
 10 25 33.617800 +11 00 19.51300 2454383.62002461 Ijiraq              
 10 25 33.664000 +11 00 19.24700 2454383.62196329 Ijiraq              
 10 25 33.721700 +11 00 18.91500 2454383.62438907 Ijiraq              
 10 25 33.770800 +11 00 18.63200 2454383.62645222 Ijiraq              
 10 25 33.818700 +11 00 18.35600 2454383.62846753 Ijiraq              
 10 25 33.867300 +11 00 18.07600 2454383.63051238 Ijiraq              
 10 25 33.914100 +11 00 17.80600 2454383.63247735 Ijiraq              
 10 25 34.361600 +11 00 15.22900 2454383.65130210 Ijiraq              
 10 25 34.415900 +11 00 14.91700 2454383.65358443 Ijiraq              
 10 25 34.923300 +11 00 11.99500 2454383.67494813 Ijiraq              
 10 25 34.977300 +11 00 11.68400 2454383.67722523 Ijiraq              
 10 25 31.292600 +11 00 32.93100 2454383.52236001 Ijiraq              
 10 25 31.362900 +11 00 32.52400 2454383.52531573 Ijiraq              
 10 25 31.429700 +11 00 32.13800 2454383.52812256 Ijiraq              
 10 25 31.497700 +11 00 31.74500 2454383.53097662 Ijiraq              
 10 25 31.563700 +11 00 31.36300 2454383.53375126 Ijiraq              
 10 26  0.373200 +10 57 43.33700 2454384.76428913 Ijiraq              
 10 26  0.427400 +10 57 43.02400 2454384.76660931 Ijiraq              
 10 26  0.481800 +10 57 42.70900 2454384.76893968 Ijiraq              
 10 26  0.536000 +10 57 42.39600 2454384.77126241 Ijiraq              
 10 26  0.588200 +10 57 42.09400 2454384.77349947 Ijiraq              
 10 26  0.651400 +10 57 41.72900 2454384.77620475 Ijiraq              
 10 26  0.705600 +10 57 41.41500 2454384.77853038 Ijiraq              
 10 26  0.759600 +10 57 41.10300 2454384.78084663 Ijiraq              
 10 26  0.813900 +10 57 40.78900 2454384.78317435 Ijiraq              
 10 26  0.869300 +10 57 40.46800 2454384.78554792 Ijiraq              
 10 26 20.530500 +10 55 45.23300 2454385.63683554 Ijiraq              
 10 26 20.578200 +10 55 44.95800 2454385.63887854 Ijiraq              
 10 26 20.625000 +10 55 44.68900 2454385.64088171 Ijiraq              
 10 26 20.672500 +10 55 44.41500 2454385.64291858 Ijiraq              
 10 26 20.718800 +10 55 44.14900 2454385.64490010 Ijiraq              
 10 26 20.775400 +10 55 43.82300 2454385.64732912 Ijiraq              
 10 26 20.823000 +10 55 43.54900 2454385.64936900 Ijiraq              
 10 26 20.870600 +10 55 43.27600 2454385.65140772 Ijiraq              
 10 26 20.918800 +10 55 42.99900 2454385.65347168 Ijiraq              
 10 26 20.964400 +10 55 42.73600 2454385.65542970 Ijiraq              
 10 26 21.450400 +10 55 39.93900 2454385.67627556 Ijiraq              
 10 26 21.503900 +10 55 39.63100 2454385.67857073 Ijiraq              
 10 26 21.556700 +10 55 39.32800 2454385.68083510 Ijiraq              
 10 26 21.610100 +10 55 39.02000 2454385.68313100 Ijiraq              
 10 26 21.661700 +10 55 38.72300 2454385.68534755 Ijiraq              
 10 26 21.781700 +10 55 38.03200 2454385.69050200 Ijiraq              
 10 26 21.834800 +10 55 37.72600 2454385.69278340 Ijiraq              
 10 26 21.887400 +10 55 37.42400 2454385.69504049 Ijiraq              
 10 26 21.940800 +10 55 37.11600 2454385.69733821 Ijiraq              
 10 26 21.991900 +10 55 36.82200 2454385.69953486 Ijiraq              
 10 26 40.630000 +10 53 47.51200 2454386.51458931 Ijiraq              
 10 26 40.686200 +10 53 47.18700 2454386.51701693 Ijiraq              
 10 26 40.778900 +10 53 46.65100 2454386.52102073 Ijiraq              
 10 26 40.834900 +10 53 46.32800 2454386.52343887 Ijiraq              
 10 26 42.804600 +10 53 34.97600 2454386.60847266 Ijiraq              
 10 26 42.851900 +10 53 34.70400 2454386.61051531 Ijiraq              
 10 26 42.899500 +10 53 34.43000 2454386.61257150 Ijiraq              
 10 26 42.947400 +10 53 34.15400 2454386.61463987 Ijiraq              
 10 26 42.993400 +10 53 33.89000 2454386.61662683 Ijiraq              
 10 26 43.123000 +10 53 33.14400 2454386.62222832 Ijiraq              
 10 26 43.170300 +10 53 32.87200 2454386.62427260 Ijiraq              
 10 26 43.218300 +10 53 32.59600 2454386.62634953 Ijiraq              
 10 26 43.266200 +10 53 32.32000 2454386.62841788 Ijiraq              
 10 26 43.311700 +10 53 32.05900 2454386.63038597 Ijiraq              
 10 26 43.764800 +10 53 29.45300 2454386.64997998 Ijiraq              
 10 26 43.830900 +10 53 29.07300 2454386.65284238 Ijiraq              
 10 26 43.896700 +10 53 28.69400 2454386.65568881 Ijiraq              
 10 26 43.963200 +10 53 28.31200 2454386.65856962 Ijiraq              
 10 26 44.027900 +10 53 27.94000 2454386.66136834 Ijiraq              
 10 26 44.102700 +10 53 27.50900 2454386.66460866 Ijiraq              
 10 26 44.168700 +10 53 27.13000 2454386.66746725 Ijiraq              
 10 26 44.234400 +10 53 26.75200 2454386.67031436 Ijiraq              
 10 26 44.303300 +10 53 26.35500 2454386.67329775 Ijiraq              
 10 26 44.367400 +10 53 25.98700 2454386.67607539 Ijiraq              
 10 19 32.771100 +12 16 20.83600 2454618.76682508 Ijiraq              
 10 19 32.803300 +12 16 20.69400 2454618.76930921 Ijiraq              
 10 19 32.673200 +12 16 21.26600 2454618.75928869 Ijiraq              
 10 19 32.716500 +12 16 21.07500 2454618.76262396 Ijiraq              
 10 19 32.857600 +12 16 20.45600 2454618.77348390 Ijiraq              
 10 19 33.009000 +12 16 19.79200 2454618.78511076 Ijiraq              
 10 19 32.401500 +12 16 22.46300 2454618.73831188 Ijiraq              
 10 19 32.459400 +12 16 22.20800 2454618.74278898 Ijiraq              
 10 19 32.530300 +12 16 21.89500 2454618.74827064 Ijiraq              
 10 19 32.588600 +12 16 21.63800 2454618.75276894 Ijiraq              
 10 19 58.107100 +12 14 28.96800 2454620.69302966 Ijiraq              
 10 19 58.128700 +12 14 28.87000 2454620.69462678 Ijiraq              
 10 19 58.543400 +12 14 27.00100 2454620.72518971 Ijiraq              
 10 19 58.587700 +12 14 26.80200 2454620.72843801 Ijiraq              
 10 19 58.847500 +12 14 25.63700 2454620.74748947 Ijiraq              
 10 19 58.882900 +12 14 25.47800 2454620.75008002 Ijiraq              
 10 19 56.501400 +12 14 36.28500 2454620.57302413 Ijiraq              
 10 19 56.561000 +12 14 36.01200 2454620.57752635 Ijiraq              
 10 19 58.264800 +12 14 28.25500 2454620.70467957 Ijiraq              
 10 19 58.300700 +12 14 28.09400 2454620.70732523 Ijiraq              
 10 19 58.358000 +12 14 27.83500 2454620.71154716 Ijiraq              
 10 19 58.401600 +12 14 27.63900 2454620.71475645 Ijiraq              
 10 19 56.278000 +12 14 37.31000 2454620.55612941 Ijiraq              
 10 19 56.304400 +12 14 37.18900 2454620.55812598 Ijiraq              
 10 19 56.378800 +12 14 36.84700 2454620.56375852 Ijiraq              
 10 19 56.430800 +12 14 36.60900 2454620.56769331 Ijiraq              
 10 19 58.453200 +12 14 27.40700 2454620.71855566 Ijiraq              
 10 19 58.492000 +12 14 27.23200 2454620.72141134 Ijiraq              
 10 20 14.352600 +12 13 16.31200 2454621.87608304 Ijiraq              
 10 20 14.410700 +12 13 16.05600 2454621.88016730 Ijiraq              
 10 20 13.959900 +12 13 18.04800 2454621.84846955 Ijiraq              
 10 20 14.104100 +12 13 17.41000 2454621.85861481 Ijiraq              
 10 20 13.363400 +12 13 20.70000 2454621.80637684 Ijiraq              
 10 20 13.421100 +12 13 20.44300 2454621.81045124 Ijiraq              
 10 20 13.492900 +12 13 20.12300 2454621.81553304 Ijiraq              
 10 20 13.554600 +12 13 19.84800 2454621.81988766 Ijiraq              
 10 20 13.644900 +12 13 19.44700 2454621.82626131 Ijiraq              
 10 20 13.781600 +12 13 18.83900 2454621.83590699 Ijiraq              
 10 20 13.851400 +12 13 18.52900 2454621.84082848 Ijiraq              
 10 20 14.189200 +12 13 17.03400 2454621.86459973 Ijiraq              
 10 20 14.236700 +12 13 16.82400 2454621.86793985 Ijiraq              
 10 20 14.283800 +12 13 16.61600 2454621.87124872 Ijiraq              
 10 20 14.866000 +12 13 14.05200 2454621.91211441 Ijiraq              
 10 20 14.929700 +12 13 13.77200 2454621.91658250 Ijiraq              
 10 20 14.992400 +12 13 13.49700 2454621.92097949 Ijiraq              
 10 20 15.056200 +12 13 13.21700 2454621.92544955 Ijiraq              
 10 20 15.118900 +12 13 12.94200 2454621.92984458 Ijiraq              
 10 20  8.984900 +12 13 40.70100 2454621.48850632 Ijiraq              
 10 20  9.042400 +12 13 40.43500 2454621.49278244 Ijiraq              
 10 20  9.098500 +12 13 40.17500 2454621.49695481 Ijiraq              
 10 20 14.506500 +12 13 15.63400 2454621.88689220 Ijiraq              
 10 20 14.667500 +12 13 14.92500 2454621.89819128 Ijiraq              
 10 20 15.259200 +12 13 12.32700 2454621.93967646 Ijiraq              
 10 20 15.390500 +12 13 11.75200 2454621.94887932 Ijiraq              
 10 20 43.229100 +12 11  5.55400 2454623.90197560 Ijiraq              
 10 20 43.296300 +12 11  5.25500 2454623.90647043 Ijiraq              
 10 20 43.363200 +12 11  4.95600 2454623.91095357 Ijiraq              
 10 20 43.452300 +12 11  4.55900 2454623.91691569 Ijiraq              
 10 20 37.324000 +12 11 32.69000 2454623.49671373 Ijiraq              
 10 20 37.428600 +12 11 32.20000 2454623.50410688 Ijiraq              
 10 20 37.549400 +12 11 31.63400 2454623.51263457 Ijiraq              
 10 20 36.880500 +12 11 34.76600 2454623.46532162 Ijiraq              
 10 20 36.902000 +12 11 34.66500 2454623.46685112 Ijiraq              
 10 20 36.996600 +12 11 34.22300 2454623.47355226 Ijiraq              
 10 20 37.120900 +12 11 33.64100 2454623.48235249 Ijiraq              
 10 20 37.216000 +12 11 33.19600 2454623.48907434 Ijiraq              
 10 20 43.591400 +12 11  3.93900 2454623.92622580 Ijiraq              
 10 20 43.768600 +12 11  3.15000 2454623.93808029 Ijiraq              
 10 20 37.685100 +12 11 30.99800 2454623.52220291 Ijiraq              
 10 20 37.828000 +12 11 30.32900 2454623.53226957 Ijiraq              
 11 05 10.803400 +07 43 42.79400 2454971.57581615 Ijiraq              
 11 05 10.805900 +07 43 42.77100 2454971.57810852 Ijiraq              
 11 05 10.811500 +07 43 42.71700 2454971.58342781 Ijiraq              
 11 05 10.816600 +07 43 42.66900 2454971.58817050 Ijiraq              
 11 05 10.820100 +07 43 42.63500 2454971.59150998 Ijiraq              
 11 05 10.823700 +07 43 42.60100 2454971.59484449 Ijiraq              
 11 05 10.827400 +07 43 42.56700 2454971.59819022 Ijiraq              
 11 05 10.830900 +07 43 42.53300 2454971.60145492 Ijiraq              
 11 05 10.835300 +07 43 42.49200 2454971.60545836 Ijiraq              
 11 05 10.839000 +07 43 42.45700 2454971.60882262 Ijiraq              
 11 05 10.842700 +07 43 42.42300 2454971.61214716 Ijiraq              
 11 05 10.846400 +07 43 42.38900 2454971.61549659 Ijiraq              
 11 05 10.850100 +07 43 42.35500 2454971.61875584 Ijiraq              
 11 05 11.291900 +07 43 39.12800 2454971.91656241 Ijiraq              
 11 05 11.294000 +07 43 39.11500 2454971.91773082 Ijiraq              
 11 05 11.296100 +07 43 39.10300 2454971.91888314 Ijiraq              
 11 05 11.298200 +07 43 39.09000 2454971.92004507 Ijiraq              
 11 05 11.300300 +07 43 39.07800 2454971.92116916 Ijiraq              
 11 05 11.302400 +07 43 39.06500 2454971.92234266 Ijiraq              
 11 05 11.304500 +07 43 39.05300 2454971.92347137 Ijiraq              
 11 05 11.306600 +07 43 39.04000 2454971.92462819 Ijiraq              
 11 05 11.308700 +07 43 39.02800 2454971.92578064 Ijiraq              
 11 05 11.310900 +07 43 39.01500 2454971.92694095 Ijiraq              
 11 05 11.313700 +07 43 38.99800 2454971.92850709 Ijiraq              
 11 05 11.315800 +07 43 38.98500 2454971.92966440 Ijiraq              
 11 05 11.318000 +07 43 38.97300 2454971.93081788 Ijiraq              
 11 05 11.320100 +07 43 38.96000 2454971.93196581 Ijiraq              
 11 05 11.322200 +07 43 38.94800 2454971.93312335 Ijiraq              
 11 05 11.324300 +07 43 38.93500 2454971.93427231 Ijiraq              
 11 05 11.326500 +07 43 38.92200 2454971.93543725 Ijiraq              
 11 05 11.328600 +07 43 38.91000 2454971.93659663 Ijiraq              
 11 05 12.345400 +07 43 32.05200 2454972.55847656 Ijiraq              
 11 05 12.347000 +07 43 32.03800 2454972.55964127 Ijiraq              
 11 05 12.348800 +07 43 32.02200 2454972.56086652 Ijiraq              
 11 05 12.353500 +07 43 31.98200 2454972.56413412 Ijiraq              
 11 05 12.356600 +07 43 31.95500 2454972.56631247 Ijiraq              
 11 05 12.359700 +07 43 31.92800 2454972.56847775 Ijiraq              
 11 05 12.362900 +07 43 31.90100 2454972.57065426 Ijiraq              
 11 05 12.365900 +07 43 31.87500 2454972.57275009 Ijiraq              
 11 05 12.369100 +07 43 31.84800 2454972.57490981 Ijiraq              
 11 05 12.372100 +07 43 31.82100 2454972.57701895 Ijiraq              
 11 05 12.375300 +07 43 31.79400 2454972.57918584 Ijiraq              
 11 05 12.378300 +07 43 31.76800 2454972.58128295 Ijiraq              
 11 05 12.381500 +07 43 31.74100 2454972.58345645 Ijiraq              
 11 05 12.386300 +07 43 31.70000 2454972.58671293 Ijiraq              
 11 05 12.393200 +07 43 31.64100 2454972.59136818 Ijiraq              
 11 05 12.396400 +07 43 31.61400 2454972.59353381 Ijiraq              
 11 05 12.399600 +07 43 31.58700 2454972.59571182 Ijiraq              
 11 05 12.402700 +07 43 31.56000 2454972.59780823 Ijiraq              
 11 05 12.406000 +07 43 31.53300 2454972.59996841 Ijiraq              
 11 05 12.409100 +07 43 31.50600 2454972.60207639 Ijiraq              
 11 05 12.412400 +07 43 31.47900 2454972.60424329 Ijiraq              
 11 05 12.415500 +07 43 31.45200 2454972.60634190 Ijiraq              
 11 05 12.418800 +07 43 31.42500 2454972.60851400 Ijiraq              
 11 05 12.871900 +07 43 28.13000 2454972.85907025 Ijiraq              
 11 05 12.874300 +07 43 28.11500 2454972.86022374 Ijiraq              
 11 05 12.876700 +07 43 28.10000 2454972.86135118 Ijiraq              
 11 05 12.879200 +07 43 28.08400 2454972.86250790 Ijiraq              
 11 05 12.881600 +07 43 28.06900 2454972.86366833 Ijiraq              
 11 05 12.884100 +07 43 28.05300 2454972.86482459 Ijiraq              
 11 05 12.886600 +07 43 28.03800 2454972.86598108 Ijiraq              
 11 05 12.889000 +07 43 28.02200 2454972.86714081 Ijiraq              
 11 05 12.891500 +07 43 28.00700 2454972.86828943 Ijiraq              
 11 05 12.894000 +07 43 27.99200 2454972.86945216 Ijiraq              
 11 05 12.897000 +07 43 27.97300 2454972.87085881 Ijiraq              
 11 05 12.899500 +07 43 27.95700 2454972.87202733 Ijiraq              
 11 05 12.901900 +07 43 27.94200 2454972.87317155 Ijiraq              
 11 05 12.904400 +07 43 27.92600 2454972.87434286 Ijiraq              
 11 05 12.906900 +07 43 27.91100 2454972.87549669 Ijiraq              
 11 05 12.909400 +07 43 27.89600 2454972.87665480 Ijiraq              
 11 05 12.911900 +07 43 27.88000 2454972.87781002 Ijiraq              
 11 05 12.914400 +07 43 27.86500 2454972.87897426 Ijiraq              
 11 05 12.916900 +07 43 27.84900 2454972.88012612 Ijiraq              
 11 05 12.919400 +07 43 27.83400 2454972.88128134 Ijiraq              
 11 05 12.922800 +07 43 27.81300 2454972.88285350 Ijiraq              
 11 05 12.925300 +07 43 27.79700 2454972.88401855 Ijiraq              
 11 05 12.928200 +07 43 27.78000 2454972.88535110 Ijiraq              
 11 05 12.931200 +07 43 27.76200 2454972.88671977 Ijiraq              
 11 05 12.933700 +07 43 27.74600 2454972.88788286 Ijiraq              
 11 05 12.936200 +07 43 27.73100 2454972.88901574 Ijiraq              
 11 05 12.942700 +07 43 27.69100 2454972.89199661 Ijiraq              
 11 05 12.945200 +07 43 27.67600 2454972.89315912 Ijiraq              
 11 05 12.947700 +07 43 27.66100 2454972.89429328 Ijiraq              
 11 05 12.950200 +07 43 27.64500 2454972.89545091 Ijiraq              
 11 05 12.952600 +07 43 27.63000 2454972.89657419 Ijiraq              
 11 05 12.955200 +07 43 27.61500 2454972.89774214 Ijiraq              
 11 05 14.766300 +07 43 15.34400 2454973.78228852 Ijiraq              
 11 05 14.768900 +07 43 15.32600 2454973.78341954 Ijiraq              
 11 05 14.771600 +07 43 15.30800 2454973.78456874 Ijiraq              
 11 05 14.774400 +07 43 15.29000 2454973.78573102 Ijiraq              
 11 05 14.781100 +07 43 15.24500 2454973.78860426 Ijiraq              
 11 05 14.798800 +07 43 15.12700 2454973.79609720 Ijiraq              
 11 05 14.803400 +07 43 15.09700 2454973.79803618 Ijiraq              
 11 05 14.808100 +07 43 15.06700 2454973.79997574 Ijiraq              
 11 05 14.812700 +07 43 15.03600 2454973.80191378 Ijiraq              
 11 05 14.817100 +07 43 15.00700 2454973.80377777 Ijiraq              
 11 05 14.821700 +07 43 14.97700 2454973.80569881 Ijiraq              
 11 05 14.826200 +07 43 14.94700 2454973.80757413 Ijiraq              
 11 05 14.830900 +07 43 14.91700 2454973.80950663 Ijiraq              
 11 05 14.836600 +07 43 14.88000 2454973.81187494 Ijiraq              
 11 05 14.847500 +07 43 14.80900 2454973.81636361 Ijiraq              
 11 05 14.852200 +07 43 14.77900 2454973.81830792 Ijiraq              
 11 05 14.856900 +07 43 14.74900 2454973.82023486 Ijiraq              
 11 05 14.861600 +07 43 14.71800 2454973.82218333 Ijiraq              
 11 05 14.866200 +07 43 14.68900 2454973.82404881 Ijiraq              
 11 05 15.017900 +07 43 13.73900 2454973.88453310 Ijiraq              
 11 05 15.022800 +07 43 13.70900 2454973.88645877 Ijiraq              
 11 05 15.044900 +07 43 13.57500 2454973.89502439 Ijiraq              
 11 05 15.049900 +07 43 13.54500 2454973.89694867 Ijiraq              
 11 05 14.916900 +07 43 14.36600 2454973.84461828 Ijiraq              
 11 05 14.921700 +07 43 14.33500 2454973.84656987 Ijiraq              
 11 05 14.926600 +07 43 14.30500 2454973.84850306 Ijiraq              
 11 05 14.931400 +07 43 14.27400 2454973.85044238 Ijiraq              
 11 05 14.936100 +07 43 14.24500 2454973.85230463 Ijiraq              
 11 05 14.940900 +07 43 14.21500 2454973.85423852 Ijiraq              
 11 05 14.945700 +07 43 14.18500 2454973.85611672 Ijiraq              
 11 05 14.951000 +07 43 14.15200 2454973.85825214 Ijiraq              
 11 05 14.957600 +07 43 14.11100 2454973.86085995 Ijiraq              
 11 05 14.962500 +07 43 14.08000 2454973.86280657 Ijiraq              
 11 05 14.967400 +07 43 14.05000 2454973.86474091 Ijiraq              
 11 05 14.972300 +07 43 14.01900 2454973.86667956 Ijiraq              
 11 05 14.977100 +07 43 13.99000 2454973.86854492 Ijiraq              
 11 05 14.982000 +07 43 13.96000 2454973.87047765 Ijiraq              
 11 05 14.986700 +07 43 13.93000 2454973.87235355 Ijiraq              
 11 05 14.991700 +07 43 13.90000 2454973.87428731 Ijiraq              
 11 05 14.727300 +07 43 15.60700 2454973.76546378 Ijiraq              
 11 05 14.730000 +07 43 15.58900 2454973.76663197 Ijiraq              
 11 05 14.732700 +07 43 15.57100 2454973.76779137 Ijiraq              
 11 05 14.735300 +07 43 15.55300 2454973.76894426 Ijiraq              
 11 05 14.737900 +07 43 15.53500 2454973.77006880 Ijiraq              
 11 05 14.740600 +07 43 15.51700 2454973.77122946 Ijiraq              
 11 05 14.743300 +07 43 15.49900 2454973.77239428 Ijiraq              
 11 05 14.746500 +07 43 15.47700 2454973.77377140 Ijiraq              
 11 05 14.749100 +07 43 15.45900 2454973.77492164 Ijiraq              
 11 05 14.751800 +07 43 15.44200 2454973.77605116 Ijiraq              
 11 05 14.754400 +07 43 15.42400 2454973.77720811 Ijiraq              
 11 05 14.757100 +07 43 15.40500 2454973.77836414 Ijiraq              
 11 05 14.759800 +07 43 15.38700 2454973.77951368 Ijiraq              
 11 05 14.762500 +07 43 15.36900 2454973.78067943 Ijiraq              
 11 05 14.870800 +07 43 14.65900 2454973.82595317 Ijiraq              
 11 05 14.873700 +07 43 14.64100 2454973.82711464 Ijiraq              
 11 05 14.876500 +07 43 14.62200 2454973.82829289 Ijiraq              
 11 05 14.879400 +07 43 14.60400 2454973.82945459 Ijiraq              
 11 05 14.882200 +07 43 14.58600 2454973.83061247 Ijiraq              
 11 05 14.885100 +07 43 14.56700 2454973.83177313 Ijiraq              
 11 05 14.887900 +07 43 14.54900 2454973.83292534 Ijiraq              
 11 05 14.891300 +07 43 14.52800 2454973.83430395 Ijiraq              
 11 05 14.894200 +07 43 14.50900 2454973.83547306 Ijiraq              
 11 05 14.897100 +07 43 14.49100 2454973.83662874 Ijiraq              
 11 05 14.899900 +07 43 14.47300 2454973.83778396 Ijiraq              
 11 05 14.902700 +07 43 14.45500 2454973.83890931 Ijiraq              
 11 05 14.905500 +07 43 14.43700 2454973.84005433 Ijiraq              
 11 05 14.908400 +07 43 14.41900 2454973.84121350 Ijiraq              
 11 05 14.349400 +07 43 18.41400 2454973.58254782 Ijiraq              
 11 05 14.351900 +07 43 18.39400 2454973.58387412 Ijiraq              
 11 05 14.354100 +07 43 18.37700 2454973.58503768 Ijiraq              
 11 05 14.356200 +07 43 18.36000 2454973.58619197 Ijiraq              
 11 05 14.358400 +07 43 18.34200 2454973.58734880 Ijiraq              
 11 05 14.361000 +07 43 18.32200 2454973.58872881 Ijiraq              
 11 05 14.363200 +07 43 18.30500 2454973.58987083 Ijiraq              
 11 05 14.365300 +07 43 18.28700 2454973.59102894 Ijiraq              
 11 05 14.367500 +07 43 18.27000 2454973.59218740 Ijiraq              
 11 05 14.369600 +07 43 18.25300 2454973.59331831 Ijiraq              
 11 05 14.279000 +07 43 18.98000 2454973.54426270 Ijiraq              
 11 05 14.281400 +07 43 18.96000 2454973.54562476 Ijiraq              
 11 05 14.284300 +07 43 18.93700 2454973.54717759 Ijiraq              
 11 05 14.286300 +07 43 18.92000 2454973.54831348 Ijiraq              
 11 05 14.288500 +07 43 18.90300 2454973.54947760 Ijiraq              
 11 05 14.290600 +07 43 18.88600 2454973.55063572 Ijiraq              
 11 05 14.292700 +07 43 18.86900 2454973.55179117 Ijiraq              
 11 05 14.294800 +07 43 18.85200 2454973.55295067 Ijiraq              
 11 05 14.296900 +07 43 18.83500 2454973.55410414 Ijiraq              
 11 05 14.298900 +07 43 18.81900 2454973.55522775 Ijiraq              
 11 05 14.301100 +07 43 18.80200 2454973.55637975 Ijiraq              
 11 05 14.303200 +07 43 18.78500 2454973.55753426 Ijiraq              
 11 05 14.305300 +07 43 18.76800 2454973.55869122 Ijiraq              
 11 05 14.307200 +07 43 18.75300 2454973.55971679 Ijiraq              
 11 05 14.309300 +07 43 18.73600 2454973.56086703 Ijiraq              
 11 05 14.311300 +07 43 18.71900 2454973.56199064 Ijiraq              
 11 05 14.313800 +07 43 18.69900 2454973.56331497 Ijiraq              
 11 05 14.316700 +07 43 18.67600 2454973.56491329 Ijiraq              
 11 05 14.318900 +07 43 18.65900 2454973.56607753 Ijiraq              
 11 05 14.321000 +07 43 18.64100 2454973.56723090 Ijiraq              
 11 05 14.323100 +07 43 18.62400 2454973.56838947 Ijiraq              
 11 05 14.325200 +07 43 18.60800 2454973.56951193 Ijiraq              
 11 05 14.327300 +07 43 18.59100 2454973.57065951 Ijiraq              
 11 05 14.329500 +07 43 18.57400 2454973.57181484 Ijiraq              
 11 05 14.331600 +07 43 18.55600 2454973.57297295 Ijiraq              
 11 05 14.333800 +07 43 18.53900 2454973.57413130 Ijiraq              
 11 05 14.335900 +07 43 18.52200 2454973.57528917 Ijiraq              
 11 05 14.338100 +07 43 18.50500 2454973.57644590 Ijiraq              
 11 05 14.340000 +07 43 18.49000 2454973.57747170 Ijiraq              
 11 05 14.342100 +07 43 18.47200 2454973.57862275 Ijiraq              
 11 05 14.344300 +07 43 18.45500 2454973.57977889 Ijiraq              
 11 05 14.346400 +07 43 18.43900 2454973.58090240 Ijiraq              
 11 05 16.644200 +07 43  3.28000 2454974.54965837 Ijiraq              
 11 05 16.646700 +07 43  3.26100 2454974.55078904 Ijiraq              
 11 05 16.649300 +07 43  3.24100 2454974.55195387 Ijiraq              
 11 05 16.651900 +07 43  3.22100 2454974.55311534 Ijiraq              
 11 05 16.654500 +07 43  3.20200 2454974.55425238 Ijiraq              
 11 05 16.657000 +07 43  3.18200 2454974.55540725 Ijiraq              
 11 05 16.659600 +07 43  3.16200 2454974.55656177 Ijiraq              
 11 05 16.668300 +07 43  3.09600 2454974.56044286 Ijiraq              
 11 05 16.673200 +07 43  3.05800 2454974.56262006 Ijiraq              
 11 05 16.678000 +07 43  3.02100 2454974.56479228 Ijiraq              
 11 05 16.682900 +07 43  2.98400 2454974.56696936 Ijiraq              
 11 05 16.687600 +07 43  2.94800 2454974.56906635 Ijiraq              
 11 05 16.693600 +07 43  2.90300 2454974.57168850 Ijiraq              
 11 05 16.698500 +07 43  2.86500 2454974.57387207 Ijiraq              
 11 05 16.703400 +07 43  2.82800 2454974.57604834 Ijiraq              
 11 05 16.708300 +07 43  2.79000 2454974.57823193 Ijiraq              
 11 05 16.713100 +07 43  2.75400 2454974.58033515 Ijiraq              
 11 05 17.232800 +07 42 59.06300 2454974.78845786 Ijiraq              
 11 05 17.236000 +07 42 59.04200 2454974.78961460 Ijiraq              
 11 05 17.239100 +07 42 59.02200 2454974.79073681 Ijiraq              
 11 05 17.242300 +07 42 59.00100 2454974.79188543 Ijiraq              
 11 05 17.245400 +07 42 58.98100 2454974.79302003 Ijiraq              
 11 05 17.248500 +07 42 58.96000 2454974.79413961 Ijiraq              
 11 05 17.251700 +07 42 58.94000 2454974.79528719 Ijiraq              
 11 05 17.254900 +07 42 58.91900 2454974.79644287 Ijiraq              
 11 05 17.258100 +07 42 58.89900 2454974.79756660 Ijiraq              
 11 05 17.261200 +07 42 58.87800 2454974.79871221 Ijiraq              
 11 05 17.264400 +07 42 58.85800 2454974.79983733 Ijiraq              
 11 05 17.267300 +07 42 58.83900 2454974.80086950 Ijiraq              
 11 05 17.270500 +07 42 58.81800 2454974.80202344 Ijiraq              
 11 05 17.273700 +07 42 58.79800 2454974.80315852 Ijiraq              
 11 05 17.276900 +07 42 58.77700 2454974.80431269 Ijiraq              
 11 05 17.280700 +07 42 58.75200 2454974.80567083 Ijiraq              
 11 05 17.283900 +07 42 58.73200 2454974.80680324 Ijiraq              
 11 05 17.287100 +07 42 58.71100 2454974.80794885 Ijiraq              
 11 05 17.290200 +07 42 58.69100 2454974.80907235 Ijiraq              
 11 05 17.293400 +07 42 58.67000 2454974.81020591 Ijiraq              
 11 05 17.296700 +07 42 58.65000 2454974.81135338 Ijiraq              
 11 05 17.299900 +07 42 58.62900 2454974.81251103 Ijiraq              
 11 05 17.303100 +07 42 58.60900 2454974.81362990 Ijiraq              
 11 05 17.306300 +07 42 58.58800 2454974.81477968 Ijiraq              
 11 05 17.309600 +07 42 58.56700 2454974.81593674 Ijiraq              
 11 05 17.312900 +07 42 58.54600 2454974.81709023 Ijiraq              
 11 05 17.315800 +07 42 58.52800 2454974.81812054 Ijiraq              
 11 05 17.319000 +07 42 58.50700 2454974.81926894 Ijiraq              
 11 05 17.322200 +07 42 58.48700 2454974.82039289 Ijiraq              
 11 05 17.325500 +07 42 58.46600 2454974.82153804 Ijiraq              
 11 05 17.332000 +07 42 58.42400 2454974.82385310 Ijiraq              
 11 05 17.335200 +07 42 58.40400 2454974.82497799 Ijiraq              
 11 05 17.338600 +07 42 58.38300 2454974.82615267 Ijiraq              
 11 05 17.341900 +07 42 58.36200 2454974.82729873 Ijiraq              
 11 05 17.345100 +07 42 58.34200 2454974.82842419 Ijiraq              
 11 05 17.348300 +07 42 58.32100 2454974.82955846 Ijiraq              
 11 05 17.351600 +07 42 58.30000 2454974.83070512 Ijiraq              
 11 05 17.354800 +07 42 58.28000 2454974.83182560 Ijiraq              
 11 05 17.358100 +07 42 58.26000 2454974.83297062 Ijiraq              
 11 05 17.361400 +07 42 58.23900 2454974.83413269 Ijiraq              
 11 05 17.368100 +07 42 58.19700 2454974.83644508 Ijiraq              
 11 05 17.371500 +07 42 58.17600 2454974.83762368 Ijiraq              
 11 05 17.374800 +07 42 58.15500 2454974.83878353 Ijiraq              
 11 05 17.378100 +07 42 58.13400 2454974.83994140 Ijiraq              
 11 05 17.381400 +07 42 58.11300 2454974.84107266 Ijiraq              
 11 05 17.384600 +07 42 58.09300 2454974.84219477 Ijiraq              
 11 05 17.387900 +07 42 58.07200 2454974.84334177 Ijiraq              
 11 05 17.391300 +07 42 58.05100 2454974.84450023 Ijiraq              
 11 05 17.394600 +07 42 58.03100 2454974.84565429 Ijiraq              
 11 05 17.398000 +07 42 58.01000 2454974.84681472 Ijiraq              
 11 05 17.649000 +07 42 56.49100 2454974.93116082 Ijiraq              
 11 05 17.652500 +07 42 56.47000 2454974.93231812 Ijiraq              
 11 05 17.656100 +07 42 56.44900 2454974.93348190 Ijiraq              
 11 05 17.661400 +07 42 56.41800 2454974.93523892 Ijiraq              
 11 05 17.664900 +07 42 56.39700 2454974.93637214 Ijiraq              
 11 05 17.668500 +07 42 56.37600 2454974.93755282 Ijiraq              
 11 05 17.161700 +07 42 59.53300 2454974.76236432 Ijiraq              
 11 05 17.164800 +07 42 59.51200 2454974.76353377 Ijiraq              
 11 05 17.167900 +07 42 59.49100 2454974.76468841 Ijiraq              
 11 05 17.171100 +07 42 59.47000 2454974.76584398 Ijiraq              
 11 05 17.174200 +07 42 59.45000 2454974.76699885 Ijiraq              
 11 05 17.177300 +07 42 59.42900 2454974.76815753 Ijiraq              
 11 05 17.180400 +07 42 59.40800 2454974.76928034 Ijiraq              
 11 05 17.183500 +07 42 59.38800 2454974.77042884 Ijiraq              
 11 05 17.186600 +07 42 59.36700 2454974.77158510 Ijiraq              
 11 05 17.189800 +07 42 59.34600 2454974.77274506 Ijiraq              
 11 05 17.193800 +07 42 59.31900 2454974.77422115 Ijiraq              
 11 05 17.197000 +07 42 59.29900 2454974.77538273 Ijiraq              
 11 05 17.200100 +07 42 59.27800 2454974.77653853 Ijiraq              
 11 05 17.203300 +07 42 59.25700 2454974.77769641 Ijiraq              
 11 05 17.206400 +07 42 59.23600 2454974.77884966 Ijiraq              
 11 05 17.209600 +07 42 59.21500 2454974.78000997 Ijiraq              
 11 05 17.212800 +07 42 59.19400 2454974.78116854 Ijiraq              
 11 05 17.215900 +07 42 59.17300 2454974.78232723 Ijiraq              
 11 05 17.219100 +07 42 59.15300 2454974.78348279 Ijiraq              
 11 05 17.222300 +07 42 59.13200 2454974.78463778 Ijiraq              
 11 05 16.718600 +07 43  2.71200 2454974.58275898 Ijiraq              
 11 05 16.722800 +07 43  2.68000 2454974.58458522 Ijiraq              
 11 05 16.732700 +07 43  2.60500 2454974.58893446 Ijiraq              
 11 05 16.737700 +07 43  2.56700 2454974.59112556 Ijiraq              
 11 05 16.742600 +07 43  2.53000 2454974.59329083 Ijiraq              
 11 05 16.747600 +07 43  2.49200 2454974.59547000 Ijiraq              
 11 05 16.752400 +07 43  2.45500 2454974.59756895 Ijiraq              
 11 05 16.757400 +07 43  2.41800 2454974.59974291 Ijiraq              
 11 05 16.763500 +07 43  2.37200 2454974.60236264 Ijiraq              
 11 05 16.768500 +07 43  2.33400 2454974.60454748 Ijiraq              
 11 05 16.773500 +07 43  2.29700 2454974.60671484 Ijiraq              
 11 05 16.778600 +07 43  2.25900 2454974.60889216 Ijiraq              
 11 05 16.783400 +07 43  2.22200 2454974.61098949 Ijiraq              
 11 05 16.788500 +07 43  2.18400 2454974.61315546 Ijiraq              
 11 05 16.793400 +07 43  2.14800 2454974.61526229 Ijiraq              
 11 05 17.403000 +07 42 57.97800 2454974.84854615 Ijiraq              
 11 05 17.408000 +07 42 57.94700 2454974.85027828 Ijiraq              
 11 05 17.426900 +07 42 57.83000 2454974.85676926 Ijiraq              
 11 05 17.434600 +07 42 57.78300 2454974.85937716 Ijiraq              
 11 05 17.460700 +07 42 57.62200 2454974.86827824 Ijiraq              
 11 05 17.472400 +07 42 57.55000 2454974.87227624 Ijiraq              
 11 05 17.488000 +07 42 57.45500 2454974.87754880 Ijiraq              
 11 05 17.494800 +07 42 57.41400 2454974.87984847 Ijiraq              
 11 05 17.504500 +07 42 57.35500 2454974.88311258 Ijiraq              
 11 05 17.526400 +07 42 57.22300 2454974.89046369 Ijiraq              
 11 05 17.575800 +07 42 56.92600 2454974.90695453 Ijiraq              
 11 05 17.582700 +07 42 56.88500 2454974.90923765 Ijiraq              
 11 05 17.592300 +07 42 56.82700 2454974.91243510 Ijiraq              
 11 05 17.597800 +07 42 56.79400 2454974.91426377 Ijiraq              
 11 05 17.603300 +07 42 56.76200 2454974.91608167 Ijiraq              
 11 05 17.608800 +07 42 56.72900 2454974.91791069 Ijiraq              
 11 05 17.614100 +07 42 56.69700 2454974.91965797 Ijiraq              
 11 05 17.621000 +07 42 56.65700 2454974.92193566 Ijiraq              
 11 05 17.627200 +07 42 56.62000 2454974.92396076 Ijiraq              
 11 05 17.632700 +07 42 56.58700 2454974.92577947 Ijiraq              
 11 05 17.638300 +07 42 56.55400 2454974.92762076 Ijiraq              
 11 05 17.643600 +07 42 56.52300 2454974.92936713 Ijiraq              
 11 05 20.178600 +07 42 39.92100 2454975.81805588 Ijiraq              
 11 05 20.183200 +07 42 39.89200 2454975.81946681 Ijiraq              
 11 05 20.196900 +07 42 39.80700 2454975.82367466 Ijiraq              
 11 05 20.200500 +07 42 39.78400 2454975.82480094 Ijiraq              
 11 05 20.204200 +07 42 39.76100 2454975.82592872 Ijiraq              
 11 05 20.207900 +07 42 39.73700 2454975.82708127 Ijiraq              
 11 05 20.211700 +07 42 39.71300 2454975.82823834 Ijiraq              
 11 05 20.216200 +07 42 39.68600 2454975.82960400 Ijiraq              
 11 05 20.219800 +07 42 39.66300 2454975.83072760 Ijiraq              
 11 05 20.223600 +07 42 39.63900 2454975.83187194 Ijiraq              
 11 05 20.227300 +07 42 39.61600 2454975.83302856 Ijiraq              
 11 05 20.231100 +07 42 39.59200 2454975.83418703 Ijiraq              
 11 05 20.235700 +07 42 39.56400 2454975.83557779 Ijiraq              
 11 05 20.239500 +07 42 39.54000 2454975.83673787 Ijiraq              
 11 05 20.243300 +07 42 39.51700 2454975.83788896 Ijiraq              
 11 05 20.247100 +07 42 39.49300 2454975.83904681 Ijiraq              
 11 05 20.250800 +07 42 39.47000 2454975.84018153 Ijiraq              
 11 05 20.254600 +07 42 39.44600 2454975.84134531 Ijiraq              
 11 05 20.258400 +07 42 39.42300 2454975.84249590 Ijiraq              
 11 05 20.262100 +07 42 39.40000 2454975.84361928 Ijiraq              
 11 05 20.265900 +07 42 39.37600 2454975.84476569 Ijiraq              
 11 05 20.269700 +07 42 39.35300 2454975.84592578 Ijiraq              
 11 05 20.010400 +07 42 41.00200 2454975.76499427 Ijiraq              
 11 05 20.023000 +07 42 40.92000 2454975.76906311 Ijiraq              
 11 05 20.030100 +07 42 40.87300 2454975.77134034 Ijiraq              
 11 05 20.037800 +07 42 40.82300 2454975.77379811 Ijiraq              
 11 05 20.041700 +07 42 40.79800 2454975.77505867 Ijiraq              
 11 05 20.047300 +07 42 40.76100 2454975.77683142 Ijiraq              
 11 05 20.052900 +07 42 40.72500 2454975.77861831 Ijiraq              
 11 05 20.056900 +07 42 40.69900 2454975.77989715 Ijiraq              
 11 05 20.061800 +07 42 40.66800 2454975.78143818 Ijiraq              
 11 05 20.067500 +07 42 40.63000 2454975.78327194 Ijiraq              
 11 05 20.073900 +07 42 40.58900 2454975.78530641 Ijiraq              
 11 05 20.077900 +07 42 40.56300 2454975.78656209 Ijiraq              
 11 05 20.082700 +07 42 40.53200 2454975.78807904 Ijiraq              
 11 05 20.086300 +07 42 40.50900 2454975.78922419 Ijiraq              
 11 05 20.089900 +07 42 40.48600 2454975.79035301 Ijiraq              
 11 05 20.093600 +07 42 40.46200 2454975.79150881 Ijiraq              
 11 05 20.097100 +07 42 40.43900 2454975.79263613 Ijiraq              
 11 05 20.100700 +07 42 40.41700 2454975.79375558 Ijiraq              
 11 05 20.104400 +07 42 40.39300 2454975.79490409 Ijiraq              
 11 05 20.108000 +07 42 40.37000 2454975.79606138 Ijiraq              
 11 05 20.111700 +07 42 40.34600 2454975.79721891 Ijiraq              
 11 05 20.115300 +07 42 40.32300 2454975.79834125 Ijiraq              
 11 05 20.119800 +07 42 40.29400 2454975.79976699 Ijiraq              
 11 05 20.123500 +07 42 40.27000 2454975.80092359 Ijiraq              
 11 05 20.130300 +07 42 40.22700 2454975.80305252 Ijiraq              
 11 05 20.134000 +07 42 40.20400 2454975.80417822 Ijiraq              
 11 05 20.137600 +07 42 40.18100 2454975.80530786 Ijiraq              
 11 05 20.141300 +07 42 40.15800 2454975.80645544 Ijiraq              
 11 05 20.144800 +07 42 40.13500 2454975.80757639 Ijiraq              
 11 05 20.148500 +07 42 40.11100 2454975.80872187 Ijiraq              
 11 05 20.152100 +07 42 40.08900 2454975.80984458 Ijiraq              
 11 05 20.155800 +07 42 40.06500 2454975.81099228 Ijiraq              
 11 05 20.159600 +07 42 40.04200 2454975.81214969 Ijiraq              
 11 05 20.163300 +07 42 40.01800 2454975.81330803 Ijiraq              
 11 05 20.345200 +07 42 38.89000 2454975.86863389 Ijiraq              
 11 05 20.353200 +07 42 38.84100 2454975.87103774 Ijiraq              
 11 05 20.359700 +07 42 38.80100 2454975.87298587 Ijiraq              
 11 05 20.363600 +07 42 38.77800 2454975.87414178 Ijiraq              
 11 05 20.367500 +07 42 38.75400 2454975.87529919 Ijiraq              
 11 05 20.371400 +07 42 38.73100 2454975.87645534 Ijiraq              
 11 05 20.375300 +07 42 38.70700 2454975.87761576 Ijiraq              
 11 05 20.379000 +07 42 38.68500 2454975.87871918 Ijiraq              
 11 05 20.385600 +07 42 38.64400 2454975.88068797 Ijiraq              
 11 05 20.389500 +07 42 38.62100 2454975.88185140 Ijiraq              
 11 05 20.393400 +07 42 38.59700 2454975.88300789 Ijiraq              
 11 05 20.397300 +07 42 38.57400 2454975.88416334 Ijiraq              
 11 05 20.401100 +07 42 38.55100 2454975.88528811 Ijiraq              
 11 05 20.405100 +07 42 38.52700 2454975.88645965 Ijiraq              
 11 05 20.409000 +07 42 38.50300 2454975.88761313 Ijiraq              
 11 05 20.412900 +07 42 38.48000 2454975.88876953 Ijiraq              
 11 05 19.477100 +07 42 44.72600 2454975.57925160 Ijiraq              
 11 05 19.480200 +07 42 44.70400 2454975.58038448 Ijiraq              
 11 05 19.483300 +07 42 44.68100 2454975.58154768 Ijiraq              
 11 05 19.486300 +07 42 44.65900 2454975.58266910 Ijiraq              
 11 05 19.489300 +07 42 44.63700 2454975.58380393 Ijiraq              
 11 05 19.495500 +07 42 44.59200 2454975.58611171 Ijiraq              
 11 05 19.498600 +07 42 44.56900 2454975.58726728 Ijiraq              
 11 05 19.501700 +07 42 44.54600 2454975.58842666 Ijiraq              
 11 05 19.504800 +07 42 44.52400 2454975.58958025 Ijiraq              
 11 05 19.507800 +07 42 44.50200 2454975.59070144 Ijiraq              
 11 05 20.276200 +07 42 39.31300 2454975.84789451 Ijiraq              
 11 05 20.280900 +07 42 39.28400 2454975.84930392 Ijiraq              
 11 05 20.291800 +07 42 39.21600 2454975.85260983 Ijiraq              
 11 05 20.299900 +07 42 39.16700 2454975.85504308 Ijiraq              
 11 05 20.309300 +07 42 39.10900 2454975.85788484 Ijiraq              
 11 05 20.313900 +07 42 39.08100 2454975.85925360 Ijiraq              
