 17 20 40.894500 -22 40 39.87000 2454200.63963281 Iocaste             
 17 20 40.884100 -22 40 39.81400 2454200.64156802 Iocaste             
 17 20 40.873700 -22 40 39.75700 2454200.64352001 Iocaste             
 17 20 40.852000 -22 40 39.64000 2454200.64755228 Iocaste             
 17 20 40.841600 -22 40 39.58300 2454200.64948760 Iocaste             
 17 20 40.831200 -22 40 39.52700 2454200.65141622 Iocaste             
 17 20 41.010400 -22 40 40.50900 2454200.61767102 Iocaste             
 17 20 41.000200 -22 40 40.45300 2454200.61961804 Iocaste             
 17 20 40.990200 -22 40 40.39700 2454200.62153935 Iocaste             
 17 20 40.812000 -22 40 39.42400 2454200.65495686 Iocaste             
 17 20 40.801500 -22 40 39.36700 2454200.65689311 Iocaste             
 17 20 40.791100 -22 40 39.31100 2454200.65881523 Iocaste             
 17 20 40.971000 -22 40 40.29100 2454200.62518525 Iocaste             
 17 20 40.960800 -22 40 40.23400 2454200.62712057 Iocaste             
 17 20 40.950700 -22 40 40.17800 2454200.62905045 Iocaste             
 17 20 28.720100 -22 39 32.06700 2454202.63778831 Iocaste             
 17 20 28.706100 -22 39 32.00500 2454202.63977446 Iocaste             
 17 20 28.837200 -22 39 32.58700 2454202.62106132 Iocaste             
 17 20 28.823500 -22 39 32.52600 2454202.62303681 Iocaste             
 17 20 28.795400 -22 39 32.40100 2454202.62705844 Iocaste             
 17 20 28.781600 -22 39 32.34000 2454202.62903301 Iocaste             
 17 20 28.683700 -22 39 31.90600 2454202.64294808 Iocaste             
 17 20 28.669800 -22 39 31.84500 2454202.64491096 Iocaste             
 17 20 28.909300 -22 39 32.91100 2454202.61065135 Iocaste             
 17 20 28.895600 -22 39 32.84900 2454202.61263889 Iocaste             
 17 20 28.647400 -22 39 31.74700 2454202.64806108 Iocaste             
 17 20 28.633300 -22 39 31.68500 2454202.65005811 Iocaste             
 17 20 28.873600 -22 39 32.75000 2454202.61582270 Iocaste             
 17 20 28.859700 -22 39 32.68800 2454202.61781626 Iocaste             
 17 20 21.360000 -22 38 56.61200 2454203.63784898 Iocaste             
 17 20 21.344400 -22 38 56.54900 2454203.63982309 Iocaste             
 17 20 21.455200 -22 38 57.00100 2454203.62575600 Iocaste             
 17 20 21.439700 -22 38 56.93700 2454203.62772674 Iocaste             
 17 20 21.309400 -22 38 56.40700 2454203.64423154 Iocaste             
 17 20 21.293800 -22 38 56.34300 2454203.64620414 Iocaste             
 17 20 21.539400 -22 38 57.34700 2454203.61496694 Iocaste             
 17 20 21.524100 -22 38 57.28400 2454203.61694059 Iocaste             
 17 20 21.267600 -22 38 56.23700 2454203.64949169 Iocaste             
 17 20 21.251900 -22 38 56.17400 2454203.65146047 Iocaste             
 17 20 21.497400 -22 38 57.17400 2454203.62035806 Iocaste             
 17 20 21.482000 -22 38 57.11100 2454203.62232683 Iocaste             
 16 35 49.654400 -21 07 31.68900 2454351.65045626 Iocaste             
 16 35 49.694100 -21 07 31.81500 2454351.65229225 Iocaste             
 16 35 49.734100 -21 07 31.94100 2454351.65413807 Iocaste             
 16 35 49.957000 -21 07 32.64400 2454351.66442231 Iocaste             
 16 35 50.003400 -21 07 32.79000 2454351.66656219 Iocaste             
 16 35 50.053200 -21 07 32.94700 2454351.66885540 Iocaste             
 16 36 13.370100 -21 08 49.14700 2454352.72157310 Iocaste             
 16 36 13.412300 -21 08 49.27800 2454352.72342934 Iocaste             
 16 36 13.453500 -21 08 49.40500 2454352.72523730 Iocaste             
 16 36 15.793500 -21 08 56.63200 2454352.82709348 Iocaste             
 16 36 15.840200 -21 08 56.77700 2454352.82910765 Iocaste             
 16 36 15.887000 -21 08 56.92200 2454352.83112600 Iocaste             
 16 36 31.582300 -21 09 48.68400 2454353.51716084 Iocaste             
 16 36 31.649100 -21 09 48.89900 2454353.52011600 Iocaste             
 16 36 31.690900 -21 09 49.03300 2454353.52196182 Iocaste             
 16 36 31.732200 -21 09 49.16600 2454353.52378634 Iocaste             
 16 36 31.773700 -21 09 49.30000 2454353.52562325 Iocaste             
 16 36 31.813300 -21 09 49.42700 2454353.52736916 Iocaste             
 16 36 31.854800 -21 09 49.56000 2454353.52920443 Iocaste             
 16 36 31.894900 -21 09 49.68900 2454353.53097569 Iocaste             
 16 36 31.936100 -21 09 49.82100 2454353.53279350 Iocaste             
 16 36 31.975700 -21 09 49.94800 2454353.53454147 Iocaste             
 16 36 32.433300 -21 09 51.40800 2454353.55469836 Iocaste             
 16 36 32.474300 -21 09 51.53900 2454353.55650366 Iocaste             
 16 36 32.515700 -21 09 51.67000 2454353.55832273 Iocaste             
 16 36 32.561200 -21 09 51.81500 2454353.56032289 Iocaste             
 16 36 32.601000 -21 09 51.94100 2454353.56207134 Iocaste             
 16 36 32.642600 -21 09 52.07400 2454353.56390072 Iocaste             
 16 36 32.683100 -21 09 52.20200 2454353.56567638 Iocaste             
 16 36 32.724600 -21 09 52.33300 2454353.56749975 Iocaste             
 16 36 32.764300 -21 09 52.45900 2454353.56923915 Iocaste             
 16 36 30.821900 -21 09 46.21900 2454353.48345198 Iocaste             
 16 36 30.846000 -21 09 46.29700 2454353.48452182 Iocaste             
 16 36 30.870200 -21 09 46.37600 2454353.48559421 Iocaste             
 16 36 30.896000 -21 09 46.46000 2454353.48674128 Iocaste             
 16 36 30.921300 -21 09 46.54200 2454353.48786369 Iocaste             
 16 36 30.946200 -21 09 46.62400 2454353.48897243 Iocaste             
 16 36 30.971500 -21 09 46.70600 2454353.49009472 Iocaste             
 16 36 30.996600 -21 09 46.78700 2454353.49120637 Iocaste             
 16 36 31.022000 -21 09 46.87000 2454353.49233618 Iocaste             
 16 36 31.062100 -21 09 47.00000 2454353.49411346 Iocaste             
 16 36 31.087600 -21 09 47.08300 2454353.49524328 Iocaste             
 16 36 31.112600 -21 09 47.16500 2454353.49635606 Iocaste             
 16 36 31.137800 -21 09 47.24600 2454353.49747003 Iocaste             
 16 36 31.163100 -21 09 47.32800 2454353.49859453 Iocaste             
 16 36 31.188400 -21 09 47.41000 2454353.49971449 Iocaste             
 16 36 31.214200 -21 09 47.49400 2454353.50085797 Iocaste             
 16 36 31.239600 -21 09 47.57600 2454353.50198650 Iocaste             
 16 36 31.265200 -21 09 47.65900 2454353.50311992 Iocaste             
 16 36 33.224400 -21 09 53.91100 2454353.58938916 Iocaste             
 16 36 33.271600 -21 09 54.05900 2454353.59144976 Iocaste             
 16 36 33.318500 -21 09 54.20700 2454353.59349936 Iocaste             
 16 36 33.365600 -21 09 54.35500 2454353.59555626 Iocaste             
 16 36 33.411000 -21 09 54.49800 2454353.59754010 Iocaste             
 16 36 33.458100 -21 09 54.64500 2454353.59959317 Iocaste             
 16 36 33.503700 -21 09 54.78800 2454353.60158303 Iocaste             
 16 36 33.550400 -21 09 54.93500 2454353.60361966 Iocaste             
 16 36 33.596000 -21 09 55.07700 2454353.60560721 Iocaste             
 16 36 34.094400 -21 09 56.63300 2454353.62727449 Iocaste             
 16 36 34.141500 -21 09 56.78000 2454353.62931830 Iocaste             
 16 36 34.249500 -21 09 57.11500 2454353.63399929 Iocaste             
 16 36 32.827500 -21 09 52.65900 2454353.57201206 Iocaste             
 16 36 32.869200 -21 09 52.79100 2454353.57384213 Iocaste             
 16 36 32.911000 -21 09 52.92300 2454353.57567279 Iocaste             
 16 36 32.953500 -21 09 53.05700 2454353.57753274 Iocaste             
 16 36 32.994000 -21 09 53.18500 2454353.57930851 Iocaste             
 16 36 33.035900 -21 09 53.31700 2454353.58114275 Iocaste             
 16 36 33.076200 -21 09 53.44400 2454353.58290788 Iocaste             
 16 36 33.118400 -21 09 53.57800 2454353.58475543 Iocaste             
 16 36 33.158300 -21 09 53.70300 2454353.58650019 Iocaste             
 16 36 31.304400 -21 09 47.78600 2454353.50485505 Iocaste             
 16 36 31.330000 -21 09 47.86900 2454353.50599227 Iocaste             
 16 36 31.355600 -21 09 47.95200 2454353.50712475 Iocaste             
 16 36 31.381200 -21 09 48.03500 2454353.50826001 Iocaste             
 16 36 31.406700 -21 09 48.11700 2454353.50938890 Iocaste             
 16 36 31.432100 -21 09 48.19900 2454353.51051328 Iocaste             
 16 36 31.457700 -21 09 48.28200 2454353.51164703 Iocaste             
 16 36 31.486800 -21 09 48.37600 2454353.51293328 Iocaste             
 16 36 31.512300 -21 09 48.45800 2454353.51406460 Iocaste             
 16 36 32.044500 -21 09 50.16800 2454353.53757569 Iocaste             
 16 36 32.086600 -21 09 50.30300 2454353.53943321 Iocaste             
 16 36 32.127500 -21 09 50.43300 2454353.54123585 Iocaste             
 16 36 32.169700 -21 09 50.56800 2454353.54309522 Iocaste             
 16 36 32.209300 -21 09 50.69500 2454353.54484182 Iocaste             
 16 36 32.250900 -21 09 50.82700 2454353.54667131 Iocaste             
 16 36 32.290000 -21 09 50.95200 2454353.54839556 Iocaste             
 16 36 32.331300 -21 09 51.08400 2454353.55021429 Iocaste             
 16 36 32.370800 -21 09 51.21000 2454353.55195000 Iocaste             
 16 52 31.665200 -21 54  9.21300 2454382.50138887 Iocaste             
 16 52 31.785800 -21 54  9.50000 2454382.50427083 Iocaste             
 16 52 31.905100 -21 54  9.78400 2454382.50711898 Iocaste             
 16 52 32.024600 -21 54 10.06800 2454382.50997304 Iocaste             
 16 52 32.140400 -21 54 10.34300 2454382.51273818 Iocaste             
 16 52 37.540300 -21 54 23.05500 2454382.64082832 Iocaste             
 16 52 37.627300 -21 54 23.25800 2454382.64287606 Iocaste             
 16 52 37.714200 -21 54 23.46100 2454382.64492451 Iocaste             
 16 52 37.802000 -21 54 23.66700 2454382.64699234 Iocaste             
 16 52 37.886300 -21 54 23.86400 2454382.64897740 Iocaste             
 16 52 37.993500 -21 54 24.11400 2454382.65150148 Iocaste             
 16 52 38.087600 -21 54 24.33400 2454382.65371549 Iocaste             
 16 52 38.174400 -21 54 24.53700 2454382.65575895 Iocaste             
 16 52 38.263300 -21 54 24.74500 2454382.65784977 Iocaste             
 16 52 38.347900 -21 54 24.94200 2454382.65984020 Iocaste             
 16 52 39.232500 -21 54 27.00900 2454382.68062573 Iocaste             
 16 52 39.329800 -21 54 27.23700 2454382.68290875 Iocaste             
 16 52 39.426300 -21 54 27.46200 2454382.68517243 Iocaste             
 16 52 39.528500 -21 54 27.70100 2454382.68756985 Iocaste             
 16 52 39.620800 -21 54 27.91600 2454382.68973616 Iocaste             
 16 52 39.737200 -21 54 28.18800 2454382.69246494 Iocaste             
 16 52 39.834400 -21 54 28.41500 2454382.69474309 Iocaste             
 16 52 39.931000 -21 54 28.64100 2454382.69700759 Iocaste             
 16 52 40.029200 -21 54 28.87100 2454382.69930994 Iocaste             
 16 52 40.123000 -21 54 29.09000 2454382.70150832 Iocaste             
 16 53 18.951600 -21 56  2.80800 2454383.61388021 Iocaste             
 16 53 19.040400 -21 56  3.01400 2454383.61594961 Iocaste             
 16 53 19.127500 -21 56  3.21600 2454383.61797883 Iocaste             
 16 53 19.215200 -21 56  3.41900 2454383.62002461 Iocaste             
 16 53 19.298400 -21 56  3.61200 2454383.62196329 Iocaste             
 16 53 19.402600 -21 56  3.85300 2454383.62438907 Iocaste             
 16 53 19.491200 -21 56  4.05800 2454383.62645222 Iocaste             
 16 53 19.577700 -21 56  4.25800 2454383.62846753 Iocaste             
 16 53 19.665600 -21 56  4.46200 2454383.63051238 Iocaste             
 16 53 19.750000 -21 56  4.65700 2454383.63247735 Iocaste             
 16 53 20.559600 -21 56  6.53000 2454383.65130210 Iocaste             
 16 53 20.657900 -21 56  6.75700 2454383.65358443 Iocaste             
 16 53 21.578700 -21 56  8.88600 2454383.67494813 Iocaste             
 16 53 21.677000 -21 56  9.11300 2454383.67722523 Iocaste             
 16 53 15.044800 -21 55 53.70600 2454383.52236001 Iocaste             
 16 53 15.170400 -21 55 54.00100 2454383.52531573 Iocaste             
 16 53 15.289700 -21 55 54.28000 2454383.52812256 Iocaste             
 16 53 15.411100 -21 55 54.56500 2454383.53097662 Iocaste             
 16 53 15.529100 -21 55 54.84100 2454383.53375126 Iocaste             
 16 54  8.642300 -21 58  0.51500 2454384.76428913 Iocaste             
 16 54  8.744400 -21 58  0.75000 2454384.76660931 Iocaste             
 16 54  8.847000 -21 58  0.98600 2454384.76893968 Iocaste             
 16 54  8.949200 -21 58  1.22100 2454384.77126241 Iocaste             
 16 54  9.047700 -21 58  1.44700 2454384.77349947 Iocaste             
 16 54  9.166800 -21 58  1.72200 2454384.77620475 Iocaste             
 16 54  9.269200 -21 58  1.95800 2454384.77853038 Iocaste             
 16 54  9.371200 -21 58  2.19300 2454384.78084663 Iocaste             
 16 54  9.473700 -21 58  2.42900 2454384.78317435 Iocaste             
 16 54  9.578200 -21 58  2.67000 2454384.78554792 Iocaste             
 16 54 46.733500 -21 59 30.53800 2454385.63683554 Iocaste             
 16 54 46.823600 -21 59 30.74200 2454385.63887854 Iocaste             
 16 54 46.912000 -21 59 30.94200 2454385.64088171 Iocaste             
 16 54 47.001900 -21 59 31.14500 2454385.64291858 Iocaste             
 16 54 47.089300 -21 59 31.34300 2454385.64490010 Iocaste             
 16 54 47.196500 -21 59 31.58500 2454385.64732912 Iocaste             
 16 54 47.286600 -21 59 31.78900 2454385.64936900 Iocaste             
 16 54 47.376600 -21 59 31.99300 2454385.65140772 Iocaste             
 16 54 47.467800 -21 59 32.19900 2454385.65347168 Iocaste             
 16 54 47.554300 -21 59 32.39500 2454385.65542970 Iocaste             
 16 54 48.476200 -21 59 34.48000 2454385.67627556 Iocaste             
 16 54 48.577800 -21 59 34.70900 2454385.67857073 Iocaste             
 16 54 48.678000 -21 59 34.93600 2454385.68083510 Iocaste             
 16 54 48.779700 -21 59 35.16600 2454385.68313100 Iocaste             
 16 54 48.877900 -21 59 35.38800 2454385.68534755 Iocaste             
 16 54 49.106300 -21 59 35.90500 2454385.69050200 Iocaste             
 16 54 49.207400 -21 59 36.13400 2454385.69278340 Iocaste             
 16 54 49.307500 -21 59 36.36000 2454385.69504049 Iocaste             
 16 54 49.409300 -21 59 36.59100 2454385.69733821 Iocaste             
 16 54 49.506700 -21 59 36.81100 2454385.69953486 Iocaste             
 16 55 25.522300 -22 01  1.24700 2454386.51458931 Iocaste             
 16 55 25.629500 -22 01  1.49000 2454386.51701693 Iocaste             
 16 55 25.806200 -22 01  1.89100 2454386.52102073 Iocaste             
 16 55 25.913000 -22 01  2.13300 2454386.52343887 Iocaste             
 16 55 29.683700 -22 01 10.62500 2454386.60847266 Iocaste             
 16 55 29.774700 -22 01 10.82900 2454386.61051531 Iocaste             
 16 55 29.866300 -22 01 11.03400 2454386.61257150 Iocaste             
 16 55 29.958400 -22 01 11.24100 2454386.61463987 Iocaste             
 16 55 30.046900 -22 01 11.43900 2454386.61662683 Iocaste             
 16 55 30.296600 -22 01 11.99800 2454386.62222832 Iocaste             
 16 55 30.387800 -22 01 12.20300 2454386.62427260 Iocaste             
 16 55 30.480400 -22 01 12.41000 2454386.62634953 Iocaste             
 16 55 30.572700 -22 01 12.61700 2454386.62841788 Iocaste             
 16 55 30.660500 -22 01 12.81300 2454386.63038597 Iocaste             
 16 55 31.535600 -22 01 14.77100 2454386.64997998 Iocaste             
 16 55 31.663600 -22 01 15.05700 2454386.65284238 Iocaste             
 16 55 31.790900 -22 01 15.34200 2454386.65568881 Iocaste             
 16 55 31.919800 -22 01 15.63000 2454386.65856962 Iocaste             
 16 55 32.045000 -22 01 15.91100 2454386.66136834 Iocaste             
 16 55 32.190000 -22 01 16.23500 2454386.66460866 Iocaste             
 16 55 32.318000 -22 01 16.52100 2454386.66746725 Iocaste             
 16 55 32.445500 -22 01 16.80600 2454386.67031436 Iocaste             
 16 55 32.579100 -22 01 17.10500 2454386.67329775 Iocaste             
 16 55 32.703600 -22 01 17.38300 2454386.67607539 Iocaste             
 19 42 51.649800 -22 40 24.91200 2454618.76682508 Iocaste             
 19 42 51.609500 -22 40 25.06800 2454618.76930921 Iocaste             
 19 42 51.772000 -22 40 24.43900 2454618.75928869 Iocaste             
 19 42 51.718000 -22 40 24.64800 2454618.76262396 Iocaste             
 19 42 51.541700 -22 40 25.32900 2454618.77348390 Iocaste             
 19 42 51.352700 -22 40 26.05600 2454618.78511076 Iocaste             
 19 42 52.111400 -22 40 23.11400 2454618.73831188 Iocaste             
 19 42 52.039100 -22 40 23.39700 2454618.74278898 Iocaste             
 19 42 51.950500 -22 40 23.74400 2454618.74827064 Iocaste             
 19 42 51.877700 -22 40 24.02800 2454618.75276894 Iocaste             
 19 42 20.489200 -22 42 25.37300 2454620.69302966 Iocaste             
 19 42 20.461300 -22 42 25.48000 2454620.69462678 Iocaste             
 19 42 19.924500 -22 42 27.51700 2454620.72518971 Iocaste             
 19 42 19.867300 -22 42 27.73300 2454620.72843801 Iocaste             
 19 42 19.530800 -22 42 28.99100 2454620.74748947 Iocaste             
 19 42 19.485000 -22 42 29.16200 2454620.75008002 Iocaste             
 19 42 22.552000 -22 42 17.24500 2454620.57302413 Iocaste             
 19 42 22.476100 -22 42 17.55200 2454620.57752635 Iocaste             
 19 42 20.285100 -22 42 26.15200 2454620.70467957 Iocaste             
 19 42 20.238700 -22 42 26.32800 2454620.70732523 Iocaste             
 19 42 20.164600 -22 42 26.61000 2454620.71154716 Iocaste             
 19 42 20.108200 -22 42 26.82400 2454620.71475645 Iocaste             
 19 42 22.836000 -22 42 16.09500 2454620.55612941 Iocaste             
 19 42 22.802500 -22 42 16.23100 2454620.55812598 Iocaste             
 19 42 22.707900 -22 42 16.61400 2454620.56375852 Iocaste             
 19 42 22.641800 -22 42 16.88200 2454620.56769331 Iocaste             
 19 42 20.041300 -22 42 27.07600 2454620.71855566 Iocaste             
 19 42 19.991100 -22 42 27.26600 2454620.72141134 Iocaste             
 19 41 59.816900 -22 43 42.10300 2454621.87608304 Iocaste             
 19 41 59.741200 -22 43 42.36400 2454621.88016730 Iocaste             
 19 42  0.329200 -22 43 40.33000 2454621.84846955 Iocaste             
 19 42  0.140900 -22 43 40.98400 2454621.85861481 Iocaste             
 19 42  1.110400 -22 43 37.59100 2454621.80637684 Iocaste             
 19 42  1.034800 -22 43 37.85800 2454621.81045124 Iocaste             
 19 42  0.940500 -22 43 38.19000 2454621.81553304 Iocaste             
 19 42  0.859700 -22 43 38.47500 2454621.81988766 Iocaste             
 19 42  0.741400 -22 43 38.89000 2454621.82626131 Iocaste             
 19 42  0.562400 -22 43 39.51700 2454621.83590699 Iocaste             
 19 42  0.471000 -22 43 39.83600 2454621.84082848 Iocaste             
 19 42  0.029900 -22 43 41.36800 2454621.86459973 Iocaste             
 19 41 59.967900 -22 43 41.58200 2454621.86793985 Iocaste             
 19 41 59.906600 -22 43 41.79400 2454621.87124872 Iocaste             
 19 41 59.149900 -22 43 44.38900 2454621.91211441 Iocaste             
 19 41 59.067400 -22 43 44.67000 2454621.91658250 Iocaste             
 19 41 58.986200 -22 43 44.94700 2454621.92097949 Iocaste             
 19 41 58.903800 -22 43 45.22800 2454621.92544955 Iocaste             
 19 41 58.822700 -22 43 45.50400 2454621.92984458 Iocaste             
 19 42  6.819000 -22 43 15.85900 2454621.48850632 Iocaste             
 19 42  6.745800 -22 43 16.15400 2454621.49278244 Iocaste             
 19 42  6.674100 -22 43 16.44100 2454621.49695481 Iocaste             
 19 41 59.616600 -22 43 42.79200 2454621.88689220 Iocaste             
 19 41 59.407400 -22 43 43.50900 2454621.89819128 Iocaste             
 19 41 58.641600 -22 43 46.11900 2454621.93967646 Iocaste             
 19 41 58.472300 -22 43 46.69400 2454621.94887932 Iocaste             
 19 41 22.280800 -22 45 57.30400 2454623.90197560 Iocaste             
 19 41 22.191300 -22 45 57.59800 2454623.90647043 Iocaste             
 19 41 22.102100 -22 45 57.89200 2454623.91095357 Iocaste             
 19 41 21.983500 -22 45 58.28100 2454623.91691569 Iocaste             
 19 41 30.209500 -22 45 29.00800 2454623.49671373 Iocaste             
 19 41 30.071600 -22 45 29.53800 2454623.50410688 Iocaste             
 19 41 29.912100 -22 45 30.14900 2454623.51263457 Iocaste             
 19 41 30.792000 -22 45 26.77000 2454623.46532162 Iocaste             
 19 41 30.763700 -22 45 26.87800 2454623.46685112 Iocaste             
 19 41 30.639700 -22 45 27.35500 2454623.47355226 Iocaste             
 19 41 30.476600 -22 45 27.98300 2454623.48235249 Iocaste             
 19 41 30.351700 -22 45 28.46200 2454623.48907434 Iocaste             
 19 41 21.798600 -22 45 58.88800 2454623.92622580 Iocaste             
 19 41 21.563400 -22 45 59.65800 2454623.93808029 Iocaste             
 19 41 29.732600 -22 45 30.83500 2454623.52220291 Iocaste             
 19 41 29.543300 -22 45 31.55800 2454623.53226957 Iocaste             
 21 50 32.948200 -13 20  3.67300 2454971.57581615 Iocaste             
 21 50 33.001600 -13 20  3.45800 2454971.57810852 Iocaste             
 21 50 33.125500 -13 20  2.95900 2454971.58342781 Iocaste             
 21 50 33.235800 -13 20  2.51400 2454971.58817050 Iocaste             
 21 50 33.313400 -13 20  2.20100 2454971.59150998 Iocaste             
 21 50 33.390900 -13 20  1.88800 2454971.59484449 Iocaste             
 21 50 33.468600 -13 20  1.57500 2454971.59819022 Iocaste             
 21 50 33.544300 -13 20  1.26900 2454971.60145492 Iocaste             
 21 50 33.637200 -13 20  0.89500 2454971.60545836 Iocaste             
 21 50 33.715100 -13 20  0.58000 2454971.60882262 Iocaste             
 21 50 33.792100 -13 20  0.26900 2454971.61214716 Iocaste             
 21 50 33.869700 -13 19 59.95600 2454971.61549659 Iocaste             
 21 50 33.945100 -13 19 59.65100 2454971.61875584 Iocaste             
 21 50 40.633700 -13 19 31.91700 2454971.91656241 Iocaste             
 21 50 40.659300 -13 19 31.80700 2454971.91773082 Iocaste             
 21 50 40.684600 -13 19 31.69900 2454971.91888314 Iocaste             
 21 50 40.710100 -13 19 31.59000 2454971.92004507 Iocaste             
 21 50 40.734800 -13 19 31.48400 2454971.92116916 Iocaste             
 21 50 40.760600 -13 19 31.37400 2454971.92234266 Iocaste             
 21 50 40.785300 -13 19 31.26700 2454971.92347137 Iocaste             
 21 50 40.810700 -13 19 31.15900 2454971.92462819 Iocaste             
 21 50 40.836000 -13 19 31.05000 2454971.92578064 Iocaste             
 21 50 40.861500 -13 19 30.94100 2454971.92694095 Iocaste             
 21 50 40.895800 -13 19 30.79400 2454971.92850709 Iocaste             
 21 50 40.921200 -13 19 30.68500 2454971.92966440 Iocaste             
 21 50 40.946500 -13 19 30.57600 2454971.93081788 Iocaste             
 21 50 40.971700 -13 19 30.46800 2454971.93196581 Iocaste             
 21 50 40.997100 -13 19 30.35900 2454971.93312335 Iocaste             
 21 50 41.022300 -13 19 30.25100 2454971.93427231 Iocaste             
 21 50 41.047900 -13 19 30.14200 2454971.93543725 Iocaste             
 21 50 41.073300 -13 19 30.03200 2454971.93659663 Iocaste             
 21 50 55.091900 -13 18 31.46100 2454972.55847656 Iocaste             
 21 50 55.118400 -13 18 31.35600 2454972.55964127 Iocaste             
 21 50 55.146300 -13 18 31.24500 2454972.56086652 Iocaste             
 21 50 55.220600 -13 18 30.95000 2454972.56413412 Iocaste             
 21 50 55.270200 -13 18 30.75300 2454972.56631247 Iocaste             
 21 50 55.319400 -13 18 30.55700 2454972.56847775 Iocaste             
 21 50 55.368900 -13 18 30.36100 2454972.57065426 Iocaste             
 21 50 55.416500 -13 18 30.17100 2454972.57275009 Iocaste             
 21 50 55.465600 -13 18 29.97600 2454972.57490981 Iocaste             
 21 50 55.513500 -13 18 29.78600 2454972.57701895 Iocaste             
 21 50 55.562600 -13 18 29.59000 2454972.57918584 Iocaste             
 21 50 55.610200 -13 18 29.40100 2454972.58128295 Iocaste             
 21 50 55.659500 -13 18 29.20500 2454972.58345645 Iocaste             
 21 50 55.733400 -13 18 28.91200 2454972.58671293 Iocaste             
 21 50 55.838800 -13 18 28.49300 2454972.59136818 Iocaste             
 21 50 55.887900 -13 18 28.29800 2454972.59353381 Iocaste             
 21 50 55.937200 -13 18 28.10200 2454972.59571182 Iocaste             
 21 50 55.984600 -13 18 27.91300 2454972.59780823 Iocaste             
 21 50 56.033400 -13 18 27.71900 2454972.59996841 Iocaste             
 21 50 56.081100 -13 18 27.52900 2454972.60207639 Iocaste             
 21 50 56.130100 -13 18 27.33400 2454972.60424329 Iocaste             
 21 50 56.177500 -13 18 27.14600 2454972.60634190 Iocaste             
 21 50 56.226500 -13 18 26.95000 2454972.60851400 Iocaste             
 21 51  1.737200 -13 18  4.56000 2454972.85907025 Iocaste             
 21 51  1.762000 -13 18  4.45700 2454972.86022374 Iocaste             
 21 51  1.786200 -13 18  4.35500 2454972.86135118 Iocaste             
 21 51  1.811000 -13 18  4.25200 2454972.86250790 Iocaste             
 21 51  1.835900 -13 18  4.14700 2454972.86366833 Iocaste             
 21 51  1.860800 -13 18  4.04400 2454972.86482459 Iocaste             
 21 51  1.885600 -13 18  3.94000 2454972.86598108 Iocaste             
 21 51  1.910500 -13 18  3.83600 2454972.86714081 Iocaste             
 21 51  1.935100 -13 18  3.73200 2454972.86828943 Iocaste             
 21 51  1.960100 -13 18  3.62800 2454972.86945216 Iocaste             
 21 51  1.990200 -13 18  3.50200 2454972.87085881 Iocaste             
 21 51  2.015300 -13 18  3.39700 2454972.87202733 Iocaste             
 21 51  2.039800 -13 18  3.29400 2454972.87317155 Iocaste             
 21 51  2.064900 -13 18  3.18800 2454972.87434286 Iocaste             
 21 51  2.089700 -13 18  3.08500 2454972.87549669 Iocaste             
 21 51  2.114500 -13 18  2.98100 2454972.87665480 Iocaste             
 21 51  2.139300 -13 18  2.87700 2454972.87781002 Iocaste             
 21 51  2.164200 -13 18  2.77200 2454972.87897426 Iocaste             
 21 51  2.188900 -13 18  2.66800 2454972.88012612 Iocaste             
 21 51  2.213600 -13 18  2.56500 2454972.88128134 Iocaste             
 21 51  2.247300 -13 18  2.42300 2454972.88285350 Iocaste             
 21 51  2.272300 -13 18  2.31800 2454972.88401855 Iocaste             
 21 51  2.300800 -13 18  2.19800 2454972.88535110 Iocaste             
 21 51  2.330100 -13 18  2.07500 2454972.88671977 Iocaste             
 21 51  2.355000 -13 18  1.97000 2454972.88788286 Iocaste             
 21 51  2.379300 -13 18  1.86800 2454972.88901574 Iocaste             
 21 51  2.443100 -13 18  1.60000 2454972.89199661 Iocaste             
 21 51  2.468000 -13 18  1.49500 2454972.89315912 Iocaste             
 21 51  2.492200 -13 18  1.39300 2454972.89429328 Iocaste             
 21 51  2.517000 -13 18  1.28900 2454972.89545091 Iocaste             
 21 51  2.541000 -13 18  1.18800 2454972.89657419 Iocaste             
 21 51  2.566000 -13 18  1.08200 2454972.89774214 Iocaste             
 21 51 21.901000 -13 16 42.09800 2454973.78228852 Iocaste             
 21 51 21.924900 -13 16 42.00100 2454973.78341954 Iocaste             
 21 51 21.949200 -13 16 41.90300 2454973.78456874 Iocaste             
 21 51 21.973800 -13 16 41.80400 2454973.78573102 Iocaste             
 21 51 22.034500 -13 16 41.55800 2454973.78860426 Iocaste             
 21 51 22.192600 -13 16 40.91700 2454973.79609720 Iocaste             
 21 51 22.233500 -13 16 40.75100 2454973.79803618 Iocaste             
 21 51 22.274400 -13 16 40.58500 2454973.79997574 Iocaste             
 21 51 22.315300 -13 16 40.41900 2454973.80191378 Iocaste             
 21 51 22.354500 -13 16 40.25900 2454973.80377777 Iocaste             
 21 51 22.395000 -13 16 40.09400 2454973.80569881 Iocaste             
 21 51 22.434500 -13 16 39.93400 2454973.80757413 Iocaste             
 21 51 22.475100 -13 16 39.76800 2454973.80950663 Iocaste             
 21 51 22.524900 -13 16 39.56500 2454973.81187494 Iocaste             
 21 51 22.619300 -13 16 39.18100 2454973.81636361 Iocaste             
 21 51 22.660200 -13 16 39.01400 2454973.81830792 Iocaste             
 21 51 22.700600 -13 16 38.84900 2454973.82023486 Iocaste             
 21 51 22.741500 -13 16 38.68200 2454973.82218333 Iocaste             
 21 51 22.780700 -13 16 38.52200 2454973.82404881 Iocaste             
 21 51 24.044400 -13 16 33.31800 2454973.88453310 Iocaste             
 21 51 24.084500 -13 16 33.15200 2454973.88645877 Iocaste             
 21 51 24.262700 -13 16 32.41200 2454973.89502439 Iocaste             
 21 51 24.302700 -13 16 32.24600 2454973.89694867 Iocaste             
 21 51 23.211700 -13 16 36.75600 2454973.84461828 Iocaste             
 21 51 23.252500 -13 16 36.58800 2454973.84656987 Iocaste             
 21 51 23.292900 -13 16 36.42200 2454973.84850306 Iocaste             
 21 51 23.333400 -13 16 36.25500 2454973.85044238 Iocaste             
 21 51 23.372400 -13 16 36.09500 2454973.85230463 Iocaste             
 21 51 23.412800 -13 16 35.92800 2454973.85423852 Iocaste             
 21 51 23.452000 -13 16 35.76700 2454973.85611672 Iocaste             
 21 51 23.496600 -13 16 35.58300 2454973.85825214 Iocaste             
 21 51 23.551000 -13 16 35.35900 2454973.86085995 Iocaste             
 21 51 23.591600 -13 16 35.19100 2454973.86280657 Iocaste             
 21 51 23.632000 -13 16 35.02500 2454973.86474091 Iocaste             
 21 51 23.672400 -13 16 34.85800 2454973.86667956 Iocaste             
 21 51 23.711300 -13 16 34.69700 2454973.86854492 Iocaste             
 21 51 23.751600 -13 16 34.53000 2454973.87047765 Iocaste             
 21 51 23.790700 -13 16 34.36900 2454973.87235355 Iocaste             
 21 51 23.831000 -13 16 34.20200 2454973.87428731 Iocaste             
 21 51 21.544600 -13 16 43.53700 2454973.76546378 Iocaste             
 21 51 21.569300 -13 16 43.43700 2454973.76663197 Iocaste             
 21 51 21.593900 -13 16 43.33800 2454973.76779137 Iocaste             
 21 51 21.618400 -13 16 43.23900 2454973.76894426 Iocaste             
 21 51 21.642200 -13 16 43.14300 2454973.77006880 Iocaste             
 21 51 21.666800 -13 16 43.04400 2454973.77122946 Iocaste             
 21 51 21.691500 -13 16 42.94400 2454973.77239428 Iocaste             
 21 51 21.720700 -13 16 42.82700 2454973.77377140 Iocaste             
 21 51 21.745100 -13 16 42.72800 2454973.77492164 Iocaste             
 21 51 21.769000 -13 16 42.63200 2454973.77605116 Iocaste             
 21 51 21.793500 -13 16 42.53300 2454973.77720811 Iocaste             
 21 51 21.818000 -13 16 42.43400 2454973.77836414 Iocaste             
 21 51 21.842300 -13 16 42.33600 2454973.77951368 Iocaste             
 21 51 21.867000 -13 16 42.23600 2454973.78067943 Iocaste             
 21 51 22.820700 -13 16 38.35800 2454973.82595317 Iocaste             
 21 51 22.845000 -13 16 38.25900 2454973.82711464 Iocaste             
 21 51 22.869700 -13 16 38.15700 2454973.82829289 Iocaste             
 21 51 22.894100 -13 16 38.05800 2454973.82945459 Iocaste             
 21 51 22.918400 -13 16 37.95800 2454973.83061247 Iocaste             
 21 51 22.942700 -13 16 37.85900 2454973.83177313 Iocaste             
 21 51 22.966800 -13 16 37.76000 2454973.83292534 Iocaste             
 21 51 22.995700 -13 16 37.64100 2454973.83430395 Iocaste             
 21 51 23.020200 -13 16 37.54100 2454973.83547306 Iocaste             
 21 51 23.044400 -13 16 37.44200 2454973.83662874 Iocaste             
 21 51 23.068600 -13 16 37.34300 2454973.83778396 Iocaste             
 21 51 23.092200 -13 16 37.24600 2454973.83890931 Iocaste             
 21 51 23.116200 -13 16 37.14800 2454973.84005433 Iocaste             
 21 51 23.140400 -13 16 37.04800 2454973.84121350 Iocaste             
 21 51 17.582600 -13 16 59.21400 2454973.58254782 Iocaste             
 21 51 17.611900 -13 16 59.09900 2454973.58387412 Iocaste             
 21 51 17.637600 -13 16 58.99900 2454973.58503768 Iocaste             
 21 51 17.663000 -13 16 58.89900 2454973.58619197 Iocaste             
 21 51 17.688600 -13 16 58.79900 2454973.58734880 Iocaste             
 21 51 17.719000 -13 16 58.68000 2454973.58872881 Iocaste             
 21 51 17.744200 -13 16 58.58200 2454973.58987083 Iocaste             
 21 51 17.769700 -13 16 58.48200 2454973.59102894 Iocaste             
 21 51 17.795300 -13 16 58.38200 2454973.59218740 Iocaste             
 21 51 17.820200 -13 16 58.28400 2454973.59331831 Iocaste             
 21 51 16.734500 -13 17  2.53300 2454973.54426270 Iocaste             
 21 51 16.764800 -13 17  2.41500 2454973.54562476 Iocaste             
 21 51 16.799300 -13 17  2.28000 2454973.54717759 Iocaste             
 21 51 16.824500 -13 17  2.18100 2454973.54831348 Iocaste             
 21 51 16.850300 -13 17  2.08000 2454973.54947760 Iocaste             
 21 51 16.876000 -13 17  1.97900 2454973.55063572 Iocaste             
 21 51 16.901700 -13 17  1.87900 2454973.55179117 Iocaste             
 21 51 16.927400 -13 17  1.77800 2454973.55295067 Iocaste             
 21 51 16.953000 -13 17  1.67800 2454973.55410414 Iocaste             
 21 51 16.977900 -13 17  1.58000 2454973.55522775 Iocaste             
 21 51 17.003500 -13 17  1.48000 2454973.55637975 Iocaste             
 21 51 17.029100 -13 17  1.38000 2454973.55753426 Iocaste             
 21 51 17.054700 -13 17  1.28000 2454973.55869122 Iocaste             
 21 51 17.077500 -13 17  1.19100 2454973.55971679 Iocaste             
 21 51 17.103000 -13 17  1.09100 2454973.56086703 Iocaste             
 21 51 17.127900 -13 17  0.99400 2454973.56199064 Iocaste             
 21 51 17.157200 -13 17  0.87900 2454973.56331497 Iocaste             
 21 51 17.192600 -13 17  0.74000 2454973.56491329 Iocaste             
 21 51 17.218400 -13 17  0.63900 2454973.56607753 Iocaste             
 21 51 17.243900 -13 17  0.53900 2454973.56723090 Iocaste             
 21 51 17.269600 -13 17  0.43900 2454973.56838947 Iocaste             
 21 51 17.294400 -13 17  0.34200 2454973.56951193 Iocaste             
 21 51 17.319800 -13 17  0.24200 2454973.57065951 Iocaste             
 21 51 17.345400 -13 17  0.14200 2454973.57181484 Iocaste             
 21 51 17.371000 -13 17  0.04200 2454973.57297295 Iocaste             
 21 51 17.396600 -13 16 59.94200 2454973.57413130 Iocaste             
 21 51 17.422200 -13 16 59.84200 2454973.57528917 Iocaste             
 21 51 17.447800 -13 16 59.74200 2454973.57644590 Iocaste             
 21 51 17.470500 -13 16 59.65300 2454973.57747170 Iocaste             
 21 51 17.495900 -13 16 59.55300 2454973.57862275 Iocaste             
 21 51 17.521400 -13 16 59.45300 2454973.57977889 Iocaste             
 21 51 17.546300 -13 16 59.35600 2454973.58090240 Iocaste             
 21 51 38.220300 -13 15 35.59500 2454974.54965837 Iocaste             
 21 51 38.244700 -13 15 35.50100 2454974.55078904 Iocaste             
 21 51 38.269900 -13 15 35.40500 2454974.55195387 Iocaste             
 21 51 38.295000 -13 15 35.30800 2454974.55311534 Iocaste             
 21 51 38.319500 -13 15 35.21400 2454974.55425238 Iocaste             
 21 51 38.344400 -13 15 35.11800 2454974.55540725 Iocaste             
 21 51 38.369300 -13 15 35.02200 2454974.55656177 Iocaste             
 21 51 38.453000 -13 15 34.70000 2454974.56044286 Iocaste             
 21 51 38.499900 -13 15 34.51900 2454974.56262006 Iocaste             
 21 51 38.546700 -13 15 34.33900 2454974.56479228 Iocaste             
 21 51 38.593600 -13 15 34.15900 2454974.56696936 Iocaste             
 21 51 38.638800 -13 15 33.98500 2454974.56906635 Iocaste             
 21 51 38.695200 -13 15 33.76800 2454974.57168850 Iocaste             
 21 51 38.742200 -13 15 33.58700 2454974.57387207 Iocaste             
 21 51 38.789000 -13 15 33.40700 2454974.57604834 Iocaste             
 21 51 38.835900 -13 15 33.22700 2454974.57823193 Iocaste             
 21 51 38.881100 -13 15 33.05300 2454974.58033515 Iocaste             
 21 51 43.251400 -13 15 16.00100 2454974.78845786 Iocaste             
 21 51 43.275100 -13 15 15.90600 2454974.78961460 Iocaste             
 21 51 43.298100 -13 15 15.81400 2454974.79073681 Iocaste             
 21 51 43.321700 -13 15 15.72000 2454974.79188543 Iocaste             
 21 51 43.344900 -13 15 15.62700 2454974.79302003 Iocaste             
 21 51 43.367800 -13 15 15.53600 2454974.79413961 Iocaste             
 21 51 43.391400 -13 15 15.44200 2454974.79528719 Iocaste             
 21 51 43.415000 -13 15 15.34700 2454974.79644287 Iocaste             
 21 51 43.438000 -13 15 15.25500 2454974.79756660 Iocaste             
 21 51 43.461500 -13 15 15.16100 2454974.79871221 Iocaste             
 21 51 43.484500 -13 15 15.06900 2454974.79983733 Iocaste             
 21 51 43.505600 -13 15 14.98500 2454974.80086950 Iocaste             
 21 51 43.529200 -13 15 14.89000 2454974.80202344 Iocaste             
 21 51 43.552500 -13 15 14.79700 2454974.80315852 Iocaste             
 21 51 43.576100 -13 15 14.70300 2454974.80431269 Iocaste             
 21 51 43.603800 -13 15 14.59100 2454974.80567083 Iocaste             
 21 51 43.627000 -13 15 14.49900 2454974.80680324 Iocaste             
 21 51 43.650400 -13 15 14.40500 2454974.80794885 Iocaste             
 21 51 43.673300 -13 15 14.31300 2454974.80907235 Iocaste             
 21 51 43.696500 -13 15 14.22000 2454974.81020591 Iocaste             
 21 51 43.719900 -13 15 14.12600 2454974.81135338 Iocaste             
 21 51 43.743600 -13 15 14.03100 2454974.81251103 Iocaste             
 21 51 43.766400 -13 15 13.93900 2454974.81362990 Iocaste             
 21 51 43.789900 -13 15 13.84500 2454974.81477968 Iocaste             
 21 51 43.813500 -13 15 13.75000 2454974.81593674 Iocaste             
 21 51 43.837000 -13 15 13.65600 2454974.81709023 Iocaste             
 21 51 43.858000 -13 15 13.57100 2454974.81812054 Iocaste             
 21 51 43.881400 -13 15 13.47700 2454974.81926894 Iocaste             
 21 51 43.904400 -13 15 13.38500 2454974.82039289 Iocaste             
 21 51 43.927700 -13 15 13.29100 2454974.82153804 Iocaste             
 21 51 43.974900 -13 15 13.10100 2454974.82385310 Iocaste             
 21 51 43.997800 -13 15 13.00900 2454974.82497799 Iocaste             
 21 51 44.021700 -13 15 12.91200 2454974.82615267 Iocaste             
 21 51 44.045100 -13 15 12.81800 2454974.82729873 Iocaste             
 21 51 44.068000 -13 15 12.72600 2454974.82842419 Iocaste             
 21 51 44.091100 -13 15 12.63300 2454974.82955846 Iocaste             
 21 51 44.114400 -13 15 12.53900 2454974.83070512 Iocaste             
 21 51 44.137200 -13 15 12.44700 2454974.83182560 Iocaste             
 21 51 44.160500 -13 15 12.35300 2454974.83297062 Iocaste             
 21 51 44.184200 -13 15 12.25700 2454974.83413269 Iocaste             
 21 51 44.231200 -13 15 12.06700 2454974.83644508 Iocaste             
 21 51 44.255100 -13 15 11.97000 2454974.83762368 Iocaste             
 21 51 44.278700 -13 15 11.87500 2454974.83878353 Iocaste             
 21 51 44.302200 -13 15 11.78000 2454974.83994140 Iocaste             
 21 51 44.325200 -13 15 11.68700 2454974.84107266 Iocaste             
 21 51 44.348000 -13 15 11.59500 2454974.84219477 Iocaste             
 21 51 44.371300 -13 15 11.50100 2454974.84334177 Iocaste             
 21 51 44.394900 -13 15 11.40500 2454974.84450023 Iocaste             
 21 51 44.418300 -13 15 11.31100 2454974.84565429 Iocaste             
 21 51 44.441900 -13 15 11.21500 2454974.84681472 Iocaste             
 21 51 46.146000 -13 15  4.24600 2454974.93116082 Iocaste             
 21 51 46.169300 -13 15  4.15000 2454974.93231812 Iocaste             
 21 51 46.192700 -13 15  4.05400 2454974.93348190 Iocaste             
 21 51 46.228100 -13 15  3.90800 2454974.93523892 Iocaste             
 21 51 46.250900 -13 15  3.81300 2454974.93637214 Iocaste             
 21 51 46.274700 -13 15  3.71500 2454974.93755282 Iocaste             
 21 51 42.714700 -13 15 18.13400 2454974.76236432 Iocaste             
 21 51 42.738800 -13 15 18.03900 2454974.76353377 Iocaste             
 21 51 42.762700 -13 15 17.94400 2454974.76468841 Iocaste             
 21 51 42.786500 -13 15 17.85000 2454974.76584398 Iocaste             
 21 51 42.810300 -13 15 17.75500 2454974.76699885 Iocaste             
 21 51 42.834100 -13 15 17.66100 2454974.76815753 Iocaste             
 21 51 42.857300 -13 15 17.56900 2454974.76928034 Iocaste             
 21 51 42.880900 -13 15 17.47500 2454974.77042884 Iocaste             
 21 51 42.904700 -13 15 17.38000 2454974.77158510 Iocaste             
 21 51 42.928600 -13 15 17.28600 2454974.77274506 Iocaste             
 21 51 42.958900 -13 15 17.16500 2454974.77422115 Iocaste             
 21 51 42.982800 -13 15 17.07000 2454974.77538273 Iocaste             
 21 51 43.006600 -13 15 16.97500 2454974.77653853 Iocaste             
 21 51 43.030400 -13 15 16.88100 2454974.77769641 Iocaste             
 21 51 43.054100 -13 15 16.78600 2454974.77884966 Iocaste             
 21 51 43.078000 -13 15 16.69200 2454974.78000997 Iocaste             
 21 51 43.101800 -13 15 16.59700 2454974.78116854 Iocaste             
 21 51 43.125600 -13 15 16.50200 2454974.78232723 Iocaste             
 21 51 43.149300 -13 15 16.40800 2454974.78348279 Iocaste             
 21 51 43.173000 -13 15 16.31300 2454974.78463778 Iocaste             
 21 51 38.933100 -13 15 32.85200 2454974.58275898 Iocaste             
 21 51 38.972400 -13 15 32.70100 2454974.58458522 Iocaste             
 21 51 39.065700 -13 15 32.34200 2454974.58893446 Iocaste             
 21 51 39.112600 -13 15 32.16100 2454974.59112556 Iocaste             
 21 51 39.159100 -13 15 31.98300 2454974.59329083 Iocaste             
 21 51 39.205700 -13 15 31.80300 2454974.59547000 Iocaste             
 21 51 39.250700 -13 15 31.63000 2454974.59756895 Iocaste             
 21 51 39.297200 -13 15 31.45000 2454974.59974291 Iocaste             
 21 51 39.353300 -13 15 31.23400 2454974.60236264 Iocaste             
 21 51 39.400000 -13 15 31.05400 2454974.60454748 Iocaste             
 21 51 39.446300 -13 15 30.87600 2454974.60671484 Iocaste             
 21 51 39.492800 -13 15 30.69700 2454974.60889216 Iocaste             
 21 51 39.537600 -13 15 30.52400 2454974.61098949 Iocaste             
 21 51 39.583900 -13 15 30.34600 2454974.61315546 Iocaste             
 21 51 39.628800 -13 15 30.17200 2454974.61526229 Iocaste             
 21 51 44.477000 -13 15 11.07300 2454974.84854615 Iocaste             
 21 51 44.512100 -13 15 10.93000 2454974.85027828 Iocaste             
 21 51 44.643800 -13 15 10.39600 2454974.85676926 Iocaste             
 21 51 44.696700 -13 15 10.18200 2454974.85937716 Iocaste             
 21 51 44.876900 -13 15  9.44800 2454974.86827824 Iocaste             
 21 51 44.957800 -13 15  9.11900 2454974.87227624 Iocaste             
 21 51 45.064500 -13 15  8.68400 2454974.87754880 Iocaste             
 21 51 45.111000 -13 15  8.49400 2454974.87984847 Iocaste             
 21 51 45.177000 -13 15  8.22500 2454974.88311258 Iocaste             
 21 51 45.325400 -13 15  7.61800 2454974.89046369 Iocaste             
 21 51 45.658200 -13 15  6.25400 2454974.90695453 Iocaste             
 21 51 45.704300 -13 15  6.06500 2454974.90923765 Iocaste             
 21 51 45.768700 -13 15  5.80000 2454974.91243510 Iocaste             
 21 51 45.805600 -13 15  5.64800 2454974.91426377 Iocaste             
 21 51 45.842200 -13 15  5.49800 2454974.91608167 Iocaste             
 21 51 45.879100 -13 15  5.34600 2454974.91791069 Iocaste             
 21 51 45.914300 -13 15  5.20100 2454974.91965797 Iocaste             
 21 51 45.960200 -13 15  5.01200 2454974.92193566 Iocaste             
 21 51 46.001000 -13 15  4.84400 2454974.92396076 Iocaste             
 21 51 46.037600 -13 15  4.69300 2454974.92577947 Iocaste             
 21 51 46.074700 -13 15  4.54000 2454974.92762076 Iocaste             
 21 51 46.109900 -13 15  4.39500 2454974.92936713 Iocaste             
 21 52  4.452100 -13 13 51.90200 2454975.81805588 Iocaste             
 21 52  4.480000 -13 13 51.79200 2454975.81946681 Iocaste             
 21 52  4.563100 -13 13 51.46300 2454975.82367466 Iocaste             
 21 52  4.585400 -13 13 51.37400 2454975.82480094 Iocaste             
 21 52  4.607700 -13 13 51.28600 2454975.82592872 Iocaste             
 21 52  4.630400 -13 13 51.19600 2454975.82708127 Iocaste             
 21 52  4.653300 -13 13 51.10500 2454975.82823834 Iocaste             
 21 52  4.680200 -13 13 50.99800 2454975.82960400 Iocaste             
 21 52  4.702400 -13 13 50.91000 2454975.83072760 Iocaste             
 21 52  4.725000 -13 13 50.82100 2454975.83187194 Iocaste             
 21 52  4.747800 -13 13 50.73000 2454975.83302856 Iocaste             
 21 52  4.770600 -13 13 50.63900 2454975.83418703 Iocaste             
 21 52  4.798100 -13 13 50.53100 2454975.83557779 Iocaste             
 21 52  4.820900 -13 13 50.44000 2454975.83673787 Iocaste             
 21 52  4.843600 -13 13 50.34900 2454975.83788896 Iocaste             
 21 52  4.866500 -13 13 50.25900 2454975.83904681 Iocaste             
 21 52  4.888800 -13 13 50.17000 2454975.84018153 Iocaste             
 21 52  4.911700 -13 13 50.07900 2454975.84134531 Iocaste             
 21 52  4.934400 -13 13 49.98800 2454975.84249590 Iocaste             
 21 52  4.956500 -13 13 49.90000 2454975.84361928 Iocaste             
 21 52  4.979100 -13 13 49.81000 2454975.84476569 Iocaste             
 21 52  5.001900 -13 13 49.71900 2454975.84592578 Iocaste             
 21 52  3.397200 -13 13 56.04400 2454975.76499427 Iocaste             
 21 52  3.478500 -13 13 55.72700 2454975.76906311 Iocaste             
 21 52  3.524000 -13 13 55.54900 2454975.77134034 Iocaste             
 21 52  3.573000 -13 13 55.35800 2454975.77379811 Iocaste             
 21 52  3.598200 -13 13 55.25900 2454975.77505867 Iocaste             
 21 52  3.633500 -13 13 55.12100 2454975.77683142 Iocaste             
 21 52  3.669200 -13 13 54.98200 2454975.77861831 Iocaste             
 21 52  3.694700 -13 13 54.88200 2454975.77989715 Iocaste             
 21 52  3.725400 -13 13 54.76200 2454975.78143818 Iocaste             
 21 52  3.761900 -13 13 54.61900 2454975.78327194 Iocaste             
 21 52  3.802400 -13 13 54.46000 2454975.78530641 Iocaste             
 21 52  3.827400 -13 13 54.36200 2454975.78656209 Iocaste             
 21 52  3.857500 -13 13 54.24400 2454975.78807904 Iocaste             
 21 52  3.880300 -13 13 54.15400 2454975.78922419 Iocaste             
 21 52  3.902800 -13 13 54.06600 2454975.79035301 Iocaste             
 21 52  3.925700 -13 13 53.97600 2454975.79150881 Iocaste             
 21 52  3.948200 -13 13 53.88800 2454975.79263613 Iocaste             
 21 52  3.970400 -13 13 53.80100 2454975.79375558 Iocaste             
 21 52  3.993200 -13 13 53.71100 2454975.79490409 Iocaste             
 21 52  4.016200 -13 13 53.62100 2454975.79606138 Iocaste             
 21 52  4.039200 -13 13 53.53000 2454975.79721891 Iocaste             
 21 52  4.061500 -13 13 53.44300 2454975.79834125 Iocaste             
 21 52  4.089800 -13 13 53.33100 2454975.79976699 Iocaste             
 21 52  4.112700 -13 13 53.24100 2454975.80092359 Iocaste             
 21 52  4.154900 -13 13 53.07500 2454975.80305252 Iocaste             
 21 52  4.177300 -13 13 52.98700 2454975.80417822 Iocaste             
 21 52  4.199700 -13 13 52.89900 2454975.80530786 Iocaste             
 21 52  4.222400 -13 13 52.80900 2454975.80645544 Iocaste             
 21 52  4.244600 -13 13 52.72100 2454975.80757639 Iocaste             
 21 52  4.267300 -13 13 52.63200 2454975.80872187 Iocaste             
 21 52  4.289600 -13 13 52.54400 2454975.80984458 Iocaste             
 21 52  4.312300 -13 13 52.45400 2454975.81099228 Iocaste             
 21 52  4.335200 -13 13 52.36400 2454975.81214969 Iocaste             
 21 52  4.358100 -13 13 52.27300 2454975.81330803 Iocaste             
 21 52  5.448200 -13 13 47.93600 2454975.86863389 Iocaste             
 21 52  5.495400 -13 13 47.74700 2454975.87103774 Iocaste             
 21 52  5.533600 -13 13 47.59400 2454975.87298587 Iocaste             
 21 52  5.556300 -13 13 47.50300 2454975.87414178 Iocaste             
 21 52  5.579000 -13 13 47.41200 2454975.87529919 Iocaste             
 21 52  5.601700 -13 13 47.32100 2454975.87645534 Iocaste             
 21 52  5.624400 -13 13 47.22900 2454975.87761576 Iocaste             
 21 52  5.646000 -13 13 47.14300 2454975.87871918 Iocaste             
 21 52  5.684600 -13 13 46.98700 2454975.88068797 Iocaste             
 21 52  5.707400 -13 13 46.89600 2454975.88185140 Iocaste             
 21 52  5.730100 -13 13 46.80500 2454975.88300789 Iocaste             
 21 52  5.752700 -13 13 46.71400 2454975.88416334 Iocaste             
 21 52  5.774800 -13 13 46.62500 2454975.88528811 Iocaste             
 21 52  5.797700 -13 13 46.53300 2454975.88645965 Iocaste             
 21 52  5.820300 -13 13 46.44200 2454975.88761313 Iocaste             
 21 52  5.842900 -13 13 46.35100 2454975.88876953 Iocaste             
 21 51 59.601000 -13 14 10.56000 2454975.57925160 Iocaste             
 21 51 59.624700 -13 14 10.47000 2454975.58038448 Iocaste             
 21 51 59.648900 -13 14 10.37900 2454975.58154768 Iocaste             
 21 51 59.672300 -13 14 10.29000 2454975.58266910 Iocaste             
 21 51 59.696000 -13 14 10.20100 2454975.58380393 Iocaste             
 21 51 59.744100 -13 14 10.01900 2454975.58611171 Iocaste             
 21 51 59.768200 -13 14  9.92800 2454975.58726728 Iocaste             
 21 51 59.792300 -13 14  9.83700 2454975.58842666 Iocaste             
 21 51 59.816400 -13 14  9.74600 2454975.58958025 Iocaste             
 21 51 59.839700 -13 14  9.65800 2454975.59070144 Iocaste             
 21 52  5.040700 -13 13 49.56500 2454975.84789451 Iocaste             
 21 52  5.068400 -13 13 49.45400 2454975.84930392 Iocaste             
 21 52  5.133400 -13 13 49.19500 2454975.85260983 Iocaste             
 21 52  5.181300 -13 13 49.00400 2454975.85504308 Iocaste             
 21 52  5.237200 -13 13 48.78100 2454975.85788484 Iocaste             
 21 52  5.264000 -13 13 48.67300 2454975.85925360 Iocaste             
