 09 25  6.850300 +16 09 32.29000 2454200.63963281 Kiviuq              
 09 25  6.840500 +16 09 32.31300 2454200.64156802 Kiviuq              
 09 25  6.830700 +16 09 32.33600 2454200.64352001 Kiviuq              
 09 25  6.810500 +16 09 32.38400 2454200.64755228 Kiviuq              
 09 25  6.800800 +16 09 32.40700 2454200.64948760 Kiviuq              
 09 25  6.791200 +16 09 32.43000 2454200.65141622 Kiviuq              
 09 25  6.961000 +16 09 32.02600 2454200.61767102 Kiviuq              
 09 25  6.951200 +16 09 32.04900 2454200.61961804 Kiviuq              
 09 25  6.941500 +16 09 32.07300 2454200.62153935 Kiviuq              
 09 25  6.773500 +16 09 32.47100 2454200.65495686 Kiviuq              
 09 25  6.763800 +16 09 32.49400 2454200.65689311 Kiviuq              
 09 25  6.754200 +16 09 32.51700 2454200.65881523 Kiviuq              
 09 25  6.923100 +16 09 32.11700 2454200.62518525 Kiviuq              
 09 25  6.913300 +16 09 32.14000 2454200.62712057 Kiviuq              
 09 25  6.903500 +16 09 32.16300 2454200.62905045 Kiviuq              
 09 24 58.248300 +16 09 54.43200 2454202.63778831 Kiviuq              
 09 24 58.239900 +16 09 54.44800 2454202.63977446 Kiviuq              
 09 24 58.318800 +16 09 54.29000 2454202.62106132 Kiviuq              
 09 24 58.310400 +16 09 54.30700 2454202.62303681 Kiviuq              
 09 24 58.293400 +16 09 54.34100 2454202.62705844 Kiviuq              
 09 24 58.285100 +16 09 54.35800 2454202.62903301 Kiviuq              
 09 24 58.226600 +16 09 54.47500 2454202.64294808 Kiviuq              
 09 24 58.218400 +16 09 54.49100 2454202.64491096 Kiviuq              
 09 24 58.362900 +16 09 54.20000 2454202.61065135 Kiviuq              
 09 24 58.354400 +16 09 54.21800 2454202.61263889 Kiviuq              
 09 24 58.205200 +16 09 54.51700 2454202.64806108 Kiviuq              
 09 24 58.196900 +16 09 54.53400 2454202.65005811 Kiviuq              
 09 24 58.340900 +16 09 54.24500 2454202.61582270 Kiviuq              
 09 24 58.332500 +16 09 54.26200 2454202.61781626 Kiviuq              
 09 24 54.559300 +16 10  2.87000 2454203.63784898 Kiviuq              
 09 24 54.551800 +16 10  2.88300 2454203.63982309 Kiviuq              
 09 24 54.605100 +16 10  2.79000 2454203.62575600 Kiviuq              
 09 24 54.597700 +16 10  2.80300 2454203.62772674 Kiviuq              
 09 24 54.535200 +16 10  2.91200 2454203.64423154 Kiviuq              
 09 24 54.527700 +16 10  2.92500 2454203.64620414 Kiviuq              
 09 24 54.646300 +16 10  2.71700 2454203.61496694 Kiviuq              
 09 24 54.638800 +16 10  2.73000 2454203.61694059 Kiviuq              
 09 24 54.515400 +16 10  2.94600 2454203.64949169 Kiviuq              
 09 24 54.508000 +16 10  2.95900 2454203.65146047 Kiviuq              
 09 24 54.625700 +16 10  2.75300 2454203.62035806 Kiviuq              
 09 24 54.618200 +16 10  2.76700 2454203.62232683 Kiviuq              
 10 12 13.785900 +12 23 19.03500 2454351.65045626 Kiviuq              
 10 12 13.838800 +12 23 18.78700 2454351.65229225 Kiviuq              
 10 12 13.892000 +12 23 18.53700 2454351.65413807 Kiviuq              
 10 12 14.188100 +12 23 17.14400 2454351.66442231 Kiviuq              
 10 12 14.249800 +12 23 16.85400 2454351.66656219 Kiviuq              
 10 12 14.315800 +12 23 16.54400 2454351.66885540 Kiviuq              
 10 12 44.266600 +12 20 54.21400 2454352.72157310 Kiviuq              
 10 12 44.319900 +12 20 53.96400 2454352.72342934 Kiviuq              
 10 12 44.371800 +12 20 53.72100 2454352.72523730 Kiviuq              
 10 12 47.287200 +12 20 40.04300 2454352.82709348 Kiviuq              
 10 12 47.344700 +12 20 39.77300 2454352.82910765 Kiviuq              
 10 12 47.402300 +12 20 39.50300 2454352.83112600 Kiviuq              
 10 13  6.772000 +12 19  6.99100 2454353.51716084 Kiviuq              
 10 13  6.856300 +12 19  6.59100 2454353.52011600 Kiviuq              
 10 13  6.909000 +12 19  6.34100 2454353.52196182 Kiviuq              
 10 13  6.961100 +12 19  6.09400 2454353.52378634 Kiviuq              
 10 13  7.013600 +12 19  5.84500 2454353.52562325 Kiviuq              
 10 13  7.063400 +12 19  5.60900 2454353.52736916 Kiviuq              
 10 13  7.115800 +12 19  5.36000 2454353.52920443 Kiviuq              
 10 13  7.166400 +12 19  5.12000 2454353.53097569 Kiviuq              
 10 13  7.218300 +12 19  4.87400 2454353.53279350 Kiviuq              
 10 13  7.268300 +12 19  4.63800 2454353.53454147 Kiviuq              
 10 13  7.844400 +12 19  1.91100 2454353.55469836 Kiviuq              
 10 13  7.896000 +12 19  1.66700 2454353.55650366 Kiviuq              
 10 13  7.948000 +12 19  1.42100 2454353.55832273 Kiviuq              
 10 13  8.005200 +12 19  1.15000 2454353.56032289 Kiviuq              
 10 13  8.055200 +12 19  0.91400 2454353.56207134 Kiviuq              
 10 13  8.107500 +12 19  0.66700 2454353.56390072 Kiviuq              
 10 13  8.158300 +12 19  0.42700 2454353.56567638 Kiviuq              
 10 13  8.210500 +12 19  0.18000 2454353.56749975 Kiviuq              
 10 13  8.260300 +12 18 59.94500 2454353.56923915 Kiviuq              
 10 13  5.810700 +12 19 11.55800 2454353.48345198 Kiviuq              
 10 13  5.841100 +12 19 11.41300 2454353.48452182 Kiviuq              
 10 13  5.871700 +12 19 11.26800 2454353.48559421 Kiviuq              
 10 13  5.904400 +12 19 11.11200 2454353.48674128 Kiviuq              
 10 13  5.936400 +12 19 10.96000 2454353.48786369 Kiviuq              
 10 13  5.968000 +12 19 10.81000 2454353.48897243 Kiviuq              
 10 13  5.999900 +12 19 10.65800 2454353.49009472 Kiviuq              
 10 13  6.031600 +12 19 10.50700 2454353.49120637 Kiviuq              
 10 13  6.063800 +12 19 10.35400 2454353.49233618 Kiviuq              
 10 13  6.114500 +12 19 10.11300 2454353.49411346 Kiviuq              
 10 13  6.146700 +12 19  9.96000 2454353.49524328 Kiviuq              
 10 13  6.178400 +12 19  9.80900 2454353.49635606 Kiviuq              
 10 13  6.210200 +12 19  9.65800 2454353.49747003 Kiviuq              
 10 13  6.242300 +12 19  9.50600 2454353.49859453 Kiviuq              
 10 13  6.274200 +12 19  9.35400 2454353.49971449 Kiviuq              
 10 13  6.306800 +12 19  9.19900 2454353.50085797 Kiviuq              
 10 13  6.339000 +12 19  9.04600 2454353.50198650 Kiviuq              
 10 13  6.371300 +12 19  8.89300 2454353.50311992 Kiviuq              
 10 13  8.836900 +12 18 57.22300 2454353.58938916 Kiviuq              
 10 13  8.895900 +12 18 56.94500 2454353.59144976 Kiviuq              
 10 13  8.954500 +12 18 56.66800 2454353.59349936 Kiviuq              
 10 13  9.013400 +12 18 56.39100 2454353.59555626 Kiviuq              
 10 13  9.070200 +12 18 56.12300 2454353.59754010 Kiviuq              
 10 13  9.129000 +12 18 55.84600 2454353.59959317 Kiviuq              
 10 13  9.186000 +12 18 55.57700 2454353.60158303 Kiviuq              
 10 13  9.244300 +12 18 55.30300 2454353.60361966 Kiviuq              
 10 13  9.301200 +12 18 55.03400 2454353.60560721 Kiviuq              
 10 13  9.921800 +12 18 52.11300 2454353.62727449 Kiviuq              
 10 13  9.980300 +12 18 51.83700 2454353.62931830 Kiviuq              
 10 13 10.114400 +12 18 51.20700 2454353.63399929 Kiviuq              
 10 13  8.339600 +12 18 59.57000 2454353.57201206 Kiviuq              
 10 13  8.391900 +12 18 59.32300 2454353.57384213 Kiviuq              
 10 13  8.444300 +12 18 59.07600 2454353.57567279 Kiviuq              
 10 13  8.497600 +12 18 58.82500 2454353.57753274 Kiviuq              
 10 13  8.548400 +12 18 58.58500 2454353.57930851 Kiviuq              
 10 13  8.600900 +12 18 58.33700 2454353.58114275 Kiviuq              
 10 13  8.651400 +12 18 58.09900 2454353.58290788 Kiviuq              
 10 13  8.704300 +12 18 57.84900 2454353.58475543 Kiviuq              
 10 13  8.754200 +12 18 57.61300 2454353.58650019 Kiviuq              
 10 13  6.420800 +12 19  8.65800 2454353.50485505 Kiviuq              
 10 13  6.453300 +12 19  8.50300 2454353.50599227 Kiviuq              
 10 13  6.485600 +12 19  8.35000 2454353.50712475 Kiviuq              
 10 13  6.517900 +12 19  8.19600 2454353.50826001 Kiviuq              
 10 13  6.550200 +12 19  8.04300 2454353.50938890 Kiviuq              
 10 13  6.582200 +12 19  7.89100 2454353.51051328 Kiviuq              
 10 13  6.614600 +12 19  7.73700 2454353.51164703 Kiviuq              
 10 13  6.651300 +12 19  7.56300 2454353.51293328 Kiviuq              
 10 13  6.683600 +12 19  7.41000 2454353.51406460 Kiviuq              
 10 13  7.355000 +12 19  4.22700 2454353.53757569 Kiviuq              
 10 13  7.408000 +12 19  3.97600 2454353.53943321 Kiviuq              
 10 13  7.459600 +12 19  3.73200 2454353.54123585 Kiviuq              
 10 13  7.512700 +12 19  3.48000 2454353.54309522 Kiviuq              
 10 13  7.562600 +12 19  3.24400 2454353.54484182 Kiviuq              
 10 13  7.614900 +12 19  2.99700 2454353.54667131 Kiviuq              
 10 13  7.664200 +12 19  2.76300 2454353.54839556 Kiviuq              
 10 13  7.716200 +12 19  2.51700 2454353.55021429 Kiviuq              
 10 13  7.765800 +12 19  2.28300 2454353.55195000 Kiviuq              
 10 25 56.695800 +11 18 54.23800 2454382.50138887 Kiviuq              
 10 25 56.766500 +11 18 53.91600 2454382.50427083 Kiviuq              
 10 25 56.836300 +11 18 53.59800 2454382.50711898 Kiviuq              
 10 25 56.906300 +11 18 53.27900 2454382.50997304 Kiviuq              
 10 25 56.974100 +11 18 52.97100 2454382.51273818 Kiviuq              
 10 26  0.116500 +11 18 38.73100 2454382.64082832 Kiviuq              
 10 26  0.166700 +11 18 38.50400 2454382.64287606 Kiviuq              
 10 26  0.216900 +11 18 38.27700 2454382.64492451 Kiviuq              
 10 26  0.267600 +11 18 38.04800 2454382.64699234 Kiviuq              
 10 26  0.316200 +11 18 37.82900 2454382.64897740 Kiviuq              
 10 26  0.378100 +11 18 37.54900 2454382.65150148 Kiviuq              
 10 26  0.432300 +11 18 37.30400 2454382.65371549 Kiviuq              
 10 26  0.482400 +11 18 37.07800 2454382.65575895 Kiviuq              
 10 26  0.533600 +11 18 36.84700 2454382.65784977 Kiviuq              
 10 26  0.582300 +11 18 36.62700 2454382.65984020 Kiviuq              
 10 26  1.091000 +11 18 34.33000 2454382.68062573 Kiviuq              
 10 26  1.146900 +11 18 34.07700 2454382.68290875 Kiviuq              
 10 26  1.202200 +11 18 33.82700 2454382.68517243 Kiviuq              
 10 26  1.260800 +11 18 33.56300 2454382.68756985 Kiviuq              
 10 26  1.313800 +11 18 33.32400 2454382.68973616 Kiviuq              
 10 26  1.380500 +11 18 33.02200 2454382.69246494 Kiviuq              
 10 26  1.436200 +11 18 32.77100 2454382.69474309 Kiviuq              
 10 26  1.491500 +11 18 32.52100 2454382.69700759 Kiviuq              
 10 26  1.547800 +11 18 32.26700 2454382.69930994 Kiviuq              
 10 26  1.601500 +11 18 32.02400 2454382.70150832 Kiviuq              
 10 26 23.556800 +11 16 51.22300 2454383.61388021 Kiviuq              
 10 26 23.607100 +11 16 50.99600 2454383.61594961 Kiviuq              
 10 26 23.656500 +11 16 50.77300 2454383.61797883 Kiviuq              
 10 26 23.706300 +11 16 50.54900 2454383.62002461 Kiviuq              
 10 26 23.753400 +11 16 50.33600 2454383.62196329 Kiviuq              
 10 26 23.812400 +11 16 50.07000 2454383.62438907 Kiviuq              
 10 26 23.862500 +11 16 49.84400 2454383.62645222 Kiviuq              
 10 26 23.911500 +11 16 49.62300 2454383.62846753 Kiviuq              
 10 26 23.961300 +11 16 49.39900 2454383.63051238 Kiviuq              
 10 26 24.009000 +11 16 49.18400 2454383.63247735 Kiviuq              
 10 26 24.466400 +11 16 47.12300 2454383.65130210 Kiviuq              
 10 26 24.521900 +11 16 46.87300 2454383.65358443 Kiviuq              
 10 26 25.040500 +11 16 44.53700 2454383.67494813 Kiviuq              
 10 26 25.095700 +11 16 44.28800 2454383.67722523 Kiviuq              
 10 26 21.329800 +11 17  1.29200 2454383.52236001 Kiviuq              
 10 26 21.401700 +11 17  0.96600 2454383.52531573 Kiviuq              
 10 26 21.470000 +11 17  0.65600 2454383.52812256 Kiviuq              
 10 26 21.539500 +11 17  0.34200 2454383.53097662 Kiviuq              
 10 26 21.607000 +11 17  0.03600 2454383.53375126 Kiviuq              
 10 26 51.062100 +11 14 45.69600 2454384.76428913 Kiviuq              
 10 26 51.117500 +11 14 45.44600 2454384.76660931 Kiviuq              
 10 26 51.173100 +11 14 45.19600 2454384.76893968 Kiviuq              
 10 26 51.228600 +11 14 44.94600 2454384.77126241 Kiviuq              
 10 26 51.282000 +11 14 44.70500 2454384.77349947 Kiviuq              
 10 26 51.346500 +11 14 44.41400 2454384.77620475 Kiviuq              
 10 26 51.402000 +11 14 44.16400 2454384.77853038 Kiviuq              
 10 26 51.457200 +11 14 43.91500 2454384.78084663 Kiviuq              
 10 26 51.512700 +11 14 43.66500 2454384.78317435 Kiviuq              
 10 26 51.569300 +11 14 43.40900 2454384.78554792 Kiviuq              
 10 27 11.678500 +11 13 11.43200 2454385.63683554 Kiviuq              
 10 27 11.727300 +11 13 11.21400 2454385.63887854 Kiviuq              
 10 27 11.775100 +11 13 10.99900 2454385.64088171 Kiviuq              
 10 27 11.823700 +11 13 10.78100 2454385.64291858 Kiviuq              
 10 27 11.871000 +11 13 10.56900 2454385.64490010 Kiviuq              
 10 27 11.929000 +11 13 10.31000 2454385.64732912 Kiviuq              
 10 27 11.977700 +11 13 10.09100 2454385.64936900 Kiviuq              
 10 27 12.026300 +11 13  9.87300 2454385.65140772 Kiviuq              
 10 27 12.075500 +11 13  9.65300 2454385.65347168 Kiviuq              
 10 27 12.122300 +11 13  9.44300 2454385.65542970 Kiviuq              
 10 27 12.619300 +11 13  7.21600 2454385.67627556 Kiviuq              
 10 27 12.673900 +11 13  6.97100 2454385.67857073 Kiviuq              
 10 27 12.727900 +11 13  6.72900 2454385.68083510 Kiviuq              
 10 27 12.782600 +11 13  6.48400 2454385.68313100 Kiviuq              
 10 27 12.835300 +11 13  6.24800 2454385.68534755 Kiviuq              
 10 27 12.958100 +11 13  5.69800 2454385.69050200 Kiviuq              
 10 27 13.012400 +11 13  5.45400 2454385.69278340 Kiviuq              
 10 27 13.066100 +11 13  5.21300 2454385.69504049 Kiviuq              
 10 27 13.120800 +11 13  4.96800 2454385.69733821 Kiviuq              
 10 27 13.173000 +11 13  4.73400 2454385.69953486 Kiviuq              
 10 27 32.241200 +11 11 37.65800 2454386.51458931 Kiviuq              
 10 27 32.298700 +11 11 37.40000 2454386.51701693 Kiviuq              
 10 27 32.393600 +11 11 36.97300 2454386.52102073 Kiviuq              
 10 27 32.450900 +11 11 36.71500 2454386.52343887 Kiviuq              
 10 27 34.465500 +11 11 27.68000 2454386.60847266 Kiviuq              
 10 27 34.513900 +11 11 27.46400 2454386.61051531 Kiviuq              
 10 27 34.562500 +11 11 27.24600 2454386.61257150 Kiviuq              
 10 27 34.611500 +11 11 27.02700 2454386.61463987 Kiviuq              
 10 27 34.658600 +11 11 26.81700 2454386.61662683 Kiviuq              
 10 27 34.791100 +11 11 26.22400 2454386.62222832 Kiviuq              
 10 27 34.839500 +11 11 26.00700 2454386.62427260 Kiviuq              
 10 27 34.888700 +11 11 25.78800 2454386.62634953 Kiviuq              
 10 27 34.937600 +11 11 25.56900 2454386.62841788 Kiviuq              
 10 27 34.984200 +11 11 25.36100 2454386.63038597 Kiviuq              
 10 27 35.447600 +11 11 23.28900 2454386.64997998 Kiviuq              
 10 27 35.515300 +11 11 22.98700 2454386.65284238 Kiviuq              
 10 27 35.582600 +11 11 22.68600 2454386.65568881 Kiviuq              
 10 27 35.650600 +11 11 22.38200 2454386.65856962 Kiviuq              
 10 27 35.716800 +11 11 22.08600 2454386.66136834 Kiviuq              
 10 27 35.793300 +11 11 21.74400 2454386.66460866 Kiviuq              
 10 27 35.860800 +11 11 21.44200 2454386.66746725 Kiviuq              
 10 27 35.928100 +11 11 21.14200 2454386.67031436 Kiviuq              
 10 27 35.998500 +11 11 20.82700 2454386.67329775 Kiviuq              
 10 27 36.064100 +11 11 20.53400 2454386.67607539 Kiviuq              
 10 20 27.609600 +11 55  4.55900 2454618.76682508 Kiviuq              
 10 20 27.637700 +11 55  4.35100 2454618.76930921 Kiviuq              
 10 20 27.524400 +11 55  5.18900 2454618.75928869 Kiviuq              
 10 20 27.562100 +11 55  4.91000 2454618.76262396 Kiviuq              
 10 20 27.685000 +11 55  4.00200 2454618.77348390 Kiviuq              
 10 20 27.816900 +11 55  3.03100 2454618.78511076 Kiviuq              
 10 20 27.287900 +11 55  6.94300 2454618.73831188 Kiviuq              
 10 20 27.338300 +11 55  6.56800 2454618.74278898 Kiviuq              
 10 20 27.400100 +11 55  6.11000 2454618.74827064 Kiviuq              
 10 20 27.450800 +11 55  5.73400 2454618.75276894 Kiviuq              
 10 20 49.707500 +11 52 22.08100 2454620.69302966 Kiviuq              
 10 20 49.726400 +11 52 21.94200 2454620.69462678 Kiviuq              
 10 20 50.089600 +11 52 19.27800 2454620.72518971 Kiviuq              
 10 20 50.128400 +11 52 18.99500 2454620.72843801 Kiviuq              
 10 20 50.356100 +11 52 17.33500 2454620.74748947 Kiviuq              
 10 20 50.387200 +11 52 17.10900 2454620.75008002 Kiviuq              
 10 20 48.304000 +11 52 32.51700 2454620.57302413 Kiviuq              
 10 20 48.356100 +11 52 32.12700 2454620.57752635 Kiviuq              
 10 20 49.845600 +11 52 21.06600 2454620.70467957 Kiviuq              
 10 20 49.877000 +11 52 20.83500 2454620.70732523 Kiviuq              
 10 20 49.927200 +11 52 20.46700 2454620.71154716 Kiviuq              
 10 20 49.965400 +11 52 20.18700 2454620.71475645 Kiviuq              
 10 20 48.109100 +11 52 33.98100 2454620.55612941 Kiviuq              
 10 20 48.132100 +11 52 33.80800 2454620.55812598 Kiviuq              
 10 20 48.197000 +11 52 33.32000 2454620.56375852 Kiviuq              
 10 20 48.242500 +11 52 32.97900 2454620.56769331 Kiviuq              
 10 20 50.010600 +11 52 19.85600 2454620.71855566 Kiviuq              
 10 20 50.044600 +11 52 19.60800 2454620.72141134 Kiviuq              
 10 21  3.958600 +11 50 38.86700 2454621.87608304 Kiviuq              
 10 21  4.009900 +11 50 38.50500 2454621.88016730 Kiviuq              
 10 21  3.612600 +11 50 41.31100 2454621.84846955 Kiviuq              
 10 21  3.739600 +11 50 40.41300 2454621.85861481 Kiviuq              
 10 21  3.087100 +11 50 45.04300 2454621.80637684 Kiviuq              
 10 21  3.137900 +11 50 44.68200 2454621.81045124 Kiviuq              
 10 21  3.201200 +11 50 44.23100 2454621.81553304 Kiviuq              
 10 21  3.255500 +11 50 43.84500 2454621.81988766 Kiviuq              
 10 21  3.335000 +11 50 43.27900 2454621.82626131 Kiviuq              
 10 21  3.455500 +11 50 42.42400 2454621.83590699 Kiviuq              
 10 21  3.517000 +11 50 41.98800 2454621.84082848 Kiviuq              
 10 21  3.814600 +11 50 39.88300 2454621.86459973 Kiviuq              
 10 21  3.856500 +11 50 39.58700 2454621.86793985 Kiviuq              
 10 21  3.898000 +11 50 39.29400 2454621.87124872 Kiviuq              
 10 21  4.411200 +11 50 35.68200 2454621.91211441 Kiviuq              
 10 21  4.467400 +11 50 35.28700 2454621.91658250 Kiviuq              
 10 21  4.522700 +11 50 34.89900 2454621.92097949 Kiviuq              
 10 21  4.579000 +11 50 34.50500 2454621.92544955 Kiviuq              
 10 21  4.634300 +11 50 34.11700 2454621.92984458 Kiviuq              
 10 20 59.244900 +11 51 13.21400 2454621.48850632 Kiviuq              
 10 20 59.295200 +11 51 12.83800 2454621.49278244 Kiviuq              
 10 20 59.344300 +11 51 12.47100 2454621.49695481 Kiviuq              
 10 21  4.094300 +11 50 37.91100 2454621.88689220 Kiviuq              
 10 21  4.236200 +11 50 36.91200 2454621.89819128 Kiviuq              
 10 21  4.758000 +11 50 33.25000 2454621.93967646 Kiviuq              
 10 21  4.873800 +11 50 32.43900 2454621.94887932 Kiviuq              
 10 21 29.415200 +11 47 36.72800 2454623.90197560 Kiviuq              
 10 21 29.474700 +11 47 36.31600 2454623.90647043 Kiviuq              
 10 21 29.534100 +11 47 35.90400 2454623.91095357 Kiviuq              
 10 21 29.613100 +11 47 35.35800 2454623.91691569 Kiviuq              
 10 21 24.194800 +11 48 14.03400 2454623.49671373 Kiviuq              
 10 21 24.287000 +11 48 13.35800 2454623.50410688 Kiviuq              
 10 21 24.393300 +11 48 12.57700 2454623.51263457 Kiviuq              
 10 21 23.804300 +11 48 16.90000 2454623.46532162 Kiviuq              
 10 21 23.823300 +11 48 16.76100 2454623.46685112 Kiviuq              
 10 21 23.906600 +11 48 16.14900 2454623.47355226 Kiviuq              
 10 21 24.016000 +11 48 15.34600 2454623.48235249 Kiviuq              
 10 21 24.099700 +11 48 14.73200 2454623.48907434 Kiviuq              
 10 21 29.736500 +11 47 34.50400 2454623.92622580 Kiviuq              
 10 21 29.893700 +11 47 33.41900 2454623.93808029 Kiviuq              
 10 21 24.512800 +11 48 11.70100 2454623.52220291 Kiviuq              
 10 21 24.638700 +11 48 10.77900 2454623.53226957 Kiviuq              
 11 07  5.214400 +08 12 31.81900 2454971.57581615 Kiviuq              
 11 07  5.216800 +08 12 31.73100 2454971.57810852 Kiviuq              
 11 07  5.222500 +08 12 31.52700 2454971.58342781 Kiviuq              
 11 07  5.227600 +08 12 31.34600 2454971.58817050 Kiviuq              
 11 07  5.231200 +08 12 31.21700 2454971.59150998 Kiviuq              
 11 07  5.234900 +08 12 31.08900 2454971.59484449 Kiviuq              
 11 07  5.238500 +08 12 30.96100 2454971.59819022 Kiviuq              
 11 07  5.242100 +08 12 30.83500 2454971.60145492 Kiviuq              
 11 07  5.246600 +08 12 30.68100 2454971.60545836 Kiviuq              
 11 07  5.250300 +08 12 30.55200 2454971.60882262 Kiviuq              
 11 07  5.254000 +08 12 30.42400 2454971.61214716 Kiviuq              
 11 07  5.257800 +08 12 30.29500 2454971.61549659 Kiviuq              
 11 07  5.261500 +08 12 30.16900 2454971.61875584 Kiviuq              
 11 07  5.705200 +08 12 18.53200 2454971.91656241 Kiviuq              
 11 07  5.707300 +08 12 18.48600 2454971.91773082 Kiviuq              
 11 07  5.709400 +08 12 18.44100 2454971.91888314 Kiviuq              
 11 07  5.711500 +08 12 18.39600 2454971.92004507 Kiviuq              
 11 07  5.713600 +08 12 18.35100 2454971.92116916 Kiviuq              
 11 07  5.715700 +08 12 18.30600 2454971.92234266 Kiviuq              
 11 07  5.717800 +08 12 18.26100 2454971.92347137 Kiviuq              
 11 07  5.719900 +08 12 18.21600 2454971.92462819 Kiviuq              
 11 07  5.722000 +08 12 18.17100 2454971.92578064 Kiviuq              
 11 07  5.724100 +08 12 18.12500 2454971.92694095 Kiviuq              
 11 07  5.727000 +08 12 18.06400 2454971.92850709 Kiviuq              
 11 07  5.729100 +08 12 18.01900 2454971.92966440 Kiviuq              
 11 07  5.731300 +08 12 17.97400 2454971.93081788 Kiviuq              
 11 07  5.733400 +08 12 17.92900 2454971.93196581 Kiviuq              
 11 07  5.735500 +08 12 17.88300 2454971.93312335 Kiviuq              
 11 07  5.737600 +08 12 17.83800 2454971.93427231 Kiviuq              
 11 07  5.739800 +08 12 17.79300 2454971.93543725 Kiviuq              
 11 07  5.741900 +08 12 17.74700 2454971.93659663 Kiviuq              
 11 07  6.761300 +08 11 53.29800 2454972.55847656 Kiviuq              
 11 07  6.763000 +08 11 53.25000 2454972.55964127 Kiviuq              
 11 07  6.764700 +08 11 53.20000 2454972.56086652 Kiviuq              
 11 07  6.769400 +08 11 53.06700 2454972.56413412 Kiviuq              
 11 07  6.772600 +08 11 52.97800 2454972.56631247 Kiviuq              
 11 07  6.775700 +08 11 52.89000 2454972.56847775 Kiviuq              
 11 07  6.778800 +08 11 52.80100 2454972.57065426 Kiviuq              
 11 07  6.781900 +08 11 52.71600 2454972.57275009 Kiviuq              
 11 07  6.785000 +08 11 52.62700 2454972.57490981 Kiviuq              
 11 07  6.788100 +08 11 52.54100 2454972.57701895 Kiviuq              
 11 07  6.791200 +08 11 52.45200 2454972.57918584 Kiviuq              
 11 07  6.794300 +08 11 52.36700 2454972.58128295 Kiviuq              
 11 07  6.797500 +08 11 52.27800 2454972.58345645 Kiviuq              
 11 07  6.802200 +08 11 52.14400 2454972.58671293 Kiviuq              
 11 07  6.809100 +08 11 51.95400 2454972.59136818 Kiviuq              
 11 07  6.812300 +08 11 51.86500 2454972.59353381 Kiviuq              
 11 07  6.815500 +08 11 51.77600 2454972.59571182 Kiviuq              
 11 07  6.818600 +08 11 51.69000 2454972.59780823 Kiviuq              
 11 07  6.821900 +08 11 51.60100 2454972.59996841 Kiviuq              
 11 07  6.825000 +08 11 51.51500 2454972.60207639 Kiviuq              
 11 07  6.828300 +08 11 51.42600 2454972.60424329 Kiviuq              
 11 07  6.831400 +08 11 51.34000 2454972.60634190 Kiviuq              
 11 07  6.834700 +08 11 51.25000 2454972.60851400 Kiviuq              
 11 07  7.286300 +08 11 40.83000 2454972.85907025 Kiviuq              
 11 07  7.288700 +08 11 40.78200 2454972.86022374 Kiviuq              
 11 07  7.291100 +08 11 40.73400 2454972.86135118 Kiviuq              
 11 07  7.293500 +08 11 40.68600 2454972.86250790 Kiviuq              
 11 07  7.296000 +08 11 40.63800 2454972.86366833 Kiviuq              
 11 07  7.298400 +08 11 40.58900 2454972.86482459 Kiviuq              
 11 07  7.300900 +08 11 40.54100 2454972.86598108 Kiviuq              
 11 07  7.303300 +08 11 40.49200 2454972.86714081 Kiviuq              
 11 07  7.305800 +08 11 40.44400 2454972.86828943 Kiviuq              
 11 07  7.308300 +08 11 40.39600 2454972.86945216 Kiviuq              
 11 07  7.311300 +08 11 40.33700 2454972.87085881 Kiviuq              
 11 07  7.313800 +08 11 40.28800 2454972.87202733 Kiviuq              
 11 07  7.316200 +08 11 40.24000 2454972.87317155 Kiviuq              
 11 07  7.318700 +08 11 40.19100 2454972.87434286 Kiviuq              
 11 07  7.321200 +08 11 40.14300 2454972.87549669 Kiviuq              
 11 07  7.323700 +08 11 40.09500 2454972.87665480 Kiviuq              
 11 07  7.326100 +08 11 40.04700 2454972.87781002 Kiviuq              
 11 07  7.328600 +08 11 39.99800 2454972.87897426 Kiviuq              
 11 07  7.331100 +08 11 39.95000 2454972.88012612 Kiviuq              
 11 07  7.333600 +08 11 39.90100 2454972.88128134 Kiviuq              
 11 07  7.337000 +08 11 39.83600 2454972.88285350 Kiviuq              
 11 07  7.339500 +08 11 39.78700 2454972.88401855 Kiviuq              
 11 07  7.342400 +08 11 39.73100 2454972.88535110 Kiviuq              
 11 07  7.345300 +08 11 39.67400 2454972.88671977 Kiviuq              
 11 07  7.347800 +08 11 39.62600 2454972.88788286 Kiviuq              
 11 07  7.350300 +08 11 39.57800 2454972.88901574 Kiviuq              
 11 07  7.356700 +08 11 39.45400 2454972.89199661 Kiviuq              
 11 07  7.359300 +08 11 39.40500 2454972.89315912 Kiviuq              
 11 07  7.361700 +08 11 39.35800 2454972.89429328 Kiviuq              
 11 07  7.364300 +08 11 39.30900 2454972.89545091 Kiviuq              
 11 07  7.366700 +08 11 39.26300 2454972.89657419 Kiviuq              
 11 07  7.369300 +08 11 39.21400 2454972.89774214 Kiviuq              
 11 07  9.170800 +08 11  1.71500 2454973.78228852 Kiviuq              
 11 07  9.173400 +08 11  1.66500 2454973.78341954 Kiviuq              
 11 07  9.176100 +08 11  1.61400 2454973.78456874 Kiviuq              
 11 07  9.178800 +08 11  1.56200 2454973.78573102 Kiviuq              
 11 07  9.185500 +08 11  1.43500 2454973.78860426 Kiviuq              
 11 07  9.203000 +08 11  1.10300 2454973.79609720 Kiviuq              
 11 07  9.207600 +08 11  1.01700 2454973.79803618 Kiviuq              
 11 07  9.212200 +08 11  0.93100 2454973.79997574 Kiviuq              
 11 07  9.216800 +08 11  0.84500 2454973.80191378 Kiviuq              
 11 07  9.221200 +08 11  0.76200 2454973.80377777 Kiviuq              
 11 07  9.225700 +08 11  0.67700 2454973.80569881 Kiviuq              
 11 07  9.230200 +08 11  0.59400 2454973.80757413 Kiviuq              
 11 07  9.234800 +08 11  0.50800 2454973.80950663 Kiviuq              
 11 07  9.240500 +08 11  0.40300 2454973.81187494 Kiviuq              
 11 07  9.251200 +08 11  0.20400 2454973.81636361 Kiviuq              
 11 07  9.255900 +08 11  0.11800 2454973.81830792 Kiviuq              
 11 07  9.260500 +08 11  0.03200 2454973.82023486 Kiviuq              
 11 07  9.265300 +08 10 59.94600 2454973.82218333 Kiviuq              
 11 07  9.269800 +08 10 59.86300 2454973.82404881 Kiviuq              
 11 07  9.420200 +08 10 57.18000 2454973.88453310 Kiviuq              
 11 07  9.425100 +08 10 57.09500 2454973.88645877 Kiviuq              
 11 07  9.447000 +08 10 56.71500 2454973.89502439 Kiviuq              
 11 07  9.452000 +08 10 56.63000 2454973.89694867 Kiviuq              
 11 07  9.320100 +08 10 58.95100 2454973.84461828 Kiviuq              
 11 07  9.324900 +08 10 58.86400 2454973.84656987 Kiviuq              
 11 07  9.329700 +08 10 58.77800 2454973.84850306 Kiviuq              
 11 07  9.334500 +08 10 58.69200 2454973.85044238 Kiviuq              
 11 07  9.339100 +08 10 58.61000 2454973.85230463 Kiviuq              
 11 07  9.343900 +08 10 58.52400 2454973.85423852 Kiviuq              
 11 07  9.348600 +08 10 58.44100 2454973.85611672 Kiviuq              
 11 07  9.353900 +08 10 58.34600 2454973.85825214 Kiviuq              
 11 07  9.360400 +08 10 58.23000 2454973.86085995 Kiviuq              
 11 07  9.365300 +08 10 58.14400 2454973.86280657 Kiviuq              
 11 07  9.370100 +08 10 58.05800 2454973.86474091 Kiviuq              
 11 07  9.375000 +08 10 57.97200 2454973.86667956 Kiviuq              
 11 07  9.379700 +08 10 57.88900 2454973.86854492 Kiviuq              
 11 07  9.384600 +08 10 57.80400 2454973.87047765 Kiviuq              
 11 07  9.389300 +08 10 57.72000 2454973.87235355 Kiviuq              
 11 07  9.394200 +08 10 57.63500 2454973.87428731 Kiviuq              
 11 07  9.132100 +08 11  2.46000 2454973.76546378 Kiviuq              
 11 07  9.134800 +08 11  2.40900 2454973.76663197 Kiviuq              
 11 07  9.137400 +08 11  2.35700 2454973.76779137 Kiviuq              
 11 07  9.140000 +08 11  2.30600 2454973.76894426 Kiviuq              
 11 07  9.142600 +08 11  2.25600 2454973.77006880 Kiviuq              
 11 07  9.145300 +08 11  2.20500 2454973.77122946 Kiviuq              
 11 07  9.147900 +08 11  2.15300 2454973.77239428 Kiviuq              
 11 07  9.151100 +08 11  2.09200 2454973.77377140 Kiviuq              
 11 07  9.153700 +08 11  2.04100 2454973.77492164 Kiviuq              
 11 07  9.156300 +08 11  1.99100 2454973.77605116 Kiviuq              
 11 07  9.159000 +08 11  1.94000 2454973.77720811 Kiviuq              
 11 07  9.161700 +08 11  1.88900 2454973.77836414 Kiviuq              
 11 07  9.164300 +08 11  1.83800 2454973.77951368 Kiviuq              
 11 07  9.167000 +08 11  1.78600 2454973.78067943 Kiviuq              
 11 07  9.274400 +08 10 59.77900 2454973.82595317 Kiviuq              
 11 07  9.277200 +08 10 59.72700 2454973.82711464 Kiviuq              
 11 07  9.280100 +08 10 59.67500 2454973.82829289 Kiviuq              
 11 07  9.282900 +08 10 59.62300 2454973.82945459 Kiviuq              
 11 07  9.285700 +08 10 59.57200 2454973.83061247 Kiviuq              
 11 07  9.288500 +08 10 59.52000 2454973.83177313 Kiviuq              
 11 07  9.291300 +08 10 59.46900 2454973.83292534 Kiviuq              
 11 07  9.294700 +08 10 59.40800 2454973.83430395 Kiviuq              
 11 07  9.297600 +08 10 59.35600 2454973.83547306 Kiviuq              
 11 07  9.300400 +08 10 59.30500 2454973.83662874 Kiviuq              
 11 07  9.303200 +08 10 59.25400 2454973.83778396 Kiviuq              
 11 07  9.306000 +08 10 59.20400 2454973.83890931 Kiviuq              
 11 07  9.308800 +08 10 59.15300 2454973.84005433 Kiviuq              
 11 07  9.311700 +08 10 59.10200 2454973.84121350 Kiviuq              
 11 07  8.757400 +08 11 10.50200 2454973.58254782 Kiviuq              
 11 07  8.759900 +08 11 10.44400 2454973.58387412 Kiviuq              
 11 07  8.762000 +08 11 10.39400 2454973.58503768 Kiviuq              
 11 07  8.764200 +08 11 10.34400 2454973.58619197 Kiviuq              
 11 07  8.766300 +08 11 10.29300 2454973.58734880 Kiviuq              
 11 07  8.768900 +08 11 10.23300 2454973.58872881 Kiviuq              
 11 07  8.771000 +08 11 10.18300 2454973.58987083 Kiviuq              
 11 07  8.773200 +08 11 10.13300 2454973.59102894 Kiviuq              
 11 07  8.775400 +08 11 10.08300 2454973.59218740 Kiviuq              
 11 07  8.777500 +08 11 10.03300 2454973.59331831 Kiviuq              
 11 07  8.687500 +08 11 12.16200 2454973.54426270 Kiviuq              
 11 07  8.689900 +08 11 12.10300 2454973.54562476 Kiviuq              
 11 07  8.692700 +08 11 12.03600 2454973.54717759 Kiviuq              
 11 07  8.694800 +08 11 11.98700 2454973.54831348 Kiviuq              
 11 07  8.696900 +08 11 11.93700 2454973.54947760 Kiviuq              
 11 07  8.699000 +08 11 11.88600 2454973.55063572 Kiviuq              
 11 07  8.701100 +08 11 11.83600 2454973.55179117 Kiviuq              
 11 07  8.703200 +08 11 11.78600 2454973.55295067 Kiviuq              
 11 07  8.705300 +08 11 11.73600 2454973.55410414 Kiviuq              
 11 07  8.707300 +08 11 11.68800 2454973.55522775 Kiviuq              
 11 07  8.709400 +08 11 11.63800 2454973.55637975 Kiviuq              
 11 07  8.711500 +08 11 11.58800 2454973.55753426 Kiviuq              
 11 07  8.713600 +08 11 11.53800 2454973.55869122 Kiviuq              
 11 07  8.715500 +08 11 11.49300 2454973.55971679 Kiviuq              
 11 07  8.717600 +08 11 11.44300 2454973.56086703 Kiviuq              
 11 07  8.719600 +08 11 11.39500 2454973.56199064 Kiviuq              
 11 07  8.722000 +08 11 11.33700 2454973.56331497 Kiviuq              
 11 07  8.725000 +08 11 11.26800 2454973.56491329 Kiviuq              
 11 07  8.727100 +08 11 11.21700 2454973.56607753 Kiviuq              
 11 07  8.729200 +08 11 11.16700 2454973.56723090 Kiviuq              
 11 07  8.731300 +08 11 11.11700 2454973.56838947 Kiviuq              
 11 07  8.733400 +08 11 11.06800 2454973.56951193 Kiviuq              
 11 07  8.735500 +08 11 11.01900 2454973.57065951 Kiviuq              
 11 07  8.737600 +08 11 10.96800 2454973.57181484 Kiviuq              
 11 07  8.739700 +08 11 10.91800 2454973.57297295 Kiviuq              
 11 07  8.741900 +08 11 10.86800 2454973.57413130 Kiviuq              
 11 07  8.744000 +08 11 10.81800 2454973.57528917 Kiviuq              
 11 07  8.746100 +08 11 10.76700 2454973.57644590 Kiviuq              
 11 07  8.748000 +08 11 10.72300 2454973.57747170 Kiviuq              
 11 07  8.750200 +08 11 10.67300 2454973.57862275 Kiviuq              
 11 07  8.752300 +08 11 10.62200 2454973.57977889 Kiviuq              
 11 07  8.754400 +08 11 10.57400 2454973.58090240 Kiviuq              
 11 07 11.032200 +08 10 27.64600 2454974.54965837 Kiviuq              
 11 07 11.034700 +08 10 27.59400 2454974.55078904 Kiviuq              
 11 07 11.037300 +08 10 27.54000 2454974.55195387 Kiviuq              
 11 07 11.039800 +08 10 27.48700 2454974.55311534 Kiviuq              
 11 07 11.042300 +08 10 27.43500 2454974.55425238 Kiviuq              
 11 07 11.044900 +08 10 27.38200 2454974.55540725 Kiviuq              
 11 07 11.047400 +08 10 27.32900 2454974.55656177 Kiviuq              
 11 07 11.056000 +08 10 27.15100 2454974.56044286 Kiviuq              
 11 07 11.060800 +08 10 27.05100 2454974.56262006 Kiviuq              
 11 07 11.065600 +08 10 26.95100 2454974.56479228 Kiviuq              
 11 07 11.070400 +08 10 26.85100 2454974.56696936 Kiviuq              
 11 07 11.075100 +08 10 26.75500 2454974.56906635 Kiviuq              
 11 07 11.080900 +08 10 26.63400 2454974.57168850 Kiviuq              
 11 07 11.085800 +08 10 26.53400 2454974.57387207 Kiviuq              
 11 07 11.090700 +08 10 26.43400 2454974.57604834 Kiviuq              
 11 07 11.095500 +08 10 26.33400 2454974.57823193 Kiviuq              
 11 07 11.100300 +08 10 26.23700 2454974.58033515 Kiviuq              
 11 07 11.613600 +08 10 16.54900 2454974.78845786 Kiviuq              
 11 07 11.616700 +08 10 16.49500 2454974.78961460 Kiviuq              
 11 07 11.619800 +08 10 16.44300 2454974.79073681 Kiviuq              
 11 07 11.622900 +08 10 16.38900 2454974.79188543 Kiviuq              
 11 07 11.626000 +08 10 16.33600 2454974.79302003 Kiviuq              
 11 07 11.629100 +08 10 16.28300 2454974.79413961 Kiviuq              
 11 07 11.632300 +08 10 16.22900 2454974.79528719 Kiviuq              
 11 07 11.635400 +08 10 16.17500 2454974.79644287 Kiviuq              
 11 07 11.638500 +08 10 16.12200 2454974.79756660 Kiviuq              
 11 07 11.641700 +08 10 16.06900 2454974.79871221 Kiviuq              
 11 07 11.644800 +08 10 16.01600 2454974.79983733 Kiviuq              
 11 07 11.647600 +08 10 15.96800 2454974.80086950 Kiviuq              
 11 07 11.650800 +08 10 15.91400 2454974.80202344 Kiviuq              
 11 07 11.653900 +08 10 15.86000 2454974.80315852 Kiviuq              
 11 07 11.657100 +08 10 15.80600 2454974.80431269 Kiviuq              
 11 07 11.660900 +08 10 15.74300 2454974.80567083 Kiviuq              
 11 07 11.664000 +08 10 15.68900 2454974.80680324 Kiviuq              
 11 07 11.667200 +08 10 15.63600 2454974.80794885 Kiviuq              
 11 07 11.670300 +08 10 15.58300 2454974.80907235 Kiviuq              
 11 07 11.673500 +08 10 15.53000 2454974.81020591 Kiviuq              
 11 07 11.676600 +08 10 15.47600 2454974.81135338 Kiviuq              
 11 07 11.679900 +08 10 15.42200 2454974.81251103 Kiviuq              
 11 07 11.683000 +08 10 15.36900 2454974.81362990 Kiviuq              
 11 07 11.686200 +08 10 15.31500 2454974.81477968 Kiviuq              
 11 07 11.689400 +08 10 15.26100 2454974.81593674 Kiviuq              
 11 07 11.692600 +08 10 15.20700 2454974.81709023 Kiviuq              
 11 07 11.695500 +08 10 15.15900 2454974.81812054 Kiviuq              
 11 07 11.698700 +08 10 15.10500 2454974.81926894 Kiviuq              
 11 07 11.701900 +08 10 15.05200 2454974.82039289 Kiviuq              
 11 07 11.705100 +08 10 14.99800 2454974.82153804 Kiviuq              
 11 07 11.711600 +08 10 14.89000 2454974.82385310 Kiviuq              
 11 07 11.714800 +08 10 14.83700 2454974.82497799 Kiviuq              
 11 07 11.718100 +08 10 14.78200 2454974.82615267 Kiviuq              
 11 07 11.721300 +08 10 14.72800 2454974.82729873 Kiviuq              
 11 07 11.724500 +08 10 14.67600 2454974.82842419 Kiviuq              
 11 07 11.727700 +08 10 14.62200 2454974.82955846 Kiviuq              
 11 07 11.730900 +08 10 14.56900 2454974.83070512 Kiviuq              
 11 07 11.734100 +08 10 14.51600 2454974.83182560 Kiviuq              
 11 07 11.737300 +08 10 14.46200 2454974.83297062 Kiviuq              
 11 07 11.740600 +08 10 14.40800 2454974.83413269 Kiviuq              
 11 07 11.747200 +08 10 14.29900 2454974.83644508 Kiviuq              
 11 07 11.750600 +08 10 14.24400 2454974.83762368 Kiviuq              
 11 07 11.753900 +08 10 14.19000 2454974.83878353 Kiviuq              
 11 07 11.757100 +08 10 14.13500 2454974.83994140 Kiviuq              
 11 07 11.760400 +08 10 14.08200 2454974.84107266 Kiviuq              
 11 07 11.763600 +08 10 14.03000 2454974.84219477 Kiviuq              
 11 07 11.766800 +08 10 13.97600 2454974.84334177 Kiviuq              
 11 07 11.770200 +08 10 13.92200 2454974.84450023 Kiviuq              
 11 07 11.773500 +08 10 13.86800 2454974.84565429 Kiviuq              
 11 07 11.776800 +08 10 13.81300 2454974.84681472 Kiviuq              
 11 07 12.024900 +08 10  9.86100 2454974.93116082 Kiviuq              
 11 07 12.028400 +08 10  9.80700 2454974.93231812 Kiviuq              
 11 07 12.031900 +08 10  9.75300 2454974.93348190 Kiviuq              
 11 07 12.037200 +08 10  9.67100 2454974.93523892 Kiviuq              
 11 07 12.040600 +08 10  9.61800 2454974.93637214 Kiviuq              
 11 07 12.044100 +08 10  9.56200 2454974.93755282 Kiviuq              
 11 07 11.543300 +08 10 17.77200 2454974.76236432 Kiviuq              
 11 07 11.546400 +08 10 17.71700 2454974.76353377 Kiviuq              
 11 07 11.549500 +08 10 17.66300 2454974.76468841 Kiviuq              
 11 07 11.552600 +08 10 17.60900 2454974.76584398 Kiviuq              
 11 07 11.555700 +08 10 17.55500 2454974.76699885 Kiviuq              
 11 07 11.558800 +08 10 17.50100 2454974.76815753 Kiviuq              
 11 07 11.561800 +08 10 17.44800 2454974.76928034 Kiviuq              
 11 07 11.564800 +08 10 17.39400 2454974.77042884 Kiviuq              
 11 07 11.567900 +08 10 17.34000 2454974.77158510 Kiviuq              
 11 07 11.571100 +08 10 17.28600 2454974.77274506 Kiviuq              
 11 07 11.575000 +08 10 17.21700 2454974.77422115 Kiviuq              
 11 07 11.578100 +08 10 17.16200 2454974.77538273 Kiviuq              
 11 07 11.581300 +08 10 17.10800 2454974.77653853 Kiviuq              
 11 07 11.584400 +08 10 17.05400 2454974.77769641 Kiviuq              
 11 07 11.587500 +08 10 17.00000 2454974.77884966 Kiviuq              
 11 07 11.590600 +08 10 16.94500 2454974.78000997 Kiviuq              
 11 07 11.593800 +08 10 16.89100 2454974.78116854 Kiviuq              
 11 07 11.596900 +08 10 16.83700 2454974.78232723 Kiviuq              
 11 07 11.600000 +08 10 16.78300 2454974.78348279 Kiviuq              
 11 07 11.603200 +08 10 16.72800 2454974.78463778 Kiviuq              
 11 07 11.105700 +08 10 26.12500 2454974.58275898 Kiviuq              
 11 07 11.109800 +08 10 26.04100 2454974.58458522 Kiviuq              
 11 07 11.119600 +08 10 25.84100 2454974.58893446 Kiviuq              
 11 07 11.124500 +08 10 25.74000 2454974.59112556 Kiviuq              
 11 07 11.129400 +08 10 25.64000 2454974.59329083 Kiviuq              
 11 07 11.134400 +08 10 25.53900 2454974.59547000 Kiviuq              
 11 07 11.139100 +08 10 25.44300 2454974.59756895 Kiviuq              
 11 07 11.144000 +08 10 25.34200 2454974.59974291 Kiviuq              
 11 07 11.150000 +08 10 25.22100 2454974.60236264 Kiviuq              
 11 07 11.155000 +08 10 25.12000 2454974.60454748 Kiviuq              
 11 07 11.159900 +08 10 25.02000 2454974.60671484 Kiviuq              
 11 07 11.164900 +08 10 24.92000 2454974.60889216 Kiviuq              
 11 07 11.169700 +08 10 24.82300 2454974.61098949 Kiviuq              
 11 07 11.174700 +08 10 24.72300 2454974.61315546 Kiviuq              
 11 07 11.179500 +08 10 24.62500 2454974.61526229 Kiviuq              
 11 07 11.781700 +08 10 13.73200 2454974.84854615 Kiviuq              
 11 07 11.786700 +08 10 13.65100 2454974.85027828 Kiviuq              
 11 07 11.805400 +08 10 13.34600 2454974.85676926 Kiviuq              
 11 07 11.812900 +08 10 13.22400 2454974.85937716 Kiviuq              
 11 07 11.838700 +08 10 12.80700 2454974.86827824 Kiviuq              
 11 07 11.850400 +08 10 12.61900 2454974.87227624 Kiviuq              
 11 07 11.865700 +08 10 12.37200 2454974.87754880 Kiviuq              
 11 07 11.872500 +08 10 12.26400 2454974.87984847 Kiviuq              
 11 07 11.882000 +08 10 12.11200 2454974.88311258 Kiviuq              
 11 07 11.903700 +08 10 11.76700 2454974.89046369 Kiviuq              
 11 07 11.952500 +08 10 10.99500 2454974.90695453 Kiviuq              
 11 07 11.959300 +08 10 10.88800 2454974.90923765 Kiviuq              
 11 07 11.968800 +08 10 10.73800 2454974.91243510 Kiviuq              
 11 07 11.974300 +08 10 10.65200 2454974.91426377 Kiviuq              
 11 07 11.979700 +08 10 10.56700 2454974.91608167 Kiviuq              
 11 07 11.985200 +08 10 10.48200 2454974.91791069 Kiviuq              
 11 07 11.990400 +08 10 10.40000 2454974.91965797 Kiviuq              
 11 07 11.997200 +08 10 10.29300 2454974.92193566 Kiviuq              
 11 07 12.003300 +08 10 10.19800 2454974.92396076 Kiviuq              
 11 07 12.008700 +08 10 10.11300 2454974.92577947 Kiviuq              
 11 07 12.014300 +08 10 10.02700 2454974.92762076 Kiviuq              
 11 07 12.019500 +08 10  9.94500 2454974.92936713 Kiviuq              
 11 07 14.521400 +08 09 27.65700 2454975.81805588 Kiviuq              
 11 07 14.525900 +08 09 27.58800 2454975.81946681 Kiviuq              
 11 07 14.539300 +08 09 27.38000 2454975.82367466 Kiviuq              
 11 07 14.542900 +08 09 27.32400 2454975.82480094 Kiviuq              
 11 07 14.546500 +08 09 27.26800 2454975.82592872 Kiviuq              
 11 07 14.550200 +08 09 27.21100 2454975.82708127 Kiviuq              
 11 07 14.554000 +08 09 27.15400 2454975.82823834 Kiviuq              
 11 07 14.558300 +08 09 27.08700 2454975.82960400 Kiviuq              
 11 07 14.562000 +08 09 27.03100 2454975.83072760 Kiviuq              
 11 07 14.565600 +08 09 26.97500 2454975.83187194 Kiviuq              
 11 07 14.569400 +08 09 26.91700 2454975.83302856 Kiviuq              
 11 07 14.573100 +08 09 26.86000 2454975.83418703 Kiviuq              
 11 07 14.577600 +08 09 26.79200 2454975.83557779 Kiviuq              
 11 07 14.581300 +08 09 26.73400 2454975.83673787 Kiviuq              
 11 07 14.585100 +08 09 26.67700 2454975.83788896 Kiviuq              
 11 07 14.588800 +08 09 26.62000 2454975.83904681 Kiviuq              
 11 07 14.592500 +08 09 26.56400 2454975.84018153 Kiviuq              
 11 07 14.596300 +08 09 26.50700 2454975.84134531 Kiviuq              
 11 07 14.600000 +08 09 26.45000 2454975.84249590 Kiviuq              
 11 07 14.603600 +08 09 26.39400 2454975.84361928 Kiviuq              
 11 07 14.607400 +08 09 26.33700 2454975.84476569 Kiviuq              
 11 07 14.611100 +08 09 26.28000 2454975.84592578 Kiviuq              
 11 07 14.355600 +08 09 30.27800 2454975.76499427 Kiviuq              
 11 07 14.368000 +08 09 30.07700 2454975.76906311 Kiviuq              
 11 07 14.375000 +08 09 29.96500 2454975.77134034 Kiviuq              
 11 07 14.382600 +08 09 29.84400 2454975.77379811 Kiviuq              
 11 07 14.386500 +08 09 29.78100 2454975.77505867 Kiviuq              
 11 07 14.391900 +08 09 29.69400 2454975.77683142 Kiviuq              
 11 07 14.397500 +08 09 29.60600 2454975.77861831 Kiviuq              
 11 07 14.401400 +08 09 29.54300 2454975.77989715 Kiviuq              
 11 07 14.406200 +08 09 29.46600 2454975.78143818 Kiviuq              
 11 07 14.411900 +08 09 29.37600 2454975.78327194 Kiviuq              
 11 07 14.418200 +08 09 29.27500 2454975.78530641 Kiviuq              
 11 07 14.422100 +08 09 29.21300 2454975.78656209 Kiviuq              
 11 07 14.426800 +08 09 29.13800 2454975.78807904 Kiviuq              
 11 07 14.430400 +08 09 29.08200 2454975.78922419 Kiviuq              
 11 07 14.433900 +08 09 29.02600 2454975.79035301 Kiviuq              
 11 07 14.437500 +08 09 28.96900 2454975.79150881 Kiviuq              
 11 07 14.441100 +08 09 28.91300 2454975.79263613 Kiviuq              
 11 07 14.444600 +08 09 28.85800 2454975.79375558 Kiviuq              
 11 07 14.448200 +08 09 28.80100 2454975.79490409 Kiviuq              
 11 07 14.451800 +08 09 28.74400 2454975.79606138 Kiviuq              
 11 07 14.455400 +08 09 28.68700 2454975.79721891 Kiviuq              
 11 07 14.458900 +08 09 28.63100 2454975.79834125 Kiviuq              
 11 07 14.463400 +08 09 28.56100 2454975.79976699 Kiviuq              
 11 07 14.467100 +08 09 28.50400 2454975.80092359 Kiviuq              
 11 07 14.473800 +08 09 28.39900 2454975.80305252 Kiviuq              
 11 07 14.477300 +08 09 28.34300 2454975.80417822 Kiviuq              
 11 07 14.480900 +08 09 28.28700 2454975.80530786 Kiviuq              
 11 07 14.484500 +08 09 28.23100 2454975.80645544 Kiviuq              
 11 07 14.488100 +08 09 28.17500 2454975.80757639 Kiviuq              
 11 07 14.491700 +08 09 28.11900 2454975.80872187 Kiviuq              
 11 07 14.495300 +08 09 28.06300 2454975.80984458 Kiviuq              
 11 07 14.498900 +08 09 28.00600 2454975.81099228 Kiviuq              
 11 07 14.502600 +08 09 27.94900 2454975.81214969 Kiviuq              
 11 07 14.506200 +08 09 27.89200 2454975.81330803 Kiviuq              
 11 07 14.685500 +08 09 25.15800 2454975.86863389 Kiviuq              
 11 07 14.693400 +08 09 25.04000 2454975.87103774 Kiviuq              
 11 07 14.699800 +08 09 24.94300 2454975.87298587 Kiviuq              
 11 07 14.703700 +08 09 24.88600 2454975.87414178 Kiviuq              
 11 07 14.707500 +08 09 24.82900 2454975.87529919 Kiviuq              
 11 07 14.711300 +08 09 24.77200 2454975.87645534 Kiviuq              
 11 07 14.715200 +08 09 24.71500 2454975.87761576 Kiviuq              
 11 07 14.718800 +08 09 24.66000 2454975.87871918 Kiviuq              
 11 07 14.725400 +08 09 24.56300 2454975.88068797 Kiviuq              
 11 07 14.729200 +08 09 24.50500 2454975.88185140 Kiviuq              
 11 07 14.733100 +08 09 24.44800 2454975.88300789 Kiviuq              
 11 07 14.736900 +08 09 24.39100 2454975.88416334 Kiviuq              
 11 07 14.740600 +08 09 24.33600 2454975.88528811 Kiviuq              
 11 07 14.744500 +08 09 24.27800 2454975.88645965 Kiviuq              
 11 07 14.748400 +08 09 24.22100 2454975.88761313 Kiviuq              
 11 07 14.752200 +08 09 24.16400 2454975.88876953 Kiviuq              
 11 07 13.830400 +08 09 39.38700 2454975.57925160 Kiviuq              
 11 07 13.833400 +08 09 39.33200 2454975.58038448 Kiviuq              
 11 07 13.836500 +08 09 39.27500 2454975.58154768 Kiviuq              
 11 07 13.839400 +08 09 39.22100 2454975.58266910 Kiviuq              
 11 07 13.842400 +08 09 39.16600 2454975.58380393 Kiviuq              
 11 07 13.848500 +08 09 39.05400 2454975.58611171 Kiviuq              
 11 07 13.851500 +08 09 38.99700 2454975.58726728 Kiviuq              
 11 07 13.854600 +08 09 38.94100 2454975.58842666 Kiviuq              
 11 07 13.857700 +08 09 38.88500 2454975.58958025 Kiviuq              
 11 07 13.860600 +08 09 38.83000 2454975.59070144 Kiviuq              
 11 07 14.617500 +08 09 26.18300 2454975.84789451 Kiviuq              
 11 07 14.622100 +08 09 26.11300 2454975.84930392 Kiviuq              
 11 07 14.632900 +08 09 25.95000 2454975.85260983 Kiviuq              
 11 07 14.640900 +08 09 25.83000 2454975.85504308 Kiviuq              
 11 07 14.650200 +08 09 25.68900 2454975.85788484 Kiviuq              
 11 07 14.654600 +08 09 25.62200 2454975.85925360 Kiviuq              
