 09 23 49.295500 +16 31 38.51400 2454200.63963281 Ymir                
 09 23 49.288400 +16 31 38.53800 2454200.64156802 Ymir                
 09 23 49.281300 +16 31 38.56200 2454200.64352001 Ymir                
 09 23 49.266700 +16 31 38.61300 2454200.64755228 Ymir                
 09 23 49.259700 +16 31 38.63700 2454200.64948760 Ymir                
 09 23 49.252800 +16 31 38.66100 2454200.65141622 Ymir                
 09 23 49.375700 +16 31 38.23700 2454200.61767102 Ymir                
 09 23 49.368600 +16 31 38.26100 2454200.61961804 Ymir                
 09 23 49.361500 +16 31 38.28600 2454200.62153935 Ymir                
 09 23 49.240000 +16 31 38.70400 2454200.65495686 Ymir                
 09 23 49.233000 +16 31 38.72800 2454200.65689311 Ymir                
 09 23 49.226100 +16 31 38.75200 2454200.65881523 Ymir                
 09 23 49.348200 +16 31 38.33200 2454200.62518525 Ymir                
 09 23 49.341100 +16 31 38.35700 2454200.62712057 Ymir                
 09 23 49.334000 +16 31 38.38100 2454200.62905045 Ymir                
 09 23 43.518100 +16 32  1.34400 2454202.63778831 Ymir                
 09 23 43.512600 +16 32  1.36100 2454202.63977446 Ymir                
 09 23 43.564800 +16 32  1.20300 2454202.62106132 Ymir                
 09 23 43.559300 +16 32  1.22000 2454202.62303681 Ymir                
 09 23 43.548000 +16 32  1.25400 2454202.62705844 Ymir                
 09 23 43.542500 +16 32  1.27100 2454202.62903301 Ymir                
 09 23 43.503800 +16 32  1.38800 2454202.64294808 Ymir                
 09 23 43.498400 +16 32  1.40400 2454202.64491096 Ymir                
 09 23 43.594100 +16 32  1.11300 2454202.61065135 Ymir                
 09 23 43.588500 +16 32  1.13000 2454202.61263889 Ymir                
 09 23 43.489700 +16 32  1.43000 2454202.64806108 Ymir                
 09 23 43.484200 +16 32  1.44700 2454202.65005811 Ymir                
 09 23 43.579500 +16 32  1.15800 2454202.61582270 Ymir                
 09 23 43.573900 +16 32  1.17500 2454202.61781626 Ymir                
 09 23 41.267700 +16 32  9.69000 2454203.63784898 Ymir                
 09 23 41.263100 +16 32  9.70300 2454203.63982309 Ymir                
 09 23 41.296100 +16 32  9.61300 2454203.62575600 Ymir                
 09 23 41.291500 +16 32  9.62600 2454203.62772674 Ymir                
 09 23 41.252800 +16 32  9.73000 2454203.64423154 Ymir                
 09 23 41.248200 +16 32  9.74300 2454203.64620414 Ymir                
 09 23 41.321700 +16 32  9.54300 2454203.61496694 Ymir                
 09 23 41.317000 +16 32  9.55600 2454203.61694059 Ymir                
 09 23 41.240600 +16 32  9.76300 2454203.64949169 Ymir                
 09 23 41.236000 +16 32  9.77500 2454203.65146047 Ymir                
 09 23 41.308900 +16 32  9.57800 2454203.62035806 Ymir                
 09 23 41.304300 +16 32  9.59100 2454203.62232683 Ymir                
 10 14 49.539700 +12 10 20.04000 2454351.65045626 Ymir                
 10 14 49.594600 +12 10 19.75000 2454351.65229225 Ymir                
 10 14 49.649800 +12 10 19.45800 2454351.65413807 Ymir                
 10 14 49.957300 +12 10 17.83100 2454351.66442231 Ymir                
 10 14 50.021300 +12 10 17.49200 2454351.66656219 Ymir                
 10 14 50.089900 +12 10 17.13000 2454351.66885540 Ymir                
 10 15 21.198700 +12 07 30.81000 2454352.72157310 Ymir                
 10 15 21.254000 +12 07 30.51800 2454352.72342934 Ymir                
 10 15 21.307900 +12 07 30.23300 2454352.72523730 Ymir                
 10 15 24.335300 +12 07 14.22900 2454352.82709348 Ymir                
 10 15 24.395000 +12 07 13.91300 2454352.82910765 Ymir                
 10 15 24.454800 +12 07 13.59600 2454352.83112600 Ymir                
 10 15 44.573700 +12 05 25.41900 2454353.51716084 Ymir                
 10 15 44.661300 +12 05 24.95200 2454353.52011600 Ymir                
 10 15 44.716000 +12 05 24.66000 2454353.52196182 Ymir                
 10 15 44.770100 +12 05 24.37100 2454353.52378634 Ymir                
 10 15 44.824500 +12 05 24.08000 2454353.52562325 Ymir                
 10 15 44.876300 +12 05 23.80400 2454353.52736916 Ymir                
 10 15 44.930700 +12 05 23.51300 2454353.52920443 Ymir                
 10 15 44.983200 +12 05 23.23300 2454353.53097569 Ymir                
 10 15 45.037100 +12 05 22.94600 2454353.53279350 Ymir                
 10 15 45.088900 +12 05 22.66900 2454353.53454147 Ymir                
 10 15 45.687000 +12 05 19.48200 2454353.55469836 Ymir                
 10 15 45.740500 +12 05 19.19600 2454353.55650366 Ymir                
 10 15 45.794500 +12 05 18.90900 2454353.55832273 Ymir                
 10 15 45.853900 +12 05 18.59200 2454353.56032289 Ymir                
 10 15 45.905800 +12 05 18.31600 2454353.56207134 Ymir                
 10 15 45.960100 +12 05 18.02700 2454353.56390072 Ymir                
 10 15 46.012900 +12 05 17.74600 2454353.56567638 Ymir                
 10 15 46.067000 +12 05 17.45800 2454353.56749975 Ymir                
 10 15 46.118700 +12 05 17.18300 2454353.56923915 Ymir                
 10 15 43.575700 +12 05 30.75700 2454353.48345198 Ymir                
 10 15 43.607400 +12 05 30.58700 2454353.48452182 Ymir                
 10 15 43.639100 +12 05 30.41800 2454353.48559421 Ymir                
 10 15 43.673000 +12 05 30.23600 2454353.48674128 Ymir                
 10 15 43.706200 +12 05 30.05800 2454353.48786369 Ymir                
 10 15 43.739000 +12 05 29.88200 2454353.48897243 Ymir                
 10 15 43.772200 +12 05 29.70500 2454353.49009472 Ymir                
 10 15 43.805100 +12 05 29.52900 2454353.49120637 Ymir                
 10 15 43.838600 +12 05 29.35000 2454353.49233618 Ymir                
 10 15 43.891200 +12 05 29.06800 2454353.49411346 Ymir                
 10 15 43.924600 +12 05 28.88900 2454353.49524328 Ymir                
 10 15 43.957500 +12 05 28.71300 2454353.49635606 Ymir                
 10 15 43.990500 +12 05 28.53700 2454353.49747003 Ymir                
 10 15 44.023800 +12 05 28.35900 2454353.49859453 Ymir                
 10 15 44.057000 +12 05 28.18100 2454353.49971449 Ymir                
 10 15 44.090800 +12 05 28.00000 2454353.50085797 Ymir                
 10 15 44.124200 +12 05 27.82200 2454353.50198650 Ymir                
 10 15 44.157800 +12 05 27.64200 2454353.50311992 Ymir                
 10 15 46.717200 +12 05 14.00100 2454353.58938916 Ymir                
 10 15 46.778500 +12 05 13.67600 2454353.59144976 Ymir                
 10 15 46.839400 +12 05 13.35200 2454353.59349936 Ymir                
 10 15 46.900500 +12 05 13.02700 2454353.59555626 Ymir                
 10 15 46.959400 +12 05 12.71400 2454353.59754010 Ymir                
 10 15 47.020500 +12 05 12.39000 2454353.59959317 Ymir                
 10 15 47.079600 +12 05 12.07600 2454353.60158303 Ymir                
 10 15 47.140100 +12 05 11.75500 2454353.60361966 Ymir                
 10 15 47.199200 +12 05 11.44100 2454353.60560721 Ymir                
 10 15 47.843400 +12 05  8.02400 2454353.62727449 Ymir                
 10 15 47.904100 +12 05  7.70200 2454353.62931830 Ymir                
 10 15 48.043300 +12 05  6.96400 2454353.63399929 Ymir                
 10 15 46.201000 +12 05 16.74500 2454353.57201206 Ymir                
 10 15 46.255400 +12 05 16.45600 2454353.57384213 Ymir                
 10 15 46.309700 +12 05 16.16700 2454353.57567279 Ymir                
 10 15 46.365000 +12 05 15.87300 2454353.57753274 Ymir                
 10 15 46.417700 +12 05 15.59300 2454353.57930851 Ymir                
 10 15 46.472200 +12 05 15.30300 2454353.58114275 Ymir                
 10 15 46.524700 +12 05 15.02400 2454353.58290788 Ymir                
 10 15 46.579600 +12 05 14.73300 2454353.58475543 Ymir                
 10 15 46.631400 +12 05 14.45700 2454353.58650019 Ymir                
 10 15 44.209200 +12 05 27.36700 2454353.50485505 Ymir                
 10 15 44.242800 +12 05 27.18700 2454353.50599227 Ymir                
 10 15 44.276400 +12 05 27.00800 2454353.50712475 Ymir                
 10 15 44.310000 +12 05 26.82800 2454353.50826001 Ymir                
 10 15 44.343400 +12 05 26.65000 2454353.50938890 Ymir                
 10 15 44.376700 +12 05 26.47200 2454353.51051328 Ymir                
 10 15 44.410300 +12 05 26.29200 2454353.51164703 Ymir                
 10 15 44.448400 +12 05 26.08800 2454353.51293328 Ymir                
 10 15 44.482000 +12 05 25.90900 2454353.51406460 Ymir                
 10 15 45.178900 +12 05 22.18900 2454353.53757569 Ymir                
 10 15 45.234000 +12 05 21.89500 2454353.53943321 Ymir                
 10 15 45.287500 +12 05 21.61000 2454353.54123585 Ymir                
 10 15 45.342600 +12 05 21.31600 2454353.54309522 Ymir                
 10 15 45.394500 +12 05 21.04000 2454353.54484182 Ymir                
 10 15 45.448700 +12 05 20.75100 2454353.54667131 Ymir                
 10 15 45.499900 +12 05 20.47800 2454353.54839556 Ymir                
 10 15 45.553900 +12 05 20.19000 2454353.55021429 Ymir                
 10 15 45.605400 +12 05 19.91600 2454353.55195000 Ymir                
 10 29  3.081200 +10 53 57.08900 2454382.50138887 Ymir                
 10 29  3.154400 +10 53 56.70000 2454382.50427083 Ymir                
 10 29  3.226800 +10 53 56.31500 2454382.50711898 Ymir                
 10 29  3.299300 +10 53 55.93000 2454382.50997304 Ymir                
 10 29  3.369500 +10 53 55.55600 2454382.51273818 Ymir                
 10 29  6.625300 +10 53 38.31600 2454382.64082832 Ymir                
 10 29  6.677300 +10 53 38.04100 2454382.64287606 Ymir                
 10 29  6.729300 +10 53 37.76600 2454382.64492451 Ymir                
 10 29  6.781800 +10 53 37.48900 2454382.64699234 Ymir                
 10 29  6.832200 +10 53 37.22300 2454382.64897740 Ymir                
 10 29  6.896300 +10 53 36.88400 2454382.65150148 Ymir                
 10 29  6.952500 +10 53 36.58700 2454382.65371549 Ymir                
 10 29  7.004400 +10 53 36.31300 2454382.65575895 Ymir                
 10 29  7.057400 +10 53 36.03300 2454382.65784977 Ymir                
 10 29  7.107900 +10 53 35.76600 2454382.65984020 Ymir                
 10 29  7.635100 +10 53 32.98200 2454382.68062573 Ymir                
 10 29  7.692900 +10 53 32.67600 2454382.68290875 Ymir                
 10 29  7.750300 +10 53 32.37300 2454382.68517243 Ymir                
 10 29  7.811100 +10 53 32.05200 2454382.68756985 Ymir                
 10 29  7.865900 +10 53 31.76200 2454382.68973616 Ymir                
 10 29  7.935100 +10 53 31.39700 2454382.69246494 Ymir                
 10 29  7.992800 +10 53 31.09200 2454382.69474309 Ymir                
 10 29  8.050100 +10 53 30.78900 2454382.69700759 Ymir                
 10 29  8.108400 +10 53 30.48100 2454382.69930994 Ymir                
 10 29  8.164100 +10 53 30.18700 2454382.70150832 Ymir                
 10 29 30.923300 +10 51 28.03700 2454383.61388021 Ymir                
 10 29 30.975400 +10 51 27.76100 2454383.61594961 Ymir                
 10 29 31.026500 +10 51 27.49100 2454383.61797883 Ymir                
 10 29 31.078100 +10 51 27.21900 2454383.62002461 Ymir                
 10 29 31.126900 +10 51 26.96100 2454383.62196329 Ymir                
 10 29 31.188100 +10 51 26.63800 2454383.62438907 Ymir                
 10 29 31.240000 +10 51 26.36400 2454383.62645222 Ymir                
 10 29 31.290800 +10 51 26.09600 2454383.62846753 Ymir                
 10 29 31.342300 +10 51 25.82400 2454383.63051238 Ymir                
 10 29 31.391800 +10 51 25.56300 2454383.63247735 Ymir                
 10 29 31.865800 +10 51 23.06100 2454383.65130210 Ymir                
 10 29 31.923200 +10 51 22.75700 2454383.65358443 Ymir                
 10 29 32.460600 +10 51 19.92100 2454383.67494813 Ymir                
 10 29 32.517900 +10 51 19.61900 2454383.67722523 Ymir                
 10 29 28.615900 +10 51 40.24800 2454383.52236001 Ymir                
 10 29 28.690400 +10 51 39.85300 2454383.52531573 Ymir                
 10 29 28.761200 +10 51 39.47700 2454383.52812256 Ymir                
 10 29 28.833100 +10 51 39.09600 2454383.53097662 Ymir                
 10 29 28.903000 +10 51 38.72500 2454383.53375126 Ymir                
 10 29 59.434700 +10 48 55.61400 2454384.76428913 Ymir                
 10 29 59.492100 +10 48 55.31000 2454384.76660931 Ymir                
 10 29 59.549800 +10 48 55.00500 2454384.76893968 Ymir                
 10 29 59.607300 +10 48 54.70100 2454384.77126241 Ymir                
 10 29 59.662600 +10 48 54.40800 2454384.77349947 Ymir                
 10 29 59.729500 +10 48 54.05300 2454384.77620475 Ymir                
 10 29 59.787000 +10 48 53.74900 2454384.77853038 Ymir                
 10 29 59.844300 +10 48 53.44600 2454384.78084663 Ymir                
 10 29 59.901900 +10 48 53.14100 2454384.78317435 Ymir                
 10 29 59.960500 +10 48 52.83000 2454384.78554792 Ymir                
 10 30 20.807600 +10 47  0.98400 2454385.63683554 Ymir                
 10 30 20.858100 +10 47  0.71800 2454385.63887854 Ymir                
 10 30 20.907700 +10 47  0.45600 2454385.64088171 Ymir                
 10 30 20.958100 +10 47  0.19100 2454385.64291858 Ymir                
 10 30 21.007100 +10 46 59.93300 2454385.64490010 Ymir                
 10 30 21.067100 +10 46 59.61600 2454385.64732912 Ymir                
 10 30 21.117600 +10 46 59.35000 2454385.64936900 Ymir                
 10 30 21.168000 +10 46 59.08500 2454385.65140772 Ymir                
 10 30 21.219000 +10 46 58.81600 2454385.65347168 Ymir                
 10 30 21.267400 +10 46 58.56100 2454385.65542970 Ymir                
 10 30 21.782500 +10 46 55.84600 2454385.67627556 Ymir                
 10 30 21.839200 +10 46 55.54800 2454385.67857073 Ymir                
 10 30 21.895100 +10 46 55.25300 2454385.68083510 Ymir                
 10 30 21.951800 +10 46 54.95400 2454385.68313100 Ymir                
 10 30 22.006500 +10 46 54.66600 2454385.68534755 Ymir                
 10 30 22.133700 +10 46 53.99600 2454385.69050200 Ymir                
 10 30 22.189900 +10 46 53.69900 2454385.69278340 Ymir                
 10 30 22.245600 +10 46 53.40500 2454385.69504049 Ymir                
 10 30 22.302300 +10 46 53.10700 2454385.69733821 Ymir                
 10 30 22.356500 +10 46 52.82100 2454385.69953486 Ymir                
 10 30 42.126500 +10 45  6.74400 2454386.51458931 Ymir                
 10 30 42.186100 +10 45  6.42900 2454386.51701693 Ymir                
 10 30 42.284300 +10 45  5.90900 2454386.52102073 Ymir                
 10 30 42.343700 +10 45  5.59500 2454386.52343887 Ymir                
 10 30 44.431300 +10 44 54.57800 2454386.60847266 Ymir                
 10 30 44.481400 +10 44 54.31400 2454386.61051531 Ymir                
 10 30 44.531800 +10 44 54.04800 2454386.61257150 Ymir                
 10 30 44.582600 +10 44 53.78100 2454386.61463987 Ymir                
 10 30 44.631300 +10 44 53.52400 2454386.61662683 Ymir                
 10 30 44.768700 +10 44 52.80100 2454386.62222832 Ymir                
 10 30 44.818900 +10 44 52.53700 2454386.62427260 Ymir                
 10 30 44.869800 +10 44 52.26800 2454386.62634953 Ymir                
 10 30 44.920500 +10 44 52.00100 2454386.62841788 Ymir                
 10 30 44.968800 +10 44 51.74700 2454386.63038597 Ymir                
 10 30 45.449100 +10 44 49.21900 2454386.64997998 Ymir                
 10 30 45.519200 +10 44 48.84900 2454386.65284238 Ymir                
 10 30 45.588900 +10 44 48.48200 2454386.65568881 Ymir                
 10 30 45.659500 +10 44 48.11100 2454386.65856962 Ymir                
 10 30 45.728000 +10 44 47.75000 2454386.66136834 Ymir                
 10 30 45.807300 +10 44 47.33200 2454386.66460866 Ymir                
 10 30 45.877300 +10 44 46.96400 2454386.66746725 Ymir                
 10 30 45.947000 +10 44 46.59700 2454386.67031436 Ymir                
 10 30 46.020000 +10 44 46.21300 2454386.67329775 Ymir                
 10 30 46.088000 +10 44 45.85500 2454386.67607539 Ymir                
 10 21 10.580700 +12 10  6.31500 2454618.76682508 Ymir                
 10 21 10.605400 +12 10  6.16100 2454618.76930921 Ymir                
 10 21 10.506000 +12 10  6.78300 2454618.75928869 Ymir                
 10 21 10.539000 +12 10  6.57600 2454618.76262396 Ymir                
 10 21 10.646900 +12 10  5.90200 2454618.77348390 Ymir                
 10 21 10.762600 +12 10  5.18100 2454618.78511076 Ymir                
 10 21 10.298600 +12 10  8.08500 2454618.73831188 Ymir                
 10 21 10.342800 +12 10  7.80700 2454618.74278898 Ymir                
 10 21 10.396900 +12 10  7.46700 2454618.74827064 Ymir                
 10 21 10.441400 +12 10  7.18700 2454618.75276894 Ymir                
 10 21 30.013800 +12 08  4.97700 2454620.69302966 Ymir                
 10 21 30.030500 +12 08  4.87200 2454620.69462678 Ymir                
 10 21 30.351500 +12 08  2.85400 2454620.72518971 Ymir                
 10 21 30.385800 +12 08  2.64000 2454620.72843801 Ymir                
 10 21 30.587200 +12 08  1.38200 2454620.74748947 Ymir                
 10 21 30.614600 +12 08  1.21100 2454620.75008002 Ymir                
 10 21 28.776100 +12 08 12.87600 2454620.57302413 Ymir                
 10 21 28.821900 +12 08 12.58100 2454620.57752635 Ymir                
 10 21 30.135800 +12 08  4.20800 2454620.70467957 Ymir                
 10 21 30.163600 +12 08  4.03400 2454620.70732523 Ymir                
 10 21 30.207900 +12 08  3.75500 2454620.71154716 Ymir                
 10 21 30.241700 +12 08  3.54300 2454620.71475645 Ymir                
 10 21 28.604500 +12 08 13.98200 2454620.55612941 Ymir                
 10 21 28.624700 +12 08 13.85100 2454620.55812598 Ymir                
 10 21 28.681900 +12 08 13.48300 2454620.56375852 Ymir                
 10 21 28.721900 +12 08 13.22500 2454620.56769331 Ymir                
 10 21 30.281600 +12 08  3.29200 2454620.71855566 Ymir                
 10 21 30.311700 +12 08  3.10400 2454620.72141134 Ymir                
 10 21 42.633900 +12 06 46.63200 2454621.87608304 Ymir                
 10 21 42.679600 +12 06 46.35600 2454621.88016730 Ymir                
 10 21 42.325900 +12 06 48.50000 2454621.84846955 Ymir                
 10 21 42.439000 +12 06 47.81300 2454621.85861481 Ymir                
 10 21 41.858500 +12 06 51.35300 2454621.80637684 Ymir                
 10 21 41.903600 +12 06 51.07600 2454621.81045124 Ymir                
 10 21 41.959900 +12 06 50.73200 2454621.81553304 Ymir                
 10 21 42.008200 +12 06 50.43600 2454621.81988766 Ymir                
 10 21 42.079000 +12 06 50.00400 2454621.82626131 Ymir                
 10 21 42.186100 +12 06 49.35100 2454621.83590699 Ymir                
 10 21 42.240900 +12 06 49.01700 2454621.84082848 Ymir                
 10 21 42.505700 +12 06 47.40900 2454621.86459973 Ymir                
 10 21 42.543000 +12 06 47.18300 2454621.86793985 Ymir                
 10 21 42.579900 +12 06 46.95900 2454621.87124872 Ymir                
 10 21 43.036900 +12 06 44.20000 2454621.91211441 Ymir                
 10 21 43.086900 +12 06 43.89900 2454621.91658250 Ymir                
 10 21 43.136200 +12 06 43.60300 2454621.92097949 Ymir                
 10 21 43.186300 +12 06 43.30200 2454621.92544955 Ymir                
 10 21 43.235500 +12 06 43.00600 2454621.92984458 Ymir                
 10 21 38.454300 +12 07 12.86900 2454621.48850632 Ymir                
 10 21 38.498700 +12 07 12.58300 2454621.49278244 Ymir                
 10 21 38.542100 +12 07 12.30400 2454621.49695481 Ymir                
 10 21 42.754700 +12 06 45.90200 2454621.88689220 Ymir                
 10 21 42.881100 +12 06 45.13900 2454621.89819128 Ymir                
 10 21 43.345700 +12 06 42.34400 2454621.93967646 Ymir                
 10 21 43.448800 +12 06 41.72500 2454621.94887932 Ymir                
 10 22  5.308300 +12 04 26.39300 2454623.90197560 Ymir                
 10 22  5.361700 +12 04 26.07200 2454623.90647043 Ymir                
 10 22  5.414900 +12 04 25.75300 2454623.91095357 Ymir                
 10 22  5.485800 +12 04 25.32800 2454623.91691569 Ymir                
 10 22  0.643800 +12 04 55.39200 2454623.49671373 Ymir                
 10 22  0.725800 +12 04 54.86800 2454623.50410688 Ymir                
 10 22  0.820500 +12 04 54.26300 2454623.51263457 Ymir                
 10 22  0.296300 +12 04 57.61300 2454623.46532162 Ymir                
 10 22  0.313200 +12 04 57.50500 2454623.46685112 Ymir                
 10 22  0.387300 +12 04 57.03200 2454623.47355226 Ymir                
 10 22  0.484700 +12 04 56.40900 2454623.48235249 Ymir                
 10 22  0.559200 +12 04 55.93400 2454623.48907434 Ymir                
 10 22  5.596400 +12 04 24.66500 2454623.92622580 Ymir                
 10 22  5.737300 +12 04 23.82200 2454623.93808029 Ymir                
 10 22  0.926900 +12 04 53.58300 2454623.52220291 Ymir                
 10 22  1.039000 +12 04 52.86700 2454623.53226957 Ymir                
 11 03 49.289000 +08 23 22.09700 2454971.57581615 Ymir                
 11 03 49.291400 +08 23 22.04600 2454971.57810852 Ymir                
 11 03 49.297100 +08 23 21.92900 2454971.58342781 Ymir                
 11 03 49.302200 +08 23 21.82500 2454971.58817050 Ymir                
 11 03 49.305800 +08 23 21.75200 2454971.59150998 Ymir                
 11 03 49.309400 +08 23 21.67800 2454971.59484449 Ymir                
 11 03 49.313000 +08 23 21.60400 2454971.59819022 Ymir                
 11 03 49.316600 +08 23 21.53200 2454971.60145492 Ymir                
 11 03 49.321000 +08 23 21.44400 2454971.60545836 Ymir                
 11 03 49.324800 +08 23 21.36900 2454971.60882262 Ymir                
 11 03 49.328500 +08 23 21.29500 2454971.61214716 Ymir                
 11 03 49.332200 +08 23 21.22100 2454971.61549659 Ymir                
 11 03 49.335900 +08 23 21.14900 2454971.61875584 Ymir                
 11 03 49.780100 +08 23 14.39000 2454971.91656241 Ymir                
 11 03 49.782200 +08 23 14.36300 2454971.91773082 Ymir                
 11 03 49.784300 +08 23 14.33700 2454971.91888314 Ymir                
 11 03 49.786500 +08 23 14.31000 2454971.92004507 Ymir                
 11 03 49.788500 +08 23 14.28500 2454971.92116916 Ymir                
 11 03 49.790700 +08 23 14.25800 2454971.92234266 Ymir                
 11 03 49.792800 +08 23 14.23200 2454971.92347137 Ymir                
 11 03 49.794900 +08 23 14.20600 2454971.92462819 Ymir                
 11 03 49.797000 +08 23 14.18000 2454971.92578064 Ymir                
 11 03 49.799100 +08 23 14.15300 2454971.92694095 Ymir                
 11 03 49.802000 +08 23 14.11800 2454971.92850709 Ymir                
 11 03 49.804200 +08 23 14.09100 2454971.92966440 Ymir                
 11 03 49.806300 +08 23 14.06500 2454971.93081788 Ymir                
 11 03 49.808400 +08 23 14.03900 2454971.93196581 Ymir                
 11 03 49.810500 +08 23 14.01300 2454971.93312335 Ymir                
 11 03 49.812700 +08 23 13.98700 2454971.93427231 Ymir                
 11 03 49.814800 +08 23 13.96000 2454971.93543725 Ymir                
 11 03 49.817000 +08 23 13.93400 2454971.93659663 Ymir                
 11 03 50.835400 +08 22 59.71800 2454972.55847656 Ymir                
 11 03 50.837000 +08 22 59.68900 2454972.55964127 Ymir                
 11 03 50.838800 +08 22 59.65900 2454972.56086652 Ymir                
 11 03 50.843500 +08 22 59.58000 2454972.56413412 Ymir                
 11 03 50.846600 +08 22 59.52700 2454972.56631247 Ymir                
 11 03 50.849800 +08 22 59.47400 2454972.56847775 Ymir                
 11 03 50.852900 +08 22 59.42100 2454972.57065426 Ymir                
 11 03 50.855900 +08 22 59.37000 2454972.57275009 Ymir                
 11 03 50.859100 +08 22 59.31700 2454972.57490981 Ymir                
 11 03 50.862100 +08 22 59.26600 2454972.57701895 Ymir                
 11 03 50.865300 +08 22 59.21300 2454972.57918584 Ymir                
 11 03 50.868400 +08 22 59.16100 2454972.58128295 Ymir                
 11 03 50.871600 +08 22 59.10800 2454972.58345645 Ymir                
 11 03 50.876300 +08 22 59.02900 2454972.58671293 Ymir                
 11 03 50.883200 +08 22 58.91400 2454972.59136818 Ymir                
 11 03 50.886400 +08 22 58.86100 2454972.59353381 Ymir                
 11 03 50.889700 +08 22 58.80800 2454972.59571182 Ymir                
 11 03 50.892800 +08 22 58.75600 2454972.59780823 Ymir                
 11 03 50.896000 +08 22 58.70300 2454972.59996841 Ymir                
 11 03 50.899200 +08 22 58.65100 2454972.60207639 Ymir                
 11 03 50.902400 +08 22 58.59800 2454972.60424329 Ymir                
 11 03 50.905600 +08 22 58.54600 2454972.60634190 Ymir                
 11 03 50.908900 +08 22 58.49300 2454972.60851400 Ymir                
 11 03 51.362700 +08 22 52.19600 2454972.85907025 Ymir                
 11 03 51.365200 +08 22 52.16700 2454972.86022374 Ymir                
 11 03 51.367600 +08 22 52.13800 2454972.86135118 Ymir                
 11 03 51.370000 +08 22 52.10900 2454972.86250790 Ymir                
 11 03 51.372500 +08 22 52.08000 2454972.86366833 Ymir                
 11 03 51.375000 +08 22 52.05000 2454972.86482459 Ymir                
 11 03 51.377400 +08 22 52.02100 2454972.86598108 Ymir                
 11 03 51.379900 +08 22 51.99200 2454972.86714081 Ymir                
 11 03 51.382400 +08 22 51.96300 2454972.86828943 Ymir                
 11 03 51.384900 +08 22 51.93300 2454972.86945216 Ymir                
 11 03 51.387900 +08 22 51.89800 2454972.87085881 Ymir                
 11 03 51.390400 +08 22 51.86800 2454972.87202733 Ymir                
 11 03 51.392900 +08 22 51.83900 2454972.87317155 Ymir                
 11 03 51.395400 +08 22 51.80900 2454972.87434286 Ymir                
 11 03 51.397900 +08 22 51.78000 2454972.87549669 Ymir                
 11 03 51.400400 +08 22 51.75100 2454972.87665480 Ymir                
 11 03 51.402800 +08 22 51.72200 2454972.87781002 Ymir                
 11 03 51.405400 +08 22 51.69200 2454972.87897426 Ymir                
 11 03 51.407800 +08 22 51.66300 2454972.88012612 Ymir                
 11 03 51.410300 +08 22 51.63400 2454972.88128134 Ymir                
 11 03 51.413800 +08 22 51.59400 2454972.88285350 Ymir                
 11 03 51.416300 +08 22 51.56500 2454972.88401855 Ymir                
 11 03 51.419200 +08 22 51.53100 2454972.88535110 Ymir                
 11 03 51.422100 +08 22 51.49600 2454972.88671977 Ymir                
 11 03 51.424700 +08 22 51.46700 2454972.88788286 Ymir                
 11 03 51.427100 +08 22 51.43800 2454972.88901574 Ymir                
 11 03 51.433700 +08 22 51.36300 2454972.89199661 Ymir                
 11 03 51.436200 +08 22 51.33300 2454972.89315912 Ymir                
 11 03 51.438700 +08 22 51.30500 2454972.89429328 Ymir                
 11 03 51.441200 +08 22 51.27600 2454972.89545091 Ymir                
 11 03 51.443700 +08 22 51.24700 2454972.89657419 Ymir                
 11 03 51.446200 +08 22 51.21800 2454972.89774214 Ymir                
 11 03 53.255800 +08 22 28.34300 2454973.78228852 Ymir                
 11 03 53.258500 +08 22 28.31200 2454973.78341954 Ymir                
 11 03 53.261200 +08 22 28.28000 2454973.78456874 Ymir                
 11 03 53.263900 +08 22 28.24800 2454973.78573102 Ymir                
 11 03 53.270600 +08 22 28.16800 2454973.78860426 Ymir                
 11 03 53.288400 +08 22 27.95900 2454973.79609720 Ymir                
 11 03 53.293000 +08 22 27.90600 2454973.79803618 Ymir                
 11 03 53.297600 +08 22 27.85200 2454973.79997574 Ymir                
 11 03 53.302200 +08 22 27.79800 2454973.80191378 Ymir                
 11 03 53.306700 +08 22 27.74600 2454973.80377777 Ymir                
 11 03 53.311300 +08 22 27.69300 2454973.80569881 Ymir                
 11 03 53.315800 +08 22 27.64000 2454973.80757413 Ymir                
 11 03 53.320400 +08 22 27.58700 2454973.80950663 Ymir                
 11 03 53.326100 +08 22 27.52100 2454973.81187494 Ymir                
 11 03 53.337000 +08 22 27.39600 2454973.81636361 Ymir                
 11 03 53.341700 +08 22 27.34200 2454973.81830792 Ymir                
 11 03 53.346400 +08 22 27.28800 2454973.82023486 Ymir                
 11 03 53.351100 +08 22 27.23400 2454973.82218333 Ymir                
 11 03 53.355700 +08 22 27.18200 2454973.82404881 Ymir                
 11 03 53.507400 +08 22 25.50100 2454973.88453310 Ymir                
 11 03 53.512400 +08 22 25.44800 2454973.88645877 Ymir                
 11 03 53.534500 +08 22 25.21000 2454973.89502439 Ymir                
 11 03 53.539500 +08 22 25.15600 2454973.89694867 Ymir                
 11 03 53.406400 +08 22 26.61000 2454973.84461828 Ymir                
 11 03 53.411300 +08 22 26.55600 2454973.84656987 Ymir                
 11 03 53.416100 +08 22 26.50200 2454973.84850306 Ymir                
 11 03 53.420900 +08 22 26.44800 2454973.85044238 Ymir                
 11 03 53.425600 +08 22 26.39700 2454973.85230463 Ymir                
 11 03 53.430500 +08 22 26.34300 2454973.85423852 Ymir                
 11 03 53.435200 +08 22 26.29100 2454973.85611672 Ymir                
 11 03 53.440500 +08 22 26.23100 2454973.85825214 Ymir                
 11 03 53.447100 +08 22 26.15900 2454973.86085995 Ymir                
 11 03 53.452000 +08 22 26.10500 2454973.86280657 Ymir                
 11 03 53.456900 +08 22 26.05100 2454973.86474091 Ymir                
 11 03 53.461800 +08 22 25.99700 2454973.86667956 Ymir                
 11 03 53.466600 +08 22 25.94500 2454973.86854492 Ymir                
 11 03 53.471500 +08 22 25.89200 2454973.87047765 Ymir                
 11 03 53.476300 +08 22 25.83900 2454973.87235355 Ymir                
 11 03 53.481200 +08 22 25.78600 2454973.87428731 Ymir                
 11 03 53.216800 +08 22 28.81000 2454973.76546378 Ymir                
 11 03 53.219500 +08 22 28.77800 2454973.76663197 Ymir                
 11 03 53.222200 +08 22 28.74600 2454973.76779137 Ymir                
 11 03 53.224800 +08 22 28.71400 2454973.76894426 Ymir                
 11 03 53.227400 +08 22 28.68300 2454973.77006880 Ymir                
 11 03 53.230100 +08 22 28.65000 2454973.77122946 Ymir                
 11 03 53.232800 +08 22 28.61800 2454973.77239428 Ymir                
 11 03 53.236000 +08 22 28.58000 2454973.77377140 Ymir                
 11 03 53.238700 +08 22 28.54800 2454973.77492164 Ymir                
 11 03 53.241300 +08 22 28.51600 2454973.77605116 Ymir                
 11 03 53.244000 +08 22 28.48400 2454973.77720811 Ymir                
 11 03 53.246700 +08 22 28.45200 2454973.77836414 Ymir                
 11 03 53.249300 +08 22 28.42000 2454973.77951368 Ymir                
 11 03 53.252100 +08 22 28.38800 2454973.78067943 Ymir                
 11 03 53.360300 +08 22 27.12900 2454973.82595317 Ymir                
 11 03 53.363200 +08 22 27.09700 2454973.82711464 Ymir                
 11 03 53.366100 +08 22 27.06400 2454973.82829289 Ymir                
 11 03 53.368900 +08 22 27.03200 2454973.82945459 Ymir                
 11 03 53.371800 +08 22 27.00000 2454973.83061247 Ymir                
 11 03 53.374600 +08 22 26.96700 2454973.83177313 Ymir                
 11 03 53.377400 +08 22 26.93500 2454973.83292534 Ymir                
 11 03 53.380800 +08 22 26.89700 2454973.83430395 Ymir                
 11 03 53.383700 +08 22 26.86500 2454973.83547306 Ymir                
 11 03 53.386600 +08 22 26.83200 2454973.83662874 Ymir                
 11 03 53.389400 +08 22 26.80000 2454973.83778396 Ymir                
 11 03 53.392200 +08 22 26.76900 2454973.83890931 Ymir                
 11 03 53.395100 +08 22 26.73700 2454973.84005433 Ymir                
 11 03 53.397900 +08 22 26.70500 2454973.84121350 Ymir                
 11 03 52.839400 +08 22 33.82900 2454973.58254782 Ymir                
 11 03 52.841800 +08 22 33.79300 2454973.58387412 Ymir                
 11 03 52.844000 +08 22 33.76200 2454973.58503768 Ymir                
 11 03 52.846200 +08 22 33.73000 2454973.58619197 Ymir                
 11 03 52.848300 +08 22 33.69900 2454973.58734880 Ymir                
 11 03 52.850900 +08 22 33.66200 2454973.58872881 Ymir                
 11 03 52.853100 +08 22 33.63100 2454973.58987083 Ymir                
 11 03 52.855200 +08 22 33.60000 2454973.59102894 Ymir                
 11 03 52.857400 +08 22 33.56900 2454973.59218740 Ymir                
 11 03 52.859500 +08 22 33.53800 2454973.59331831 Ymir                
 11 03 52.769100 +08 22 34.85600 2454973.54426270 Ymir                
 11 03 52.771500 +08 22 34.82000 2454973.54562476 Ymir                
 11 03 52.774300 +08 22 34.77800 2454973.54717759 Ymir                
 11 03 52.776400 +08 22 34.74800 2454973.54831348 Ymir                
 11 03 52.778500 +08 22 34.71700 2454973.54947760 Ymir                
 11 03 52.780600 +08 22 34.68600 2454973.55063572 Ymir                
 11 03 52.782700 +08 22 34.65500 2454973.55179117 Ymir                
 11 03 52.784800 +08 22 34.62400 2454973.55295067 Ymir                
 11 03 52.786900 +08 22 34.59300 2454973.55410414 Ymir                
 11 03 52.789000 +08 22 34.56300 2454973.55522775 Ymir                
 11 03 52.791100 +08 22 34.53200 2454973.55637975 Ymir                
 11 03 52.793200 +08 22 34.50100 2454973.55753426 Ymir                
 11 03 52.795300 +08 22 34.47000 2454973.55869122 Ymir                
 11 03 52.797200 +08 22 34.44300 2454973.55971679 Ymir                
 11 03 52.799300 +08 22 34.41200 2454973.56086703 Ymir                
 11 03 52.801400 +08 22 34.38200 2454973.56199064 Ymir                
 11 03 52.803800 +08 22 34.34600 2454973.56331497 Ymir                
 11 03 52.806700 +08 22 34.30300 2454973.56491329 Ymir                
 11 03 52.808900 +08 22 34.27200 2454973.56607753 Ymir                
 11 03 52.811000 +08 22 34.24100 2454973.56723090 Ymir                
 11 03 52.813100 +08 22 34.21000 2454973.56838947 Ymir                
 11 03 52.815200 +08 22 34.18000 2454973.56951193 Ymir                
 11 03 52.817300 +08 22 34.14900 2454973.57065951 Ymir                
 11 03 52.819400 +08 22 34.11800 2454973.57181484 Ymir                
 11 03 52.821600 +08 22 34.08700 2454973.57297295 Ymir                
 11 03 52.823700 +08 22 34.05500 2454973.57413130 Ymir                
 11 03 52.825900 +08 22 34.02400 2454973.57528917 Ymir                
 11 03 52.828000 +08 22 33.99300 2454973.57644590 Ymir                
 11 03 52.829900 +08 22 33.96600 2454973.57747170 Ymir                
 11 03 52.832100 +08 22 33.93500 2454973.57862275 Ymir                
 11 03 52.834200 +08 22 33.90300 2454973.57977889 Ymir                
 11 03 52.836300 +08 22 33.87300 2454973.58090240 Ymir                
 11 03 55.129900 +08 22  7.01300 2454974.54965837 Ymir                
 11 03 55.132400 +08 22  6.98000 2454974.55078904 Ymir                
 11 03 55.135000 +08 22  6.94600 2454974.55195387 Ymir                
 11 03 55.137500 +08 22  6.91200 2454974.55311534 Ymir                
 11 03 55.140100 +08 22  6.87900 2454974.55425238 Ymir                
 11 03 55.142600 +08 22  6.84500 2454974.55540725 Ymir                
 11 03 55.145200 +08 22  6.81100 2454974.55656177 Ymir                
 11 03 55.153800 +08 22  6.69800 2454974.56044286 Ymir                
 11 03 55.158700 +08 22  6.63400 2454974.56262006 Ymir                
 11 03 55.163600 +08 22  6.57000 2454974.56479228 Ymir                
 11 03 55.168400 +08 22  6.50600 2454974.56696936 Ymir                
 11 03 55.173100 +08 22  6.44500 2454974.56906635 Ymir                
 11 03 55.179000 +08 22  6.36800 2454974.57168850 Ymir                
 11 03 55.183900 +08 22  6.30400 2454974.57387207 Ymir                
 11 03 55.188800 +08 22  6.24000 2454974.57604834 Ymir                
 11 03 55.193700 +08 22  6.17500 2454974.57823193 Ymir                
 11 03 55.198500 +08 22  6.11300 2454974.58033515 Ymir                
 11 03 55.716900 +08 21 59.88100 2454974.78845786 Ymir                
 11 03 55.720100 +08 21 59.84600 2454974.78961460 Ymir                
 11 03 55.723200 +08 21 59.81200 2454974.79073681 Ymir                
 11 03 55.726300 +08 21 59.77700 2454974.79188543 Ymir                
 11 03 55.729500 +08 21 59.74300 2454974.79302003 Ymir                
 11 03 55.732600 +08 21 59.70900 2454974.79413961 Ymir                
 11 03 55.735700 +08 21 59.67400 2454974.79528719 Ymir                
 11 03 55.739000 +08 21 59.63900 2454974.79644287 Ymir                
 11 03 55.742100 +08 21 59.60500 2454974.79756660 Ymir                
 11 03 55.745300 +08 21 59.57100 2454974.79871221 Ymir                
 11 03 55.748400 +08 21 59.53700 2454974.79983733 Ymir                
 11 03 55.751300 +08 21 59.50600 2454974.80086950 Ymir                
 11 03 55.754500 +08 21 59.47100 2454974.80202344 Ymir                
 11 03 55.757600 +08 21 59.43600 2454974.80315852 Ymir                
 11 03 55.760900 +08 21 59.40100 2454974.80431269 Ymir                
 11 03 55.764700 +08 21 59.36000 2454974.80567083 Ymir                
 11 03 55.767800 +08 21 59.32600 2454974.80680324 Ymir                
 11 03 55.771000 +08 21 59.29100 2454974.80794885 Ymir                
 11 03 55.774200 +08 21 59.25700 2454974.80907235 Ymir                
 11 03 55.777400 +08 21 59.22300 2454974.81020591 Ymir                
 11 03 55.780600 +08 21 59.18800 2454974.81135338 Ymir                
 11 03 55.783900 +08 21 59.15300 2454974.81251103 Ymir                
 11 03 55.787000 +08 21 59.11900 2454974.81362990 Ymir                
 11 03 55.790300 +08 21 59.08400 2454974.81477968 Ymir                
 11 03 55.793500 +08 21 59.04900 2454974.81593674 Ymir                
 11 03 55.796800 +08 21 59.01400 2454974.81709023 Ymir                
 11 03 55.799700 +08 21 58.98300 2454974.81812054 Ymir                
 11 03 55.802900 +08 21 58.94900 2454974.81926894 Ymir                
 11 03 55.806100 +08 21 58.91400 2454974.82039289 Ymir                
 11 03 55.809400 +08 21 58.88000 2454974.82153804 Ymir                
 11 03 55.815900 +08 21 58.81000 2454974.82385310 Ymir                
 11 03 55.819100 +08 21 58.77600 2454974.82497799 Ymir                
 11 03 55.822500 +08 21 58.74000 2454974.82615267 Ymir                
 11 03 55.825700 +08 21 58.70500 2454974.82729873 Ymir                
 11 03 55.829000 +08 21 58.67100 2454974.82842419 Ymir                
 11 03 55.832200 +08 21 58.63700 2454974.82955846 Ymir                
 11 03 55.835500 +08 21 58.60200 2454974.83070512 Ymir                
 11 03 55.838700 +08 21 58.56800 2454974.83182560 Ymir                
 11 03 55.841900 +08 21 58.53400 2454974.83297062 Ymir                
 11 03 55.845300 +08 21 58.49900 2454974.83413269 Ymir                
 11 03 55.851900 +08 21 58.42900 2454974.83644508 Ymir                
 11 03 55.855300 +08 21 58.39300 2454974.83762368 Ymir                
 11 03 55.858600 +08 21 58.35800 2454974.83878353 Ymir                
 11 03 55.862000 +08 21 58.32300 2454974.83994140 Ymir                
 11 03 55.865200 +08 21 58.28800 2454974.84107266 Ymir                
 11 03 55.868500 +08 21 58.25400 2454974.84219477 Ymir                
 11 03 55.871800 +08 21 58.22000 2454974.84334177 Ymir                
 11 03 55.875100 +08 21 58.18500 2454974.84450023 Ymir                
 11 03 55.878400 +08 21 58.15000 2454974.84565429 Ymir                
 11 03 55.881800 +08 21 58.11500 2454974.84681472 Ymir                
 11 03 56.132500 +08 21 55.56600 2454974.93116082 Ymir                
 11 03 56.136000 +08 21 55.53100 2454974.93231812 Ymir                
 11 03 56.139500 +08 21 55.49600 2454974.93348190 Ymir                
 11 03 56.144900 +08 21 55.44300 2454974.93523892 Ymir                
 11 03 56.148300 +08 21 55.40900 2454974.93637214 Ymir                
 11 03 56.151900 +08 21 55.37300 2454974.93755282 Ymir                
 11 03 55.645900 +08 22  0.67000 2454974.76236432 Ymir                
 11 03 55.649000 +08 22  0.63500 2454974.76353377 Ymir                
 11 03 55.652100 +08 22  0.60000 2454974.76468841 Ymir                
 11 03 55.655200 +08 22  0.56500 2454974.76584398 Ymir                
 11 03 55.658300 +08 22  0.53000 2454974.76699885 Ymir                
 11 03 55.661500 +08 22  0.49500 2454974.76815753 Ymir                
 11 03 55.664500 +08 22  0.46100 2454974.76928034 Ymir                
 11 03 55.667600 +08 22  0.42600 2454974.77042884 Ymir                
 11 03 55.670800 +08 22  0.39200 2454974.77158510 Ymir                
 11 03 55.673900 +08 22  0.35600 2454974.77274506 Ymir                
 11 03 55.677900 +08 22  0.31200 2454974.77422115 Ymir                
 11 03 55.681100 +08 22  0.27700 2454974.77538273 Ymir                
 11 03 55.684200 +08 22  0.24200 2454974.77653853 Ymir                
 11 03 55.687400 +08 22  0.20700 2454974.77769641 Ymir                
 11 03 55.690500 +08 22  0.17200 2454974.77884966 Ymir                
 11 03 55.693700 +08 22  0.13700 2454974.78000997 Ymir                
 11 03 55.696900 +08 22  0.10200 2454974.78116854 Ymir                
 11 03 55.700000 +08 22  0.06700 2454974.78232723 Ymir                
 11 03 55.703200 +08 22  0.03200 2454974.78348279 Ymir                
 11 03 55.706400 +08 21 59.99700 2454974.78463778 Ymir                
 11 03 55.204000 +08 22  6.04200 2454974.58275898 Ymir                
 11 03 55.208100 +08 22  5.98800 2454974.58458522 Ymir                
 11 03 55.218000 +08 22  5.86000 2454974.58893446 Ymir                
 11 03 55.223000 +08 22  5.79500 2454974.59112556 Ymir                
 11 03 55.227900 +08 22  5.73200 2454974.59329083 Ymir                
 11 03 55.232900 +08 22  5.66700 2454974.59547000 Ymir                
 11 03 55.237700 +08 22  5.60500 2454974.59756895 Ymir                
 11 03 55.242700 +08 22  5.54100 2454974.59974291 Ymir                
 11 03 55.248700 +08 22  5.46400 2454974.60236264 Ymir                
 11 03 55.253700 +08 22  5.39900 2454974.60454748 Ymir                
 11 03 55.258700 +08 22  5.33500 2454974.60671484 Ymir                
 11 03 55.263700 +08 22  5.27000 2454974.60889216 Ymir                
 11 03 55.268600 +08 22  5.20800 2454974.61098949 Ymir                
 11 03 55.273600 +08 22  5.14400 2454974.61315546 Ymir                
 11 03 55.278500 +08 22  5.08200 2454974.61526229 Ymir                
 11 03 55.886800 +08 21 58.06200 2454974.84854615 Ymir                
 11 03 55.891800 +08 21 58.01000 2454974.85027828 Ymir                
 11 03 55.910700 +08 21 57.81300 2454974.85676926 Ymir                
 11 03 55.918300 +08 21 57.73400 2454974.85937716 Ymir                
 11 03 55.944400 +08 21 57.46500 2454974.86827824 Ymir                
 11 03 55.956100 +08 21 57.34400 2454974.87227624 Ymir                
 11 03 55.971700 +08 21 57.18500 2454974.87754880 Ymir                
 11 03 55.978500 +08 21 57.11500 2454974.87984847 Ymir                
 11 03 55.988200 +08 21 57.01700 2454974.88311258 Ymir                
 11 03 56.010000 +08 21 56.79400 2454974.89046369 Ymir                
 11 03 56.059300 +08 21 56.29600 2454974.90695453 Ymir                
 11 03 56.066200 +08 21 56.22700 2454974.90923765 Ymir                
 11 03 56.075800 +08 21 56.13100 2454974.91243510 Ymir                
 11 03 56.081300 +08 21 56.07600 2454974.91426377 Ymir                
 11 03 56.086800 +08 21 56.02100 2454974.91608167 Ymir                
 11 03 56.092300 +08 21 55.96600 2454974.91791069 Ymir                
 11 03 56.097600 +08 21 55.91300 2454974.91965797 Ymir                
 11 03 56.104500 +08 21 55.84400 2454974.92193566 Ymir                
 11 03 56.110600 +08 21 55.78300 2454974.92396076 Ymir                
 11 03 56.116100 +08 21 55.72800 2454974.92577947 Ymir                
 11 03 56.121700 +08 21 55.67300 2454974.92762076 Ymir                
 11 03 56.127000 +08 21 55.62000 2454974.92936713 Ymir                
 11 03 58.652600 +08 21 28.15100 2454975.81805588 Ymir                
 11 03 58.657100 +08 21 28.10400 2454975.81946681 Ymir                
 11 03 58.670700 +08 21 27.96700 2454975.82367466 Ymir                
 11 03 58.674400 +08 21 27.93000 2454975.82480094 Ymir                
 11 03 58.678100 +08 21 27.89300 2454975.82592872 Ymir                
 11 03 58.681800 +08 21 27.85500 2454975.82708127 Ymir                
 11 03 58.685600 +08 21 27.81700 2454975.82823834 Ymir                
 11 03 58.690000 +08 21 27.77300 2454975.82960400 Ymir                
 11 03 58.693700 +08 21 27.73600 2454975.83072760 Ymir                
 11 03 58.697400 +08 21 27.69800 2454975.83187194 Ymir                
 11 03 58.701200 +08 21 27.66100 2454975.83302856 Ymir                
 11 03 58.704900 +08 21 27.62300 2454975.83418703 Ymir                
 11 03 58.709500 +08 21 27.57700 2454975.83557779 Ymir                
 11 03 58.713300 +08 21 27.53900 2454975.83673787 Ymir                
 11 03 58.717000 +08 21 27.50100 2454975.83788896 Ymir                
 11 03 58.720800 +08 21 27.46400 2454975.83904681 Ymir                
 11 03 58.724600 +08 21 27.42600 2454975.84018153 Ymir                
 11 03 58.728400 +08 21 27.38800 2454975.84134531 Ymir                
 11 03 58.732100 +08 21 27.35100 2454975.84249590 Ymir                
 11 03 58.735800 +08 21 27.31400 2454975.84361928 Ymir                
 11 03 58.739600 +08 21 27.27600 2454975.84476569 Ymir                
 11 03 58.743400 +08 21 27.23800 2454975.84592578 Ymir                
 11 03 58.484800 +08 21 29.88700 2454975.76499427 Ymir                
 11 03 58.497400 +08 21 29.75400 2454975.76906311 Ymir                
 11 03 58.504500 +08 21 29.67900 2454975.77134034 Ymir                
 11 03 58.512100 +08 21 29.59900 2454975.77379811 Ymir                
 11 03 58.516100 +08 21 29.55800 2454975.77505867 Ymir                
 11 03 58.521600 +08 21 29.50000 2454975.77683142 Ymir                
 11 03 58.527200 +08 21 29.44100 2454975.77861831 Ymir                
 11 03 58.531200 +08 21 29.39900 2454975.77989715 Ymir                
 11 03 58.536000 +08 21 29.34900 2454975.78143818 Ymir                
 11 03 58.541800 +08 21 29.28900 2454975.78327194 Ymir                
 11 03 58.548200 +08 21 29.22200 2454975.78530641 Ymir                
 11 03 58.552100 +08 21 29.18100 2454975.78656209 Ymir                
 11 03 58.556900 +08 21 29.13200 2454975.78807904 Ymir                
 11 03 58.560500 +08 21 29.09400 2454975.78922419 Ymir                
 11 03 58.564100 +08 21 29.05700 2454975.79035301 Ymir                
 11 03 58.567700 +08 21 29.02000 2454975.79150881 Ymir                
 11 03 58.571300 +08 21 28.98300 2454975.79263613 Ymir                
 11 03 58.574900 +08 21 28.94600 2454975.79375558 Ymir                
 11 03 58.578500 +08 21 28.90800 2454975.79490409 Ymir                
 11 03 58.582200 +08 21 28.87100 2454975.79606138 Ymir                
 11 03 58.585800 +08 21 28.83300 2454975.79721891 Ymir                
 11 03 58.589400 +08 21 28.79600 2454975.79834125 Ymir                
 11 03 58.593900 +08 21 28.74900 2454975.79976699 Ymir                
 11 03 58.597600 +08 21 28.71100 2454975.80092359 Ymir                
 11 03 58.604400 +08 21 28.64200 2454975.80305252 Ymir                
 11 03 58.608000 +08 21 28.60500 2454975.80417822 Ymir                
 11 03 58.611600 +08 21 28.56800 2454975.80530786 Ymir                
 11 03 58.615300 +08 21 28.53000 2454975.80645544 Ymir                
 11 03 58.618900 +08 21 28.49400 2454975.80757639 Ymir                
 11 03 58.622600 +08 21 28.45600 2454975.80872187 Ymir                
 11 03 58.626200 +08 21 28.41900 2454975.80984458 Ymir                
 11 03 58.629800 +08 21 28.38200 2454975.81099228 Ymir                
 11 03 58.633600 +08 21 28.34400 2454975.81214969 Ymir                
 11 03 58.637300 +08 21 28.30600 2454975.81330803 Ymir                
 11 03 58.818700 +08 21 26.49600 2454975.86863389 Ymir                
 11 03 58.826700 +08 21 26.41700 2454975.87103774 Ymir                
 11 03 58.833200 +08 21 26.35300 2454975.87298587 Ymir                
 11 03 58.837100 +08 21 26.31500 2454975.87414178 Ymir                
 11 03 58.840900 +08 21 26.27800 2454975.87529919 Ymir                
 11 03 58.844800 +08 21 26.24000 2454975.87645534 Ymir                
 11 03 58.848700 +08 21 26.20200 2454975.87761576 Ymir                
 11 03 58.852400 +08 21 26.16600 2454975.87871918 Ymir                
 11 03 58.859000 +08 21 26.10100 2454975.88068797 Ymir                
 11 03 58.862900 +08 21 26.06300 2454975.88185140 Ymir                
 11 03 58.866800 +08 21 26.02600 2454975.88300789 Ymir                
 11 03 58.870700 +08 21 25.98800 2454975.88416334 Ymir                
 11 03 58.874500 +08 21 25.95100 2454975.88528811 Ymir                
 11 03 58.878400 +08 21 25.91300 2454975.88645965 Ymir                
 11 03 58.882300 +08 21 25.87500 2454975.88761313 Ymir                
 11 03 58.886200 +08 21 25.83700 2454975.88876953 Ymir                
 11 03 57.953600 +08 21 35.90000 2454975.57925160 Ymir                
 11 03 57.956600 +08 21 35.86400 2454975.58038448 Ymir                
 11 03 57.959700 +08 21 35.82700 2454975.58154768 Ymir                
 11 03 57.962700 +08 21 35.79100 2454975.58266910 Ymir                
 11 03 57.965700 +08 21 35.75500 2454975.58380393 Ymir                
 11 03 57.971800 +08 21 35.68100 2454975.58611171 Ymir                
 11 03 57.974900 +08 21 35.64400 2454975.58726728 Ymir                
 11 03 57.978000 +08 21 35.60700 2454975.58842666 Ymir                
 11 03 57.981100 +08 21 35.57000 2454975.58958025 Ymir                
 11 03 57.984100 +08 21 35.53500 2454975.59070144 Ymir                
 11 03 58.749900 +08 21 27.17400 2454975.84789451 Ymir                
 11 03 58.754500 +08 21 27.12800 2454975.84930392 Ymir                
 11 03 58.765500 +08 21 27.02000 2454975.85260983 Ymir                
 11 03 58.773500 +08 21 26.94000 2454975.85504308 Ymir                
 11 03 58.782900 +08 21 26.84700 2454975.85788484 Ymir                
 11 03 58.787500 +08 21 26.80200 2454975.85925360 Ymir                
