 09 28 37.645900 +16 56  2.68800 2454200.63963281 Tarvos              
 09 28 37.636400 +16 56  2.70700 2454200.64156802 Tarvos              
 09 28 37.626900 +16 56  2.72700 2454200.64352001 Tarvos              
 09 28 37.607100 +16 56  2.76700 2454200.64755228 Tarvos              
 09 28 37.597700 +16 56  2.78700 2454200.64948760 Tarvos              
 09 28 37.588200 +16 56  2.80600 2454200.65141622 Tarvos              
 09 28 37.754100 +16 56  2.46400 2454200.61767102 Tarvos              
 09 28 37.744400 +16 56  2.48400 2454200.61961804 Tarvos              
 09 28 37.734900 +16 56  2.50400 2454200.62153935 Tarvos              
 09 28 37.571000 +16 56  2.84100 2454200.65495686 Tarvos              
 09 28 37.561500 +16 56  2.86000 2454200.65689311 Tarvos              
 09 28 37.552200 +16 56  2.87900 2454200.65881523 Tarvos              
 09 28 37.717000 +16 56  2.54100 2454200.62518525 Tarvos              
 09 28 37.707400 +16 56  2.56100 2454200.62712057 Tarvos              
 09 28 37.697900 +16 56  2.58100 2454200.62905045 Tarvos              
 09 28 29.289500 +16 56 20.55500 2454202.63778831 Tarvos              
 09 28 29.281400 +16 56 20.56700 2454202.63977446 Tarvos              
 09 28 29.358000 +16 56 20.45500 2454202.62106132 Tarvos              
 09 28 29.349900 +16 56 20.46700 2454202.62303681 Tarvos              
 09 28 29.333400 +16 56 20.49100 2454202.62705844 Tarvos              
 09 28 29.325300 +16 56 20.50300 2454202.62903301 Tarvos              
 09 28 29.268500 +16 56 20.58600 2454202.64294808 Tarvos              
 09 28 29.260500 +16 56 20.59700 2454202.64491096 Tarvos              
 09 28 29.400800 +16 56 20.39100 2454202.61065135 Tarvos              
 09 28 29.392600 +16 56 20.40300 2454202.61263889 Tarvos              
 09 28 29.247700 +16 56 20.61500 2454202.64806108 Tarvos              
 09 28 29.239600 +16 56 20.62700 2454202.65005811 Tarvos              
 09 28 29.379500 +16 56 20.42300 2454202.61582270 Tarvos              
 09 28 29.371300 +16 56 20.43500 2454202.61781626 Tarvos              
 09 28 25.724000 +16 56 26.39700 2454203.63784898 Tarvos              
 09 28 25.716800 +16 56 26.40400 2454203.63982309 Tarvos              
 09 28 25.768500 +16 56 26.35000 2454203.62575600 Tarvos              
 09 28 25.761200 +16 56 26.35700 2454203.62772674 Tarvos              
 09 28 25.700700 +16 56 26.42100 2454203.64423154 Tarvos              
 09 28 25.693500 +16 56 26.42800 2454203.64620414 Tarvos              
 09 28 25.808300 +16 56 26.30600 2454203.61496694 Tarvos              
 09 28 25.801000 +16 56 26.31400 2454203.61694059 Tarvos              
 09 28 25.681500 +16 56 26.44100 2454203.64949169 Tarvos              
 09 28 25.674400 +16 56 26.44800 2454203.65146047 Tarvos              
 09 28 25.788400 +16 56 26.32800 2454203.62035806 Tarvos              
 09 28 25.781100 +16 56 26.33600 2454203.62232683 Tarvos              
 10 15 47.531900 +12 29 36.73100 2454351.65045626 Tarvos              
 10 15 47.584500 +12 29 36.43700 2454351.65229225 Tarvos              
 10 15 47.637400 +12 29 36.14100 2454351.65413807 Tarvos              
 10 15 47.932000 +12 29 34.49500 2454351.66442231 Tarvos              
 10 15 47.993300 +12 29 34.15300 2454351.66656219 Tarvos              
 10 15 48.059000 +12 29 33.78600 2454351.66885540 Tarvos              
 10 16 17.851500 +12 26 45.47500 2454352.72157310 Tarvos              
 10 16 17.904500 +12 26 45.17900 2454352.72342934 Tarvos              
 10 16 17.956100 +12 26 44.89100 2454352.72523730 Tarvos              
 10 16 20.856200 +12 26 28.69400 2454352.82709348 Tarvos              
 10 16 20.913400 +12 26 28.37400 2454352.82910765 Tarvos              
 10 16 20.970700 +12 26 28.05400 2454352.83112600 Tarvos              
 10 16 40.236300 +12 24 38.56400 2454353.51716084 Tarvos              
 10 16 40.320200 +12 24 38.09100 2454353.52011600 Tarvos              
 10 16 40.372600 +12 24 37.79500 2454353.52196182 Tarvos              
 10 16 40.424400 +12 24 37.50300 2454353.52378634 Tarvos              
 10 16 40.476600 +12 24 37.20900 2454353.52562325 Tarvos              
 10 16 40.526200 +12 24 36.92900 2454353.52736916 Tarvos              
 10 16 40.578300 +12 24 36.63500 2454353.52920443 Tarvos              
 10 16 40.628600 +12 24 36.35200 2454353.53097569 Tarvos              
 10 16 40.680300 +12 24 36.06100 2454353.53279350 Tarvos              
 10 16 40.729900 +12 24 35.78100 2454353.53454147 Tarvos              
 10 16 41.302800 +12 24 32.55400 2454353.55469836 Tarvos              
 10 16 41.354100 +12 24 32.26500 2454353.55650366 Tarvos              
 10 16 41.405900 +12 24 31.97400 2454353.55832273 Tarvos              
 10 16 41.462800 +12 24 31.65400 2454353.56032289 Tarvos              
 10 16 41.512500 +12 24 31.37400 2454353.56207134 Tarvos              
 10 16 41.564500 +12 24 31.08200 2454353.56390072 Tarvos              
 10 16 41.615000 +12 24 30.79800 2454353.56567638 Tarvos              
 10 16 41.666900 +12 24 30.50600 2454353.56749975 Tarvos              
 10 16 41.716400 +12 24 30.22800 2454353.56923915 Tarvos              
 10 16 39.280400 +12 24 43.96700 2454353.48345198 Tarvos              
 10 16 39.310700 +12 24 43.79600 2454353.48452182 Tarvos              
 10 16 39.341100 +12 24 43.62400 2454353.48559421 Tarvos              
 10 16 39.373600 +12 24 43.44000 2454353.48674128 Tarvos              
 10 16 39.405400 +12 24 43.26000 2454353.48786369 Tarvos              
 10 16 39.436800 +12 24 43.08200 2454353.48897243 Tarvos              
 10 16 39.468600 +12 24 42.90200 2454353.49009472 Tarvos              
 10 16 39.500200 +12 24 42.72400 2454353.49120637 Tarvos              
 10 16 39.532200 +12 24 42.54300 2454353.49233618 Tarvos              
 10 16 39.582600 +12 24 42.25800 2454353.49411346 Tarvos              
 10 16 39.614600 +12 24 42.07700 2454353.49524328 Tarvos              
 10 16 39.646100 +12 24 41.89800 2454353.49635606 Tarvos              
 10 16 39.677700 +12 24 41.72000 2454353.49747003 Tarvos              
 10 16 39.709600 +12 24 41.54000 2454353.49859453 Tarvos              
 10 16 39.741400 +12 24 41.36000 2454353.49971449 Tarvos              
 10 16 39.773800 +12 24 41.17700 2454353.50085797 Tarvos              
 10 16 39.805800 +12 24 40.99600 2454353.50198650 Tarvos              
 10 16 39.837900 +12 24 40.81400 2454353.50311992 Tarvos              
 10 16 42.289800 +12 24 27.00600 2454353.58938916 Tarvos              
 10 16 42.348500 +12 24 26.67700 2454353.59144976 Tarvos              
 10 16 42.406800 +12 24 26.35000 2454353.59349936 Tarvos              
 10 16 42.465400 +12 24 26.02100 2454353.59555626 Tarvos              
 10 16 42.521900 +12 24 25.70400 2454353.59754010 Tarvos              
 10 16 42.580300 +12 24 25.37600 2454353.59959317 Tarvos              
 10 16 42.637000 +12 24 25.05800 2454353.60158303 Tarvos              
 10 16 42.695000 +12 24 24.73300 2454353.60361966 Tarvos              
 10 16 42.751600 +12 24 24.41500 2454353.60560721 Tarvos              
 10 16 43.368700 +12 24 20.95600 2454353.62727449 Tarvos              
 10 16 43.426900 +12 24 20.63000 2454353.62931830 Tarvos              
 10 16 43.560300 +12 24 19.88300 2454353.63399929 Tarvos              
 10 16 41.795300 +12 24 29.78400 2454353.57201206 Tarvos              
 10 16 41.847300 +12 24 29.49200 2454353.57384213 Tarvos              
 10 16 41.899400 +12 24 29.19900 2454353.57567279 Tarvos              
 10 16 41.952400 +12 24 28.90200 2454353.57753274 Tarvos              
 10 16 42.002900 +12 24 28.61800 2454353.57930851 Tarvos              
 10 16 42.055100 +12 24 28.32400 2454353.58114275 Tarvos              
 10 16 42.105300 +12 24 28.04200 2454353.58290788 Tarvos              
 10 16 42.157900 +12 24 27.74700 2454353.58475543 Tarvos              
 10 16 42.207600 +12 24 27.46800 2454353.58650019 Tarvos              
 10 16 39.887200 +12 24 40.53600 2454353.50485505 Tarvos              
 10 16 39.919400 +12 24 40.35400 2454353.50599227 Tarvos              
 10 16 39.951600 +12 24 40.17300 2454353.50712475 Tarvos              
 10 16 39.983800 +12 24 39.99100 2454353.50826001 Tarvos              
 10 16 40.015800 +12 24 39.81000 2454353.50938890 Tarvos              
 10 16 40.047700 +12 24 39.63000 2454353.51051328 Tarvos              
 10 16 40.079900 +12 24 39.44800 2454353.51164703 Tarvos              
 10 16 40.116400 +12 24 39.24200 2454353.51293328 Tarvos              
 10 16 40.148500 +12 24 39.06100 2454353.51406460 Tarvos              
 10 16 40.816100 +12 24 35.29500 2454353.53757569 Tarvos              
 10 16 40.868900 +12 24 34.99700 2454353.53943321 Tarvos              
 10 16 40.920100 +12 24 34.70900 2454353.54123585 Tarvos              
 10 16 40.973000 +12 24 34.41100 2454353.54309522 Tarvos              
 10 16 41.022600 +12 24 34.13200 2454353.54484182 Tarvos              
 10 16 41.074600 +12 24 33.83900 2454353.54667131 Tarvos              
 10 16 41.123600 +12 24 33.56300 2454353.54839556 Tarvos              
 10 16 41.175300 +12 24 33.27200 2454353.55021429 Tarvos              
 10 16 41.224700 +12 24 32.99400 2454353.55195000 Tarvos              
 10 29 24.627100 +11 12  1.56300 2454382.50138887 Tarvos              
 10 29 24.697100 +11 12  1.16500 2454382.50427083 Tarvos              
 10 29 24.766200 +11 12  0.77200 2454382.50711898 Tarvos              
 10 29 24.835500 +11 12  0.37800 2454382.50997304 Tarvos              
 10 29 24.902700 +11 11 59.99700 2454382.51273818 Tarvos              
 10 29 28.014500 +11 11 42.38300 2454382.64082832 Tarvos              
 10 29 28.064200 +11 11 42.10300 2454382.64287606 Tarvos              
 10 29 28.113900 +11 11 41.82200 2454382.64492451 Tarvos              
 10 29 28.164100 +11 11 41.53900 2454382.64699234 Tarvos              
 10 29 28.212200 +11 11 41.26700 2454382.64897740 Tarvos              
 10 29 28.273500 +11 11 40.92100 2454382.65150148 Tarvos              
 10 29 28.327200 +11 11 40.61800 2454382.65371549 Tarvos              
 10 29 28.376700 +11 11 40.33800 2454382.65575895 Tarvos              
 10 29 28.427500 +11 11 40.05100 2454382.65784977 Tarvos              
 10 29 28.475700 +11 11 39.77900 2454382.65984020 Tarvos              
 10 29 28.979500 +11 11 36.93400 2454382.68062573 Tarvos              
 10 29 29.034800 +11 11 36.62100 2454382.68290875 Tarvos              
 10 29 29.089700 +11 11 36.31200 2454382.68517243 Tarvos              
 10 29 29.147700 +11 11 35.98400 2454382.68756985 Tarvos              
 10 29 29.200200 +11 11 35.68800 2454382.68973616 Tarvos              
 10 29 29.266200 +11 11 35.31400 2454382.69246494 Tarvos              
 10 29 29.321400 +11 11 35.00300 2454382.69474309 Tarvos              
 10 29 29.376200 +11 11 34.69300 2454382.69700759 Tarvos              
 10 29 29.431900 +11 11 34.37900 2454382.69930994 Tarvos              
 10 29 29.485100 +11 11 34.07800 2454382.70150832 Tarvos              
 10 29 51.222900 +11 09 29.24900 2454383.61388021 Tarvos              
 10 29 51.272700 +11 09 28.96700 2454383.61594961 Tarvos              
 10 29 51.321600 +11 09 28.69100 2454383.61797883 Tarvos              
 10 29 51.370800 +11 09 28.41300 2454383.62002461 Tarvos              
 10 29 51.417500 +11 09 28.14900 2454383.62196329 Tarvos              
 10 29 51.475900 +11 09 27.81900 2454383.62438907 Tarvos              
 10 29 51.525600 +11 09 27.53900 2454383.62645222 Tarvos              
 10 29 51.574100 +11 09 27.26500 2454383.62846753 Tarvos              
 10 29 51.623300 +11 09 26.98700 2454383.63051238 Tarvos              
 10 29 51.670600 +11 09 26.72000 2454383.63247735 Tarvos              
 10 29 52.123500 +11 09 24.16200 2454383.65130210 Tarvos              
 10 29 52.178400 +11 09 23.85200 2454383.65358443 Tarvos              
 10 29 52.691800 +11 09 20.95300 2454383.67494813 Tarvos              
 10 29 52.746500 +11 09 20.64400 2454383.67722523 Tarvos              
 10 29 49.018200 +11 09 41.73100 2454383.52236001 Tarvos              
 10 29 49.089400 +11 09 41.32600 2454383.52531573 Tarvos              
 10 29 49.157000 +11 09 40.94300 2454383.52812256 Tarvos              
 10 29 49.225700 +11 09 40.55300 2454383.53097662 Tarvos              
 10 29 49.292500 +11 09 40.17400 2454383.53375126 Tarvos              
 10 30 18.449300 +11 06 53.39800 2454384.76428913 Tarvos              
 10 30 18.504200 +11 06 53.08700 2454384.76660931 Tarvos              
 10 30 18.559200 +11 06 52.77500 2454384.76893968 Tarvos              
 10 30 18.614100 +11 06 52.46400 2454384.77126241 Tarvos              
 10 30 18.667000 +11 06 52.16400 2454384.77349947 Tarvos              
 10 30 18.730900 +11 06 51.80200 2454384.77620475 Tarvos              
 10 30 18.785800 +11 06 51.49000 2454384.77853038 Tarvos              
 10 30 18.840500 +11 06 51.18000 2454384.78084663 Tarvos              
 10 30 18.895400 +11 06 50.86800 2454384.78317435 Tarvos              
 10 30 18.951500 +11 06 50.55000 2454384.78554792 Tarvos              
 10 30 38.850400 +11 04 56.12700 2454385.63683554 Tarvos              
 10 30 38.898600 +11 04 55.85400 2454385.63887854 Tarvos              
 10 30 38.946000 +11 04 55.58700 2454385.64088171 Tarvos              
 10 30 38.994100 +11 04 55.31500 2454385.64291858 Tarvos              
 10 30 39.040900 +11 04 55.05100 2454385.64490010 Tarvos              
 10 30 39.098300 +11 04 54.72700 2454385.64732912 Tarvos              
 10 30 39.146400 +11 04 54.45500 2454385.64936900 Tarvos              
 10 30 39.194600 +11 04 54.18300 2454385.65140772 Tarvos              
 10 30 39.243300 +11 04 53.90800 2454385.65347168 Tarvos              
 10 30 39.289500 +11 04 53.64700 2454385.65542970 Tarvos              
 10 30 39.781300 +11 04 50.86900 2454385.67627556 Tarvos              
 10 30 39.835500 +11 04 50.56400 2454385.67857073 Tarvos              
 10 30 39.888800 +11 04 50.26200 2454385.68083510 Tarvos              
 10 30 39.942900 +11 04 49.95600 2454385.68313100 Tarvos              
 10 30 39.995200 +11 04 49.66100 2454385.68534755 Tarvos              
 10 30 40.116600 +11 04 48.97500 2454385.69050200 Tarvos              
 10 30 40.170400 +11 04 48.67200 2454385.69278340 Tarvos              
 10 30 40.223500 +11 04 48.37100 2454385.69504049 Tarvos              
 10 30 40.277600 +11 04 48.06500 2454385.69733821 Tarvos              
 10 30 40.329400 +11 04 47.77300 2454385.69953486 Tarvos              
 10 30 59.193800 +11 02 59.19700 2454386.51458931 Tarvos              
 10 30 59.250600 +11 02 58.87400 2454386.51701693 Tarvos              
 10 30 59.344500 +11 02 58.34200 2454386.52102073 Tarvos              
 10 30 59.401100 +11 02 58.02100 2454386.52343887 Tarvos              
 10 31  1.394000 +11 02 46.74100 2454386.60847266 Tarvos              
 10 31  1.441900 +11 02 46.47100 2454386.61051531 Tarvos              
 10 31  1.490000 +11 02 46.19800 2454386.61257150 Tarvos              
 10 31  1.538500 +11 02 45.92500 2454386.61463987 Tarvos              
 10 31  1.585000 +11 02 45.66200 2454386.61662683 Tarvos              
 10 31  1.716200 +11 02 44.92100 2454386.62222832 Tarvos              
 10 31  1.764100 +11 02 44.65100 2454386.62427260 Tarvos              
 10 31  1.812700 +11 02 44.37600 2454386.62634953 Tarvos              
 10 31  1.861100 +11 02 44.10300 2454386.62841788 Tarvos              
 10 31  1.907200 +11 02 43.84200 2454386.63038597 Tarvos              
 10 31  2.365600 +11 02 41.25300 2454386.64997998 Tarvos              
 10 31  2.432600 +11 02 40.87500 2454386.65284238 Tarvos              
 10 31  2.499100 +11 02 40.50000 2454386.65568881 Tarvos              
 10 31  2.566500 +11 02 40.11900 2454386.65856962 Tarvos              
 10 31  2.631900 +11 02 39.75000 2454386.66136834 Tarvos              
 10 31  2.707600 +11 02 39.32200 2454386.66460866 Tarvos              
 10 31  2.774400 +11 02 38.94500 2454386.66746725 Tarvos              
 10 31  2.840900 +11 02 38.56900 2454386.67031436 Tarvos              
 10 31  2.910600 +11 02 38.17600 2454386.67329775 Tarvos              
 10 31  2.975500 +11 02 37.80900 2454386.67607539 Tarvos              
 10 18 26.967600 +12 30 39.41400 2454618.76682508 Tarvos              
 10 18 26.997400 +12 30 39.26100 2454618.76930921 Tarvos              
 10 18 26.877300 +12 30 39.88000 2454618.75928869 Tarvos              
 10 18 26.917300 +12 30 39.67400 2454618.76262396 Tarvos              
 10 18 27.047500 +12 30 39.00300 2454618.77348390 Tarvos              
 10 18 27.187300 +12 30 38.28400 2454618.78511076 Tarvos              
 10 18 26.626600 +12 30 41.17700 2454618.73831188 Tarvos              
 10 18 26.680100 +12 30 40.90000 2454618.74278898 Tarvos              
 10 18 26.745500 +12 30 40.56100 2454618.74827064 Tarvos              
 10 18 26.799300 +12 30 40.28300 2454618.75276894 Tarvos              
 10 18 50.383100 +12 28 38.33000 2454620.69302966 Tarvos              
 10 18 50.403200 +12 28 38.22500 2454620.69462678 Tarvos              
 10 18 50.787700 +12 28 36.20700 2454620.72518971 Tarvos              
 10 18 50.828700 +12 28 35.99200 2454620.72843801 Tarvos              
 10 18 51.069800 +12 28 34.73400 2454620.74748947 Tarvos              
 10 18 51.102600 +12 28 34.56300 2454620.75008002 Tarvos              
 10 18 48.896100 +12 28 46.23000 2454620.57302413 Tarvos              
 10 18 48.951300 +12 28 45.93500 2454620.57752635 Tarvos              
 10 18 50.529400 +12 28 37.56100 2454620.70467957 Tarvos              
 10 18 50.562700 +12 28 37.38600 2454620.70732523 Tarvos              
 10 18 50.615800 +12 28 37.10800 2454620.71154716 Tarvos              
 10 18 50.656200 +12 28 36.89600 2454620.71475645 Tarvos              
 10 18 48.689500 +12 28 47.33700 2454620.55612941 Tarvos              
 10 18 48.713900 +12 28 47.20600 2454620.55812598 Tarvos              
 10 18 48.782700 +12 28 46.83700 2454620.56375852 Tarvos              
 10 18 48.830900 +12 28 46.58000 2454620.56769331 Tarvos              
 10 18 50.704100 +12 28 36.64500 2454620.71855566 Tarvos              
 10 18 50.740100 +12 28 36.45600 2454620.72141134 Tarvos              
 10 19  5.462700 +12 27 19.91500 2454621.87608304 Tarvos              
 10 19  5.516800 +12 27 19.63800 2454621.88016730 Tarvos              
 10 19  5.097100 +12 27 21.78600 2454621.84846955 Tarvos              
 10 19  5.231300 +12 27 21.09800 2454621.85861481 Tarvos              
 10 19  4.541900 +12 27 24.64400 2454621.80637684 Tarvos              
 10 19  4.595500 +12 27 24.36700 2454621.81045124 Tarvos              
 10 19  4.662400 +12 27 24.02200 2454621.81553304 Tarvos              
 10 19  4.719800 +12 27 23.72600 2454621.81988766 Tarvos              
 10 19  4.803800 +12 27 23.29300 2454621.82626131 Tarvos              
 10 19  4.931100 +12 27 22.63800 2454621.83590699 Tarvos              
 10 19  4.996100 +12 27 22.30400 2454621.84082848 Tarvos              
 10 19  5.310500 +12 27 20.69200 2454621.86459973 Tarvos              
 10 19  5.354800 +12 27 20.46600 2454621.86793985 Tarvos              
 10 19  5.398600 +12 27 20.24200 2454621.87124872 Tarvos              
 10 19  5.940700 +12 27 17.47800 2454621.91211441 Tarvos              
 10 19  6.000100 +12 27 17.17700 2454621.91658250 Tarvos              
 10 19  6.058500 +12 27 16.88000 2454621.92097949 Tarvos              
 10 19  6.117900 +12 27 16.57800 2454621.92544955 Tarvos              
 10 19  6.176300 +12 27 16.28200 2454621.92984458 Tarvos              
 10 19  0.475400 +12 27 46.20200 2454621.48850632 Tarvos              
 10 19  0.528700 +12 27 45.91500 2454621.49278244 Tarvos              
 10 19  0.580700 +12 27 45.63500 2454621.49695481 Tarvos              
 10 19  5.606000 +12 27 19.18300 2454621.88689220 Tarvos              
 10 19  5.755900 +12 27 18.41900 2454621.89819128 Tarvos              
 10 19  6.306900 +12 27 15.61900 2454621.93967646 Tarvos              
 10 19  6.429200 +12 27 14.99900 2454621.94887932 Tarvos              
 10 19 32.366900 +12 24 59.17900 2454623.90197560 Tarvos              
 10 19 32.429700 +12 24 58.85800 2454623.90647043 Tarvos              
 10 19 32.492300 +12 24 58.53600 2454623.91095357 Tarvos              
 10 19 32.575600 +12 24 58.11000 2454623.91691569 Tarvos              
 10 19 26.853200 +12 25 28.32500 2454623.49671373 Tarvos              
 10 19 26.950700 +12 25 27.79800 2454623.50410688 Tarvos              
 10 19 27.063200 +12 25 27.19000 2454623.51263457 Tarvos              
 10 19 26.440100 +12 25 30.55700 2454623.46532162 Tarvos              
 10 19 26.460200 +12 25 30.44800 2454623.46685112 Tarvos              
 10 19 26.548300 +12 25 29.97300 2454623.47355226 Tarvos              
 10 19 26.664100 +12 25 29.34700 2454623.48235249 Tarvos              
 10 19 26.752500 +12 25 28.86900 2454623.48907434 Tarvos              
 10 19 32.705800 +12 24 57.44400 2454623.92622580 Tarvos              
 10 19 32.871500 +12 24 56.59600 2454623.93808029 Tarvos              
 10 19 27.189600 +12 25 26.50700 2454623.52220291 Tarvos              
 10 19 27.322800 +12 25 25.78800 2454623.53226957 Tarvos              
 11 09 47.013600 +08 25 51.99300 2454971.57581615 Tarvos              
 11 09 47.015600 +08 25 51.94000 2454971.57810852 Tarvos              
 11 09 47.020100 +08 25 51.81500 2454971.58342781 Tarvos              
 11 09 47.024300 +08 25 51.70300 2454971.58817050 Tarvos              
 11 09 47.027200 +08 25 51.62500 2454971.59150998 Tarvos              
 11 09 47.030100 +08 25 51.54600 2454971.59484449 Tarvos              
 11 09 47.033100 +08 25 51.46800 2454971.59819022 Tarvos              
 11 09 47.036000 +08 25 51.39100 2454971.60145492 Tarvos              
 11 09 47.039600 +08 25 51.29600 2454971.60545836 Tarvos              
 11 09 47.042600 +08 25 51.21700 2454971.60882262 Tarvos              
 11 09 47.045600 +08 25 51.13800 2454971.61214716 Tarvos              
 11 09 47.048700 +08 25 51.05900 2454971.61549659 Tarvos              
 11 09 47.051700 +08 25 50.98200 2454971.61875584 Tarvos              
 11 09 47.430600 +08 25 43.77500 2454971.91656241 Tarvos              
 11 09 47.432500 +08 25 43.74700 2454971.91773082 Tarvos              
 11 09 47.434400 +08 25 43.71900 2454971.91888314 Tarvos              
 11 09 47.436200 +08 25 43.69100 2454971.92004507 Tarvos              
 11 09 47.438000 +08 25 43.66400 2454971.92116916 Tarvos              
 11 09 47.439900 +08 25 43.63500 2454971.92234266 Tarvos              
 11 09 47.441700 +08 25 43.60800 2454971.92347137 Tarvos              
 11 09 47.443600 +08 25 43.58000 2454971.92462819 Tarvos              
 11 09 47.445500 +08 25 43.55200 2454971.92578064 Tarvos              
 11 09 47.447300 +08 25 43.52300 2454971.92694095 Tarvos              
 11 09 47.449900 +08 25 43.48500 2454971.92850709 Tarvos              
 11 09 47.451700 +08 25 43.45700 2454971.92966440 Tarvos              
 11 09 47.453600 +08 25 43.42900 2454971.93081788 Tarvos              
 11 09 47.455500 +08 25 43.40200 2454971.93196581 Tarvos              
 11 09 47.457400 +08 25 43.37300 2454971.93312335 Tarvos              
 11 09 47.459200 +08 25 43.34600 2454971.93427231 Tarvos              
 11 09 47.461100 +08 25 43.31700 2454971.93543725 Tarvos              
 11 09 47.463000 +08 25 43.28900 2454971.93659663 Tarvos              
 11 09 48.348000 +08 25 28.14600 2454972.55847656 Tarvos              
 11 09 48.349500 +08 25 28.11600 2454972.55964127 Tarvos              
 11 09 48.350900 +08 25 28.08400 2454972.56086652 Tarvos              
 11 09 48.354900 +08 25 28.00000 2454972.56413412 Tarvos              
 11 09 48.357600 +08 25 27.94400 2454972.56631247 Tarvos              
 11 09 48.360200 +08 25 27.88800 2454972.56847775 Tarvos              
 11 09 48.362900 +08 25 27.83100 2454972.57065426 Tarvos              
 11 09 48.365500 +08 25 27.77700 2454972.57275009 Tarvos              
 11 09 48.368100 +08 25 27.72100 2454972.57490981 Tarvos              
 11 09 48.370700 +08 25 27.66700 2454972.57701895 Tarvos              
 11 09 48.373400 +08 25 27.61100 2454972.57918584 Tarvos              
 11 09 48.376000 +08 25 27.55700 2454972.58128295 Tarvos              
 11 09 48.378700 +08 25 27.50000 2454972.58345645 Tarvos              
 11 09 48.382800 +08 25 27.41600 2454972.58671293 Tarvos              
 11 09 48.388600 +08 25 27.29500 2454972.59136818 Tarvos              
 11 09 48.391300 +08 25 27.23900 2454972.59353381 Tarvos              
 11 09 48.394100 +08 25 27.18200 2454972.59571182 Tarvos              
 11 09 48.396700 +08 25 27.12800 2454972.59780823 Tarvos              
 11 09 48.399500 +08 25 27.07100 2454972.59996841 Tarvos              
 11 09 48.402100 +08 25 27.01700 2454972.60207639 Tarvos              
 11 09 48.404900 +08 25 26.96000 2454972.60424329 Tarvos              
 11 09 48.407600 +08 25 26.90500 2454972.60634190 Tarvos              
 11 09 48.410400 +08 25 26.84900 2454972.60851400 Tarvos              
 11 09 48.805300 +08 25 20.19100 2454972.85907025 Tarvos              
 11 09 48.807500 +08 25 20.16000 2454972.86022374 Tarvos              
 11 09 48.809600 +08 25 20.13000 2454972.86135118 Tarvos              
 11 09 48.811800 +08 25 20.09900 2454972.86250790 Tarvos              
 11 09 48.814000 +08 25 20.06800 2454972.86366833 Tarvos              
 11 09 48.816200 +08 25 20.03700 2454972.86482459 Tarvos              
 11 09 48.818400 +08 25 20.00600 2454972.86598108 Tarvos              
 11 09 48.820600 +08 25 19.97500 2454972.86714081 Tarvos              
 11 09 48.822700 +08 25 19.94400 2454972.86828943 Tarvos              
 11 09 48.824900 +08 25 19.91300 2454972.86945216 Tarvos              
 11 09 48.827600 +08 25 19.87500 2454972.87085881 Tarvos              
 11 09 48.829800 +08 25 19.84400 2454972.87202733 Tarvos              
 11 09 48.832000 +08 25 19.81300 2454972.87317155 Tarvos              
 11 09 48.834300 +08 25 19.78200 2454972.87434286 Tarvos              
 11 09 48.836500 +08 25 19.75100 2454972.87549669 Tarvos              
 11 09 48.838700 +08 25 19.72000 2454972.87665480 Tarvos              
 11 09 48.840900 +08 25 19.68900 2454972.87781002 Tarvos              
 11 09 48.843100 +08 25 19.65800 2454972.87897426 Tarvos              
 11 09 48.845300 +08 25 19.62700 2454972.88012612 Tarvos              
 11 09 48.847500 +08 25 19.59600 2454972.88128134 Tarvos              
 11 09 48.850600 +08 25 19.55400 2454972.88285350 Tarvos              
 11 09 48.852800 +08 25 19.52300 2454972.88401855 Tarvos              
 11 09 48.855400 +08 25 19.48700 2454972.88535110 Tarvos              
 11 09 48.858000 +08 25 19.45100 2454972.88671977 Tarvos              
 11 09 48.860300 +08 25 19.42000 2454972.88788286 Tarvos              
 11 09 48.862500 +08 25 19.38900 2454972.88901574 Tarvos              
 11 09 48.868200 +08 25 19.31000 2454972.89199661 Tarvos              
 11 09 48.870500 +08 25 19.27800 2454972.89315912 Tarvos              
 11 09 48.872700 +08 25 19.24800 2454972.89429328 Tarvos              
 11 09 48.875000 +08 25 19.21700 2454972.89545091 Tarvos              
 11 09 48.877200 +08 25 19.18700 2454972.89657419 Tarvos              
 11 09 48.879400 +08 25 19.15600 2454972.89774214 Tarvos              
 11 09 50.479500 +08 24 55.02300 2454973.78228852 Tarvos              
 11 09 50.481900 +08 24 54.99000 2454973.78341954 Tarvos              
 11 09 50.484300 +08 24 54.95600 2454973.78456874 Tarvos              
 11 09 50.486700 +08 24 54.92200 2454973.78573102 Tarvos              
 11 09 50.492700 +08 24 54.83900 2454973.78860426 Tarvos              
 11 09 50.508500 +08 24 54.62000 2454973.79609720 Tarvos              
 11 09 50.512600 +08 24 54.56300 2454973.79803618 Tarvos              
 11 09 50.516800 +08 24 54.50700 2454973.79997574 Tarvos              
 11 09 50.520900 +08 24 54.45000 2454973.80191378 Tarvos              
 11 09 50.524800 +08 24 54.39600 2454973.80377777 Tarvos              
 11 09 50.529000 +08 24 54.34000 2454973.80569881 Tarvos              
 11 09 50.533000 +08 24 54.28500 2454973.80757413 Tarvos              
 11 09 50.537100 +08 24 54.22800 2454973.80950663 Tarvos              
 11 09 50.542200 +08 24 54.15900 2454973.81187494 Tarvos              
 11 09 50.551900 +08 24 54.02800 2454973.81636361 Tarvos              
 11 09 50.556100 +08 24 53.97100 2454973.81830792 Tarvos              
 11 09 50.560300 +08 24 53.91500 2454973.82023486 Tarvos              
 11 09 50.564500 +08 24 53.85800 2454973.82218333 Tarvos              
 11 09 50.568600 +08 24 53.80400 2454973.82404881 Tarvos              
 11 09 50.704600 +08 24 52.03800 2454973.88453310 Tarvos              
 11 09 50.709100 +08 24 51.98200 2454973.88645877 Tarvos              
 11 09 50.729000 +08 24 51.73200 2454973.89502439 Tarvos              
 11 09 50.733400 +08 24 51.67600 2454973.89694867 Tarvos              
 11 09 50.614000 +08 24 53.20300 2454973.84461828 Tarvos              
 11 09 50.618400 +08 24 53.14600 2454973.84656987 Tarvos              
 11 09 50.622700 +08 24 53.09000 2454973.84850306 Tarvos              
 11 09 50.627000 +08 24 53.03300 2454973.85044238 Tarvos              
 11 09 50.631200 +08 24 52.97900 2454973.85230463 Tarvos              
 11 09 50.635600 +08 24 52.92200 2454973.85423852 Tarvos              
 11 09 50.639800 +08 24 52.86700 2454973.85611672 Tarvos              
 11 09 50.644600 +08 24 52.80500 2454973.85825214 Tarvos              
 11 09 50.650500 +08 24 52.72900 2454973.86085995 Tarvos              
 11 09 50.654900 +08 24 52.67200 2454973.86280657 Tarvos              
 11 09 50.659300 +08 24 52.61600 2454973.86474091 Tarvos              
 11 09 50.663700 +08 24 52.55900 2454973.86667956 Tarvos              
 11 09 50.668000 +08 24 52.50500 2454973.86854492 Tarvos              
 11 09 50.672400 +08 24 52.44800 2454973.87047765 Tarvos              
 11 09 50.676600 +08 24 52.39400 2454973.87235355 Tarvos              
 11 09 50.681100 +08 24 52.33700 2454973.87428731 Tarvos              
 11 09 50.444900 +08 24 55.51300 2454973.76546378 Tarvos              
 11 09 50.447300 +08 24 55.47900 2454973.76663197 Tarvos              
 11 09 50.449600 +08 24 55.44600 2454973.76779137 Tarvos              
 11 09 50.452000 +08 24 55.41200 2454973.76894426 Tarvos              
 11 09 50.454300 +08 24 55.37900 2454973.77006880 Tarvos              
 11 09 50.456700 +08 24 55.34500 2454973.77122946 Tarvos              
 11 09 50.459100 +08 24 55.31100 2454973.77239428 Tarvos              
 11 09 50.461900 +08 24 55.27100 2454973.77377140 Tarvos              
 11 09 50.464300 +08 24 55.23800 2454973.77492164 Tarvos              
 11 09 50.466600 +08 24 55.20500 2454973.77605116 Tarvos              
 11 09 50.469000 +08 24 55.17100 2454973.77720811 Tarvos              
 11 09 50.471400 +08 24 55.13700 2454973.77836414 Tarvos              
 11 09 50.473800 +08 24 55.10400 2454973.77951368 Tarvos              
 11 09 50.476200 +08 24 55.07000 2454973.78067943 Tarvos              
 11 09 50.572800 +08 24 53.74800 2454973.82595317 Tarvos              
 11 09 50.575300 +08 24 53.71400 2454973.82711464 Tarvos              
 11 09 50.577900 +08 24 53.68000 2454973.82829289 Tarvos              
 11 09 50.580500 +08 24 53.64600 2454973.82945459 Tarvos              
 11 09 50.583000 +08 24 53.61200 2454973.83061247 Tarvos              
 11 09 50.585600 +08 24 53.57800 2454973.83177313 Tarvos              
 11 09 50.588100 +08 24 53.54500 2454973.83292534 Tarvos              
 11 09 50.591100 +08 24 53.50400 2454973.83430395 Tarvos              
 11 09 50.593700 +08 24 53.47000 2454973.83547306 Tarvos              
 11 09 50.596300 +08 24 53.43600 2454973.83662874 Tarvos              
 11 09 50.598800 +08 24 53.40300 2454973.83778396 Tarvos              
 11 09 50.601300 +08 24 53.37000 2454973.83890931 Tarvos              
 11 09 50.603900 +08 24 53.33600 2454973.84005433 Tarvos              
 11 09 50.606400 +08 24 53.30300 2454973.84121350 Tarvos              
 11 09 50.112900 +08 25  0.78500 2454973.58254782 Tarvos              
 11 09 50.115100 +08 25  0.74700 2454973.58387412 Tarvos              
 11 09 50.117000 +08 25  0.71400 2454973.58503768 Tarvos              
 11 09 50.118800 +08 25  0.68100 2454973.58619197 Tarvos              
 11 09 50.120700 +08 25  0.64900 2454973.58734880 Tarvos              
 11 09 50.123000 +08 25  0.60900 2454973.58872881 Tarvos              
 11 09 50.124800 +08 25  0.57700 2454973.58987083 Tarvos              
 11 09 50.126700 +08 25  0.54400 2454973.59102894 Tarvos              
 11 09 50.128600 +08 25  0.51100 2454973.59218740 Tarvos              
 11 09 50.130500 +08 25  0.47900 2454973.59331831 Tarvos              
 11 09 50.051700 +08 25  1.86500 2454973.54426270 Tarvos              
 11 09 50.053900 +08 25  1.82700 2454973.54562476 Tarvos              
 11 09 50.056300 +08 25  1.78300 2454973.54717759 Tarvos              
 11 09 50.058100 +08 25  1.75100 2454973.54831348 Tarvos              
 11 09 50.060000 +08 25  1.71800 2454973.54947760 Tarvos              
 11 09 50.061800 +08 25  1.68600 2454973.55063572 Tarvos              
 11 09 50.063600 +08 25  1.65300 2454973.55179117 Tarvos              
 11 09 50.065500 +08 25  1.62100 2454973.55295067 Tarvos              
 11 09 50.067300 +08 25  1.58800 2454973.55410414 Tarvos              
 11 09 50.069100 +08 25  1.55700 2454973.55522775 Tarvos              
 11 09 50.070900 +08 25  1.52400 2454973.55637975 Tarvos              
 11 09 50.072700 +08 25  1.49200 2454973.55753426 Tarvos              
 11 09 50.074600 +08 25  1.45900 2454973.55869122 Tarvos              
 11 09 50.076200 +08 25  1.43000 2454973.55971679 Tarvos              
 11 09 50.078000 +08 25  1.39800 2454973.56086703 Tarvos              
 11 09 50.079800 +08 25  1.36600 2454973.56199064 Tarvos              
 11 09 50.081900 +08 25  1.32900 2454973.56331497 Tarvos              
 11 09 50.084500 +08 25  1.28400 2454973.56491329 Tarvos              
 11 09 50.086400 +08 25  1.25100 2454973.56607753 Tarvos              
 11 09 50.088200 +08 25  1.21800 2454973.56723090 Tarvos              
 11 09 50.090100 +08 25  1.18500 2454973.56838947 Tarvos              
 11 09 50.091900 +08 25  1.15400 2454973.56951193 Tarvos              
 11 09 50.093700 +08 25  1.12100 2454973.57065951 Tarvos              
 11 09 50.095600 +08 25  1.08900 2454973.57181484 Tarvos              
 11 09 50.097400 +08 25  1.05600 2454973.57297295 Tarvos              
 11 09 50.099300 +08 25  1.02300 2454973.57413130 Tarvos              
 11 09 50.101200 +08 25  0.99000 2454973.57528917 Tarvos              
 11 09 50.103000 +08 25  0.95800 2454973.57644590 Tarvos              
 11 09 50.104700 +08 25  0.92900 2454973.57747170 Tarvos              
 11 09 50.106500 +08 25  0.89600 2454973.57862275 Tarvos              
 11 09 50.108400 +08 25  0.86300 2454973.57977889 Tarvos              
 11 09 50.110200 +08 25  0.83100 2454973.58090240 Tarvos              
 11 09 52.160400 +08 24 32.63200 2454974.54965837 Tarvos              
 11 09 52.162600 +08 24 32.59700 2454974.55078904 Tarvos              
 11 09 52.164900 +08 24 32.56200 2454974.55195387 Tarvos              
 11 09 52.167100 +08 24 32.52600 2454974.55311534 Tarvos              
 11 09 52.169400 +08 24 32.49100 2454974.55425238 Tarvos              
 11 09 52.171700 +08 24 32.45600 2454974.55540725 Tarvos              
 11 09 52.173900 +08 24 32.42100 2454974.55656177 Tarvos              
 11 09 52.181600 +08 24 32.30200 2454974.56044286 Tarvos              
 11 09 52.185900 +08 24 32.23500 2454974.56262006 Tarvos              
 11 09 52.190200 +08 24 32.16900 2454974.56479228 Tarvos              
 11 09 52.194500 +08 24 32.10200 2454974.56696936 Tarvos              
 11 09 52.198600 +08 24 32.03800 2454974.56906635 Tarvos              
 11 09 52.203900 +08 24 31.95700 2454974.57168850 Tarvos              
 11 09 52.208200 +08 24 31.89000 2454974.57387207 Tarvos              
 11 09 52.212500 +08 24 31.82300 2454974.57604834 Tarvos              
 11 09 52.216900 +08 24 31.75600 2454974.57823193 Tarvos              
 11 09 52.221100 +08 24 31.69100 2454974.58033515 Tarvos              
 11 09 52.683900 +08 24 25.18300 2454974.78845786 Tarvos              
 11 09 52.686700 +08 24 25.14600 2454974.78961460 Tarvos              
 11 09 52.689500 +08 24 25.11100 2454974.79073681 Tarvos              
 11 09 52.692400 +08 24 25.07400 2454974.79188543 Tarvos              
 11 09 52.695200 +08 24 25.03900 2454974.79302003 Tarvos              
 11 09 52.698000 +08 24 25.00300 2454974.79413961 Tarvos              
 11 09 52.700900 +08 24 24.96700 2454974.79528719 Tarvos              
 11 09 52.703700 +08 24 24.93000 2454974.79644287 Tarvos              
 11 09 52.706600 +08 24 24.89500 2454974.79756660 Tarvos              
 11 09 52.709400 +08 24 24.85900 2454974.79871221 Tarvos              
 11 09 52.712200 +08 24 24.82300 2454974.79983733 Tarvos              
 11 09 52.714800 +08 24 24.79100 2454974.80086950 Tarvos              
 11 09 52.717700 +08 24 24.75400 2454974.80202344 Tarvos              
 11 09 52.720600 +08 24 24.71800 2454974.80315852 Tarvos              
 11 09 52.723500 +08 24 24.68200 2454974.80431269 Tarvos              
 11 09 52.726900 +08 24 24.63900 2454974.80567083 Tarvos              
 11 09 52.729800 +08 24 24.60300 2454974.80680324 Tarvos              
 11 09 52.732700 +08 24 24.56700 2454974.80794885 Tarvos              
 11 09 52.735500 +08 24 24.53100 2454974.80907235 Tarvos              
 11 09 52.738400 +08 24 24.49500 2454974.81020591 Tarvos              
 11 09 52.741300 +08 24 24.45900 2454974.81135338 Tarvos              
 11 09 52.744200 +08 24 24.42300 2454974.81251103 Tarvos              
 11 09 52.747100 +08 24 24.38700 2454974.81362990 Tarvos              
 11 09 52.750000 +08 24 24.35100 2454974.81477968 Tarvos              
 11 09 52.752900 +08 24 24.31400 2454974.81593674 Tarvos              
 11 09 52.755900 +08 24 24.27800 2454974.81709023 Tarvos              
 11 09 52.758500 +08 24 24.24500 2454974.81812054 Tarvos              
 11 09 52.761400 +08 24 24.20900 2454974.81926894 Tarvos              
 11 09 52.764300 +08 24 24.17300 2454974.82039289 Tarvos              
 11 09 52.767200 +08 24 24.13700 2454974.82153804 Tarvos              
 11 09 52.773200 +08 24 24.06400 2454974.82385310 Tarvos              
 11 09 52.776100 +08 24 24.02900 2454974.82497799 Tarvos              
 11 09 52.779100 +08 24 23.99100 2454974.82615267 Tarvos              
 11 09 52.782000 +08 24 23.95500 2454974.82729873 Tarvos              
 11 09 52.784900 +08 24 23.92000 2454974.82842419 Tarvos              
 11 09 52.787800 +08 24 23.88400 2454974.82955846 Tarvos              
 11 09 52.790800 +08 24 23.84800 2454974.83070512 Tarvos              
 11 09 52.793700 +08 24 23.81200 2454974.83182560 Tarvos              
 11 09 52.796600 +08 24 23.77600 2454974.83297062 Tarvos              
 11 09 52.799700 +08 24 23.73900 2454974.83413269 Tarvos              
 11 09 52.805600 +08 24 23.66600 2454974.83644508 Tarvos              
 11 09 52.808700 +08 24 23.62900 2454974.83762368 Tarvos              
 11 09 52.811700 +08 24 23.59200 2454974.83878353 Tarvos              
 11 09 52.814700 +08 24 23.55600 2454974.83994140 Tarvos              
 11 09 52.817700 +08 24 23.52000 2454974.84107266 Tarvos              
 11 09 52.820600 +08 24 23.48400 2454974.84219477 Tarvos              
 11 09 52.823600 +08 24 23.44800 2454974.84334177 Tarvos              
 11 09 52.826600 +08 24 23.41100 2454974.84450023 Tarvos              
 11 09 52.829600 +08 24 23.37500 2454974.84565429 Tarvos              
 11 09 52.832700 +08 24 23.33800 2454974.84681472 Tarvos              
 11 09 53.059900 +08 24 20.67600 2454974.93116082 Tarvos              
 11 09 53.063100 +08 24 20.64000 2454974.93231812 Tarvos              
 11 09 53.066300 +08 24 20.60300 2454974.93348190 Tarvos              
 11 09 53.071100 +08 24 20.54800 2454974.93523892 Tarvos              
 11 09 53.074300 +08 24 20.51200 2454974.93637214 Tarvos              
 11 09 53.077500 +08 24 20.47500 2454974.93755282 Tarvos              
 11 09 52.620000 +08 24 26.00700 2454974.76236432 Tarvos              
 11 09 52.622800 +08 24 25.97000 2454974.76353377 Tarvos              
 11 09 52.625600 +08 24 25.93300 2454974.76468841 Tarvos              
 11 09 52.628400 +08 24 25.89700 2454974.76584398 Tarvos              
 11 09 52.631200 +08 24 25.86000 2454974.76699885 Tarvos              
 11 09 52.634000 +08 24 25.82400 2454974.76815753 Tarvos              
 11 09 52.636800 +08 24 25.78800 2454974.76928034 Tarvos              
 11 09 52.639600 +08 24 25.75200 2454974.77042884 Tarvos              
 11 09 52.642400 +08 24 25.71600 2454974.77158510 Tarvos              
 11 09 52.645200 +08 24 25.67900 2454974.77274506 Tarvos              
 11 09 52.648800 +08 24 25.63200 2454974.77422115 Tarvos              
 11 09 52.651700 +08 24 25.59600 2454974.77538273 Tarvos              
 11 09 52.654500 +08 24 25.55900 2454974.77653853 Tarvos              
 11 09 52.657300 +08 24 25.52300 2454974.77769641 Tarvos              
 11 09 52.660200 +08 24 25.48600 2454974.77884966 Tarvos              
 11 09 52.663000 +08 24 25.45000 2454974.78000997 Tarvos              
 11 09 52.665900 +08 24 25.41300 2454974.78116854 Tarvos              
 11 09 52.668700 +08 24 25.37600 2454974.78232723 Tarvos              
 11 09 52.671600 +08 24 25.34000 2454974.78348279 Tarvos              
 11 09 52.674400 +08 24 25.30300 2454974.78463778 Tarvos              
 11 09 52.226000 +08 24 31.61700 2454974.58275898 Tarvos              
 11 09 52.229600 +08 24 31.56100 2454974.58458522 Tarvos              
 11 09 52.238400 +08 24 31.42700 2454974.58893446 Tarvos              
 11 09 52.242800 +08 24 31.35900 2454974.59112556 Tarvos              
 11 09 52.247200 +08 24 31.29200 2454974.59329083 Tarvos              
 11 09 52.251600 +08 24 31.22500 2454974.59547000 Tarvos              
 11 09 52.255800 +08 24 31.16000 2454974.59756895 Tarvos              
 11 09 52.260300 +08 24 31.09300 2454974.59974291 Tarvos              
 11 09 52.265600 +08 24 31.01200 2454974.60236264 Tarvos              
 11 09 52.270100 +08 24 30.94500 2454974.60454748 Tarvos              
 11 09 52.274500 +08 24 30.87800 2454974.60671484 Tarvos              
 11 09 52.278900 +08 24 30.81000 2454974.60889216 Tarvos              
 11 09 52.283200 +08 24 30.74500 2454974.61098949 Tarvos              
 11 09 52.287700 +08 24 30.67800 2454974.61315546 Tarvos              
 11 09 52.292000 +08 24 30.61300 2454974.61526229 Tarvos              
 11 09 52.837200 +08 24 23.28400 2454974.84854615 Tarvos              
 11 09 52.841700 +08 24 23.22900 2454974.85027828 Tarvos              
 11 09 52.858800 +08 24 23.02400 2454974.85676926 Tarvos              
 11 09 52.865700 +08 24 22.94100 2454974.85937716 Tarvos              
 11 09 52.889300 +08 24 22.66000 2454974.86827824 Tarvos              
 11 09 52.899900 +08 24 22.53400 2454974.87227624 Tarvos              
 11 09 52.914000 +08 24 22.36700 2454974.87754880 Tarvos              
 11 09 52.920200 +08 24 22.29500 2454974.87984847 Tarvos              
 11 09 52.928900 +08 24 22.19200 2454974.88311258 Tarvos              
 11 09 52.948700 +08 24 21.96000 2454974.89046369 Tarvos              
 11 09 52.993500 +08 24 21.43900 2454974.90695453 Tarvos              
 11 09 52.999700 +08 24 21.36700 2454974.90923765 Tarvos              
 11 09 53.008400 +08 24 21.26600 2454974.91243510 Tarvos              
 11 09 53.013400 +08 24 21.20900 2454974.91426377 Tarvos              
 11 09 53.018400 +08 24 21.15100 2454974.91608167 Tarvos              
 11 09 53.023400 +08 24 21.09400 2454974.91791069 Tarvos              
 11 09 53.028200 +08 24 21.03900 2454974.91965797 Tarvos              
 11 09 53.034500 +08 24 20.96700 2454974.92193566 Tarvos              
 11 09 53.040000 +08 24 20.90300 2454974.92396076 Tarvos              
 11 09 53.045100 +08 24 20.84600 2454974.92577947 Tarvos              
 11 09 53.050100 +08 24 20.78800 2454974.92762076 Tarvos              
 11 09 53.054900 +08 24 20.73300 2454974.92936713 Tarvos              
 11 09 55.338300 +08 23 52.10100 2454975.81805588 Tarvos              
 11 09 55.342400 +08 23 52.05300 2454975.81946681 Tarvos              
 11 09 55.354800 +08 23 51.91000 2454975.82367466 Tarvos              
 11 09 55.358100 +08 23 51.87200 2454975.82480094 Tarvos              
 11 09 55.361500 +08 23 51.83400 2454975.82592872 Tarvos              
 11 09 55.364900 +08 23 51.79400 2454975.82708127 Tarvos              
 11 09 55.368300 +08 23 51.75500 2454975.82823834 Tarvos              
 11 09 55.372300 +08 23 51.70900 2454975.82960400 Tarvos              
 11 09 55.375700 +08 23 51.67000 2454975.83072760 Tarvos              
 11 09 55.379100 +08 23 51.63100 2454975.83187194 Tarvos              
 11 09 55.382500 +08 23 51.59200 2454975.83302856 Tarvos              
 11 09 55.385900 +08 23 51.55300 2454975.83418703 Tarvos              
 11 09 55.390100 +08 23 51.50500 2454975.83557779 Tarvos              
 11 09 55.393500 +08 23 51.46600 2454975.83673787 Tarvos              
 11 09 55.396900 +08 23 51.42700 2454975.83788896 Tarvos              
 11 09 55.400400 +08 23 51.38700 2454975.83904681 Tarvos              
 11 09 55.403800 +08 23 51.34900 2454975.84018153 Tarvos              
 11 09 55.407200 +08 23 51.30900 2454975.84134531 Tarvos              
 11 09 55.410700 +08 23 51.27000 2454975.84249590 Tarvos              
 11 09 55.414000 +08 23 51.23200 2454975.84361928 Tarvos              
 11 09 55.417500 +08 23 51.19300 2454975.84476569 Tarvos              
 11 09 55.420900 +08 23 51.15300 2454975.84592578 Tarvos              
 11 09 55.186100 +08 23 53.90500 2454975.76499427 Tarvos              
 11 09 55.197500 +08 23 53.76700 2454975.76906311 Tarvos              
 11 09 55.203900 +08 23 53.69000 2454975.77134034 Tarvos              
 11 09 55.210800 +08 23 53.60600 2454975.77379811 Tarvos              
 11 09 55.214400 +08 23 53.56300 2454975.77505867 Tarvos              
 11 09 55.219400 +08 23 53.50300 2454975.77683142 Tarvos              
 11 09 55.224500 +08 23 53.44200 2454975.77861831 Tarvos              
 11 09 55.228100 +08 23 53.39900 2454975.77989715 Tarvos              
 11 09 55.232500 +08 23 53.34700 2454975.78143818 Tarvos              
 11 09 55.237700 +08 23 53.28400 2454975.78327194 Tarvos              
 11 09 55.243500 +08 23 53.21500 2454975.78530641 Tarvos              
 11 09 55.247100 +08 23 53.17200 2454975.78656209 Tarvos              
 11 09 55.251400 +08 23 53.12100 2454975.78807904 Tarvos              
 11 09 55.254700 +08 23 53.08200 2454975.78922419 Tarvos              
 11 09 55.258000 +08 23 53.04300 2454975.79035301 Tarvos              
 11 09 55.261300 +08 23 53.00400 2454975.79150881 Tarvos              
 11 09 55.264500 +08 23 52.96600 2454975.79263613 Tarvos              
 11 09 55.267700 +08 23 52.92800 2454975.79375558 Tarvos              
 11 09 55.271000 +08 23 52.88900 2454975.79490409 Tarvos              
 11 09 55.274400 +08 23 52.84900 2454975.79606138 Tarvos              
 11 09 55.277700 +08 23 52.81000 2454975.79721891 Tarvos              
 11 09 55.280900 +08 23 52.77200 2454975.79834125 Tarvos              
 11 09 55.285000 +08 23 52.72300 2454975.79976699 Tarvos              
 11 09 55.288400 +08 23 52.68400 2454975.80092359 Tarvos              
 11 09 55.294600 +08 23 52.61200 2454975.80305252 Tarvos              
 11 09 55.297800 +08 23 52.57300 2454975.80417822 Tarvos              
 11 09 55.301100 +08 23 52.53500 2454975.80530786 Tarvos              
 11 09 55.304400 +08 23 52.49600 2454975.80645544 Tarvos              
 11 09 55.307700 +08 23 52.45800 2454975.80757639 Tarvos              
 11 09 55.311000 +08 23 52.41900 2454975.80872187 Tarvos              
 11 09 55.314300 +08 23 52.38100 2454975.80984458 Tarvos              
 11 09 55.317600 +08 23 52.34200 2454975.81099228 Tarvos              
 11 09 55.321000 +08 23 52.30200 2454975.81214969 Tarvos              
 11 09 55.324400 +08 23 52.26300 2454975.81330803 Tarvos              
 11 09 55.489500 +08 23 50.38100 2454975.86863389 Tarvos              
 11 09 55.496800 +08 23 50.30000 2454975.87103774 Tarvos              
 11 09 55.502700 +08 23 50.23400 2454975.87298587 Tarvos              
 11 09 55.506300 +08 23 50.19400 2454975.87414178 Tarvos              
 11 09 55.509800 +08 23 50.15500 2454975.87529919 Tarvos              
 11 09 55.513300 +08 23 50.11600 2454975.87645534 Tarvos              
 11 09 55.516900 +08 23 50.07600 2454975.87761576 Tarvos              
 11 09 55.520300 +08 23 50.03900 2454975.87871918 Tarvos              
 11 09 55.526300 +08 23 49.97200 2454975.88068797 Tarvos              
 11 09 55.529800 +08 23 49.93200 2454975.88185140 Tarvos              
 11 09 55.533400 +08 23 49.89300 2454975.88300789 Tarvos              
 11 09 55.536900 +08 23 49.85400 2454975.88416334 Tarvos              
 11 09 55.540400 +08 23 49.81600 2454975.88528811 Tarvos              
 11 09 55.544000 +08 23 49.77600 2454975.88645965 Tarvos              
 11 09 55.547500 +08 23 49.73700 2454975.88761313 Tarvos              
 11 09 55.551100 +08 23 49.69700 2454975.88876953 Tarvos              
 11 09 54.707600 +08 24  0.15500 2454975.57925160 Tarvos              
 11 09 54.710300 +08 24  0.11700 2454975.58038448 Tarvos              
 11 09 54.713000 +08 24  0.07900 2454975.58154768 Tarvos              
 11 09 54.715700 +08 24  0.04100 2454975.58266910 Tarvos              
 11 09 54.718400 +08 24  0.00400 2454975.58380393 Tarvos              
 11 09 54.723900 +08 23 59.92700 2454975.58611171 Tarvos              
 11 09 54.726700 +08 23 59.88900 2454975.58726728 Tarvos              
 11 09 54.729500 +08 23 59.85000 2454975.58842666 Tarvos              
 11 09 54.732200 +08 23 59.81200 2454975.58958025 Tarvos              
 11 09 54.734900 +08 23 59.77500 2454975.59070144 Tarvos              
 11 09 55.426800 +08 23 51.08700 2454975.84789451 Tarvos              
 11 09 55.431100 +08 23 51.03900 2454975.84930392 Tarvos              
 11 09 55.441000 +08 23 50.92600 2454975.85260983 Tarvos              
 11 09 55.448300 +08 23 50.84300 2454975.85504308 Tarvos              
 11 09 55.456900 +08 23 50.74700 2454975.85788484 Tarvos              
 11 09 55.461000 +08 23 50.70000 2454975.85925360 Tarvos              
