 17 19 59.729100 -22 11 51.47500 2454200.63963281 Kalyke              
 17 19 59.731400 -22 11 51.45500 2454200.64156802 Kalyke              
 17 19 59.733600 -22 11 51.43500 2454200.64352001 Kalyke              
 17 19 59.738200 -22 11 51.39400 2454200.64755228 Kalyke              
 17 19 59.740400 -22 11 51.37400 2454200.64948760 Kalyke              
 17 19 59.742600 -22 11 51.35400 2454200.65141622 Kalyke              
 17 19 59.701900 -22 11 51.69900 2454200.61767102 Kalyke              
 17 19 59.704400 -22 11 51.67900 2454200.61961804 Kalyke              
 17 19 59.706900 -22 11 51.66000 2454200.62153935 Kalyke              
 17 19 59.746500 -22 11 51.31800 2454200.65495686 Kalyke              
 17 19 59.748600 -22 11 51.29800 2454200.65689311 Kalyke              
 17 19 59.750700 -22 11 51.27800 2454200.65881523 Kalyke              
 17 19 59.711500 -22 11 51.62300 2454200.62518525 Kalyke              
 17 19 59.713900 -22 11 51.60300 2454200.62712057 Kalyke              
 17 19 59.716300 -22 11 51.58300 2454200.62905045 Kalyke              
 17 20  0.615100 -22 11 21.72000 2454202.63778831 Kalyke              
 17 20  0.614100 -22 11 21.69700 2454202.63977446 Kalyke              
 17 20  0.622800 -22 11 21.91500 2454202.62106132 Kalyke              
 17 20  0.622000 -22 11 21.89200 2454202.62303681 Kalyke              
 17 20  0.620200 -22 11 21.84500 2454202.62705844 Kalyke              
 17 20  0.619300 -22 11 21.82200 2454202.62903301 Kalyke              
 17 20  0.612500 -22 11 21.66000 2454202.64294808 Kalyke              
 17 20  0.611400 -22 11 21.63600 2454202.64491096 Kalyke              
 17 20  0.626800 -22 11 22.03700 2454202.61065135 Kalyke              
 17 20  0.626000 -22 11 22.01400 2454202.61263889 Kalyke              
 17 20  0.609700 -22 11 21.59900 2454202.64806108 Kalyke              
 17 20  0.608600 -22 11 21.57600 2454202.65005811 Kalyke              
 17 20  0.624900 -22 11 21.97600 2454202.61582270 Kalyke              
 17 20  0.624100 -22 11 21.95300 2454202.61781626 Kalyke              
 17 19 59.810000 -22 11  5.71000 2454203.63784898 Kalyke              
 17 19 59.807300 -22 11  5.68500 2454203.63982309 Kalyke              
 17 19 59.825900 -22 11  5.86000 2454203.62575600 Kalyke              
 17 19 59.823300 -22 11  5.83600 2454203.62772674 Kalyke              
 17 19 59.801200 -22 11  5.63000 2454203.64423154 Kalyke              
 17 19 59.798500 -22 11  5.60600 2454203.64620414 Kalyke              
 17 19 59.839400 -22 11  5.99400 2454203.61496694 Kalyke              
 17 19 59.837000 -22 11  5.97000 2454203.61694059 Kalyke              
 17 19 59.793900 -22 11  5.56500 2454203.64949169 Kalyke              
 17 19 59.791100 -22 11  5.54000 2454203.65146047 Kalyke              
 17 19 59.832700 -22 11  5.92700 2454203.62035806 Kalyke              
 17 19 59.830300 -22 11  5.90300 2454203.62232683 Kalyke              
 16 48 43.098000 -21 32 56.34000 2454351.65045626 Kalyke              
 16 48 43.140900 -21 32 56.43200 2454351.65229225 Kalyke              
 16 48 43.183900 -21 32 56.52300 2454351.65413807 Kalyke              
 16 48 43.424200 -21 32 57.03400 2454351.66442231 Kalyke              
 16 48 43.474300 -21 32 57.14000 2454351.66656219 Kalyke              
 16 48 43.527900 -21 32 57.25400 2454351.66885540 Kalyke              
 16 49  8.605200 -21 33 53.37300 2454352.72157310 Kalyke              
 16 49  8.650400 -21 33 53.46700 2454352.72342934 Kalyke              
 16 49  8.694400 -21 33 53.55800 2454352.72523730 Kalyke              
 16 49 11.196900 -21 33 58.77500 2454352.82709348 Kalyke              
 16 49 11.246800 -21 33 58.87900 2454352.82910765 Kalyke              
 16 49 11.296800 -21 33 58.98400 2454352.83112600 Kalyke              
 16 49 28.084100 -21 34 37.15500 2454353.51716084 Kalyke              
 16 49 28.155400 -21 34 37.31100 2454353.52011600 Kalyke              
 16 49 28.200000 -21 34 37.40800 2454353.52196182 Kalyke              
 16 49 28.244000 -21 34 37.50400 2454353.52378634 Kalyke              
 16 49 28.288300 -21 34 37.60100 2454353.52562325 Kalyke              
 16 49 28.330500 -21 34 37.69300 2454353.52736916 Kalyke              
 16 49 28.374800 -21 34 37.78900 2454353.52920443 Kalyke              
 16 49 28.417600 -21 34 37.88300 2454353.53097569 Kalyke              
 16 49 28.461500 -21 34 37.97800 2454353.53279350 Kalyke              
 16 49 28.503800 -21 34 38.07000 2454353.53454147 Kalyke              
 16 49 28.991700 -21 34 39.12600 2454353.55469836 Kalyke              
 16 49 29.035400 -21 34 39.22000 2454353.55650366 Kalyke              
 16 49 29.079600 -21 34 39.31500 2454353.55832273 Kalyke              
 16 49 29.128100 -21 34 39.41900 2454353.56032289 Kalyke              
 16 49 29.170500 -21 34 39.51000 2454353.56207134 Kalyke              
 16 49 29.214900 -21 34 39.60500 2454353.56390072 Kalyke              
 16 49 29.258000 -21 34 39.69800 2454353.56567638 Kalyke              
 16 49 29.302300 -21 34 39.79300 2454353.56749975 Kalyke              
 16 49 29.344500 -21 34 39.88300 2454353.56923915 Kalyke              
 16 49 27.272600 -21 34 35.36400 2454353.48345198 Kalyke              
 16 49 27.298300 -21 34 35.42100 2454353.48452182 Kalyke              
 16 49 27.324100 -21 34 35.47800 2454353.48559421 Kalyke              
 16 49 27.351700 -21 34 35.54000 2454353.48674128 Kalyke              
 16 49 27.378700 -21 34 35.59900 2454353.48786369 Kalyke              
 16 49 27.405300 -21 34 35.65900 2454353.48897243 Kalyke              
 16 49 27.432300 -21 34 35.71800 2454353.49009472 Kalyke              
 16 49 27.459100 -21 34 35.77800 2454353.49120637 Kalyke              
 16 49 27.486200 -21 34 35.83800 2454353.49233618 Kalyke              
 16 49 27.529000 -21 34 35.93300 2454353.49411346 Kalyke              
 16 49 27.556200 -21 34 35.99300 2454353.49524328 Kalyke              
 16 49 27.583000 -21 34 36.05200 2454353.49635606 Kalyke              
 16 49 27.609800 -21 34 36.11100 2454353.49747003 Kalyke              
 16 49 27.636800 -21 34 36.17100 2454353.49859453 Kalyke              
 16 49 27.663800 -21 34 36.23000 2454353.49971449 Kalyke              
 16 49 27.691300 -21 34 36.29100 2454353.50085797 Kalyke              
 16 49 27.718500 -21 34 36.35100 2454353.50198650 Kalyke              
 16 49 27.745800 -21 34 36.41100 2454353.50311992 Kalyke              
 16 49 29.834900 -21 34 40.92900 2454353.58938916 Kalyke              
 16 49 29.885100 -21 34 41.03600 2454353.59144976 Kalyke              
 16 49 29.935100 -21 34 41.14200 2454353.59349936 Kalyke              
 16 49 29.985300 -21 34 41.24800 2454353.59555626 Kalyke              
 16 49 30.033700 -21 34 41.35100 2454353.59754010 Kalyke              
 16 49 30.083800 -21 34 41.45700 2454353.59959317 Kalyke              
 16 49 30.132400 -21 34 41.56000 2454353.60158303 Kalyke              
 16 49 30.182200 -21 34 41.66500 2454353.60361966 Kalyke              
 16 49 30.230800 -21 34 41.76800 2454353.60560721 Kalyke              
 16 49 30.761500 -21 34 42.88400 2454353.62727449 Kalyke              
 16 49 30.811700 -21 34 42.98900 2454353.62931830 Kalyke              
 16 49 30.926700 -21 34 43.23000 2454353.63399929 Kalyke              
 16 49 29.411900 -21 34 40.02800 2454353.57201206 Kalyke              
 16 49 29.456400 -21 34 40.12300 2454353.57384213 Kalyke              
 16 49 29.500900 -21 34 40.21800 2454353.57567279 Kalyke              
 16 49 29.546200 -21 34 40.31400 2454353.57753274 Kalyke              
 16 49 29.589400 -21 34 40.40600 2454353.57930851 Kalyke              
 16 49 29.634000 -21 34 40.50200 2454353.58114275 Kalyke              
 16 49 29.677000 -21 34 40.59300 2454353.58290788 Kalyke              
 16 49 29.722000 -21 34 40.68900 2454353.58475543 Kalyke              
 16 49 29.764500 -21 34 40.77900 2454353.58650019 Kalyke              
 16 49 27.787600 -21 34 36.50300 2454353.50485505 Kalyke              
 16 49 27.814900 -21 34 36.56400 2454353.50599227 Kalyke              
 16 49 27.842200 -21 34 36.62400 2454353.50712475 Kalyke              
 16 49 27.869600 -21 34 36.68400 2454353.50826001 Kalyke              
 16 49 27.896800 -21 34 36.74400 2454353.50938890 Kalyke              
 16 49 27.923900 -21 34 36.80300 2454353.51051328 Kalyke              
 16 49 27.951200 -21 34 36.86300 2454353.51164703 Kalyke              
 16 49 27.982200 -21 34 36.93100 2454353.51293328 Kalyke              
 16 49 28.009500 -21 34 36.99100 2454353.51406460 Kalyke              
 16 49 28.577100 -21 34 38.22900 2454353.53757569 Kalyke              
 16 49 28.622100 -21 34 38.32700 2454353.53943321 Kalyke              
 16 49 28.665700 -21 34 38.42100 2454353.54123585 Kalyke              
 16 49 28.710600 -21 34 38.51900 2454353.54309522 Kalyke              
 16 49 28.752900 -21 34 38.61000 2454353.54484182 Kalyke              
 16 49 28.797200 -21 34 38.70600 2454353.54667131 Kalyke              
 16 49 28.839000 -21 34 38.79600 2454353.54839556 Kalyke              
 16 49 28.883000 -21 34 38.89100 2454353.55021429 Kalyke              
 16 49 28.925100 -21 34 38.98200 2454353.55195000 Kalyke              
 17 05 30.078200 -22 04 33.53400 2454382.50138887 Kalyke              
 17 05 30.194600 -22 04 33.71400 2454382.50427083 Kalyke              
 17 05 30.309700 -22 04 33.89100 2454382.50711898 Kalyke              
 17 05 30.425100 -22 04 34.06900 2454382.50997304 Kalyke              
 17 05 30.536900 -22 04 34.24100 2454382.51273818 Kalyke              
 17 05 35.750300 -22 04 42.15200 2454382.64082832 Kalyke              
 17 05 35.834200 -22 04 42.27800 2454382.64287606 Kalyke              
 17 05 35.918200 -22 04 42.40400 2454382.64492451 Kalyke              
 17 05 36.002900 -22 04 42.53200 2454382.64699234 Kalyke              
 17 05 36.084300 -22 04 42.65400 2454382.64897740 Kalyke              
 17 05 36.187800 -22 04 42.81000 2454382.65150148 Kalyke              
 17 05 36.278700 -22 04 42.94700 2454382.65371549 Kalyke              
 17 05 36.362500 -22 04 43.07300 2454382.65575895 Kalyke              
 17 05 36.448300 -22 04 43.20200 2454382.65784977 Kalyke              
 17 05 36.530000 -22 04 43.32500 2454382.65984020 Kalyke              
 17 05 37.384200 -22 04 44.61000 2454382.68062573 Kalyke              
 17 05 37.478100 -22 04 44.75100 2454382.68290875 Kalyke              
 17 05 37.571300 -22 04 44.89100 2454382.68517243 Kalyke              
 17 05 37.670000 -22 04 45.04000 2454382.68756985 Kalyke              
 17 05 37.759100 -22 04 45.17400 2454382.68973616 Kalyke              
 17 05 37.871500 -22 04 45.34300 2454382.69246494 Kalyke              
 17 05 37.965300 -22 04 45.48400 2454382.69474309 Kalyke              
 17 05 38.058600 -22 04 45.62500 2454382.69700759 Kalyke              
 17 05 38.153500 -22 04 45.76800 2454382.69930994 Kalyke              
 17 05 38.244100 -22 04 45.90400 2454382.70150832 Kalyke              
 17 06 15.723700 -22 05 45.22300 2454383.61388021 Kalyke              
 17 06 15.809200 -22 05 45.35000 2454383.61594961 Kalyke              
 17 06 15.893100 -22 05 45.47500 2454383.61797883 Kalyke              
 17 06 15.977700 -22 05 45.60100 2454383.62002461 Kalyke              
 17 06 16.057900 -22 05 45.72000 2454383.62196329 Kalyke              
 17 06 16.158200 -22 05 45.86900 2454383.62438907 Kalyke              
 17 06 16.243600 -22 05 45.99600 2454383.62645222 Kalyke              
 17 06 16.327000 -22 05 46.12000 2454383.62846753 Kalyke              
 17 06 16.411700 -22 05 46.24600 2454383.63051238 Kalyke              
 17 06 16.493000 -22 05 46.36700 2454383.63247735 Kalyke              
 17 06 17.273200 -22 05 47.52500 2454383.65130210 Kalyke              
 17 06 17.367900 -22 05 47.66600 2454383.65358443 Kalyke              
 17 06 18.255400 -22 05 48.98300 2454383.67494813 Kalyke              
 17 06 18.350100 -22 05 49.12400 2454383.67722523 Kalyke              
 17 06 11.959200 -22 05 39.58400 2454383.52236001 Kalyke              
 17 06 12.080300 -22 05 39.76700 2454383.52531573 Kalyke              
 17 06 12.195200 -22 05 39.94100 2454383.52812256 Kalyke              
 17 06 12.312200 -22 05 40.11700 2454383.53097662 Kalyke              
 17 06 12.425900 -22 05 40.28900 2454383.53375126 Kalyke              
 17 07  3.587500 -22 06 59.10200 2454384.76428913 Kalyke              
 17 07  3.685700 -22 06 59.24700 2454384.76660931 Kalyke              
 17 07  3.784400 -22 06 59.39400 2454384.76893968 Kalyke              
 17 07  3.882800 -22 06 59.54000 2454384.77126241 Kalyke              
 17 07  3.977600 -22 06 59.68000 2454384.77349947 Kalyke              
 17 07  4.092200 -22 06 59.85100 2454384.77620475 Kalyke              
 17 07  4.190700 -22 06 59.99700 2454384.77853038 Kalyke              
 17 07  4.288900 -22 07  0.14300 2454384.78084663 Kalyke              
 17 07  4.387500 -22 07  0.29000 2454384.78317435 Kalyke              
 17 07  4.488100 -22 07  0.43900 2454384.78554792 Kalyke              
 17 07 40.212400 -22 07 55.60200 2454385.63683554 Kalyke              
 17 07 40.298900 -22 07 55.72700 2454385.63887854 Kalyke              
 17 07 40.383800 -22 07 55.84900 2454385.64088171 Kalyke              
 17 07 40.470100 -22 07 55.97400 2454385.64291858 Kalyke              
 17 07 40.554000 -22 07 56.09500 2454385.64490010 Kalyke              
 17 07 40.657000 -22 07 56.24400 2454385.64732912 Kalyke              
 17 07 40.743400 -22 07 56.36900 2454385.64936900 Kalyke              
 17 07 40.829900 -22 07 56.49400 2454385.65140772 Kalyke              
 17 07 40.917400 -22 07 56.62000 2454385.65347168 Kalyke              
 17 07 41.000500 -22 07 56.74000 2454385.65542970 Kalyke              
 17 07 41.885600 -22 07 58.01900 2454385.67627556 Kalyke              
 17 07 41.983200 -22 07 58.16000 2454385.67857073 Kalyke              
 17 07 42.079400 -22 07 58.29900 2454385.68083510 Kalyke              
 17 07 42.177100 -22 07 58.44000 2454385.68313100 Kalyke              
 17 07 42.271300 -22 07 58.57700 2454385.68534755 Kalyke              
 17 07 42.490600 -22 07 58.89400 2454385.69050200 Kalyke              
 17 07 42.587700 -22 07 59.03400 2454385.69278340 Kalyke              
 17 07 42.683800 -22 07 59.17300 2454385.69504049 Kalyke              
 17 07 42.781600 -22 07 59.31500 2454385.69733821 Kalyke              
 17 07 42.875200 -22 07 59.45000 2454385.69953486 Kalyke              
 17 08 17.451000 -22 08 52.31700 2454386.51458931 Kalyke              
 17 08 17.553700 -22 08 52.46600 2454386.51701693 Kalyke              
 17 08 17.723000 -22 08 52.71100 2454386.52102073 Kalyke              
 17 08 17.825400 -22 08 52.85900 2454386.52343887 Kalyke              
 17 08 21.438600 -22 08 58.04700 2454386.60847266 Kalyke              
 17 08 21.525800 -22 08 58.17200 2454386.61051531 Kalyke              
 17 08 21.613500 -22 08 58.29700 2454386.61257150 Kalyke              
 17 08 21.701800 -22 08 58.42300 2454386.61463987 Kalyke              
 17 08 21.786700 -22 08 58.54400 2454386.61662683 Kalyke              
 17 08 22.026000 -22 08 58.88500 2454386.62222832 Kalyke              
 17 08 22.113300 -22 08 59.00900 2454386.62427260 Kalyke              
 17 08 22.202100 -22 08 59.13600 2454386.62634953 Kalyke              
 17 08 22.290500 -22 08 59.26200 2454386.62841788 Kalyke              
 17 08 22.374700 -22 08 59.38200 2454386.63038597 Kalyke              
 17 08 23.213400 -22 09  0.57700 2454386.64997998 Kalyke              
 17 08 23.336000 -22 09  0.75100 2454386.65284238 Kalyke              
 17 08 23.458000 -22 09  0.92500 2454386.65568881 Kalyke              
 17 08 23.581500 -22 09  1.10100 2454386.65856962 Kalyke              
 17 08 23.701600 -22 09  1.27200 2454386.66136834 Kalyke              
 17 08 23.840600 -22 09  1.47000 2454386.66460866 Kalyke              
 17 08 23.963200 -22 09  1.64500 2454386.66746725 Kalyke              
 17 08 24.085400 -22 09  1.81900 2454386.67031436 Kalyke              
 17 08 24.213500 -22 09  2.00100 2454386.67329775 Kalyke              
 17 08 24.332800 -22 09  2.17100 2454386.67607539 Kalyke              
 19 29 50.532700 -21 48 30.63900 2454618.76682508 Kalyke              
 19 29 50.478300 -21 48 30.81300 2454618.76930921 Kalyke              
 19 29 50.697900 -21 48 30.11000 2454618.75928869 Kalyke              
 19 29 50.624800 -21 48 30.34400 2454618.76262396 Kalyke              
 19 29 50.386700 -21 48 31.10500 2454618.77348390 Kalyke              
 19 29 50.131500 -21 48 31.91700 2454618.78511076 Kalyke              
 19 29 51.156900 -21 48 28.63100 2454618.73831188 Kalyke              
 19 29 51.059000 -21 48 28.94800 2454618.74278898 Kalyke              
 19 29 50.939100 -21 48 29.33400 2454618.74827064 Kalyke              
 19 29 50.840700 -21 48 29.65100 2454618.75276894 Kalyke              
 19 29  8.491800 -21 50 45.97500 2454620.69302966 Kalyke              
 19 29  8.455000 -21 50 46.09300 2454620.69462678 Kalyke              
 19 29  7.747600 -21 50 48.35700 2454620.72518971 Kalyke              
 19 29  7.672200 -21 50 48.59600 2454620.72843801 Kalyke              
 19 29  7.229600 -21 50 49.99600 2454620.74748947 Kalyke              
 19 29  7.169300 -21 50 50.18600 2454620.75008002 Kalyke              
 19 29 11.228400 -21 50 36.96000 2454620.57302413 Kalyke              
 19 29 11.127100 -21 50 37.30000 2454620.57752635 Kalyke              
 19 29  8.222700 -21 50 46.84000 2454620.70467957 Kalyke              
 19 29  8.161500 -21 50 47.03600 2454620.70732523 Kalyke              
 19 29  8.063700 -21 50 47.34900 2454620.71154716 Kalyke              
 19 29  7.989400 -21 50 47.58600 2454620.71475645 Kalyke              
 19 29 11.607600 -21 50 35.68400 2454620.55612941 Kalyke              
 19 29 11.562800 -21 50 35.83500 2454620.55812598 Kalyke              
 19 29 11.436500 -21 50 36.26000 2454620.56375852 Kalyke              
 19 29 11.348200 -21 50 36.55800 2454620.56769331 Kalyke              
 19 29  7.901400 -21 50 47.86700 2454620.71855566 Kalyke              
 19 29  7.835200 -21 50 48.07800 2454620.72141134 Kalyke              
 19 28 41.266900 -21 52 11.86400 2454621.87608304 Kalyke              
 19 28 41.168900 -21 52 12.15600 2454621.88016730 Kalyke              
 19 28 41.929900 -21 52  9.87900 2454621.84846955 Kalyke              
 19 28 41.686200 -21 52 10.61000 2454621.85861481 Kalyke              
 19 28 42.941200 -21 52  6.81900 2454621.80637684 Kalyke              
 19 28 42.843300 -21 52  7.11700 2454621.81045124 Kalyke              
 19 28 42.721200 -21 52  7.48800 2454621.81553304 Kalyke              
 19 28 42.616600 -21 52  7.80600 2454621.81988766 Kalyke              
 19 28 42.463400 -21 52  8.27000 2454621.82626131 Kalyke              
 19 28 42.231700 -21 52  8.97000 2454621.83590699 Kalyke              
 19 28 42.113400 -21 52  9.32600 2454621.84082848 Kalyke              
 19 28 41.542500 -21 52 11.04000 2454621.86459973 Kalyke              
 19 28 41.462300 -21 52 11.28000 2454621.86793985 Kalyke              
 19 28 41.382900 -21 52 11.51700 2454621.87124872 Kalyke              
 19 28 40.403600 -21 52 14.42900 2454621.91211441 Kalyke              
 19 28 40.296700 -21 52 14.74500 2454621.91658250 Kalyke              
 19 28 40.191600 -21 52 15.05600 2454621.92097949 Kalyke              
 19 28 40.084800 -21 52 15.37200 2454621.92544955 Kalyke              
 19 28 39.979800 -21 52 15.68200 2454621.92984458 Kalyke              
 19 28 50.409600 -21 51 42.70900 2454621.48850632 Kalyke              
 19 28 50.312400 -21 51 43.03600 2454621.49278244 Kalyke              
 19 28 50.217500 -21 51 43.35500 2454621.49695481 Kalyke              
 19 28 41.007700 -21 52 12.63600 2454621.88689220 Kalyke              
 19 28 40.736900 -21 52 13.44100 2454621.89819128 Kalyke              
 19 28 39.745200 -21 52 16.37500 2454621.93967646 Kalyke              
 19 28 39.525900 -21 52 17.02200 2454621.94887932 Kalyke              
 19 27 52.732900 -21 54 43.00900 2454623.90197560 Kalyke              
 19 27 52.619500 -21 54 43.33900 2454623.90647043 Kalyke              
 19 27 52.506600 -21 54 43.66800 2454623.91095357 Kalyke              
 19 27 52.356400 -21 54 44.10400 2454623.91691569 Kalyke              
 19 28  2.839500 -21 54 11.61800 2454623.49671373 Kalyke              
 19 28  2.661300 -21 54 12.20400 2454623.50410688 Kalyke              
 19 28  2.455500 -21 54 12.88100 2454623.51263457 Kalyke              
 19 28  3.592800 -21 54  9.13600 2454623.46532162 Kalyke              
 19 28  3.556300 -21 54  9.25700 2454623.46685112 Kalyke              
 19 28  3.395800 -21 54  9.78600 2454623.47355226 Kalyke              
 19 28  3.184800 -21 54 10.48100 2454623.48235249 Kalyke              
 19 28  3.023300 -21 54 11.01300 2454623.48907434 Kalyke              
 19 27 52.122100 -21 54 44.78500 2454623.92622580 Kalyke              
 19 27 51.824100 -21 54 45.65000 2454623.93808029 Kalyke              
 19 28  2.224000 -21 54 13.64100 2454623.52220291 Kalyke              
 19 28  1.980000 -21 54 14.44100 2454623.53226957 Kalyke              
 22 01 13.928800 -12 37 44.52100 2454971.57581615 Kalyke              
 22 01 13.975200 -12 37 44.28300 2454971.57810852 Kalyke              
 22 01 14.082900 -12 37 43.73100 2454971.58342781 Kalyke              
 22 01 14.178800 -12 37 43.23900 2454971.58817050 Kalyke              
 22 01 14.246300 -12 37 42.89300 2454971.59150998 Kalyke              
 22 01 14.313700 -12 37 42.54700 2454971.59484449 Kalyke              
 22 01 14.381200 -12 37 42.20000 2454971.59819022 Kalyke              
 22 01 14.447000 -12 37 41.86200 2454971.60145492 Kalyke              
 22 01 14.527700 -12 37 41.44800 2454971.60545836 Kalyke              
 22 01 14.595500 -12 37 41.10000 2454971.60882262 Kalyke              
 22 01 14.662400 -12 37 40.75600 2454971.61214716 Kalyke              
 22 01 14.729800 -12 37 40.40900 2454971.61549659 Kalyke              
 22 01 14.795300 -12 37 40.07200 2454971.61875584 Kalyke              
 22 01 20.580200 -12 37  9.40400 2454971.91656241 Kalyke              
 22 01 20.602300 -12 37  9.28300 2454971.91773082 Kalyke              
 22 01 20.624100 -12 37  9.16400 2454971.91888314 Kalyke              
 22 01 20.646000 -12 37  9.04300 2454971.92004507 Kalyke              
 22 01 20.667300 -12 37  8.92700 2454971.92116916 Kalyke              
 22 01 20.689500 -12 37  8.80500 2454971.92234266 Kalyke              
 22 01 20.710800 -12 37  8.68800 2454971.92347137 Kalyke              
 22 01 20.732600 -12 37  8.56800 2454971.92462819 Kalyke              
 22 01 20.754400 -12 37  8.44800 2454971.92578064 Kalyke              
 22 01 20.776300 -12 37  8.32800 2454971.92694095 Kalyke              
 22 01 20.805900 -12 37  8.16600 2454971.92850709 Kalyke              
 22 01 20.827700 -12 37  8.04500 2454971.92966440 Kalyke              
 22 01 20.849500 -12 37  7.92600 2454971.93081788 Kalyke              
 22 01 20.871200 -12 37  7.80700 2454971.93196581 Kalyke              
 22 01 20.893000 -12 37  7.68600 2454971.93312335 Kalyke              
 22 01 20.914700 -12 37  7.56700 2454971.93427231 Kalyke              
 22 01 20.936700 -12 37  7.44600 2454971.93543725 Kalyke              
 22 01 20.958600 -12 37  7.32600 2454971.93659663 Kalyke              
 22 01 33.032800 -12 36  2.71300 2454972.55847656 Kalyke              
 22 01 33.055700 -12 36  2.59600 2454972.55964127 Kalyke              
 22 01 33.079700 -12 36  2.47200 2454972.56086652 Kalyke              
 22 01 33.143900 -12 36  2.14400 2454972.56413412 Kalyke              
 22 01 33.186600 -12 36  1.92600 2454972.56631247 Kalyke              
 22 01 33.229000 -12 36  1.70800 2454972.56847775 Kalyke              
 22 01 33.271700 -12 36  1.49000 2454972.57065426 Kalyke              
 22 01 33.312800 -12 36  1.28000 2454972.57275009 Kalyke              
 22 01 33.355100 -12 36  1.06300 2454972.57490981 Kalyke              
 22 01 33.396400 -12 36  0.85200 2454972.57701895 Kalyke              
 22 01 33.438800 -12 36  0.63500 2454972.57918584 Kalyke              
 22 01 33.479800 -12 36  0.42500 2454972.58128295 Kalyke              
 22 01 33.522300 -12 36  0.20700 2454972.58345645 Kalyke              
 22 01 33.585900 -12 35 59.88100 2454972.58671293 Kalyke              
 22 01 33.676800 -12 35 59.41500 2454972.59136818 Kalyke              
 22 01 33.719100 -12 35 59.19800 2454972.59353381 Kalyke              
 22 01 33.761600 -12 35 58.98100 2454972.59571182 Kalyke              
 22 01 33.802500 -12 35 58.77100 2454972.59780823 Kalyke              
 22 01 33.844500 -12 35 58.55500 2454972.59996841 Kalyke              
 22 01 33.885600 -12 35 58.34400 2454972.60207639 Kalyke              
 22 01 33.927800 -12 35 58.12800 2454972.60424329 Kalyke              
 22 01 33.968600 -12 35 57.91800 2454972.60634190 Kalyke              
 22 01 34.010900 -12 35 57.70100 2454972.60851400 Kalyke              
 22 01 38.739200 -12 35 32.82000 2454972.85907025 Kalyke              
 22 01 38.760400 -12 35 32.70500 2454972.86022374 Kalyke              
 22 01 38.781100 -12 35 32.59300 2454972.86135118 Kalyke              
 22 01 38.802300 -12 35 32.47800 2454972.86250790 Kalyke              
 22 01 38.823600 -12 35 32.36200 2454972.86366833 Kalyke              
 22 01 38.844800 -12 35 32.24700 2454972.86482459 Kalyke              
 22 01 38.866000 -12 35 32.13200 2454972.86598108 Kalyke              
 22 01 38.887200 -12 35 32.01600 2454972.86714081 Kalyke              
 22 01 38.908300 -12 35 31.90200 2454972.86828943 Kalyke              
 22 01 38.929600 -12 35 31.78600 2454972.86945216 Kalyke              
 22 01 38.955300 -12 35 31.64600 2454972.87085881 Kalyke              
 22 01 38.976700 -12 35 31.53000 2454972.87202733 Kalyke              
 22 01 38.997700 -12 35 31.41500 2454972.87317155 Kalyke              
 22 01 39.019100 -12 35 31.29900 2454972.87434286 Kalyke              
 22 01 39.040200 -12 35 31.18400 2454972.87549669 Kalyke              
 22 01 39.061400 -12 35 31.06800 2454972.87665480 Kalyke              
 22 01 39.082600 -12 35 30.95300 2454972.87781002 Kalyke              
 22 01 39.103900 -12 35 30.83700 2454972.87897426 Kalyke              
 22 01 39.124900 -12 35 30.72200 2454972.88012612 Kalyke              
 22 01 39.146100 -12 35 30.60700 2454972.88128134 Kalyke              
 22 01 39.174800 -12 35 30.45000 2454972.88285350 Kalyke              
 22 01 39.196100 -12 35 30.33400 2454972.88401855 Kalyke              
 22 01 39.220500 -12 35 30.20100 2454972.88535110 Kalyke              
 22 01 39.245500 -12 35 30.06400 2454972.88671977 Kalyke              
 22 01 39.266700 -12 35 29.94800 2454972.88788286 Kalyke              
 22 01 39.287400 -12 35 29.83500 2454972.88901574 Kalyke              
 22 01 39.341900 -12 35 29.53700 2454972.89199661 Kalyke              
 22 01 39.363100 -12 35 29.42100 2454972.89315912 Kalyke              
 22 01 39.383800 -12 35 29.30800 2454972.89429328 Kalyke              
 22 01 39.404900 -12 35 29.19200 2454972.89545091 Kalyke              
 22 01 39.425400 -12 35 29.08000 2454972.89657419 Kalyke              
 22 01 39.446800 -12 35 28.96400 2454972.89774214 Kalyke              
 22 01 55.940000 -12 34  1.27100 2454973.78228852 Kalyke              
 22 01 55.960200 -12 34  1.16300 2454973.78341954 Kalyke              
 22 01 55.980800 -12 34  1.05300 2454973.78456874 Kalyke              
 22 01 56.001700 -12 34  0.94200 2454973.78573102 Kalyke              
 22 01 56.053200 -12 34  0.66800 2454973.78860426 Kalyke              
 22 01 56.187300 -12 33 59.95200 2454973.79609720 Kalyke              
 22 01 56.221900 -12 33 59.76600 2454973.79803618 Kalyke              
 22 01 56.256600 -12 33 59.58100 2454973.79997574 Kalyke              
 22 01 56.291200 -12 33 59.39600 2454973.80191378 Kalyke              
 22 01 56.324500 -12 33 59.21700 2454973.80377777 Kalyke              
 22 01 56.358700 -12 33 59.03400 2454973.80569881 Kalyke              
 22 01 56.392200 -12 33 58.85500 2454973.80757413 Kalyke              
 22 01 56.426600 -12 33 58.67000 2454973.80950663 Kalyke              
 22 01 56.468900 -12 33 58.44300 2454973.81187494 Kalyke              
 22 01 56.548800 -12 33 58.01400 2454973.81636361 Kalyke              
 22 01 56.583400 -12 33 57.82800 2454973.81830792 Kalyke              
 22 01 56.617700 -12 33 57.64400 2454973.82023486 Kalyke              
 22 01 56.652300 -12 33 57.45700 2454973.82218333 Kalyke              
 22 01 56.685500 -12 33 57.27900 2454973.82404881 Kalyke              
 22 01 57.754400 -12 33 51.47700 2454973.88453310 Kalyke              
 22 01 57.788200 -12 33 51.29200 2454973.88645877 Kalyke              
 22 01 57.938800 -12 33 50.46800 2454973.89502439 Kalyke              
 22 01 57.972600 -12 33 50.28300 2454973.89694867 Kalyke              
 22 01 57.050300 -12 33 55.30900 2454973.84461828 Kalyke              
 22 01 57.084800 -12 33 55.12200 2454973.84656987 Kalyke              
 22 01 57.119000 -12 33 54.93600 2454973.84850306 Kalyke              
 22 01 57.153300 -12 33 54.75000 2454973.85044238 Kalyke              
 22 01 57.186200 -12 33 54.57200 2454973.85230463 Kalyke              
 22 01 57.220400 -12 33 54.38600 2454973.85423852 Kalyke              
 22 01 57.253600 -12 33 54.20600 2454973.85611672 Kalyke              
 22 01 57.291300 -12 33 54.00100 2454973.85825214 Kalyke              
 22 01 57.337300 -12 33 53.75100 2454973.86085995 Kalyke              
 22 01 57.371700 -12 33 53.56400 2454973.86280657 Kalyke              
 22 01 57.405800 -12 33 53.37900 2454973.86474091 Kalyke              
 22 01 57.440000 -12 33 53.19200 2454973.86667956 Kalyke              
 22 01 57.472900 -12 33 53.01300 2454973.86854492 Kalyke              
 22 01 57.506900 -12 33 52.82800 2454973.87047765 Kalyke              
 22 01 57.540000 -12 33 52.64800 2454973.87235355 Kalyke              
 22 01 57.574000 -12 33 52.46200 2454973.87428731 Kalyke              
 22 01 55.637500 -12 34  2.87800 2454973.76546378 Kalyke              
 22 01 55.658600 -12 34  2.76600 2454973.76663197 Kalyke              
 22 01 55.679400 -12 34  2.65500 2454973.76779137 Kalyke              
 22 01 55.700200 -12 34  2.54500 2454973.76894426 Kalyke              
 22 01 55.720400 -12 34  2.43800 2454973.77006880 Kalyke              
 22 01 55.741300 -12 34  2.32700 2454973.77122946 Kalyke              
 22 01 55.762200 -12 34  2.21600 2454973.77239428 Kalyke              
 22 01 55.787000 -12 34  2.08400 2454973.77377140 Kalyke              
 22 01 55.807700 -12 34  1.97400 2454973.77492164 Kalyke              
 22 01 55.828000 -12 34  1.86700 2454973.77605116 Kalyke              
 22 01 55.848800 -12 34  1.75600 2454973.77720811 Kalyke              
 22 01 55.869500 -12 34  1.64600 2454973.77836414 Kalyke              
 22 01 55.890200 -12 34  1.53600 2454973.77951368 Kalyke              
 22 01 55.911100 -12 34  1.42500 2454973.78067943 Kalyke              
 22 01 56.719300 -12 33 57.09600 2454973.82595317 Kalyke              
 22 01 56.739900 -12 33 56.98500 2454973.82711464 Kalyke              
 22 01 56.760900 -12 33 56.87200 2454973.82829289 Kalyke              
 22 01 56.781500 -12 33 56.76100 2454973.82945459 Kalyke              
 22 01 56.802000 -12 33 56.65000 2454973.83061247 Kalyke              
 22 01 56.822600 -12 33 56.53900 2454973.83177313 Kalyke              
 22 01 56.843100 -12 33 56.42900 2454973.83292534 Kalyke              
 22 01 56.867500 -12 33 56.29700 2454973.83430395 Kalyke              
 22 01 56.888200 -12 33 56.18500 2454973.83547306 Kalyke              
 22 01 56.908700 -12 33 56.07400 2454973.83662874 Kalyke              
 22 01 56.929200 -12 33 55.96300 2454973.83778396 Kalyke              
 22 01 56.949200 -12 33 55.85600 2454973.83890931 Kalyke              
 22 01 56.969400 -12 33 55.74600 2454973.84005433 Kalyke              
 22 01 56.990000 -12 33 55.63500 2454973.84121350 Kalyke              
 22 01 52.262900 -12 34 20.39300 2454973.58254782 Kalyke              
 22 01 52.287900 -12 34 20.26500 2454973.58387412 Kalyke              
 22 01 52.309900 -12 34 20.15300 2454973.58503768 Kalyke              
 22 01 52.331600 -12 34 20.04100 2454973.58619197 Kalyke              
 22 01 52.353400 -12 34 19.93000 2454973.58734880 Kalyke              
 22 01 52.379400 -12 34 19.79700 2454973.58872881 Kalyke              
 22 01 52.400900 -12 34 19.68700 2454973.58987083 Kalyke              
 22 01 52.422800 -12 34 19.57500 2454973.59102894 Kalyke              
 22 01 52.444600 -12 34 19.46300 2454973.59218740 Kalyke              
 22 01 52.465900 -12 34 19.35400 2454973.59331831 Kalyke              
 22 01 51.538100 -12 34 24.09700 2454973.54426270 Kalyke              
 22 01 51.564000 -12 34 23.96500 2454973.54562476 Kalyke              
 22 01 51.593500 -12 34 23.81400 2454973.54717759 Kalyke              
 22 01 51.615100 -12 34 23.70400 2454973.54831348 Kalyke              
 22 01 51.637200 -12 34 23.59100 2454973.54947760 Kalyke              
 22 01 51.659100 -12 34 23.47900 2454973.55063572 Kalyke              
 22 01 51.681100 -12 34 23.36700 2454973.55179117 Kalyke              
 22 01 51.703100 -12 34 23.25500 2454973.55295067 Kalyke              
 22 01 51.724900 -12 34 23.14300 2454973.55410414 Kalyke              
 22 01 51.746200 -12 34 23.03400 2454973.55522775 Kalyke              
 22 01 51.768100 -12 34 22.92300 2454973.55637975 Kalyke              
 22 01 51.790000 -12 34 22.81100 2454973.55753426 Kalyke              
 22 01 51.811900 -12 34 22.69900 2454973.55869122 Kalyke              
 22 01 51.831300 -12 34 22.59900 2454973.55971679 Kalyke              
 22 01 51.853100 -12 34 22.48800 2454973.56086703 Kalyke              
 22 01 51.874400 -12 34 22.37900 2454973.56199064 Kalyke              
 22 01 51.899500 -12 34 22.25100 2454973.56331497 Kalyke              
 22 01 51.929700 -12 34 22.09700 2454973.56491329 Kalyke              
 22 01 51.951800 -12 34 21.98400 2454973.56607753 Kalyke              
 22 01 51.973600 -12 34 21.87200 2454973.56723090 Kalyke              
 22 01 51.995500 -12 34 21.76000 2454973.56838947 Kalyke              
 22 01 52.016700 -12 34 21.65200 2454973.56951193 Kalyke              
 22 01 52.038400 -12 34 21.54100 2454973.57065951 Kalyke              
 22 01 52.060300 -12 34 21.42900 2454973.57181484 Kalyke              
 22 01 52.082100 -12 34 21.31800 2454973.57297295 Kalyke              
 22 01 52.104000 -12 34 21.20600 2454973.57413130 Kalyke              
 22 01 52.125900 -12 34 21.09400 2454973.57528917 Kalyke              
 22 01 52.147800 -12 34 20.98200 2454973.57644590 Kalyke              
 22 01 52.167100 -12 34 20.88300 2454973.57747170 Kalyke              
 22 01 52.188900 -12 34 20.77200 2454973.57862275 Kalyke              
 22 01 52.210700 -12 34 20.66000 2454973.57977889 Kalyke              
 22 01 52.231900 -12 34 20.55200 2454973.58090240 Kalyke              
 22 02  9.735300 -12 32 47.20700 2454974.54965837 Kalyke              
 22 02  9.756000 -12 32 47.10200 2454974.55078904 Kalyke              
 22 02  9.777300 -12 32 46.99300 2454974.55195387 Kalyke              
 22 02  9.798500 -12 32 46.88500 2454974.55311534 Kalyke              
 22 02  9.819300 -12 32 46.77900 2454974.55425238 Kalyke              
 22 02  9.840400 -12 32 46.67100 2454974.55540725 Kalyke              
 22 02  9.861500 -12 32 46.56400 2454974.55656177 Kalyke              
 22 02  9.932300 -12 32 46.20200 2454974.56044286 Kalyke              
 22 02  9.972000 -12 32 46.00000 2454974.56262006 Kalyke              
 22 02 10.011700 -12 32 45.79800 2454974.56479228 Kalyke              
 22 02 10.051300 -12 32 45.59500 2454974.56696936 Kalyke              
 22 02 10.089500 -12 32 45.40000 2454974.56906635 Kalyke              
 22 02 10.137300 -12 32 45.15600 2454974.57168850 Kalyke              
 22 02 10.177100 -12 32 44.95400 2454974.57387207 Kalyke              
 22 02 10.216600 -12 32 44.75100 2454974.57604834 Kalyke              
 22 02 10.256400 -12 32 44.54900 2454974.57823193 Kalyke              
 22 02 10.294600 -12 32 44.35300 2454974.58033515 Kalyke              
 22 02 13.978400 -12 32 25.19600 2454974.78845786 Kalyke              
 22 02 13.998300 -12 32 25.09000 2454974.78961460 Kalyke              
 22 02 14.017600 -12 32 24.98700 2454974.79073681 Kalyke              
 22 02 14.037300 -12 32 24.88100 2454974.79188543 Kalyke              
 22 02 14.056900 -12 32 24.77700 2454974.79302003 Kalyke              
 22 02 14.076100 -12 32 24.67400 2454974.79413961 Kalyke              
 22 02 14.095800 -12 32 24.56800 2454974.79528719 Kalyke              
 22 02 14.115700 -12 32 24.46200 2454974.79644287 Kalyke              
 22 02 14.135000 -12 32 24.35900 2454974.79756660 Kalyke              
 22 02 14.154600 -12 32 24.25400 2454974.79871221 Kalyke              
 22 02 14.174000 -12 32 24.15000 2454974.79983733 Kalyke              
 22 02 14.191700 -12 32 24.05500 2454974.80086950 Kalyke              
 22 02 14.211500 -12 32 23.94900 2454974.80202344 Kalyke              
 22 02 14.230900 -12 32 23.84500 2454974.80315852 Kalyke              
 22 02 14.250700 -12 32 23.73900 2454974.80431269 Kalyke              
 22 02 14.274000 -12 32 23.61400 2454974.80567083 Kalyke              
 22 02 14.293400 -12 32 23.51000 2454974.80680324 Kalyke              
 22 02 14.313100 -12 32 23.40500 2454974.80794885 Kalyke              
 22 02 14.332300 -12 32 23.30100 2454974.80907235 Kalyke              
 22 02 14.351700 -12 32 23.19700 2454974.81020591 Kalyke              
 22 02 14.371400 -12 32 23.09100 2454974.81135338 Kalyke              
 22 02 14.391200 -12 32 22.98500 2454974.81251103 Kalyke              
 22 02 14.410300 -12 32 22.88200 2454974.81362990 Kalyke              
 22 02 14.430000 -12 32 22.77600 2454974.81477968 Kalyke              
 22 02 14.449800 -12 32 22.67000 2454974.81593674 Kalyke              
 22 02 14.469500 -12 32 22.56400 2454974.81709023 Kalyke              
 22 02 14.487100 -12 32 22.46900 2454974.81812054 Kalyke              
 22 02 14.506800 -12 32 22.36300 2454974.81926894 Kalyke              
 22 02 14.526000 -12 32 22.26000 2454974.82039289 Kalyke              
 22 02 14.545500 -12 32 22.15500 2454974.82153804 Kalyke              
 22 02 14.585100 -12 32 21.94100 2454974.82385310 Kalyke              
 22 02 14.604300 -12 32 21.83800 2454974.82497799 Kalyke              
 22 02 14.624300 -12 32 21.73000 2454974.82615267 Kalyke              
 22 02 14.643900 -12 32 21.62400 2454974.82729873 Kalyke              
 22 02 14.663100 -12 32 21.52100 2454974.82842419 Kalyke              
 22 02 14.682400 -12 32 21.41600 2454974.82955846 Kalyke              
 22 02 14.701900 -12 32 21.31100 2454974.83070512 Kalyke              
 22 02 14.721000 -12 32 21.20800 2454974.83182560 Kalyke              
 22 02 14.740600 -12 32 21.10200 2454974.83297062 Kalyke              
 22 02 14.760400 -12 32 20.99500 2454974.83413269 Kalyke              
 22 02 14.799700 -12 32 20.78200 2454974.83644508 Kalyke              
 22 02 14.819800 -12 32 20.67300 2454974.83762368 Kalyke              
 22 02 14.839600 -12 32 20.56700 2454974.83878353 Kalyke              
 22 02 14.859300 -12 32 20.46000 2454974.83994140 Kalyke              
 22 02 14.878500 -12 32 20.35600 2454974.84107266 Kalyke              
 22 02 14.897600 -12 32 20.25200 2454974.84219477 Kalyke              
 22 02 14.917100 -12 32 20.14700 2454974.84334177 Kalyke              
 22 02 14.936800 -12 32 20.04000 2454974.84450023 Kalyke              
 22 02 14.956400 -12 32 19.93300 2454974.84565429 Kalyke              
 22 02 14.976100 -12 32 19.82600 2454974.84681472 Kalyke              
 22 02 16.400600 -12 32 12.02100 2454974.93116082 Kalyke              
 22 02 16.420100 -12 32 11.91300 2454974.93231812 Kalyke              
 22 02 16.439600 -12 32 11.80500 2454974.93348190 Kalyke              
 22 02 16.469200 -12 32 11.64200 2454974.93523892 Kalyke              
 22 02 16.488200 -12 32 11.53600 2454974.93637214 Kalyke              
 22 02 16.508100 -12 32 11.42600 2454974.93755282 Kalyke              
 22 02 13.527800 -12 32 27.59200 2454974.76236432 Kalyke              
 22 02 13.548000 -12 32 27.48500 2454974.76353377 Kalyke              
 22 02 13.568000 -12 32 27.37900 2454974.76468841 Kalyke              
 22 02 13.588000 -12 32 27.27300 2454974.76584398 Kalyke              
 22 02 13.608000 -12 32 27.16700 2454974.76699885 Kalyke              
 22 02 13.628100 -12 32 27.06000 2454974.76815753 Kalyke              
 22 02 13.647500 -12 32 26.95700 2454974.76928034 Kalyke              
 22 02 13.667400 -12 32 26.85200 2454974.77042884 Kalyke              
 22 02 13.687300 -12 32 26.74500 2454974.77158510 Kalyke              
 22 02 13.707400 -12 32 26.63900 2454974.77274506 Kalyke              
 22 02 13.732900 -12 32 26.50300 2454974.77422115 Kalyke              
 22 02 13.753000 -12 32 26.39700 2454974.77538273 Kalyke              
 22 02 13.772900 -12 32 26.29100 2454974.77653853 Kalyke              
 22 02 13.792900 -12 32 26.18400 2454974.77769641 Kalyke              
 22 02 13.812800 -12 32 26.07800 2454974.77884966 Kalyke              
 22 02 13.832800 -12 32 25.97200 2454974.78000997 Kalyke              
 22 02 13.852800 -12 32 25.86500 2454974.78116854 Kalyke              
 22 02 13.872800 -12 32 25.75900 2454974.78232723 Kalyke              
 22 02 13.892700 -12 32 25.65300 2454974.78348279 Kalyke              
 22 02 13.912600 -12 32 25.54700 2454974.78463778 Kalyke              
 22 02 10.338600 -12 32 44.12900 2454974.58275898 Kalyke              
 22 02 10.371800 -12 32 43.95900 2454974.58458522 Kalyke              
 22 02 10.450700 -12 32 43.55600 2454974.58893446 Kalyke              
 22 02 10.490500 -12 32 43.35300 2454974.59112556 Kalyke              
 22 02 10.529700 -12 32 43.15200 2454974.59329083 Kalyke              
 22 02 10.569200 -12 32 42.95000 2454974.59547000 Kalyke              
 22 02 10.607200 -12 32 42.75600 2454974.59756895 Kalyke              
 22 02 10.646600 -12 32 42.55400 2454974.59974291 Kalyke              
 22 02 10.694000 -12 32 42.31200 2454974.60236264 Kalyke              
 22 02 10.733500 -12 32 42.11000 2454974.60454748 Kalyke              
 22 02 10.772600 -12 32 41.90900 2454974.60671484 Kalyke              
 22 02 10.812000 -12 32 41.70800 2454974.60889216 Kalyke              
 22 02 10.849800 -12 32 41.51400 2454974.61098949 Kalyke              
 22 02 10.888900 -12 32 41.31400 2454974.61315546 Kalyke              
 22 02 10.926900 -12 32 41.11900 2454974.61526229 Kalyke              
 22 02 15.005600 -12 32 19.66700 2454974.84854615 Kalyke              
 22 02 15.035000 -12 32 19.50700 2454974.85027828 Kalyke              
 22 02 15.145200 -12 32 18.90800 2454974.85676926 Kalyke              
 22 02 15.189400 -12 32 18.66800 2454974.85937716 Kalyke              
 22 02 15.340200 -12 32 17.84600 2454974.86827824 Kalyke              
 22 02 15.407900 -12 32 17.47700 2454974.87227624 Kalyke              
 22 02 15.497000 -12 32 16.98900 2454974.87754880 Kalyke              
 22 02 15.535900 -12 32 16.77700 2454974.87984847 Kalyke              
 22 02 15.591100 -12 32 16.47500 2454974.88311258 Kalyke              
 22 02 15.715200 -12 32 15.79500 2454974.89046369 Kalyke              
 22 02 15.993300 -12 32 14.26700 2454974.90695453 Kalyke              
 22 02 16.031700 -12 32 14.05600 2454974.90923765 Kalyke              
 22 02 16.085600 -12 32 13.75900 2454974.91243510 Kalyke              
 22 02 16.116400 -12 32 13.59000 2454974.91426377 Kalyke              
 22 02 16.147000 -12 32 13.42100 2454974.91608167 Kalyke              
 22 02 16.177700 -12 32 13.25100 2454974.91791069 Kalyke              
 22 02 16.207100 -12 32 13.08900 2454974.91965797 Kalyke              
 22 02 16.245500 -12 32 12.87800 2454974.92193566 Kalyke              
 22 02 16.279500 -12 32 12.69000 2454974.92396076 Kalyke              
 22 02 16.310100 -12 32 12.52100 2454974.92577947 Kalyke              
 22 02 16.341100 -12 32 12.35000 2454974.92762076 Kalyke              
 22 02 16.370500 -12 32 12.18700 2454974.92936713 Kalyke              
 22 02 31.700200 -12 30 50.80500 2454975.81805588 Kalyke              
 22 02 31.723300 -12 30 50.68000 2454975.81946681 Kalyke              
 22 02 31.792200 -12 30 50.30900 2454975.82367466 Kalyke              
 22 02 31.810600 -12 30 50.20900 2454975.82480094 Kalyke              
 22 02 31.829100 -12 30 50.10900 2454975.82592872 Kalyke              
 22 02 31.847900 -12 30 50.00800 2454975.82708127 Kalyke              
 22 02 31.866800 -12 30 49.90500 2454975.82823834 Kalyke              
 22 02 31.889200 -12 30 49.78500 2454975.82960400 Kalyke              
 22 02 31.907500 -12 30 49.68500 2454975.83072760 Kalyke              
 22 02 31.926200 -12 30 49.58400 2454975.83187194 Kalyke              
 22 02 31.945100 -12 30 49.48200 2454975.83302856 Kalyke              
 22 02 31.964100 -12 30 49.38000 2454975.83418703 Kalyke              
 22 02 31.986800 -12 30 49.25700 2454975.83557779 Kalyke              
 22 02 32.005700 -12 30 49.15400 2454975.83673787 Kalyke              
 22 02 32.024500 -12 30 49.05200 2454975.83788896 Kalyke              
 22 02 32.043400 -12 30 48.95000 2454975.83904681 Kalyke              
 22 02 32.061900 -12 30 48.85000 2454975.84018153 Kalyke              
 22 02 32.080900 -12 30 48.74700 2454975.84134531 Kalyke              
 22 02 32.099600 -12 30 48.64500 2454975.84249590 Kalyke              
 22 02 32.118000 -12 30 48.54500 2454975.84361928 Kalyke              
 22 02 32.136600 -12 30 48.44400 2454975.84476569 Kalyke              
 22 02 32.155500 -12 30 48.34100 2454975.84592578 Kalyke              
 22 02 30.824900 -12 30 55.48400 2454975.76499427 Kalyke              
 22 02 30.892400 -12 30 55.12500 2454975.76906311 Kalyke              
 22 02 30.930200 -12 30 54.92500 2454975.77134034 Kalyke              
 22 02 30.970900 -12 30 54.70800 2454975.77379811 Kalyke              
 22 02 30.991800 -12 30 54.59700 2454975.77505867 Kalyke              
 22 02 31.021200 -12 30 54.44100 2454975.77683142 Kalyke              
 22 02 31.050700 -12 30 54.28300 2454975.77861831 Kalyke              
 22 02 31.071900 -12 30 54.17100 2454975.77989715 Kalyke              
 22 02 31.097400 -12 30 54.03500 2454975.78143818 Kalyke              
 22 02 31.127700 -12 30 53.87300 2454975.78327194 Kalyke              
 22 02 31.161300 -12 30 53.69400 2454975.78530641 Kalyke              
 22 02 31.182100 -12 30 53.58300 2454975.78656209 Kalyke              
 22 02 31.207100 -12 30 53.45000 2454975.78807904 Kalyke              
 22 02 31.226000 -12 30 53.34900 2454975.78922419 Kalyke              
 22 02 31.244600 -12 30 53.24900 2454975.79035301 Kalyke              
 22 02 31.263700 -12 30 53.14700 2454975.79150881 Kalyke              
 22 02 31.282300 -12 30 53.04800 2454975.79263613 Kalyke              
 22 02 31.300800 -12 30 52.94900 2454975.79375558 Kalyke              
 22 02 31.319700 -12 30 52.84800 2454975.79490409 Kalyke              
 22 02 31.338800 -12 30 52.74600 2454975.79606138 Kalyke              
 22 02 31.357800 -12 30 52.64400 2454975.79721891 Kalyke              
 22 02 31.376300 -12 30 52.54500 2454975.79834125 Kalyke              
 22 02 31.399800 -12 30 52.41900 2454975.79976699 Kalyke              
 22 02 31.418800 -12 30 52.31700 2454975.80092359 Kalyke              
 22 02 31.453800 -12 30 52.12900 2454975.80305252 Kalyke              
 22 02 31.472300 -12 30 52.03000 2454975.80417822 Kalyke              
 22 02 31.490900 -12 30 51.93000 2454975.80530786 Kalyke              
 22 02 31.509800 -12 30 51.82900 2454975.80645544 Kalyke              
 22 02 31.528200 -12 30 51.73000 2454975.80757639 Kalyke              
 22 02 31.547000 -12 30 51.62900 2454975.80872187 Kalyke              
 22 02 31.565500 -12 30 51.53000 2454975.80984458 Kalyke              
 22 02 31.584300 -12 30 51.42800 2454975.81099228 Kalyke              
 22 02 31.603300 -12 30 51.32600 2454975.81214969 Kalyke              
 22 02 31.622300 -12 30 51.22400 2454975.81330803 Kalyke              
 22 02 32.524800 -12 30 46.33000 2454975.86863389 Kalyke              
 22 02 32.563800 -12 30 46.11700 2454975.87103774 Kalyke              
 22 02 32.595400 -12 30 45.94400 2454975.87298587 Kalyke              
 22 02 32.614100 -12 30 45.84200 2454975.87414178 Kalyke              
 22 02 32.632900 -12 30 45.73900 2454975.87529919 Kalyke              
 22 02 32.651600 -12 30 45.63600 2454975.87645534 Kalyke              
 22 02 32.670400 -12 30 45.53300 2454975.87761576 Kalyke              
 22 02 32.688300 -12 30 45.43500 2454975.87871918 Kalyke              
 22 02 32.720200 -12 30 45.26100 2454975.88068797 Kalyke              
 22 02 32.739000 -12 30 45.15700 2454975.88185140 Kalyke              
 22 02 32.757800 -12 30 45.05500 2454975.88300789 Kalyke              
 22 02 32.776500 -12 30 44.95200 2454975.88416334 Kalyke              
 22 02 32.794700 -12 30 44.85200 2454975.88528811 Kalyke              
 22 02 32.813700 -12 30 44.74800 2454975.88645965 Kalyke              
 22 02 32.832300 -12 30 44.64600 2454975.88761313 Kalyke              
 22 02 32.851000 -12 30 44.54300 2454975.88876953 Kalyke              
 22 02 27.657300 -12 31 11.89500 2454975.57925160 Kalyke              
 22 02 27.677100 -12 31 11.79400 2454975.58038448 Kalyke              
 22 02 27.697400 -12 31 11.69100 2454975.58154768 Kalyke              
 22 02 27.717000 -12 31 11.59100 2454975.58266910 Kalyke              
 22 02 27.736800 -12 31 11.49000 2454975.58380393 Kalyke              
 22 02 27.777100 -12 31 11.28400 2454975.58611171 Kalyke              
 22 02 27.797300 -12 31 11.18100 2454975.58726728 Kalyke              
 22 02 27.817500 -12 31 11.07800 2454975.58842666 Kalyke              
 22 02 27.837600 -12 31 10.97600 2454975.58958025 Kalyke              
 22 02 27.857200 -12 31 10.87600 2454975.59070144 Kalyke              
 22 02 32.187600 -12 30 48.16700 2454975.84789451 Kalyke              
 22 02 32.210600 -12 30 48.04200 2454975.84930392 Kalyke              
 22 02 32.264400 -12 30 47.75000 2454975.85260983 Kalyke              
 22 02 32.304000 -12 30 47.53400 2454975.85504308 Kalyke              
 22 02 32.350200 -12 30 47.28300 2454975.85788484 Kalyke              
 22 02 32.372400 -12 30 47.16100 2454975.85925360 Kalyke              
