   0.187  -0.307  396.14    2.28 0.689     89.78    237.80 25.259 24.341 99.999 20.779 20.324 99.999 99.999 99.999  0.181 99.999 99.999 99.999 99.999  99.999  99.999  99.999  99.999  0.032  0.032  0.003  0.004  0.021  0.023  245  216 -0.000  0.000    0   9.367666822  16.225357566  3 21  4.27 2007  4 10 2454200.63963281    79  filtro desconhecido   targ_cat_global_reduction_sat_gr1                  Albiorix              2044  4098     1  99.999  99.999
   0.286  -0.377  396.14    2.28 1.859     89.78    237.80 25.259 24.341 99.999 20.862 20.453 99.999 99.999 99.999  0.181 99.999 99.999 99.999 99.999  99.999  99.999  99.999  99.999  0.049  0.049  0.004  0.005  0.025  0.030  245  181 -0.000  0.000    0   9.367665990  16.225347240  3 21  4.27 2007  4 10 2454200.64156802    79  filtro desconhecido   targ_cat_global_reduction_sat_gr1                  Albiorix              2044  4098     1  99.999  99.999
   0.295  -0.413  396.14    2.28 4.461     89.78    237.80 25.259 24.341 99.999 19.165 18.830 99.999 99.999 99.999  0.181 99.999 99.999 99.999 99.999  99.999  99.999  99.999  99.999  0.081  0.081  0.004  0.004  0.023  0.028  245  231 -0.000  0.000    0   9.367663391  16.225346750  3 21  4.27 2007  4 10 2454200.64352001    79  filtro desconhecido   targ_cat_global_reduction_sat_gr1                  Albiorix              2044  4098     1  99.999  99.999
   0.160  -0.361  122.73   20.92 1.358    525.73    309.29 25.351 24.497 99.999 20.837 20.476 99.999 99.999 99.999  0.259 99.999 99.999 99.999 99.999  99.999  99.999  99.999  99.999  0.015  0.014  0.004  0.004  0.019  0.019  233  251 -0.000 -0.000    0   9.365243872  16.234335507  3 18 24.91 2007  4 12 2454202.63778831    79  filtro desconhecido   targ_cat_global_reduction_sat_gr1                  Albiorix              2044  4098     1  99.999  99.999
   0.108  -0.372  122.73   20.92 2.201    525.73    309.29 25.351 24.497 99.999 19.785 19.374 99.999 99.999 99.999  0.259 99.999 99.999 99.999 99.999  99.999  99.999  99.999  99.999  0.016  0.012  0.004  0.005  0.019  0.020  233  255 -0.000 -0.000    0   9.365240520  16.234339789  3 18 24.91 2007  4 12 2454202.63977446    79  filtro desconhecido   targ_cat_global_reduction_sat_gr1                  Albiorix              2044  4098     1  99.999  99.999
   0.031  -0.266 1772.13   23.78 1.038    167.79    163.84 24.769 23.963 99.999 19.446 19.063 99.999 99.999 99.999  0.174 99.999 99.999 99.999 99.999  99.999  99.999  99.999  99.999  0.026  0.028  0.005  0.005  0.020  0.020  184  196  0.000 -0.000    0   9.364209709  16.238022688  3 18 30.15 2007  4 13 2454203.63784898    79  filtro desconhecido   targ_cat_global_reduction_sat_gr1                  Albiorix              2044  4098     1  99.999  99.999
   0.097  -0.349 1772.13   23.78 0.941    167.79    163.84 24.769 23.963 99.999 20.014 19.767 99.999 99.999 99.999  0.174 99.999 99.999 99.999 99.999  99.999  99.999  99.999  99.999  0.051  0.078  0.005  0.004  0.021  0.020  184  219  0.000 -0.000    0   9.364208901  16.238005803  3 18 30.15 2007  4 13 2454203.63982309    79  filtro desconhecido   targ_cat_global_reduction_sat_gr1                  Albiorix              2044  4098     1  99.999  99.999
   0.095  -0.475  810.94   15.15 0.912     19.46    194.01 22.767 22.299 99.999 20.362 19.980 99.999 99.999 99.999  1.154 99.999 99.999 99.999 99.999  99.999  99.999  99.999  99.999  0.009  0.008  0.012  0.010  0.026  0.022   46  120  0.000  0.001    0  11.115897339   7.461782868  1 49 10.51 2009  5 20 2454971.58342781    59  filtro desconhecido   targ_cat_global_reduction_sat_gr1                  Albiorix              2044  4098     1  99.999  99.999
   0.082  -0.243  810.94   15.15 0.855     19.46    194.01 22.767 22.299 99.999 20.450 20.245 99.999 99.999 99.999  1.154 99.999 99.999 99.999 99.999  99.999  99.999  99.999  99.999  0.020  0.019  0.007  0.007  0.028  0.026   46  337  0.000  0.001    0  11.115897032   7.461828739  1 49 10.51 2009  5 20 2454971.58817050    59  filtro desconhecido   targ_cat_global_reduction_sat_gr1                  Albiorix              2044  4098     1  99.999  99.999
   0.137  -0.260  810.94   15.15 1.260     19.46    194.01 22.767 22.299 99.999 20.349 20.036 99.999 99.999 99.999  1.154 99.999 99.999 99.999 99.999  99.999  99.999  99.999  99.999  0.040  0.040  0.011  0.010  0.026  0.026   46  157  0.000  0.001    0  11.115898022   7.461810851  1 49 10.51 2009  5 20 2454971.59150998    59  filtro desconhecido   targ_cat_global_reduction_sat_gr1                  Albiorix              2044  4098     1  99.999  99.999
   0.133  -0.238  810.94   15.15 1.084     19.46    194.01 22.767 22.299 99.999 20.478 20.186 99.999 99.999 99.999  1.154 99.999 99.999 99.999 99.999  99.999  99.999  99.999  99.999  0.028  0.028  0.008  0.009  0.023  0.026   46  238  0.000  0.001    0  11.115897927   7.461803561  1 49 10.51 2009  5 20 2454971.59484449    59  filtro desconhecido   targ_cat_global_reduction_sat_gr1                  Albiorix              2044  4098     1  99.999  99.999
   0.085  -0.266  810.94   15.15 1.606     19.46    194.01 22.767 22.299 99.999 19.942 19.691 99.999 99.999 99.999  1.154 99.999 99.999 99.999 99.999  99.999  99.999  99.999  99.999  0.017  0.019  0.007  0.008  0.029  0.031   46  355  0.000  0.001    0  11.115896999   7.461782699  1 49 10.51 2009  5 20 2454971.59819022    59  filtro desconhecido   targ_cat_global_reduction_sat_gr1                  Albiorix              2044  4098     1  99.999  99.999
   0.136  -0.292  810.94   15.15 0.935     19.46    194.01 22.767 22.299 99.999 20.816 20.530 99.999 99.999 99.999  1.154 99.999 99.999 99.999 99.999  99.999  99.999  99.999  99.999  0.019  0.019  0.006  0.006  0.026  0.027   46  437  0.000  0.001    0  11.115897936   7.461762783  1 49 10.51 2009  5 20 2454971.60145492    59  filtro desconhecido   targ_cat_global_reduction_sat_gr1                  Albiorix              2044  4098     1  99.999  99.999
   0.180  -0.239  810.94   15.15 0.849     19.46    194.01 22.767 22.299 99.999 21.089 20.409 99.999 99.999 99.999  1.154 99.999 99.999 99.999 99.999  99.999  99.999  99.999  99.999  0.009  0.009  0.003  0.003  0.023  0.025   46  611  0.000  0.001    0  11.115898721   7.461761533  1 49 10.51 2009  5 20 2454971.60545836    59  filtro desconhecido   targ_cat_global_reduction_sat_gr1                  Albiorix              2044  4098     1  99.999  99.999
   0.152  -0.242  810.94   15.15 0.653     19.46    194.01 22.767 22.299 99.999 20.919 20.208 99.999 99.999 99.999  1.154 99.999 99.999 99.999 99.999  99.999  99.999  99.999  99.999  0.006  0.006  0.003  0.003  0.024  0.024   46  696  0.000  0.001    0  11.115898205   7.461747510  1 49 10.51 2009  5 20 2454971.60882261    59  filtro desconhecido   targ_cat_global_reduction_sat_gr1                  Albiorix              2044  4098     1  99.999  99.999
   0.145  -0.272  810.94   15.15 1.186     19.46    194.01 22.767 22.299 99.999 20.595 19.813 99.999 99.999 99.999  1.154 99.999 99.999 99.999 99.999  99.999  99.999  99.999  99.999  0.024  0.025  0.003  0.004  0.025  0.025   46  568  0.000  0.001    0  11.115898076   7.461725830  1 49 10.51 2009  5 20 2454971.61214716    59  filtro desconhecido   targ_cat_global_reduction_sat_gr1                  Albiorix              2044  4098     1  99.999  99.999
   0.134  -0.255  810.94   15.15 0.904     19.46    194.01 22.767 22.299 99.999 21.065 20.313 99.999 99.999 99.999  1.154 99.999 99.999 99.999 99.999  99.999  99.999  99.999  99.999  0.040  0.040  0.004  0.004  0.026  0.027   46  581  0.000  0.001    0  11.115897855   7.461717430  1 49 10.51 2009  5 20 2454971.61549659    59  filtro desconhecido   targ_cat_global_reduction_sat_gr1                  Albiorix              2044  4098     1  99.999  99.999
   0.133  -0.254  810.94   15.15 2.769     19.46    194.01 22.767 22.299 99.999 19.191 18.421 99.999 99.999 99.999  1.154 99.999 99.999 99.999 99.999  99.999  99.999  99.999  99.999  0.032  0.029  0.003  0.004  0.021  0.027   46  560  0.000  0.001    0  11.115897868   7.461704654  1 49 10.51 2009  5 20 2454971.61875585    59  filtro desconhecido   targ_cat_global_reduction_sat_gr1                  Albiorix              2044  4098     1  99.999  99.999
   0.230  -0.389  329.10    4.15 1.039     45.15     82.27 23.829 23.218 99.999 21.172 20.686 99.999 99.999 99.999  1.160 99.999 99.999 99.999 99.999  99.999  99.999  99.999  99.999  0.002  0.002  0.013  0.013  0.034  0.034  200  248  0.001  0.000    0  11.116026122   7.457760948  1 24 12.37 2009  5 21 2454972.55847656    39  filtro desconhecido   targ_cat_global_reduction_sat_gr1                  Albiorix              2044  4098     1  99.999  99.999
   0.303  -0.315  329.10    4.15 2.341     45.15     82.27 23.829 23.218 99.999 19.524 19.065 99.999 99.999 99.999  1.160 99.999 99.999 99.999 99.999  99.999  99.999  99.999  99.999  0.012  0.010  0.009  0.008  0.032  0.029  200  255  0.001  0.000    0  11.116027609   7.457776203  1 24 12.37 2009  5 21 2454972.55964127    39  filtro desconhecido   targ_cat_global_reduction_sat_gr1                  Albiorix              2044  4098     1  99.999  99.999
   0.223  -0.362  329.10    4.15 3.383     45.15     82.27 23.829 23.218 99.999 19.243 18.712 99.999 99.999 99.999  1.160 99.999 99.999 99.999 99.999  99.999  99.999  99.999  99.999  0.070  0.070  0.010  0.011  0.033  0.034  200  262  0.001  0.000    0  11.116026193   7.457757521  1 24 12.37 2009  5 21 2454972.56086652    39  filtro desconhecido   targ_cat_global_reduction_sat_gr1                  Albiorix              2044  4098     1  99.999  99.999
   0.226  -0.356  329.10    4.15 2.274     45.15     82.27 23.829 23.218 99.999 19.374 18.936 99.999 99.999 99.999  1.160 99.999 99.999 99.999 99.999  99.999  99.999  99.999  99.999  0.015  0.016  0.011  0.009  0.037  0.032  200  432  0.001  0.000    0  11.116026563   7.457744139  1 24 12.37 2009  5 21 2454972.56413412    39  filtro desconhecido   targ_cat_global_reduction_sat_gr1                  Albiorix              2044  4098     1  99.999  99.999
   0.225  -0.329  329.10    4.15 0.772     45.15     82.27 23.829 23.218 99.999 20.934 20.527 99.999 99.999 99.999  1.160 99.999 99.999 99.999 99.999  99.999  99.999  99.999  99.999  0.029  0.029  0.008  0.008  0.032  0.031  200  449  0.001  0.000    0  11.116026725   7.457741817  1 24 12.37 2009  5 21 2454972.56631247    39  filtro desconhecido   targ_cat_global_reduction_sat_gr1                  Albiorix              2044  4098     1  99.999  99.999
   0.224  -0.281  329.10    4.15 1.405     45.15     82.27 23.829 23.218 99.999 20.251 19.971 99.999 99.999 99.999  1.160 99.999 99.999 99.999 99.999  99.999  99.999  99.999  99.999  0.020  0.020  0.008  0.007  0.035  0.032  200  457  0.001  0.000    0  11.116027099   7.457735267  1 24 12.37 2009  5 21 2454972.57065426    39  filtro desconhecido   targ_cat_global_reduction_sat_gr1                  Albiorix              2044  4098     1  99.999  99.999
   0.154  -0.290  329.10    4.15 0.948     45.15     82.27 23.829 23.218 99.999 20.478 20.034 99.999 99.999 99.999  1.160 99.999 99.999 99.999 99.999  99.999  99.999  99.999  99.999  0.002  0.002  0.008  0.008  0.035  0.033  200  453  0.001  0.000    0  11.116025995   7.457723078  1 24 12.37 2009  5 21 2454972.57275009    39  filtro desconhecido   targ_cat_global_reduction_sat_gr1                  Albiorix              2044  4098     1  99.999  99.999
   0.222  -0.339  329.10    4.15 2.118     45.15     82.27 23.829 23.218 99.999 19.319 19.010 99.999 99.999 99.999  1.160 99.999 99.999 99.999 99.999  99.999  99.999  99.999  99.999  0.025  0.025  0.007  0.008  0.032  0.034  200  487  0.001  0.000    0  11.116027453   7.457699860  1 24 12.37 2009  5 21 2454972.57490981    39  filtro desconhecido   targ_cat_global_reduction_sat_gr1                  Albiorix              2044  4098     1  99.999  99.999
   0.238  -0.323  329.10    4.15 1.022     45.15     82.27 23.829 23.218 99.999 20.562 20.321 99.999 99.999 99.999  1.160 99.999 99.999 99.999 99.999  99.999  99.999  99.999  99.999  0.022  0.021  0.008  0.007  0.033  0.032  200  428  0.001  0.000    0  11.116027971   7.457694519  1 24 12.37 2009  5 21 2454972.57701895    39  filtro desconhecido   targ_cat_global_reduction_sat_gr1                  Albiorix              2044  4098     1  99.999  99.999
   0.231  -0.331  329.10    4.15 0.852     45.15     82.27 23.829 23.218 99.999 20.732 20.354 99.999 99.999 99.999  1.160 99.999 99.999 99.999 99.999  99.999  99.999  99.999  99.999  0.025  0.025  0.010  0.010  0.034  0.035  200  428  0.001  0.000    0  11.116028031   7.457682249  1 24 12.37 2009  5 21 2454972.57918585    39  filtro desconhecido   targ_cat_global_reduction_sat_gr1                  Albiorix              2044  4098     1  99.999  99.999
   0.232  -0.362  329.10    4.15 0.685     45.15     82.27 23.829 23.218 99.999 21.038 20.679 99.999 99.999 99.999  1.160 99.999 99.999 99.999 99.999  99.999  99.999  99.999  99.999  0.025  0.026  0.007  0.007  0.033  0.032  200  461  0.001  0.000    0  11.116028257   7.457663880  1 24 12.37 2009  5 21 2454972.58128295    39  filtro desconhecido   targ_cat_global_reduction_sat_gr1                  Albiorix              2044  4098     1  99.999  99.999
   0.249  -0.359  329.10    4.15 1.256     45.15     82.27 23.829 23.218 99.999 20.101 19.879 99.999 99.999 99.999  1.160 99.999 99.999 99.999 99.999  99.999  99.999  99.999  99.999  0.032  0.030  0.008  0.008  0.033  0.034  200  473  0.001  0.000    0  11.116028788   7.457654751  1 24 12.37 2009  5 21 2454972.58345645    39  filtro desconhecido   targ_cat_global_reduction_sat_gr1                  Albiorix              2044  4098     1  99.999  99.999
   0.228  -0.319  329.10    4.15 1.011     45.15     82.27 23.829 23.218 99.999 20.447 19.783 99.999 99.999 99.999  1.160 99.999 99.999 99.999 99.999  99.999  99.999  99.999  99.999  0.014  0.014  0.004  0.004  0.029  0.030  200  633  0.001  0.000    0  11.116028694   7.457650882  1 24 12.37 2009  5 21 2454972.58671293    39  filtro desconhecido   targ_cat_global_reduction_sat_gr1                  Albiorix              2044  4098     1  99.999  99.999
   0.253  -0.346  329.10    4.15 0.843     45.15     82.27 23.829 23.218 99.999 20.661 19.942 99.999 99.999 99.999  1.160 99.999 99.999 99.999 99.999  99.999  99.999  99.999  99.999  0.016  0.016  0.004  0.004  0.029  0.028  200  545  0.001  0.000    0  11.116029648   7.457622054  1 24 12.37 2009  5 21 2454972.59136818    39  filtro desconhecido   targ_cat_global_reduction_sat_gr1                  Albiorix              2044  4098     1  99.999  99.999
   0.267  -0.330  329.10    4.15 0.654     45.15     82.27 23.829 23.218 99.999 20.576 19.866 99.999 99.999 99.999  1.160 99.999 99.999 99.999 99.999  99.999  99.999  99.999  99.999  0.015  0.015  0.004  0.004  0.028  0.028  200  623  0.001  0.000    0  11.116030133   7.457616363  1 24 12.37 2009  5 21 2454972.59353381    39  filtro desconhecido   targ_cat_global_reduction_sat_gr1                  Albiorix              2044  4098     1  99.999  99.999
   0.302  -0.381  329.10    4.15 1.196     45.15     82.27 23.829 23.218 99.999 20.290 19.556 99.999 99.999 99.999  1.160 99.999 99.999 99.999 99.999  99.999  99.999  99.999  99.999  0.022  0.022  0.004  0.004  0.030  0.031  200  534  0.001  0.000    0  11.116031009   7.457592160  1 24 12.37 2009  5 21 2454972.59571182    39  filtro desconhecido   targ_cat_global_reduction_sat_gr1                  Albiorix              2044  4098     1  99.999  99.999
   0.214  -0.363  329.10    4.15 0.546     45.15     82.27 23.829 23.218 99.999 20.902 20.207 99.999 99.999 99.999  1.160 99.999 99.999 99.999 99.999  99.999  99.999  99.999  99.999  0.011  0.013  0.004  0.003  0.028  0.027  200  615  0.001  0.000    0  11.116029588   7.457587590  1 24 12.37 2009  5 21 2454972.59780823    39  filtro desconhecido   targ_cat_global_reduction_sat_gr1                  Albiorix              2044  4098     1  99.999  99.999
   0.219  -0.353  329.10    4.15 1.860     45.15     82.27 23.829 23.218 99.999 19.582 18.899 99.999 99.999 99.999  1.160 99.999 99.999 99.999 99.999  99.999  99.999  99.999  99.999  0.000  0.000  0.003  0.003  0.028  0.029  200  606  0.001  0.000    0  11.116029895   7.457580145  1 24 12.37 2009  5 21 2454972.59996841    39  filtro desconhecido   targ_cat_global_reduction_sat_gr1                  Albiorix              2044  4098     1  99.999  99.999
   0.273  -0.426  329.10    4.15 1.658     45.15     82.27 23.829 23.218 99.999 19.372 18.671 99.999 99.999 99.999  1.160 99.999 99.999 99.999 99.999  99.999  99.999  99.999  99.999  0.019  0.018  0.004  0.004  0.029  0.028  200  541  0.001  0.000    0  11.116031133   7.457550159  1 24 12.37 2009  5 21 2454972.60207639    39  filtro desconhecido   targ_cat_global_reduction_sat_gr1                  Albiorix              2044  4098     1  99.999  99.999
   0.268  -0.398  329.10    4.15 0.797     45.15     82.27 23.829 23.218 99.999 20.592 20.055 99.999 99.999 99.999  1.160 99.999 99.999 99.999 99.999  99.999  99.999  99.999  99.999  0.016  0.016  0.004  0.004  0.030  0.030  200  600  0.001  0.000    0  11.116031292   7.457548162  1 24 12.37 2009  5 21 2454972.60424329    39  filtro desconhecido   targ_cat_global_reduction_sat_gr1                  Albiorix              2044  4098     1  99.999  99.999
   0.251  -0.327  329.10    4.15 0.654     45.15     82.27 23.829 23.218 99.999 20.763 20.001 99.999 99.999 99.999  1.160 99.999 99.999 99.999 99.999  99.999  99.999  99.999  99.999  0.025  0.026  0.003  0.003  0.027  0.027  200  614  0.001  0.000    0  11.116031184   7.457557938  1 24 12.37 2009  5 21 2454972.60634190    39  filtro desconhecido   targ_cat_global_reduction_sat_gr1                  Albiorix              2044  4098     1  99.999  99.999
   0.276  -0.378  329.10    4.15 0.860     45.15     82.27 23.829 23.218 99.999 20.570 19.896 99.999 99.999 99.999  1.160 99.999 99.999 99.999 99.999  99.999  99.999  99.999  99.999  0.018  0.018  0.004  0.004  0.030  0.031  200  596  0.001  0.000    0  11.116031874   7.457533710  1 24 12.37 2009  5 21 2454972.60851401    39  filtro desconhecido   targ_cat_global_reduction_sat_gr1                  Albiorix              2044  4098     1  99.999  99.999
   0.108  -0.258  561.91    8.41 3.042     19.41    101.88 24.598 24.081 99.999 19.085 18.535 99.999 99.999 99.999  0.994 99.999 99.999 99.999 99.999  99.999  99.999  99.999  99.999  0.038  0.037  0.011  0.010  0.035  0.032  245  227  0.000  0.000    0  11.116602987   7.447516220  1 11 30.48 2009  5 23 2454974.54965837    39  filtro desconhecido   targ_cat_global_reduction_sat_gr1                  Albiorix              2044  4098     1  99.999  99.999
   0.064  -0.316  561.91    8.41 1.508     19.41    101.88 24.598 24.081 99.999 20.534 20.094 99.999 99.999 99.999  0.994 99.999 99.999 99.999 99.999  99.999  99.999  99.999  99.999  0.030  0.031  0.009  0.010  0.028  0.031  245  217  0.000  0.000    0  11.116602506   7.447493352  1 11 30.48 2009  5 23 2454974.55078904    39  filtro desconhecido   targ_cat_global_reduction_sat_gr1                  Albiorix              2044  4098     1  99.999  99.999
   0.051  -0.221  561.91    8.41 0.986     19.41    101.88 24.598 24.081 99.999 20.815 20.258 99.999 99.999 99.999  0.994 99.999 99.999 99.999 99.999  99.999  99.999  99.999  99.999  0.048  0.050  0.011  0.011  0.035  0.037  245  241  0.000  0.000    0  11.116602614   7.447513133  1 11 30.48 2009  5 23 2454974.55195387    39  filtro desconhecido   targ_cat_global_reduction_sat_gr1                  Albiorix              2044  4098     1  99.999  99.999
   0.085  -0.226  561.91    8.41 0.936     19.41    101.88 24.598 24.081 99.999 20.587 20.032 99.999 99.999 99.999  0.994 99.999 99.999 99.999 99.999  99.999  99.999  99.999  99.999  0.022  0.022  0.010  0.011  0.030  0.035  245  219  0.000  0.001    0  11.116603617   7.447504797  1 11 30.48 2009  5 23 2454974.55311533    39  filtro desconhecido   targ_cat_global_reduction_sat_gr1                  Albiorix              2044  4098     1  99.999  99.999
   0.070  -0.198  561.91    8.41 3.265     19.41    101.88 24.598 24.081 99.999 19.269 18.727 99.999 99.999 99.999  0.994 99.999 99.999 99.999 99.999  99.999  99.999  99.999  99.999  0.068  0.066  0.011  0.012  0.034  0.038  245  186  0.000  0.000    0  11.116603671   7.447505807  1 11 30.48 2009  5 23 2454974.55425238    39  filtro desconhecido   targ_cat_global_reduction_sat_gr1                  Albiorix              2044  4098     1  99.999  99.999
   0.122  -0.242  561.91    8.41 1.149     19.41    101.88 24.598 24.081 99.999 20.897 20.333 99.999 99.999 99.999  0.994 99.999 99.999 99.999 99.999  99.999  99.999  99.999  99.999  0.007  0.006  0.014  0.010  0.036  0.026  245  222  0.000  0.000    0  11.116604998   7.447486693  1 11 30.48 2009  5 23 2454974.55540725    39  filtro desconhecido   targ_cat_global_reduction_sat_gr1                  Albiorix              2044  4098     1  99.999  99.999
   0.116  -0.204  561.91    8.41 0.782     19.41    101.88 24.598 24.081 99.999 20.957 20.401 99.999 99.999 99.999  0.994 99.999 99.999 99.999 99.999  99.999  99.999  99.999  99.999  0.033  0.033  0.011  0.009  0.034  0.030  245  211  0.000  0.000    0  11.116605246   7.447490176  1 11 30.48 2009  5 23 2454974.55656177    39  filtro desconhecido   targ_cat_global_reduction_sat_gr1                  Albiorix              2044  4098     1  99.999  99.999
   0.131  -0.287  561.91    8.41 0.920     19.41    101.88 24.598 24.081 99.999 20.551 20.063 99.999 99.999 99.999  0.994 99.999 99.999 99.999 99.999  99.999  99.999  99.999  99.999  0.016  0.016  0.008  0.008  0.033  0.031  245  370  0.000  0.000    0  11.116606720   7.447444569  1 11 30.48 2009  5 23 2454974.56044286    39  filtro desconhecido   targ_cat_global_reduction_sat_gr1                  Albiorix              2044  4098     1  99.999  99.999
   0.111  -0.235  561.91    8.41 0.847     19.41    101.88 24.598 24.081 99.999 20.549 20.203 99.999 99.999 99.999  0.994 99.999 99.999 99.999 99.999  99.999  99.999  99.999  99.999  0.002  0.002  0.007  0.008  0.030  0.033  245  367  0.000  0.000    0  11.116607045   7.447445949  1 11 30.48 2009  5 23 2454974.56262006    39  filtro desconhecido   targ_cat_global_reduction_sat_gr1                  Albiorix              2044  4098     1  99.999  99.999
   0.079  -0.253  561.91    8.41 1.105     19.41    101.88 24.598 24.081 99.999 20.675 20.125 99.999 99.999 99.999  0.994 99.999 99.999 99.999 99.999  99.999  99.999  99.999  99.999  0.006  0.007  0.008  0.008  0.032  0.031  245  383  0.000  0.000    0  11.116607117   7.447428062  1 11 30.48 2009  5 23 2454974.56479228    39  filtro desconhecido   targ_cat_global_reduction_sat_gr1                  Albiorix              2044  4098     1  99.999  99.999
   0.072  -0.286  561.91    8.41 0.924     19.41    101.88 24.598 24.081 99.999 20.722 20.255 99.999 99.999 99.999  0.994 99.999 99.999 99.999 99.999  99.999  99.999  99.999  99.999  0.010  0.010  0.009  0.009  0.034  0.034  245  366  0.000  0.000    0  11.116607655   7.447405780  1 11 30.48 2009  5 23 2454974.56696936    39  filtro desconhecido   targ_cat_global_reduction_sat_gr1                  Albiorix              2044  4098     1  99.999  99.999
   0.109  -0.254  561.91    8.41 0.600     19.41    101.88 24.598 24.081 99.999 20.758 20.340 99.999 99.999 99.999  0.994 99.999 99.999 99.999 99.999  99.999  99.999  99.999  99.999  0.018  0.018  0.007  0.008  0.028  0.031  245  414  0.000  0.000    0  11.116609004   7.447402306  1 11 30.48 2009  5 23 2454974.56906635    39  filtro desconhecido   targ_cat_global_reduction_sat_gr1                  Albiorix              2044  4098     1  99.999  99.999
   0.108  -0.264  561.91    8.41 0.819     19.41    101.88 24.598 24.081 99.999 20.589 19.883 99.999 99.999 99.999  0.994 99.999 99.999 99.999 99.999  99.999  99.999  99.999  99.999  0.018  0.019  0.004  0.004  0.028  0.029  245  558  0.000  0.000    0  11.116609816   7.447384022  1 11 30.48 2009  5 23 2454974.57168850    39  filtro desconhecido   targ_cat_global_reduction_sat_gr1                  Albiorix              2044  4098     1  99.999  99.999
   0.104  -0.298  561.91    8.41 0.782     19.41    101.88 24.598 24.081 99.999 20.518 19.727 99.999 99.999 99.999  0.994 99.999 99.999 99.999 99.999  99.999  99.999  99.999  99.999  0.013  0.013  0.003  0.004  0.024  0.027  245  582  0.000  0.000    0  11.116610408   7.447361478  1 11 30.48 2009  5 23 2454974.57387207    39  filtro desconhecido   targ_cat_global_reduction_sat_gr1                  Albiorix              2044  4098     1  99.999  99.999
   0.108  -0.317  561.91    8.41 1.211     19.41    101.88 24.598 24.081 99.999 20.448 19.763 99.999 99.999 99.999  0.994 99.999 99.999 99.999 99.999  99.999  99.999  99.999  99.999  0.019  0.019  0.004  0.004  0.029  0.028  245  494  0.000  0.000    0  11.116611193   7.447343365  1 11 30.48 2009  5 23 2454974.57604835    39  filtro desconhecido   targ_cat_global_reduction_sat_gr1                  Albiorix              2044  4098     1  99.999  99.999
   0.105  -0.314  561.91    8.41 0.783     19.41    101.88 24.598 24.081 99.999 20.733 19.935 99.999 99.999 99.999  0.994 99.999 99.999 99.999 99.999  99.999  99.999  99.999  99.999  0.019  0.019  0.004  0.004  0.027  0.027  245  558  0.000  0.000    0  11.116611829   7.447331032  1 11 30.48 2009  5 23 2454974.57823193    39  filtro desconhecido   targ_cat_global_reduction_sat_gr1                  Albiorix              2044  4098     1  99.999  99.999
   0.073  -0.265  561.91    8.41 0.939     19.41    101.88 24.598 24.081 99.999 20.605 19.810 99.999 99.999 99.999  0.994 99.999 99.999 99.999 99.999  99.999  99.999  99.999  99.999  0.001  0.001  0.003  0.004  0.026  0.029  245  566  0.000  0.000    0  11.116611899   7.447332336  1 11 30.48 2009  5 23 2454974.58033515    39  filtro desconhecido   targ_cat_global_reduction_sat_gr1                  Albiorix              2044  4098     1  99.999  99.999
