   0.103   0.002 1091.92    6.33 1.084    238.20    134.84 23.533 23.320 99.999 17.316 17.145 99.999 99.999 99.999  0.844 99.999  0.160  1.000  1.000  99.999  99.999  99.999  99.999  0.006  0.006  0.004  0.004  0.029  0.032 1746 1640  0.000  0.000    0  16.616831123 -21.369290902 23 36 10.25 2007  9  9 2454353.48345198    29  filtro desconhecido   targ_cat_global_reduction_sat_gr1                  Elara                 2044  4098     1  99.999  99.999
   0.088  -0.003 1091.92    6.33 1.012    238.20    134.84 23.533 23.320 99.999 17.385 17.206 99.999 99.999 99.999  0.844 99.999  0.160  1.000  1.000  99.999  99.999  99.999  99.999  0.005  0.005  0.004  0.004  0.027  0.028 1746 1703  0.000  0.000    0  16.616838219 -21.369304560 23 36 10.25 2007  9  9 2454353.48452182    29  filtro desconhecido   targ_cat_global_reduction_sat_gr1                  Elara                 2044  4098     1  99.999  99.999
   0.105   0.009 1091.92    6.33 1.130    238.20    134.84 23.533 23.320 99.999 17.361 17.209 99.999 99.999 99.999  0.844 99.999  0.160  1.000  1.000  99.999  99.999  99.999  99.999  0.007  0.007  0.004  0.004  0.029  0.033 1746 1472  0.000  0.000    0  16.616845970 -21.369312924 23 36 10.25 2007  9  9 2454353.48559421    29  filtro desconhecido   targ_cat_global_reduction_sat_gr1                  Elara                 2044  4098     1  99.999  99.999
   0.106   0.001 1091.92    6.33 0.957    238.20    134.84 23.533 23.320 99.999 17.361 17.185 99.999 99.999 99.999  0.844 99.999  0.160  1.000  1.000  99.999  99.999  99.999  99.999  0.005  0.005  0.003  0.003  0.027  0.028 1746 1714  0.000  0.000    0  16.616853916 -21.369328468 23 36 10.25 2007  9  9 2454353.48674128    29  filtro desconhecido   targ_cat_global_reduction_sat_gr1                  Elara                 2044  4098     1  99.999  99.999
   0.103   0.010 1091.92    6.33 0.967    238.20    134.84 23.533 23.320 99.999 17.402 17.220 99.999 99.999 99.999  0.844 99.999  0.160  1.000  1.000  99.999  99.999  99.999  99.999  0.005  0.005  0.003  0.003  0.026  0.029 1746 1835  0.000  0.000    0  16.616861636 -21.369338405 23 36 10.25 2007  9  9 2454353.48786369    29  filtro desconhecido   targ_cat_global_reduction_sat_gr1                  Elara                 2044  4098     1  99.999  99.999
   0.098  -0.006 1091.92    6.33 0.922    238.20    134.84 23.533 23.320 99.999 17.350 17.168 99.999 99.999 99.999  0.844 99.999  0.160  1.000  1.000  99.999  99.999  99.999  99.999  0.004  0.004  0.003  0.003  0.026  0.028 1746 1835  0.000  0.000    0  16.616869192 -21.369355242 23 36 10.25 2007  9  9 2454353.48897243    29  filtro desconhecido   targ_cat_global_reduction_sat_gr1                  Elara                 2044  4098     1  99.999  99.999
   0.110  -0.009 1091.92    6.33 0.989    238.20    134.84 23.533 23.320 99.999 17.332 17.155 99.999 99.999 99.999  0.844 99.999  0.160  1.000  1.000  99.999  99.999  99.999  99.999  0.006  0.006  0.003  0.003  0.028  0.031 1746 1761  0.000  0.000    0  16.616877182 -21.369368964 23 36 10.25 2007  9  9 2454353.49009472    29  filtro desconhecido   targ_cat_global_reduction_sat_gr1                  Elara                 2044  4098     1  99.999  99.999
   0.105  -0.006 1091.92    6.33 1.100    238.20    134.84 23.533 23.320 99.999 17.323 17.170 99.999 99.999 99.999  0.844 99.999  0.160  1.000  1.000  99.999  99.999  99.999  99.999  0.004  0.004  0.004  0.004  0.031  0.032 1746 1530  0.000  0.000    0  16.616884778 -21.369380626 23 36 10.25 2007  9  9 2454353.49120636    29  filtro desconhecido   targ_cat_global_reduction_sat_gr1                  Elara                 2044  4098     1  99.999  99.999
   0.099  -0.001 1091.92    6.33 0.985    238.20    134.84 23.533 23.320 99.999 17.332 17.139 99.999 99.999 99.999  0.844 99.999  0.160  1.000  1.000  99.999  99.999  99.999  99.999  0.004  0.004  0.003  0.003  0.027  0.029 1746 1671  0.000  0.000    0  16.616892491 -21.369391623 23 36 10.25 2007  9  9 2454353.49233618    29  filtro desconhecido   targ_cat_global_reduction_sat_gr1                  Elara                 2044  4098     1  99.999  99.999
  -0.031   0.101  547.35    6.61 1.088    329.24    125.49 23.698 23.428 99.999 16.984 16.830 99.999 99.999 99.999  0.865 99.999  0.120  0.150  0.210  99.999  99.999  99.999  99.999  0.005  0.005  0.003  0.003  0.028  0.030 1836 1754 -0.000  0.001    0  16.616902184 -21.369383270 23 51 31.40 2007  9  9 2454353.49411346    29  filtro desconhecido   targ_cat_global_reduction_sat_gr1                  Elara                 2044  4098     1  99.999  99.999
  -0.027   0.103  547.35    6.61 1.214    329.24    125.49 23.698 23.428 99.999 17.048 16.921 99.999 99.999 99.999  0.865 99.999  0.120  0.150  0.210  99.999  99.999  99.999  99.999  0.005  0.005  0.003  0.003  0.029  0.032 1836 1607 -0.000  0.001    0  16.616910111 -21.369395518 23 51 31.40 2007  9  9 2454353.49524328    29  filtro desconhecido   targ_cat_global_reduction_sat_gr1                  Elara                 2044  4098     1  99.999  99.999
  -0.018   0.113  547.35    6.61 1.215    329.24    125.49 23.698 23.428 99.999 16.984 16.844 99.999 99.999 99.999  0.865 99.999  0.120  0.150  0.210  99.999  99.999  99.999  99.999  0.005  0.005  0.003  0.003  0.029  0.029 1836 1800 -0.000  0.001    0  16.616917983 -21.369405211 23 51 31.40 2007  9  9 2454353.49635607    29  filtro desconhecido   targ_cat_global_reduction_sat_gr1                  Elara                 2044  4098     1  99.999  99.999
  -0.023   0.102  547.35    6.61 1.129    329.24    125.49 23.698 23.428 99.999 16.969 16.835 99.999 99.999 99.999  0.865 99.999  0.120  0.150  0.210  99.999  99.999  99.999  99.999  0.004  0.004  0.003  0.003  0.030  0.029 1836 1759 -0.000  0.001    0  16.616925566 -21.369420903 23 51 31.40 2007  9  9 2454353.49747003    29  filtro desconhecido   targ_cat_global_reduction_sat_gr1                  Elara                 2044  4098     1  99.999  99.999
  -0.022   0.111  547.35    6.61 1.205    329.24    125.49 23.698 23.428 99.999 16.990 16.873 99.999 99.999 99.999  0.865 99.999  0.120  0.150  0.210  99.999  99.999  99.999  99.999  0.005  0.005  0.003  0.003  0.030  0.031 1836 1609 -0.000  0.001    0  16.616933400 -21.369430872 23 51 31.40 2007  9  9 2454353.49859452    29  filtro desconhecido   targ_cat_global_reduction_sat_gr1                  Elara                 2044  4098     1  99.999  99.999
  -0.030   0.116  547.35    6.61 1.057    329.24    125.49 23.698 23.428 99.999 17.002 16.852 99.999 99.999 99.999  0.865 99.999  0.120  0.150  0.210  99.999  99.999  99.999  99.999  0.004  0.004  0.003  0.003  0.029  0.031 1836 1796 -0.000  0.001    0  16.616940980 -21.369441827 23 51 31.40 2007  9  9 2454353.49971449    29  filtro desconhecido   targ_cat_global_reduction_sat_gr1                  Elara                 2044  4098     1  99.999  99.999
  -0.033   0.100  547.35    6.61 1.311    329.24    125.49 23.698 23.428 99.999 16.975 16.884 99.999 99.999 99.999  0.865 99.999  0.120  0.150  0.210  99.999  99.999  99.999  99.999  0.006  0.006  0.003  0.003  0.032  0.033 1836 1457 -0.000  0.001    0  16.616948845 -21.369459294 23 51 31.40 2007  9  9 2454353.50085797    29  filtro desconhecido   targ_cat_global_reduction_sat_gr1                  Elara                 2044  4098     1  99.999  99.999
  -0.036   0.100  547.35    6.61 1.269    329.24    125.49 23.698 23.428 99.999 16.974 16.834 99.999 99.999 99.999  0.865 99.999  0.120  0.150  0.210  99.999  99.999  99.999  99.999  0.005  0.005  0.003  0.003  0.032  0.031 1836 1616 -0.000  0.001    0  16.616956585 -21.369471824 23 51 31.40 2007  9  9 2454353.50198651    29  filtro desconhecido   targ_cat_global_reduction_sat_gr1                  Elara                 2044  4098     1  99.999  99.999
  -0.020   0.098  547.35    6.61 1.396    329.24    125.49 23.698 23.428 99.999 16.944 16.863 99.999 99.999 99.999  0.865 99.999  0.120  0.150  0.210  99.999  99.999  99.999  99.999  0.006  0.006  0.003  0.003  0.033  0.033 1836 1456 -0.000  0.001    0  16.616964767 -21.369485397 23 51 31.40 2007  9  9 2454353.50311992    29  filtro desconhecido   targ_cat_global_reduction_sat_gr1                  Elara                 2044  4098     1  99.999  99.999
   0.127  -0.098    9.74   17.48 2.016   2278.68    422.97 23.622 23.552 99.999 17.647 17.488 99.999 99.999 99.999  0.962 99.999  0.020  0.020  0.040  99.999  99.999   0.004   0.003  0.010  0.010  0.002  0.002  0.031  0.029 1466 1396  0.000 -0.000    0  16.617568729 -21.370489675  2  8 43.22 2007  9 10 2454353.58938916    79  filtro desconhecido   targ_cat_global_reduction_sat_gr1                  Elara                 2044  4098     1  99.999  99.999
   0.139  -0.098    9.74   17.48 1.909   2278.68    422.97 23.622 23.552 99.999 17.575 17.391 99.999 99.999 99.999  0.962 99.999  0.020  0.020  0.040  99.999  99.999   0.004   0.003  0.007  0.007  0.002  0.002  0.028  0.029 1466 1324  0.000 -0.000    0  16.617583407 -21.370512163  2  8 43.22 2007  9 10 2454353.59144976    79  filtro desconhecido   targ_cat_global_reduction_sat_gr1                  Elara                 2044  4098     1  99.999  99.999
   0.144  -0.101    9.74   17.48 1.790   2278.68    422.97 23.622 23.552 99.999 17.551 17.361 99.999 99.999 99.999  0.962 99.999  0.020  0.020  0.040  99.999  99.999   0.004   0.003  0.006  0.006  0.002  0.002  0.027  0.026 1466 1504  0.000 -0.000    0  16.617597890 -21.370535148  2  8 43.22 2007  9 10 2454353.59349936    79  filtro desconhecido   targ_cat_global_reduction_sat_gr1                  Elara                 2044  4098     1  99.999  99.999
   0.132  -0.098    9.74   17.48 1.707   2278.68    422.97 23.622 23.552 99.999 17.626 17.413 99.999 99.999 99.999  0.962 99.999  0.020  0.020  0.040  99.999  99.999   0.004   0.003  0.006  0.006  0.002  0.001  0.026  0.025 1466 1778  0.000 -0.000    0  16.617612099 -21.370556669  2  8 43.22 2007  9 10 2454353.59555626    79  filtro desconhecido   targ_cat_global_reduction_sat_gr1                  Elara                 2044  4098     1  99.999  99.999
   0.142  -0.080    9.74   17.48 1.885   2278.68    422.97 23.622 23.552 99.999 17.607 17.423 99.999 99.999 99.999  0.962 99.999  0.020  0.020  0.040  99.999  99.999   0.004   0.003  0.006  0.006  0.002  0.002  0.028  0.029 1466 1439  0.000 -0.000    0  16.617626239 -21.370573347  2  8 43.22 2007  9 10 2454353.59754010    79  filtro desconhecido   targ_cat_global_reduction_sat_gr1                  Elara                 2044  4098     1  99.999  99.999
   0.155  -0.087    9.74   17.48 1.772   2278.68    422.97 23.622 23.552 99.999 17.596 17.375 99.999 99.999 99.999  0.962 99.999  0.020  0.020  0.040  99.999  99.999   0.004   0.003  0.005  0.005  0.002  0.002  0.029  0.028 1466 1563  0.000 -0.000    0  16.617640914 -21.370597532  2  8 43.22 2007  9 10 2454353.59959317    79  filtro desconhecido   targ_cat_global_reduction_sat_gr1                  Elara                 2044  4098     1  99.999  99.999
   0.151  -0.100    9.74   17.48 1.916   2278.68    422.97 23.622 23.552 99.999 17.546 17.355 99.999 99.999 99.999  0.962 99.999  0.020  0.020  0.040  99.999  99.999   0.004   0.003  0.006  0.006  0.002  0.002  0.030  0.027 1466 1485  0.000 -0.000    0  16.617654815 -21.370622791  2  8 43.22 2007  9 10 2454353.60158303    79  filtro desconhecido   targ_cat_global_reduction_sat_gr1                  Elara                 2044  4098     1  99.999  99.999
   0.158  -0.103    9.74   17.48 1.786   2278.68    422.97 23.622 23.552 99.999 17.602 17.400 99.999 99.999 99.999  0.962 99.999  0.020  0.020  0.040  99.999  99.999   0.004   0.003  0.005  0.005  0.002  0.002  0.029  0.028 1466 1493  0.000 -0.000    0  16.617669283 -21.370645874  2  8 43.22 2007  9 10 2454353.60361967    79  filtro desconhecido   targ_cat_global_reduction_sat_gr1                  Elara                 2044  4098     1  99.999  99.999
   0.157  -0.107    9.74   17.48 2.100   2278.68    422.97 23.622 23.552 99.999 17.600 17.488 99.999 99.999 99.999  0.962 99.999  0.020  0.020  0.040  99.999  99.999   0.004   0.003  0.009  0.009  0.002  0.002  0.031  0.029 1466 1132  0.000 -0.000    0  16.617683231 -21.370668318  2  8 43.22 2007  9 10 2454353.60560721    79  filtro desconhecido   targ_cat_global_reduction_sat_gr1                  Elara                 2044  4098     1  99.999  99.999
   0.061  -0.113   76.03    7.40 1.339    610.96   2624.39 25.388 25.165 99.999 17.009 16.822 99.999 99.999 99.999  0.453 99.999 99.999 99.999 99.999  99.999  99.999  99.999  99.999  0.004  0.004  0.001  0.002  0.024  0.026 1694 1839 -0.000 -0.000    0  19.501379633 -21.516768544  5 43 10.15 2008  6  1 2454618.73831187   299  filtro desconhecido   targ_cat_global_reduction_sat_gr1                  Elara                 2044  4098     1  99.999  99.999
  -0.127  -0.131   76.03    7.40 1.555    610.96   2624.39 25.388 25.165 99.999 17.115 17.005 99.999 99.999 99.999  0.453 99.999 99.999 99.999 99.999  99.999  99.999  99.999  99.999  0.004  0.004  0.001  0.001  0.022  0.025 1694 2377 -0.000 -0.000    0  19.501347750 -21.516811602  5 43 10.15 2008  6  1 2454618.74278898   299  filtro desconhecido   targ_cat_global_reduction_sat_gr1                  Elara                 2044  4098     1  99.999  99.999
  -0.216  -0.139   76.03    7.40 1.552    610.96   2624.39 25.388 25.165 99.999 17.232 17.080 99.999 99.999 99.999  0.453 99.999 99.999 99.999 99.999  99.999  99.999  99.999  99.999  0.006  0.006  0.002  0.002  0.026  0.025 1694 1716 -0.000 -0.000    0  19.501311529 -21.516860399  5 43 10.15 2008  6  1 2454618.74827064   299  filtro desconhecido   targ_cat_global_reduction_sat_gr1                  Elara                 2044  4098     1  99.999  99.999
  -0.060  -0.126   76.03    7.40 1.624    610.96   2624.39 25.388 25.165 99.999 17.178 17.044 99.999 99.999 99.999  0.453 99.999 99.999 99.999 99.999  99.999  99.999  99.999  99.999  0.004  0.004  0.001  0.001  0.024  0.022 1694 2547 -0.000 -0.000    0  19.501286336 -21.516894762  5 43 10.15 2008  6  1 2454618.75276894   299  filtro desconhecido   targ_cat_global_reduction_sat_gr1                  Elara                 2044  4098     1  99.999  99.999
   0.016  -0.085  716.18    3.72 0.663    187.37    688.14 25.340 25.201 99.999 16.921 16.793 99.999 99.999 99.999  0.441 99.999 99.999 99.999 99.999  99.999  99.999  99.999  99.999  0.003  0.003  0.001  0.001  0.009  0.010 1708 1845 -0.000 -0.000    0  19.481821812 -21.543818788  7 34 22.05 2008  6  4 2454621.81553304    79  filtro desconhecido   targ_cat_global_reduction_sat_gr1                  Elara                 2044  4098     1  99.999  99.999
   0.012  -0.095  716.18    3.72 0.800    187.37    688.14 25.340 25.201 99.999 17.090 16.900 99.999 99.999 99.999  0.441 99.999 99.999 99.999 99.999  99.999  99.999  99.999  99.999  0.007  0.007  0.001  0.001  0.012  0.011 1708 1205 -0.000 -0.000    0  19.481791966 -21.543862951  7 34 22.05 2008  6  4 2454621.81988766    79  filtro desconhecido   targ_cat_global_reduction_sat_gr1                  Elara                 2044  4098     1  99.999  99.999
   0.399   0.024 1208.68   47.09 1.161  15848.55   1985.82 25.876 25.730 99.999 16.756 16.506 99.999 99.999 99.999  0.088 99.999  0.030  0.030  0.010  99.999  99.999   0.002   0.002  0.019  0.019  0.003  0.002  0.024  0.013   34  714  0.000  0.000    0  21.898344363 -13.800497003  8 21 54.39 2009  5 23 2454974.85937717    39  filtro desconhecido   targ_cat_global_reduction_sat_gr1                  Elara                 2044  4098     1  99.999  99.999
   0.102   0.054 1208.68   47.09 0.628  15848.55   1985.82 25.876 25.730 99.999 17.386 16.827 99.999 99.999 99.999  0.088 99.999  0.030  0.030  0.010  99.999  99.999   0.002   0.002  0.006  0.006  0.002  0.002  0.015  0.015   34  590  0.000  0.000    0  21.898393501 -13.800349359  8 21 54.39 2009  5 23 2454974.86827824    39  filtro desconhecido   targ_cat_global_reduction_sat_gr1                  Elara                 2044  4098     1  99.999  99.999
   0.104   0.054 1208.68   47.09 0.736  15848.55   1985.82 25.876 25.730 99.999 17.786 17.468 99.999 99.999 99.999  0.088 99.999  0.030  0.030  0.010  99.999  99.999   0.002   0.002  0.016  0.016  0.002  0.002  0.012  0.012   34  245  0.000  0.000    0  21.898418125 -13.800286632  8 21 54.39 2009  5 23 2454974.87227624    39  filtro desconhecido   targ_cat_global_reduction_sat_gr1                  Elara                 2044  4098     1  99.999  99.999
   0.144   0.060 1208.68   47.09 0.884  15848.55   1985.82 25.876 25.730 99.999 17.598 17.036 99.999 99.999 99.999  0.088 99.999  0.030  0.030  0.010  99.999  99.999   0.002   0.002  0.035  0.029  0.004  0.003  0.024  0.017   34  232  0.000  0.000    0  21.898451335 -13.800202424  8 21 54.39 2009  5 23 2454974.87754880    39  filtro desconhecido   targ_cat_global_reduction_sat_gr1                  Elara                 2044  4098     1  99.999  99.999
   0.116   0.079 1208.68   47.09 0.661  15848.55   1985.82 25.876 25.730 99.999 17.234 16.624 99.999 99.999 99.999  0.088 99.999  0.030  0.030  0.010  99.999  99.999   0.002   0.002  0.005  0.005  0.002  0.002  0.017  0.017   34  748  0.000  0.000    0  21.898464925 -13.800161204  8 21 54.39 2009  5 23 2454974.87984847    39  filtro desconhecido   targ_cat_global_reduction_sat_gr1                  Elara                 2044  4098     1  99.999  99.999
   0.115   0.085 1208.68   47.09 1.057  15848.55   1985.82 25.876 25.730 99.999 17.374 16.885 99.999 99.999 99.999  0.088 99.999  0.030  0.030  0.010  99.999  99.999   0.002   0.002  0.024  0.024  0.002  0.001  0.022  0.016   34 1079  0.000  0.000    0  21.898484966 -13.800108457  8 21 54.39 2009  5 23 2454974.88311258    39  filtro desconhecido   targ_cat_global_reduction_sat_gr1                  Elara                 2044  4098     1  99.999  99.999
   0.215   0.090 1208.68   47.09 0.785  15848.55   1985.82 25.876 25.730 99.999 17.188 16.439 99.999 99.999 99.999  0.088 99.999  0.030  0.030  0.010  99.999  99.999   0.002   0.002  0.014  0.014  0.001  0.001  0.016  0.017   34  976  0.000  0.000    0  21.898532046 -13.799991441  8 21 54.39 2009  5 23 2454974.89046369    39  filtro desconhecido   targ_cat_global_reduction_sat_gr1                  Elara                 2044  4098     1  99.999  99.999
   0.119   0.070 1208.68   47.09 0.810  15848.55   1985.82 25.876 25.730 99.999 17.268 16.665 99.999 99.999 99.999  0.088 99.999  0.030  0.030  0.010  99.999  99.999   0.002   0.002  0.003  0.003  0.001  0.001  0.019  0.018   34  906  0.000  0.000    0  21.898631412 -13.799737265  8 21 54.39 2009  5 23 2454974.90695453    39  filtro desconhecido   targ_cat_global_reduction_sat_gr1                  Elara                 2044  4098     1  99.999  99.999
   0.106   0.071 1208.68   47.09 0.810  15848.55   1985.82 25.876 25.730 99.999 17.288 16.623 99.999 99.999 99.999  0.088 99.999  0.030  0.030  0.010  99.999  99.999   0.002   0.002  0.002  0.002  0.002  0.002  0.024  0.024   34  564  0.000  0.000    0  21.898645157 -13.799700819  8 21 54.39 2009  5 23 2454974.90923765    39  filtro desconhecido   targ_cat_global_reduction_sat_gr1                  Elara                 2044  4098     1  99.999  99.999
   0.127   0.086 1208.68   47.09 0.798  15848.55   1985.82 25.876 25.730 99.999 17.254 16.700 99.999 99.999 99.999  0.088 99.999  0.030  0.030  0.010  99.999  99.999   0.002   0.002  0.005  0.005  0.002  0.002  0.019  0.022   34  796  0.000  0.000    0  21.898665174 -13.799646291  8 21 54.39 2009  5 23 2454974.91243510    39  filtro desconhecido   targ_cat_global_reduction_sat_gr1                  Elara                 2044  4098     1  99.999  99.999
   0.131   0.075 1208.68   47.09 0.959  15848.55   1985.82 25.876 25.730 99.999 17.300 16.752 99.999 99.999 99.999  0.088 99.999  0.030  0.030  0.010  99.999  99.999   0.002   0.002  0.004  0.004  0.002  0.002  0.019  0.018   34  896  0.000  0.000    0  21.898676447 -13.799620480  8 21 54.39 2009  5 23 2454974.91426377    39  filtro desconhecido   targ_cat_global_reduction_sat_gr1                  Elara                 2044  4098     1  99.999  99.999
   0.149   0.078 1208.68   47.09 1.077  15848.55   1985.82 25.876 25.730 99.999 17.325 16.748 99.999 99.999 99.999  0.088 99.999  0.030  0.030  0.010  99.999  99.999   0.002   0.002  0.004  0.004  0.002  0.002  0.020  0.021   34  788  0.000  0.000    0  21.898687922 -13.799590918  8 21 54.39 2009  5 23 2454974.91608167    39  filtro desconhecido   targ_cat_global_reduction_sat_gr1                  Elara                 2044  4098     1  99.999  99.999
   0.139   0.070 1208.68   47.09 0.881  15848.55   1985.82 25.876 25.730 99.999 17.367 16.649 99.999 99.999 99.999  0.088 99.999  0.030  0.030  0.010  99.999  99.999   0.002   0.002  0.004  0.004  0.002  0.002  0.020  0.020   34  896  0.000  0.000    0  21.898698959 -13.799564156  8 21 54.39 2009  5 23 2454974.91791069    39  filtro desconhecido   targ_cat_global_reduction_sat_gr1                  Elara                 2044  4098     1  99.999  99.999
   0.130   0.068 1208.68   47.09 0.846  15848.55   1985.82 25.876 25.730 99.999 17.330 16.644 99.999 99.999 99.999  0.088 99.999  0.030  0.030  0.010  99.999  99.999   0.002   0.002  0.003  0.003  0.002  0.002  0.020  0.019   34  848  0.000  0.000    0  21.898709473 -13.799537199  8 21 54.39 2009  5 23 2454974.91965798    39  filtro desconhecido   targ_cat_global_reduction_sat_gr1                  Elara                 2044  4098     1  99.999  99.999
   0.099   0.051 1208.68   47.09 0.952  15848.55   1985.82 25.876 25.730 99.999 17.354 16.721 99.999 99.999 99.999  0.088 99.999  0.030  0.030  0.010  99.999  99.999   0.002   0.002  0.003  0.003  0.002  0.002  0.023  0.025   34  545  0.000  0.000    0  21.898722859 -13.799505770  8 21 54.39 2009  5 23 2454974.92193566    39  filtro desconhecido   targ_cat_global_reduction_sat_gr1                  Elara                 2044  4098     1  99.999  99.999
   0.124   0.069 1208.68   47.09 0.896  15848.55   1985.82 25.876 25.730 99.999 17.294 16.644 99.999 99.999 99.999  0.088 99.999  0.030  0.030  0.010  99.999  99.999   0.002   0.002  0.003  0.003  0.003  0.003  0.026  0.025   34  473  0.000  0.000    0  21.898735761 -13.799468767  8 21 54.39 2009  5 23 2454974.92396076    39  filtro desconhecido   targ_cat_global_reduction_sat_gr1                  Elara                 2044  4098     1  99.999  99.999
   0.108   0.047 1208.68   47.09 0.927  15848.55   1985.82 25.876 25.730 99.999 17.273 16.525 99.999 99.999 99.999  0.088 99.999  0.030  0.030  0.010  99.999  99.999   0.002   0.002  0.004  0.004  0.003  0.003  0.028  0.025   34  487  0.000  0.000    0  21.898746586 -13.799446175  8 21 54.39 2009  5 23 2454974.92577947    39  filtro desconhecido   targ_cat_global_reduction_sat_gr1                  Elara                 2044  4098     1  99.999  99.999
   0.097   0.064 1208.68   47.09 0.930  15848.55   1985.82 25.876 25.730 99.999 17.304 16.582 99.999 99.999 99.999  0.088 99.999  0.030  0.030  0.010  99.999  99.999   0.002   0.002  0.003  0.003  0.003  0.003  0.025  0.029   34  474  0.000  0.000    0  21.898757649 -13.799412334  8 21 54.39 2009  5 23 2454974.92762076    39  filtro desconhecido   targ_cat_global_reduction_sat_gr1                  Elara                 2044  4098     1  99.999  99.999
   0.099   0.054 1208.68   47.09 1.130  15848.55   1985.82 25.876 25.730 99.999 17.360 16.676 99.999 99.999 99.999  0.088 99.999  0.030  0.030  0.010  99.999  99.999   0.002   0.002  0.003  0.003  0.003  0.003  0.027  0.026   34  494  0.000  0.000    0  21.898768393 -13.799387142  8 21 54.39 2009  5 23 2454974.92936713    39  filtro desconhecido   targ_cat_global_reduction_sat_gr1                  Elara                 2044  4098     1  99.999  99.999
