   0.040  -0.116  268.15  449.45 2.024    391.31   3948.06 25.773 25.313 99.999 19.291 18.831 99.999 99.999 99.999  0.794  0.542 99.999 99.999 99.999  99.999  99.999  99.999  99.999  0.061  0.061  0.018  0.016  0.050  0.044   14   13 99.999 99.999   99   1.958774646  10.673346905 23 59 49.78 1999 10  9 2451461.49988171   360             R Cousins  1999/N19991009/P114380F1.FITS                      Leda                  1024  1024     1   0.000   0.000
   0.479  -0.039  294.31  442.12 2.222    598.49   7955.63 26.762 26.153 99.999 19.819 19.210 99.999 99.999 99.999  0.789  0.575 99.999 99.999 99.999  99.999  99.999  99.999  99.999  0.043  0.044  0.017  0.017  0.049  0.049   13   12 99.999 99.999   99   1.958437353  10.671929057  0 50  1.95 1999 10 10 2451461.53474479   720             R Cousins  1999/N19991009/P114383F1.FITS                      Leda                  1024  1024     1   0.000   0.000
   0.349  -0.034  257.46  441.72 2.112    334.53   3784.54 25.579 24.991 99.999 19.268 18.680 99.999 99.999 99.999  0.801  0.678 99.999 99.999 99.999  99.999  99.999  99.999  99.999  0.027  0.027  0.024  0.026  0.061  0.065   15   13 99.999 99.999   99   1.948783073  10.630837694  0 36 11.43 1999 10 11 2451462.52513229   360             R Cousins  1999/N19991010/P114465F1.FITS                      Leda                  1024  1024     1   0.000   0.000
   0.603  -0.033  270.95  437.88 3.082    609.01   7944.02 26.399 25.912 99.999 19.437 18.951 99.999 99.999 99.999  1.046  0.798 99.999 99.999 99.999  99.999  99.999  99.999  99.999  0.000  0.000  0.030  0.019  0.079  0.051   13   12 99.999 99.999   99   1.948611019  10.630096405  1  1 45.16 1999 10 11 2451462.54288380   720             R Cousins  1999/N19991010/P114467F1.FITS                      Leda                  1024  1024     1   0.000   0.000
   0.088  -0.156  279.38  435.61 2.853    691.34   3754.03 25.821 25.349 99.999 18.722 18.249 99.999 99.999 99.999  0.841  0.719 99.999 99.999 99.999  99.999  99.999  99.999  99.999  0.104  0.104  0.026  0.023  0.068  0.059   15   12 99.999 99.999   99   1.948501902  10.629644752  1 16  7.78 1999 10 11 2451462.55286782   360             R Cousins  1999/N19991010/P114468F1.FITS                      Leda                  1024  1024     1   0.000   0.000
   0.264  -0.111  283.12  434.56 1.626    492.19   4093.48 26.321 25.708 99.999 19.591 18.978 99.999 99.999 99.999  0.573  0.653 99.999 99.999 99.999  99.999  99.999  99.999  99.999  0.098  0.095  0.026  0.022  0.067  0.057   13   11 99.999 99.999   99   1.948454077  10.629442107  1 23 31.38 1999 10 11 2451462.55800208   360             R Cousins  1999/N19991010/P114469F1.FITS                      Leda                  1024  1024     1   0.000   0.000
   0.233  -0.127  287.26  433.37 1.567    449.95   4091.04 26.189 25.768 99.999 19.556 19.135 99.999 99.999 99.999  0.799  0.713 99.999 99.999 99.999  99.999  99.999  99.999  99.999  0.093  0.092  0.028  0.019  0.070  0.049   12   10 99.999 99.999   99   1.948402354  10.629222886  1 30 55.32 1999 10 11 2451462.56314028   360             R Cousins  1999/N19991010/P114470F1.FITS                      Leda                  1024  1024     1   0.000   0.000
   0.286   0.037  291.12  432.56 1.630    450.59   4060.00 25.929 25.286 99.999 19.294 18.652 99.999 99.999 99.999  0.845  0.727 99.999 99.999 99.999  99.999  99.999  99.999  99.999  0.085  0.083  0.025  0.021  0.065  0.055   14   12 99.999 99.999   99   1.948352187  10.629053140  1 38 19.26 1999 10 11 2451462.56827847   360             R Cousins  1999/N19991010/P114471F1.FITS                      Leda                  1024  1024     1   0.000   0.000
  -0.037  -0.175  789.05  418.93 2.544    169.42    462.97 24.761 24.168 99.999 19.189 18.595 99.999 99.999 99.999  0.173  0.742 99.999 99.999 99.999  99.999  99.999  99.999  99.999  0.046  0.046  0.017  0.013  0.036  0.027    6    6 99.999 99.999   99   1.668957001   9.359839759 22 31 44.43 1999 11  9 2451492.43870868   100             R Cousins  1999/N19991109/P116695F1.FITS                      Leda                  1024  1024     1   0.000   0.000
   0.053  -0.077  791.00  417.90 1.829    115.48    510.64 24.631 24.001 99.999 19.475 18.845 99.999 99.999 99.999  0.114  0.756 99.999 99.999 99.999  99.999  99.999  99.999  99.999  0.030  0.030  0.025  0.023  0.054  0.050    6    6 99.999 99.999   99   1.668933662   9.359749561 22 36 11.76 1999 11  9 2451492.44180278   100             R Cousins  1999/N19991109/P116696F1.FITS                      Leda                  1024  1024     1   0.000   0.000
  -0.096   0.030  411.06  460.47 2.533    174.65    594.59 24.719 24.234 99.999 19.114 18.628 99.999 99.999 99.999  0.283  0.845 99.999 99.999 99.999  99.999  99.999  99.999  99.999  0.006  0.005  0.014  0.015  0.053  0.057   17   16 99.999 99.999   99   1.661430956   9.323698353 21 37 58.95 1999 11 10 2451493.40137674   100             R Cousins  1999/N19991110/P116779F1.FITS                      Leda                  1024  1024     1   0.000   0.000
   0.109   0.028  414.79  459.26 2.259    528.71   3033.67 26.312 25.791 99.999 19.504 18.983 99.999 99.999 99.999  0.512  0.933 99.999 99.999 99.999  99.999  99.999  99.999  99.999  0.007  0.007  0.019  0.020  0.058  0.061   16   13 99.999 99.999   99   1.661383443   9.323456634 21 47 18.46 1999 11 10 2451493.40785255   500             R Cousins  1999/N19991110/P116780F1.FITS                      Leda                  1024  1024     1   0.000   0.000
  -0.169  -0.029  419.47  457.95 2.243    547.89   2928.91 26.365 25.856 99.999 19.518 19.009 99.999 99.999 99.999  0.535  0.882 99.999 99.999 99.999  99.999  99.999  99.999  99.999  0.010  0.012  0.016  0.019  0.060  0.070   16   15 99.999 99.999   99   1.661324809   9.323189702 21 57  0.37 1999 11 10 2451493.41458762   500             R Cousins  1999/N19991110/P116781F1.FITS                      Leda                  1024  1024     1   0.000   0.000
  -0.024  -0.136  751.09  457.22 1.366    264.43   3156.18 26.209 25.629 99.999 20.153 19.573 99.999 99.999 99.999  0.510  0.880 99.999 99.999 99.999  99.999  99.999  99.999  99.999  0.006  0.006  0.016  0.022  0.044  0.059   12   11 99.999 99.999   99   1.661220656   9.322657489 22 16 25.12 1999 11 10 2451493.42806852   500             R Cousins  1999/N19991110/P116783F1.FITS                      Leda                  1024  1024     1   0.000   0.000
  -0.047  -0.192  759.65  454.46 2.486    559.08   2158.68 26.031 25.582 99.999 19.162 18.713 99.999 99.999 99.999  0.628  0.847 99.999 99.999 99.999  99.999  99.999  99.999  99.999  0.059  0.059  0.018  0.019  0.048  0.051   13   11 99.999 99.999   99   1.661112059   9.322132895 22 36  4.45 1999 11 10 2451493.44171817   400             R Cousins  1999/N19991110/P116785F1.FITS                      Leda                  1024  1024     1   0.000   0.000
  -0.147  -0.159  763.37  453.48 2.394    483.34   2233.25 26.105 25.492 99.999 19.395 18.781 99.999 99.999 99.999  0.450  0.894 99.999 99.999 99.999  99.999  99.999  99.999  99.999  0.026  0.026  0.019  0.021  0.049  0.054   12   10 99.999 99.999   99   1.661065965   9.321933700 22 44  6.61 1999 11 10 2451493.44729873   400             R Cousins  1999/N19991110/P116786F1.FITS                      Leda                  1024  1024     1   0.000   0.000
   0.009  -0.089  766.53  452.54 3.738   1344.53   1513.33 26.162 25.856 99.999 18.341 18.034 99.999 99.999 99.999  0.677  0.759 99.999 99.999 99.999  99.999  99.999  99.999  99.999  0.068  0.068  0.020  0.016  0.053  0.044   13   11 99.999 99.999   99   1.661024662   9.321744465 22 52  9.29 1999 11 10 2451493.45288530   400             R Cousins  1999/N19991110/P116787F1.FITS                      Leda                  1024  1024     1   0.000   0.000
  -0.012  -0.107  770.07  451.40 2.635    560.30   2226.17 26.179 25.638 99.999 19.308 18.766 99.999 99.999 99.999  0.471  0.805 99.999 99.999 99.999  99.999  99.999  99.999  99.999  0.025  0.022  0.015  0.021  0.037  0.052   12   11 99.999 99.999   99   1.660980074   9.321530824 23  0 11.65 1999 11 10 2451493.45846817   400             R Cousins  1999/N19991110/P116788F1.FITS                      Leda                  1024  1024     1   0.000   0.000
   0.009   0.092  536.53  405.93 3.017    329.54   2171.42 26.054 25.540 99.999 19.759 19.245 99.999 99.999 99.999  0.992  0.723 99.999 99.999 99.999  99.999  99.999  99.999  99.999  0.026  0.029  0.013  0.017  0.039  0.051   18   12 99.999 99.999   99   1.549290497   8.771297195 19 59 13.64 1999 11 29 2451512.33279676   400             R Cousins  1999/N19991129/P116928F1.FITS                      Leda                  1024  1024     1   0.000   0.000
  -0.092  -0.009  538.51  405.27 3.122    377.99   2158.37 26.080 25.585 99.999 19.636 19.141 99.999 99.999 99.999  0.908  0.756 99.999 99.999 99.999  99.999  99.999  99.999  99.999  0.059  0.060  0.011  0.016  0.042  0.061   19   15 99.999 99.999   99   1.549265769   8.771158572 20  7 16.27 1999 11 29 2451512.33838275   400             R Cousins  1999/N19991129/P116929F1.FITS                      Leda                  1024  1024     1   0.000   0.000
  -0.069   0.080  540.30  404.78 1.419    197.00   2436.88 26.063 25.608 99.999 20.327 19.872 99.999 99.999 99.999  0.983  0.739 99.999 99.999 99.999  99.999  99.999  99.999  99.999  0.067  0.067  0.011  0.019  0.041  0.070   19   15 99.999 99.999   99   1.549243393   8.771073128 20 15 18.23 1999 11 29 2451512.34396100   400             R Cousins  1999/N19991129/P116930F1.FITS                      Leda                  1024  1024     1   0.000   0.000
  -0.113   0.014  542.16  404.17 1.742    215.26   2425.37 26.065 25.645 99.999 20.233 19.812 99.999 99.999 99.999  0.959  0.727 99.999 99.999 99.999  99.999  99.999  99.999  99.999  0.076  0.076  0.009  0.017  0.036  0.065   20   16 99.999 99.999   99   1.549219803   8.770944754 20 23 19.99 1999 11 29 2451512.34953692   400             R Cousins  1999/N19991129/P116931F1.FITS                      Leda                  1024  1024     1   0.000   0.000
  -0.017  -0.133  120.73  344.14 2.079     80.62    594.23 24.773 24.138 99.999 20.007 19.371 99.999 99.999 99.999  0.844  0.712 99.999 99.999 99.999  99.999  99.999  99.999  99.999  0.075  0.075  0.025  0.034  0.042  0.056   17   16 99.999 99.999   99   1.549131700   8.770467999 20 55  2.23 1999 11 29 2451512.37155359   100             R Cousins  1999/N19991129/P116935F1.FITS                      Leda                  1024  1024     1   0.000   0.000
  -0.002  -0.031  124.13  343.10 2.713    254.26   2241.24 26.049 25.514 99.999 20.036 19.501 99.999 99.999 99.999  0.981  0.732 99.999 99.999 99.999  99.999  99.999  99.999  99.999  0.041  0.041  0.025  0.040  0.039  0.063   16   14 99.999 99.999   99   1.549087305   8.770279068 21 10 49.15 1999 11 29 2451512.38251331   400             R Cousins  1999/N19991129/P116937F1.FITS                      Leda                  1024  1024     1   0.000   0.000
  -0.134  -0.198  126.15  342.27 2.829    308.54   2212.28 26.118 25.606 99.999 19.895 19.383 99.999 99.999 99.999  1.005  0.723 99.999 99.999 99.999  99.999  99.999  99.999  99.999  0.050  0.050  0.026  0.046  0.041  0.073   16   14 99.999 99.999   99   1.549062067   8.770122080 21 18 51.08 1999 11 29 2451512.38809120   400             R Cousins  1999/N19991129/P116938F1.FITS                      Leda                  1024  1024     1   0.000   0.000
  -0.136  -0.019  129.45  341.36 2.890    342.79   2248.46 26.085 25.555 99.999 19.748 19.217 99.999 99.999 99.999  1.003  0.739 99.999 99.999 99.999  99.999  99.999  99.999  99.999  0.085  0.084  0.022  0.041  0.035  0.065   16   14 99.999 99.999   99   1.549019704   8.769965438 21 33 49.66 1999 11 29 2451512.39849144   400             R Cousins  1999/N19991129/P116939F1.FITS                      Leda                  1024  1024     1   0.000   0.000
  -0.048  -0.106  131.12  340.65 2.695    265.84   2118.85 26.070 25.638 99.999 20.009 19.576 99.999 99.999 99.999  0.997  0.707 99.999 99.999 99.999  99.999  99.999  99.999  99.999  0.052  0.052  0.028  0.034  0.047  0.056   16   15 99.999 99.999   99   1.548998626   8.769830241 21 41 52.37 1999 11 29 2451512.40407836   400             R Cousins  1999/N19991129/P116940F1.FITS                      Leda                  1024  1024     1   0.000   0.000
  -0.154  -0.121  133.01  340.02 1.908    290.93   2295.58 26.089 25.603 99.999 19.930 19.444 99.999 99.999 99.999  1.001  0.772 99.999 99.999 99.999  99.999  99.999  99.999  99.999  0.054  0.054  0.027  0.039  0.046  0.066   16   15 99.999 99.999   99   1.548973968   8.769715309 21 49 54.37 1999 11 29 2451512.40965706   400             R Cousins  1999/N19991129/P116941F1.FITS                      Leda                  1024  1024     1   0.000   0.000
   0.040   0.002  545.76  413.17 1.387    130.85    689.71 25.139 24.618 99.999 19.848 19.326 99.999 99.999 99.999  0.828  0.669 99.999 99.999 99.999  99.999  99.999  99.999  99.999  0.074  0.075  0.011  0.016  0.043  0.059   20   17 99.999 99.999   99   1.545644803   8.752730825 19  2 52.56 1999 11 30 2451513.29366389   100             R Cousins  1999/N19991130/P117038F1.FITS                      Leda                  1024  1024     1   0.000   0.000
   0.080   0.007  546.44  412.87 1.335    102.44    684.59 25.095 24.467 99.999 20.069 19.441 99.999 99.999 99.999  0.837  0.733 99.999 99.999 99.999  99.999  99.999  99.999  99.999  0.053  0.055  0.012  0.014  0.047  0.054   20   17 99.999 99.999   99   1.545633897   8.752675851 19  7 14.03 1999 11 30 2451513.29669016   100             R Cousins  1999/N19991130/P117039F1.FITS                      Leda                  1024  1024     1   0.000   0.000
   0.024  -0.137  548.87  412.11 1.683    612.48   3270.35 26.761 26.363 99.999 19.793 19.395 99.999 99.999 99.999  1.012  0.739 99.999 99.999 99.999  99.999  99.999  99.999  99.999  0.037  0.037  0.014  0.021  0.048  0.073   19   16 99.999 99.999   99   1.545603694   8.752495356 19 18  6.57 1999 11 30 2451513.30424271   500             R Cousins  1999/N19991130/P117040F1.FITS                      Leda                  1024  1024     1   0.000   0.000
   0.056   0.062  550.81  411.54 1.641    860.89   3179.83 26.942 26.663 99.999 19.605 19.325 99.999 99.999 99.999  1.095  0.771 99.999 99.999 99.999  99.999  99.999  99.999  99.999  0.036  0.036  0.017  0.020  0.052  0.061   18   12 99.999 99.999   99   1.545578323   8.752425343 19 27 48.60 1999 11 30 2451513.31097917   500             R Cousins  1999/N19991130/P117041F1.FITS                      Leda                  1024  1024     1   0.000   0.000
  -0.037  -0.083  553.03  410.84 3.015    918.95   2753.77 26.674 26.242 99.999 19.266 18.834 99.999 99.999 99.999  0.998  0.746 99.999 99.999 99.999  99.999  99.999  99.999  99.999  0.030  0.028  0.014  0.019  0.047  0.062   19   15 99.999 99.999   99   1.545550577   8.752259242 19 37 30.93 1999 11 30 2451513.31771910   500             R Cousins  1999/N19991130/P117042F1.FITS                      Leda                  1024  1024     1   0.000   0.000
   0.003  -0.115  555.04  410.18 2.643    922.75   2790.13 26.754 26.391 99.999 19.341 18.978 99.999 99.999 99.999  1.018  0.736 99.999 99.999 99.999  99.999  99.999  99.999  99.999  0.044  0.042  0.017  0.021  0.060  0.074   19   14 99.999 99.999   99   1.545525311   8.752124621 19 47 13.72 1999 11 30 2451513.32446435   500             R Cousins  1999/N19991130/P117043F1.FITS                      Leda                  1024  1024     1   0.000   0.000
   0.022  -0.081  556.90  409.56 1.808    509.49   3053.26 26.711 26.297 99.999 19.943 19.529 99.999 99.999 99.999  1.001  0.723 99.999 99.999 99.999  99.999  99.999  99.999  99.999  0.052  0.049  0.017  0.019  0.060  0.065   19   16 99.999 99.999   99   1.545499659   8.752008415 19 56 55.59 1999 11 30 2451513.33119896   500             R Cousins  1999/N19991130/P117044F1.FITS                      Leda                  1024  1024     1   0.000   0.000
  -0.016  -0.011  558.96  408.97 1.620    499.72   3022.51 26.599 26.093 99.999 19.852 19.346 99.999 99.999 99.999  0.966  0.775 99.999 99.999 99.999  99.999  99.999  99.999  99.999  0.048  0.048  0.011  0.018  0.044  0.070   19   18 99.999 99.999   99   1.545472983   8.751902264 20  6 37.62 1999 11 30 2451513.33793542   500             R Cousins  1999/N19991130/P117045F1.FITS                      Leda                  1024  1024     1   0.000   0.000
   0.052  -0.061  560.96  408.20 2.806    714.53   2652.10 26.520 26.026 99.999 19.385 18.891 99.999 99.999 99.999  0.950  0.738 99.999 99.999 99.999  99.999  99.999  99.999  99.999  0.000  0.000  0.013  0.017  0.045  0.057   19   16 99.999 99.999   99   1.545448245   8.751762370 20 16 19.95 1999 11 30 2451513.34467535   500             R Cousins  1999/N19991130/P117046F1.FITS                      Leda                  1024  1024     1   0.000   0.000
  -0.001  -0.001  288.81  342.88 2.161    496.81   3428.58 26.804 26.136 99.999 20.063 19.395 99.999 99.999 99.999  0.875  0.753 99.999 99.999 99.999  99.999  99.999  99.999  99.999  0.040  0.040  0.019  0.019  0.053  0.053   17   15 99.999 99.999   99   1.545010917   8.749644485 23  0 16.06 1999 11 30 2451513.45851921   600             R Cousins  1999/N19991130/P117072F1.FITS                      Leda                  1024  1024     1   0.000   0.000
   0.009  -0.034  291.27  342.11 2.303    589.56   3277.93 26.722 26.302 99.999 19.795 19.376 99.999 99.999 99.999  0.981  0.702 99.999 99.999 99.999  99.999  99.999  99.999  99.999  0.038  0.038  0.018  0.023  0.051  0.064   18   15 99.999 99.999   99   1.544981170   8.749486661 23 11 38.05 1999 11 30 2451513.46641262   600             R Cousins  1999/N19991130/P117073F1.FITS                      Leda                  1024  1024     1   0.000   0.000
  -0.013   0.085  312.93  465.99 2.028    240.32   2572.24 25.922 25.309 99.999 19.970 19.357 99.999 99.999 99.999  0.349  0.709 99.999 99.999 99.999  99.999  99.999  99.999  99.999  0.067  0.067  0.014  0.015  0.051  0.055   23   21 99.999 99.999   99   1.541998645   8.734215783 19 30 25.97 1999 12  1 2451514.31280058   500             R Cousins  1999/N19991201/P117165F1.FITS                      Leda                  1024  1024     1   0.000   0.000
  -0.127   0.072  314.91  465.37 4.739    856.89   1950.54 26.004 25.395 99.999 18.671 18.063 99.999 99.999 99.999  0.363  0.704 99.999 99.999 99.999  99.999  99.999  99.999  99.999  0.045  0.040  0.015  0.015  0.050  0.050   23   20 99.999 99.999   99   1.541972030   8.734094300 19 40  8.77 1999 12  1 2451514.31954595   500             R Cousins  1999/N19991201/P117166F1.FITS                      Leda                  1024  1024     1   0.000   0.000
  -0.197  -0.038  316.95  464.60 1.393    255.42   2692.80 26.141 25.470 99.999 20.122 19.452 99.999 99.999 99.999  0.392  0.780 99.999 99.999 99.999  99.999  99.999  99.999  99.999  0.023  0.022  0.015  0.015  0.052  0.052   23   20 99.999 99.999   99   1.541946288   8.733945312 19 49 50.77 1999 12  1 2451514.32628206   500             R Cousins  1999/N19991201/P117167F1.FITS                      Leda                  1024  1024     1   0.000   0.000
  -0.115  -0.057  619.49  436.72 1.369    238.64   3505.98 26.372 25.942 99.999 20.428 19.998 99.999 99.999 99.999  0.868  0.665 99.999 99.999 99.999  99.999  99.999  99.999  99.999  0.055  0.056  0.018  0.017  0.053  0.051   20   17 99.999 99.999   99   1.541712621   8.732797862 21 23 24.09 1999 12  1 2451514.39125104   600             R Cousins  1999/N19991201/P117178F1.FITS                      Leda                  1024  1024     1   0.000   0.000
  -0.034  -0.008  485.94  341.00 2.401    515.30   3029.13 26.405 25.641 99.999 19.624 18.861 99.999 99.999 99.999  0.355  0.681 99.999 99.999 99.999  99.999  99.999  99.999  99.999  0.039  0.039  0.023  0.023  0.055  0.056   21   18 99.999 99.999   99   1.538570636   8.716703900 20  8  0.46 1999 12  2 2451515.33889421   600             R Cousins  1999/N19991202/P117305F1.FITS                      Leda                  1024  1024     1   0.000   0.000
  -0.108  -0.095  488.24  340.22 1.093    216.40   3264.16 26.223 25.317 99.999 20.385 19.479 99.999 99.999 99.999  0.333  0.839 99.999 99.999 99.999  99.999  99.999  99.999  99.999  0.095  0.095  0.022  0.020  0.053  0.049   21   18 99.999 99.999   99   1.538542458   8.716549885 20 19 22.92 1999 12  2 2451515.34679306   600             R Cousins  1999/N19991202/P117306F1.FITS                      Leda                  1024  1024     1   0.000   0.000
  -0.097   0.007  490.41  339.67 2.199    415.41   3112.01 26.332 25.438 99.999 19.785 18.892 99.999 99.999 99.999  0.356  0.796 99.999 99.999 99.999  99.999  99.999  99.999  99.999  0.055  0.055  0.025  0.021  0.057  0.048   20   17 99.999 99.999   99   1.538515870   8.716448394 20 30 45.65 1999 12  2 2451515.35469502   600             R Cousins  1999/N19991202/P117307F1.FITS                      Leda                  1024  1024     1   0.000   0.000
  -0.083  -0.060  492.50  338.99 2.375    370.90   3080.50 26.299 25.432 99.999 19.876 19.008 99.999 99.999 99.999  0.337  0.773 99.999 99.999 99.999  99.999  99.999  99.999  99.999  0.057  0.070  0.023  0.020  0.055  0.048   21   18 99.999 99.999   99   1.538489384   8.716299807 20 42  7.98 1999 12  2 2451515.36259236   600             R Cousins  1999/N19991202/P117308F1.FITS                      Leda                  1024  1024     1   0.000   0.000
  -0.005   0.042  494.56  338.34 2.071    455.97   3089.17 26.489 25.670 99.999 19.842 19.023 99.999 99.999 99.999  0.351  0.777 99.999 99.999 99.999  99.999  99.999  99.999  99.999  0.039  0.039  0.023  0.022  0.055  0.052   21   18 99.999 99.999   99   1.538464105   8.716197669 20 53 30.62 1999 12  2 2451515.37049329   600             R Cousins  1999/N19991202/P117309F1.FITS                      Leda                  1024  1024     1   0.000   0.000
   0.092  -0.003  685.27  331.36 2.068    171.15   1711.11 25.410 25.341 99.999 19.826 19.758 99.999 99.999 99.999  0.430  0.784 99.999 99.999 99.999  99.999  99.999  99.999  99.999  0.066  0.064  0.034  0.029  0.066  0.056   23   13 99.999 99.999   99   1.527443832   8.659330466 21 37 53.52 1999 12  6 2451519.40131389   300             R Cousins  1999/N19991206/P117807F1.FITS                      Leda                  1024  1024     1   0.000   0.000
  -0.123  -0.083   26.65  152.70 2.001    773.74   2701.83 27.100 26.353 99.999 19.878 19.132 99.999 99.999 99.999  0.483  0.792 99.999 99.999 99.999  99.999  99.999  99.999  99.999  0.037  0.037  0.043  0.039  0.059  0.053   20   16 99.999 99.999   99   1.525363866   8.648430767 20 59 18.46 1999 12  7 2451520.37451921   600             R Cousins  1999/N19991207/P117938F1.FITS                      Leda                  1024  1024     1   0.000   0.000
  -0.033  -0.103   28.16  152.21 2.259    619.05   2867.91 26.994 26.363 99.999 20.014 19.384 99.999 99.999 99.999  0.593  0.838 99.999 99.999 99.999  99.999  99.999  99.999  99.999  0.045  0.045  0.041  0.036  0.056  0.049   21   18 99.999 99.999   99   1.525345574   8.648327611 21 12 27.32 1999 12  7 2451520.38364954   600             R Cousins  1999/N19991207/P117939F1.FITS                      Leda                  1024  1024     1   0.000   0.000
   0.003  -0.062  416.56  549.71 2.059    900.96   3411.54 26.756 25.933 99.999 19.369 18.547 99.999 99.999 99.999  0.252  0.838 99.999 99.999 99.999  99.999  99.999  99.999  99.999  0.016  0.017  0.027  0.015  0.084  0.046   13   10 99.999 99.999   99   1.525317387   8.648197008 21 31 30.51 1999 12  7 2451520.39688090   700             R Cousins  1999/N19991207/P117940F1.FITS                      Leda                  1024  1024     1   0.000   0.000
   0.123   0.014  418.03  549.33 2.337    571.33   3601.96 26.514 25.613 99.999 19.621 18.720 99.999 99.999 99.999  0.243  0.860 99.999 99.999 99.999  99.999  99.999  99.999  99.999  0.025  0.024  0.027  0.012  0.083  0.037   13   10 99.999 99.999   99   1.525299940   8.648120936 21 44 33.49 1999 12  7 2451520.40594317   700             R Cousins  1999/N19991207/P117941F1.FITS                      Leda                  1024  1024     1   0.000   0.000
   0.018  -0.005  589.97  668.21 2.377    721.90   4844.70 26.581 26.421 99.999 19.434 19.275 99.999 99.999 99.999  0.700  0.897 99.999 99.999 99.999  99.999  99.999  99.999  99.999  0.011  0.011  0.020  0.022  0.061  0.069   14   10 99.999 99.999   99   1.525205733   8.647654973 22 46 15.36 1999 12  7 2451520.44878889   840             R Cousins  1999/N19991207/P117947F1.FITS                      Leda                  1024  1024     1   0.000   0.000
  -0.719   0.428  503.57  453.14 2.055   3265.28   3318.95 26.224 26.050 99.999 17.439 17.266 16.089 15.787 15.502  0.495  0.540  0.090  0.160  0.190  99.999  99.999  99.999  99.999  0.011  0.011  0.004  0.004  0.051  0.050  210  154 99.999 99.999   99   6.618106899  23.453070803 23 17 31.66 2002  1  8 2452283.47050532   500             R Cousins  2002/N20020108/P149792F1.FITS                      Leda                  1024  1024     1   0.000   0.000
  -0.104  -0.095  480.90  568.74 2.054    244.80   4287.00 26.032 25.421 99.999 20.060 19.449 99.999 99.999 99.999  0.361  0.728 99.999 99.999 99.999  99.999  99.999  99.999  99.999  0.088  0.082  0.014  0.013  0.057  0.052   21   17 99.999 99.999   99   9.275571174  16.923297473  3 45 19.39 2003  1 15 2452654.65647442   400             R Cousins  2003/N20030114/p161962f1.fits                      Leda                  1024  1024     1   0.000   0.000
  -0.016   0.029  394.98  820.34 1.960    238.45   4999.27 25.717 25.325 99.999 19.774 19.381 99.999 99.999 99.999  0.711  0.666 99.999 99.999 99.999  99.999  99.999  99.999  99.999  0.001  0.001  0.022  0.022  0.056  0.056   14   12 99.999 99.999   99   9.268861965  16.966906561  0 51 26.07 2003  1 16 2452655.53571840   250             R Cousins  2003/N20030115/p162114f1.fits                      Leda                  1024  1024     1   0.000   0.000
   0.293  -0.229  718.22  435.60 3.057    225.29   4837.76 25.646 25.124 99.999 19.764 19.242 99.999 99.999 99.999  0.605  0.748 99.999 99.999 99.999  99.999  99.999  99.999  99.999  0.130  0.128  0.028  0.024  0.078  0.068   19   12 99.999 99.999   99  13.135991049  -4.995279608 22 59 41.54 2005  3 10 2453440.45811968   600             R Cousins  2005/N20050310/p25673f1.fits                       Leda                  1024  1024     1   0.000   0.000
