  -0.080  -0.061 1885.59   18.40 0.512     99.59     79.86 25.981 25.222 99.999 20.654 19.963 99.999 99.999 99.999  0.480 99.999 99.999 99.999 99.999  99.999  99.999  99.999  99.999  0.014  0.014  0.008  0.010  0.023  0.030  243  218 -0.000  0.000    0  11.153871476   7.133675618  1  3 44.30 2009  5 22 2454973.54426270    39  filtro desconhecido   targ_cat_global_reduction_sat_gr1                  Siarnaq               2044  4098
  -0.029  -0.131 1885.59   18.40 0.933     99.59     79.86 25.981 25.222 99.999 20.783 19.970 99.999 99.999 99.999  0.480 99.999 99.999 99.999 99.999  99.999  99.999  99.999  99.999  0.000  0.000  0.006  0.005  0.034  0.031  243  225 -0.000  0.000    0  11.153872685   7.133648026  1  3 44.30 2009  5 22 2454973.54562476    39  filtro desconhecido   targ_cat_global_reduction_sat_gr1                  Siarnaq               2044  4098
  -0.062  -0.118 1885.59   18.40 0.567     99.59     79.86 25.981 25.222 99.999 20.745 20.065 99.999 99.999 99.999  0.480 99.999 99.999 99.999 99.999  99.999  99.999  99.999  99.999  0.011  0.011  0.010  0.010  0.028  0.031  243  241 -0.000  0.000    0  11.153872336   7.133642520  1  3 44.30 2009  5 22 2454973.54717759    39  filtro desconhecido   targ_cat_global_reduction_sat_gr1                  Siarnaq               2044  4098
  -0.049  -0.084 1885.59   18.40 0.597     99.59     79.86 25.981 25.222 99.999 20.758 19.988 99.999 99.999 99.999  0.480 99.999 99.999 99.999 99.999  99.999  99.999  99.999  99.999  0.016  0.016  0.013  0.015  0.029  0.035  243  227 -0.000  0.000    0  11.153872799   7.133645411  1  3 44.30 2009  5 22 2454973.54831348    39  filtro desconhecido   targ_cat_global_reduction_sat_gr1                  Siarnaq               2044  4098
  -0.053  -0.079 1885.59   18.40 0.613     99.59     79.86 25.981 25.222 99.999 20.870 20.101 99.999 99.999 99.999  0.480 99.999 99.999 99.999 99.999  99.999  99.999  99.999  99.999  0.019  0.019  0.010  0.011  0.031  0.036  243  225 -0.000  0.000    0  11.153872921   7.133639586  1  3 44.30 2009  5 22 2454973.54947761    39  filtro desconhecido   targ_cat_global_reduction_sat_gr1                  Siarnaq               2044  4098
  -0.054  -0.074 1885.59   18.40 0.652     99.59     79.86 25.981 25.222 99.999 20.769 20.131 99.999 99.999 99.999  0.480 99.999 99.999 99.999 99.999  99.999  99.999  99.999  99.999  0.009  0.009  0.009  0.011  0.030  0.035  243  225 -0.000  0.000    0  11.153873138   7.133634292  1  3 44.30 2009  5 22 2454973.55063572    39  filtro desconhecido   targ_cat_global_reduction_sat_gr1                  Siarnaq               2044  4098
  -0.044  -0.091 1885.59   18.40 0.724     99.59     79.86 25.981 25.222 99.999 20.826 20.064 99.999 99.999 99.999  0.480 99.999 99.999 99.999 99.999  99.999  99.999  99.999  99.999  0.015  0.015  0.008  0.009  0.032  0.036  243  253 -0.000  0.000    0  11.153873543   7.133622864  1  3 44.30 2009  5 22 2454973.55179117    39  filtro desconhecido   targ_cat_global_reduction_sat_gr1                  Siarnaq               2044  4098
  -0.090  -0.081 1885.59   18.40 0.699     99.59     79.86 25.981 25.222 99.999 20.900 20.185 99.999 99.999 99.999  0.480 99.999 99.999 99.999 99.999  99.999  99.999  99.999  99.999  0.012  0.012  0.009  0.010  0.027  0.032  243  254 -0.000  0.000    0  11.153872908   7.133618599  1  3 44.30 2009  5 22 2454973.55295067    39  filtro desconhecido   targ_cat_global_reduction_sat_gr1                  Siarnaq               2044  4098
  -0.014  -0.075 1885.59   18.40 0.778     99.59     79.86 25.981 25.222 99.999 20.765 20.018 99.999 99.999 99.999  0.480 99.999 99.999 99.999 99.999  99.999  99.999  99.999  99.999  0.029  0.029  0.010  0.010  0.033  0.032  243  276 -0.000  0.000    0  11.153874515   7.133613486  1  3 44.30 2009  5 22 2454973.55410414    39  filtro desconhecido   targ_cat_global_reduction_sat_gr1                  Siarnaq               2044  4098
  -0.069  -0.059 1885.59   18.40 0.750     99.59     79.86 25.981 25.222 99.999 20.780 20.039 99.999 99.999 99.999  0.480 99.999 99.999 99.999 99.999  99.999  99.999  99.999  99.999  0.014  0.014  0.009  0.012  0.025  0.034  243  248 -0.000  0.000    0  11.153873710   7.133611469  1  3 44.30 2009  5 22 2454973.55522776    39  filtro desconhecido   targ_cat_global_reduction_sat_gr1                  Siarnaq               2044  4098
  -0.045  -0.041 1885.59   18.40 0.717     99.59     79.86 25.981 25.222 99.999 20.816 20.057 99.999 99.999 99.999  0.480 99.999 99.999 99.999 99.999  99.999  99.999  99.999  99.999  0.018  0.018  0.009  0.011  0.031  0.037  243  280 -0.000  0.000    0  11.153874390   7.133609410  1  3 44.30 2009  5 22 2454973.55637974    39  filtro desconhecido   targ_cat_global_reduction_sat_gr1                  Siarnaq               2044  4098
  -0.067  -0.094 1885.59   18.40 0.602     99.59     79.86 25.981 25.222 99.999 20.740 20.010 99.999 99.999 99.999  0.480 99.999 99.999 99.999 99.999  99.999  99.999  99.999  99.999  0.016  0.016  0.010  0.011  0.030  0.032  243  238 -0.000  0.000    0  11.153874201   7.133587856  1  3 44.30 2009  5 22 2454973.55753426    39  filtro desconhecido   targ_cat_global_reduction_sat_gr1                  Siarnaq               2044  4098
  -0.018  -0.047 1885.59   18.40 0.633     99.59     79.86 25.981 25.222 99.999 20.761 20.043 99.999 99.999 99.999  0.480 99.999 99.999 99.999 99.999  99.999  99.999  99.999  99.999  0.014  0.014  0.010  0.011  0.029  0.032  243  264 -0.000  0.000    0  11.153875326   7.133594046  1  3 44.30 2009  5 22 2454973.55869121    39  filtro desconhecido   targ_cat_global_reduction_sat_gr1                  Siarnaq               2044  4098
  -0.079  -0.096 1885.59   18.40 0.712     99.59     79.86 25.981 25.222 99.999 20.814 20.018 99.999 99.999 99.999  0.480 99.999 99.999 99.999 99.999  99.999  99.999  99.999  99.999  0.021  0.022  0.009  0.009  0.034  0.033  243  274 -0.000  0.000    0  11.153874393   7.133574447  1  3 44.30 2009  5 22 2454973.55971679    39  filtro desconhecido   targ_cat_global_reduction_sat_gr1                  Siarnaq               2044  4098
  -0.099  -0.054 1885.59   18.40 0.682     99.59     79.86 25.981 25.222 99.999 20.862 20.196 99.999 99.999 99.999  0.480 99.999 99.999 99.999 99.999  99.999  99.999  99.999  99.999  0.020  0.020  0.009  0.011  0.028  0.034  243  240 -0.000  0.000    0  11.153874206   7.133579101  1  3 44.30 2009  5 22 2454973.56086703    39  filtro desconhecido   targ_cat_global_reduction_sat_gr1                  Siarnaq               2044  4098
  -0.084  -0.102 1885.59   18.40 0.955     99.59     79.86 25.981 25.222 99.999 20.539 19.765 99.999 99.999 99.999  0.480 99.999 99.999 99.999 99.999  99.999  99.999  99.999  99.999  0.004  0.004  0.017  0.016  0.039  0.035  243  247 -0.000  0.000    0  11.153874705   7.133559137  1  3 44.30 2009  5 22 2454973.56199064    39  filtro desconhecido   targ_cat_global_reduction_sat_gr1                  Siarnaq               2044  4098
  -0.051  -0.065 1885.59   18.40 0.633     99.59     79.86 25.981 25.222 99.999 20.857 20.180 99.999 99.999 99.999  0.480 99.999 99.999 99.999 99.999  99.999  99.999  99.999  99.999  0.014  0.014  0.010  0.012  0.029  0.035  243  249 -0.000  0.000    0  11.153875575   7.133561702  1  3 44.30 2009  5 22 2454973.56331497    39  filtro desconhecido   targ_cat_global_reduction_sat_gr1                  Siarnaq               2044  4098
  -0.041  -0.131 1885.59   18.40 0.668     99.59     79.86 25.981 25.222 99.999 20.799 19.937 99.999 99.999 99.999  0.480 99.999 99.999 99.999 99.999  99.999  99.999  99.999  99.999  0.021  0.021  0.006  0.005  0.034  0.028  243  227 -0.000  0.000    0  11.153876072   7.133533773  1  3 44.30 2009  5 22 2454973.56491329    39  filtro desconhecido   targ_cat_global_reduction_sat_gr1                  Siarnaq               2044  4098
   0.038  -0.177 1885.59   18.40 0.581     99.59     79.86 25.981 25.222 99.999 20.892 20.145 99.999 99.999 99.999  0.480 99.999 99.999 99.999 99.999  99.999  99.999  99.999  99.999  0.012  0.012  0.005  0.005  0.031  0.032  243  242 -0.000  0.000    0  11.153877770   7.133514082  1  3 44.30 2009  5 22 2454973.56607754    39  filtro desconhecido   targ_cat_global_reduction_sat_gr1                  Siarnaq               2044  4098
  -0.045  -0.166 1885.59   18.40 0.813     99.59     79.86 25.981 25.222 99.999 20.811 19.988 99.999 99.999 99.999  0.480 99.999 99.999 99.999 99.999  99.999  99.999  99.999  99.999  0.017  0.017  0.006  0.005  0.038  0.031  243  250 -0.000  0.000    0  11.153876436   7.133510318  1  3 44.30 2009  5 22 2454973.56723090    39  filtro desconhecido   targ_cat_global_reduction_sat_gr1                  Siarnaq               2044  4098
  -0.012  -0.150 1885.59   18.40 0.738     99.59     79.86 25.981 25.222 99.999 20.718 19.813 99.999 99.999 99.999  0.480 99.999 99.999 99.999 99.999  99.999  99.999  99.999  99.999  0.012  0.012  0.005  0.006  0.029  0.033  243  212 -0.000  0.000    0  11.153877269   7.133507905  1  3 44.30 2009  5 22 2454973.56838947    39  filtro desconhecido   targ_cat_global_reduction_sat_gr1                  Siarnaq               2044  4098
  -0.008  -0.128 1885.59   18.40 0.507     99.59     79.86 25.981 25.222 99.999 20.704 19.921 99.999 99.999 99.999  0.480 99.999 99.999 99.999 99.999  99.999  99.999  99.999  99.999  0.010  0.011  0.005  0.005  0.029  0.031  243  186 -0.000  0.000    0  11.153877576   7.133507084  1  3 44.30 2009  5 22 2454973.56951193    39  filtro desconhecido   targ_cat_global_reduction_sat_gr1                  Siarnaq               2044  4098
   0.017  -0.185 1885.59   18.40 0.897     99.59     79.86 25.981 25.222 99.999 20.759 19.964 99.999 99.999 99.999  0.480 99.999 99.999 99.999 99.999  99.999  99.999  99.999  99.999  0.023  0.023  0.006  0.006  0.035  0.033  243  204 -0.000  0.000    0  11.153878259   7.133484708  1  3 44.30 2009  5 22 2454973.57065951    39  filtro desconhecido   targ_cat_global_reduction_sat_gr1                  Siarnaq               2044  4098
  -0.010  -0.157 1885.59   18.40 0.685     99.59     79.86 25.981 25.222 99.999 20.751 19.955 99.999 99.999 99.999  0.480 99.999 99.999 99.999 99.999  99.999  99.999  99.999  99.999  0.012  0.012  0.006  0.006  0.030  0.032  243  183 -0.000  0.000    0  11.153877973   7.133485594  1  3 44.30 2009  5 22 2454973.57181484    39  filtro desconhecido   targ_cat_global_reduction_sat_gr1                  Siarnaq               2044  4098
   0.010  -0.162 1885.59   18.40 0.784     99.59     79.86 25.981 25.222 99.999 20.970 20.180 99.999 99.999 99.999  0.480 99.999 99.999 99.999 99.999  99.999  99.999  99.999  99.999  0.007  0.007  0.005  0.006  0.030  0.035  243  209 -0.000  0.000    0  11.153878569   7.133477180  1  3 44.30 2009  5 22 2454973.57297295    39  filtro desconhecido   targ_cat_global_reduction_sat_gr1                  Siarnaq               2044  4098
   0.019  -0.202 1885.59   18.40 0.586     99.59     79.86 25.981 25.222 99.999 20.731 19.971 99.999 99.999 99.999  0.480 99.999 99.999 99.999 99.999  99.999  99.999  99.999  99.999  0.013  0.013  0.006  0.006  0.031  0.035  243  194 -0.000  0.000    0  11.153878959   7.133459215  1  3 44.30 2009  5 22 2454973.57413130    39  filtro desconhecido   targ_cat_global_reduction_sat_gr1                  Siarnaq               2044  4098
   0.011  -0.145 1885.59   18.40 0.700     99.59     79.86 25.981 25.222 99.999 20.815 20.087 99.999 99.999 99.999  0.480 99.999 99.999 99.999 99.999  99.999  99.999  99.999  99.999  0.013  0.013  0.006  0.006  0.033  0.033  243  199 -0.000  0.000    0  11.153879042   7.133468345  1  3 44.30 2009  5 22 2454973.57528917    39  filtro desconhecido   targ_cat_global_reduction_sat_gr1                  Siarnaq               2044  4098
  -0.018  -0.143 1885.59   18.40 0.839     99.59     79.86 25.981 25.222 99.999 20.510 19.628 99.999 99.999 99.999  0.480 99.999 99.999 99.999 99.999  99.999  99.999  99.999  99.999  0.000  0.000  0.006  0.006  0.032  0.031  243  206 -0.000  0.000    0  11.153878750   7.133461894  1  3 44.30 2009  5 22 2454973.57644590    39  filtro desconhecido   targ_cat_global_reduction_sat_gr1                  Siarnaq               2044  4098
  -0.024  -0.127 1885.59   18.40 0.567     99.59     79.86 25.981 25.222 99.999 20.717 19.907 99.999 99.999 99.999  0.480 99.999 99.999 99.999 99.999  99.999  99.999  99.999  99.999  0.019  0.019  0.006  0.006  0.034  0.034  243  228 -0.000  0.000    0  11.153878838   7.133460214  1  3 44.30 2009  5 22 2454973.57747170    39  filtro desconhecido   targ_cat_global_reduction_sat_gr1                  Siarnaq               2044  4098
   0.026  -0.140 1885.59   18.40 0.783     99.59     79.86 25.981 25.222 99.999 20.741 19.958 99.999 99.999 99.999  0.480 99.999 99.999 99.999 99.999  99.999  99.999  99.999  99.999  0.006  0.005  0.006  0.005  0.040  0.033  243  206 -0.000  0.000    0  11.153879982   7.133449761  1  3 44.30 2009  5 22 2454973.57862275    39  filtro desconhecido   targ_cat_global_reduction_sat_gr1                  Siarnaq               2044  4098
  -0.024  -0.161 1885.59   18.40 0.841     99.59     79.86 25.981 25.222 99.999 20.652 19.886 99.999 99.999 99.999  0.480 99.999 99.999 99.999 99.999  99.999  99.999  99.999  99.999  0.016  0.016  0.006  0.006  0.034  0.035  243  210 -0.000  0.000    0  11.153879265   7.133436852  1  3 44.30 2009  5 22 2454973.57977889    39  filtro desconhecido   targ_cat_global_reduction_sat_gr1                  Siarnaq               2044  4098
  -0.005  -0.137 1885.59   18.40 0.649     99.59     79.86 25.981 25.222 99.999 20.624 19.768 99.999 99.999 99.999  0.480 99.999 99.999 99.999 99.999  99.999  99.999  99.999  99.999  0.013  0.013  0.006  0.007  0.035  0.041  243  193 -0.000  0.000    0  11.153879850   7.133436907  1  3 44.30 2009  5 22 2454973.58090239    39  filtro desconhecido   targ_cat_global_reduction_sat_gr1                  Siarnaq               2044  4098
