  -0.121  -0.062  241.40    1.76 0.801    146.77    114.74 26.214 25.666 99.999 20.660 20.004 99.999 99.999 99.999  0.408 99.999 99.999 99.999 99.999  99.999  99.999  99.999  99.999  0.000  0.000  0.007  0.007  0.033  0.033  321  339  0.000  0.001    0  11.154215328   7.127240358  1 59 10.38 2009  5 23 2454974.58275898    99  filtro desconhecido   targ_cat_global_reduction_sat_gr1                  Siarnaq               2044  4098
  -0.105  -0.032  241.40    1.76 0.775    146.77    114.74 26.214 25.666 99.999 20.749 20.018 99.999 99.999 99.999  0.408 99.999 99.999 99.999 99.999  99.999  99.999  99.999  99.999  0.019  0.019  0.007  0.007  0.030  0.031  321  309  0.000  0.001    0  11.154217521   7.127207806  1 59 10.38 2009  5 23 2454974.58893446    99  filtro desconhecido   targ_cat_global_reduction_sat_gr1                  Siarnaq               2044  4098
  -0.106  -0.116  241.40    1.76 1.187    146.77    114.74 26.214 25.666 99.999 20.730 20.070 99.999 99.999 99.999  0.408 99.999 99.999 99.999 99.999  99.999  99.999  99.999  99.999  0.022  0.023  0.010  0.010  0.033  0.033  321  313  0.000  0.000    0  11.154218188   7.127169584  1 59 10.38 2009  5 23 2454974.59112555    99  filtro desconhecido   targ_cat_global_reduction_sat_gr1                  Siarnaq               2044  4098
  -0.142  -0.061  241.40    1.76 1.649    146.77    114.74 26.214 25.666 99.999 20.176 19.453 99.999 99.999 99.999  0.408 99.999 99.999 99.999 99.999  99.999  99.999  99.999  99.999  0.019  0.019  0.007  0.008  0.030  0.034  321  311  0.000  0.001    0  11.154218187   7.127170922  1 59 10.38 2009  5 23 2454974.59329083    99  filtro desconhecido   targ_cat_global_reduction_sat_gr1                  Siarnaq               2044  4098
  -0.088  -0.080  241.40    1.76 0.822    146.77    114.74 26.214 25.666 99.999 20.697 20.015 99.999 99.999 99.999  0.408 99.999 99.999 99.999 99.999  99.999  99.999  99.999  99.999  0.002  0.002  0.006  0.007  0.028  0.034  321  336  0.000  0.001    0  11.154219888   7.127150899  1 59 10.38 2009  5 23 2454974.59547000    99  filtro desconhecido   targ_cat_global_reduction_sat_gr1                  Siarnaq               2044  4098
  -0.111  -0.041  241.40    1.76 0.861    146.77    114.74 26.214 25.666 99.999 20.715 19.961 99.999 99.999 99.999  0.408 99.999 99.999 99.999 99.999  99.999  99.999  99.999  99.999  0.015  0.015  0.007  0.008  0.030  0.035  321  332  0.000  0.001    0  11.154220091   7.127147706  1 59 10.38 2009  5 23 2454974.59756895    99  filtro desconhecido   targ_cat_global_reduction_sat_gr1                  Siarnaq               2044  4098
  -0.117  -0.048  241.40    1.76 0.879    146.77    114.74 26.214 25.666 99.999 20.793 20.089 99.999 99.999 99.999  0.408 99.999 99.999 99.999 99.999  99.999  99.999  99.999  99.999  0.012  0.012  0.007  0.007  0.032  0.033  321  306  0.000  0.001    0  11.154220672   7.127131468  1 59 10.38 2009  5 23 2454974.59974291    99  filtro desconhecido   targ_cat_global_reduction_sat_gr1                  Siarnaq               2044  4098
  -0.080  -0.108  241.40    1.76 0.704    146.77    114.74 26.214 25.666 99.999 20.756 19.914 99.999 99.999 99.999  0.408 99.999 99.999 99.999 99.999  99.999  99.999  99.999  99.999  0.015  0.015  0.004  0.004  0.029  0.031  321  316  0.000  0.000    0  11.154222196   7.127097211  1 59 10.38 2009  5 23 2454974.60236264    99  filtro desconhecido   targ_cat_global_reduction_sat_gr1                  Siarnaq               2044  4098
  -0.118  -0.037  241.40    1.76 1.329    146.77    114.74 26.214 25.666 99.999 19.781 18.928 99.999 99.999 99.999  0.408 99.999 99.999 99.999 99.999  99.999  99.999  99.999  99.999  0.010  0.022  0.005  0.005  0.033  0.036  321  265  0.000  0.000    0  11.154222188   7.127102452  1 59 10.38 2009  5 23 2454974.60454748    99  filtro desconhecido   targ_cat_global_reduction_sat_gr1                  Siarnaq               2044  4098
  -0.093  -0.166  241.40    1.76 1.006    146.77    114.74 26.214 25.666 99.999 20.709 19.875 99.999 99.999 99.999  0.408 99.999 99.999 99.999 99.999  99.999  99.999  99.999  99.999  0.000  0.000  0.006  0.006  0.037  0.036  321  255  0.000  0.000    0  11.154223341   7.127052149  1 59 10.38 2009  5 23 2454974.60671484    99  filtro desconhecido   targ_cat_global_reduction_sat_gr1                  Siarnaq               2044  4098
  -0.066  -0.126  241.40    1.76 0.880    146.77    114.74 26.214 25.666 99.999 20.865 20.040 99.999 99.999 99.999  0.408 99.999 99.999 99.999 99.999  99.999  99.999  99.999  99.999  0.021  0.021  0.005  0.005  0.030  0.033  321  265  0.000  0.000    0  11.154224551   7.127048703  1 59 10.38 2009  5 23 2454974.60889216    99  filtro desconhecido   targ_cat_global_reduction_sat_gr1                  Siarnaq               2044  4098
  -0.054  -0.132  241.40    1.76 0.923    146.77    114.74 26.214 25.666 99.999 20.981 20.217 99.999 99.999 99.999  0.408 99.999 99.999 99.999 99.999  99.999  99.999  99.999  99.999  0.026  0.026  0.005  0.005  0.034  0.036  321  256  0.000  0.000    0  11.154225434   7.127032938  1 59 10.38 2009  5 23 2454974.61098949    99  filtro desconhecido   targ_cat_global_reduction_sat_gr1                  Siarnaq               2044  4098
  -0.071  -0.134  241.40    1.76 1.038    146.77    114.74 26.214 25.666 99.999 20.648 19.795 99.999 99.999 99.999  0.408 99.999 99.999 99.999 99.999  99.999  99.999  99.999  99.999  0.030  0.069  0.005  0.005  0.036  0.032  321  285  0.000  0.000    0  11.154225805   7.127017946  1 59 10.38 2009  5 23 2454974.61315546    99  filtro desconhecido   targ_cat_global_reduction_sat_gr1                  Siarnaq               2044  4098
  -0.055  -0.185  241.40    1.76 1.055    146.77    114.74 26.214 25.666 99.999 20.861 20.018 99.999 99.999 99.999  0.408 99.999 99.999 99.999 99.999  99.999  99.999  99.999  99.999  0.029  0.029  0.006  0.006  0.038  0.039  321  236  0.000  0.000    0  11.154226810   7.126989751  1 59 10.38 2009  5 23 2454974.61526229    99  filtro desconhecido   targ_cat_global_reduction_sat_gr1                  Siarnaq               2044  4098
