   81200.518015330003      -3.34565341E-03
   81202.557030619995      -3.94451898E-03
   81204.596086139994      -2.88267434E-03
   81206.635101439999      -4.81268996E-03
   81208.673312069994      -2.49181595E-03
   81210.712327360001       2.76671792E-03
   81212.751382889997      -1.89925581E-02
   81214.790398180005      -2.77653476E-03
   81216.828568579993      -3.85514795E-05
   81218.867624100007       3.86329158E-03
   81220.905794499995       7.83634547E-04
   81222.944850030006      -3.01377266E-03
   81224.983865319999       4.28871997E-03
   81227.022920849995      -1.19637977E-02
   81229.061976369994      -6.95499592E-03
   81231.100991669999       4.24534641E-03
   81233.139162060004       3.55787895E-04
   81235.178217590001       7.00692926E-03
   81237.217273119997       3.80177074E-03
   81239.256288410004       5.18761203E-03
   81241.295343940001       4.25052858E-04
   81243.334399460000      -4.52737650E-03
   81245.371684729995      -3.17095895E-04
   81247.410740260006      -4.88569541E-03
   81249.449755549998       6.38414582E-04
   81251.488811079995       7.11835455E-03
   81253.527866599994      -8.81805667E-04
   81255.566881899998      -8.14209599E-03
   81257.605052290004      -3.12465685E-03
   81259.644107820000       2.97451229E-03
   81261.683163340000       9.32995137E-03
   81263.722178640004       2.83590081E-04
   81265.761234160003       1.51312286E-02
   81267.800249459993       3.06986691E-03
   81269.838460090003      -2.02964817E-04
   81271.876630490005      -1.45339668E-02
   81273.915645779998      -4.09047911E-03
   81275.954701299997      -2.29735160E-03
   81277.993756829994       3.03245592E-03
   81280.032772120001      -6.56836957E-04
   81282.070942520004       5.54913003E-03
   81284.109998050000       5.95936691E-03
   81286.149053570000       6.87203370E-04
   81288.188068870004      -1.08452104E-02
   81290.227124390003      -4.53519402E-03
   81292.266139689993       3.81791196E-03
   81294.304350320002       1.18274475E-02
   81296.343365609995      -2.01410661E-03
   81298.382421140006       5.13611874E-03
   81300.420591529997      -5.50770620E-03
   81302.459647059994       7.07008876E-03
   81304.497817459996       6.59172377E-03
   81306.536832750004      -1.97101175E-03
   81308.575888280000       9.72469244E-03
   81310.614943799999      -1.86538300E-03
   81312.653959100004       1.15076092E-03
   81314.693014620003      -3.91255505E-03
   81316.731185020006       9.23822820E-03
   81318.770200309998       3.35776177E-03
   81320.809255839995      -7.87128508E-03
   81322.848311359994       6.04492798E-03
   81324.887326659999       2.74216081E-03
   81326.926382179998       7.78693531E-04
   81328.963707689996       9.31325892E-04
   81331.002722980003       3.57795809E-03
   81333.041778500003      -7.03172991E-03
   81335.080793800007       4.15512221E-03
   81337.119849320006       4.61135386E-03
   81339.158904850003       7.03185098E-04
   81341.197075250006      -5.35636349E-03
   81343.236090539998      -3.32178269E-03
   81345.275146069995      -1.91705185E-03
   81347.314201589994       1.97410886E-03
   81349.353216889998      -9.17683076E-03
   81351.392272409998       3.97586962E-03
   81353.429597909999      -4.92178043E-03
   81355.468613210003      -3.80404061E-03
   81357.507668730002      -1.11411093E-03
   81359.546684030007      -4.27969126E-03
   81361.585739550006       9.03981738E-03
   81363.624795080003       5.76944696E-03
   81365.662965480005      -3.72974435E-03
   81367.701980769998      -9.23062582E-03
   81369.741036299994       1.36934333E-02
   81371.780091819994       8.39261163E-04
   81373.819107119998      -2.99107074E-03
   81375.858162639997      -6.23413268E-03
   81377.896333040000      -2.41267518E-03
   81379.935388569997      -1.80604775E-03
   81381.974403860004       3.90539947E-03
   81384.012574260007       9.10942629E-03
   81386.051629780006      -5.80019644E-03
   81388.090685310002      -2.21732981E-03
   81390.128855710005      -1.94187334E-03
   81392.167870999998      -6.67977030E-04
   81394.206926519997      -4.94768098E-03
   81396.245982049993       9.63528454E-03
   81398.284997340001       1.04221061E-03
   81400.324052869997       1.99933606E-03
   81402.362223270000      -1.35669857E-03
   81404.401278789999       2.69228662E-03
   81406.440294090004       1.39921147E-03
   81408.479349610003      -2.41687382E-03
   81410.518364910007      -3.17316921E-03
   81412.555690409994      -1.09457653E-02
   81414.594745929993       7.21720932E-03
   81416.633761229998       5.37943281E-03
   81418.672816749997      -3.92582314E-03
   81420.711872279993      -1.46137970E-03
   81422.750887570000       1.58739034E-02
   81424.789057970003      -8.02941341E-03
   81426.828113500000      -4.70649032E-03
   81428.867128790007      -4.82990779E-03
   81430.906184320003       6.62879506E-03
   81432.945239840003       6.42281724E-03
   81434.984255140007      -5.49330050E-03
   81437.022425529998       5.22896135E-03
   81439.060636159993      -4.82991710E-03
   81441.099651459997       7.72560434E-03
   81443.138706979997       1.78372592E-03
   81445.177722280001       3.08684702E-03
   81447.216777800000       4.52068023E-04
   81449.254948200003       2.13078875E-03
   81451.294003730000      -5.63400611E-02
   81453.333019020007      -4.49021496E-02
   81455.372074540006      -7.13317767E-02
   81457.411130070002      -6.11133203E-02
   81459.450145359995      -5.69320396E-02
   81461.488315759998      -5.86591810E-02
   81463.527371289994      -3.85233425E-02
   81465.566426809994      -5.13497032E-02
   81467.604597209996      -6.34357259E-02
   81469.643612500004      -6.06565140E-02
   81471.682668030000      -5.56612648E-02
   81473.720838430003      -4.27554175E-02
   81475.759893950002      -4.74567711E-02
   81477.798909250007      -5.83808012E-02
   81479.837964770006      -5.55875227E-02
   81481.877020300002      -6.33982792E-02
   81483.916035589995      -5.06987795E-02
   81485.954205989998      -6.57558516E-02
   81487.993261519994      -5.02919443E-02
   81490.032317039993      -5.59015572E-02
   81492.071332339998      -5.24272397E-02
   81494.110387859997      -4.99759242E-02
   81496.149403150004      -5.06589189E-02
   81498.186728660003      -6.04328141E-02
   81500.225784180002      -6.31984547E-02
   81502.264799480006      -5.39408810E-02
   81504.303855000006      -5.15228249E-02
   81506.342910530002      -5.93187399E-02
   81508.381080930005      -5.12607768E-02
   81510.420096219998      -4.93636616E-02
   81512.459151739997      -4.25103679E-02
   81514.498207269993      -5.11832424E-02
   81516.537222560000      -4.89777960E-02
   81518.576278089997      -6.24861643E-02
   81520.613563360006      -5.86092286E-02
   81522.652618890002      -5.33930957E-02
   81524.691674410002      -5.60874417E-02
   81526.730689699994      -5.30460477E-02
   81528.769745230005      -5.20551652E-02
   81530.808760519998      -5.14245927E-02
   81532.846971149993      -5.79114221E-02
   81534.885986449997      -5.14282100E-02
   81536.925041969997      -5.87631464E-02
   81538.964057270001      -6.18297346E-02
   81541.003112790000      -5.56226708E-02
   81543.042168319997      -5.60202822E-02
   81545.080338719999      -6.28302172E-02
   81547.119354010007      -6.17229268E-02
   81549.158409540003      -5.64186461E-02
   81551.197465060002      -5.33875562E-02
   81553.235635460005      -5.23420237E-02
   81555.274650749998      -5.78552634E-02
   81557.312861380007      -6.07063249E-02
   81559.351876679997      -4.97849546E-02
   81561.390932199996      -5.86406440E-02
   81563.429947500001      -5.67566454E-02
   81565.469003020000      -6.20972775E-02
   81567.508058549996      -4.45999056E-02
   81569.546228949999      -5.94631471E-02
   81571.585244240006      -6.89195395E-02
   81573.624299760006      -6.07809313E-02
   81575.663355290002      -5.45018129E-02
   81577.702370579995      -5.47056533E-02
   81579.741426110006      -5.62905334E-02
   81581.778751610007      -6.37315661E-02
   81583.817766900000      -5.36629595E-02
   81585.856822429996      -5.54862022E-02
   81587.895837720003      -4.21169363E-02
   81589.934893250000      -5.89812286E-02
   81591.973948779996      -4.83285598E-02
   81594.012119170002      -5.15767634E-02
   81596.051134470006      -5.57251871E-02
   81598.090189990005      -5.18146902E-02
   81600.129245520002      -6.09237067E-02
   81602.168260809995      -5.22033088E-02
   81604.207316340005      -4.78041731E-02
   81606.244601610000      -4.87653576E-02
   81608.283657129999      -4.47403118E-02
   81610.322712659996      -4.72299866E-02
   81612.361727950003      -6.10279813E-02
   81614.400783480000      -6.47724569E-02
   81616.438953880002      -5.42577244E-02
   81618.478009400002      -5.30787408E-02
   81620.517024700006      -5.31905554E-02
   81622.556080220005      -5.96868619E-02
   81624.595135750002      -4.34515066E-02
   81626.634151039994      -6.45465329E-02
   81628.672321439997      -5.14924601E-02
   81630.711376969994      -5.61890677E-02
   81632.750392260001      -5.98365031E-02
   81634.788602889996      -5.84993921E-02
   81636.827618180003      -6.01307675E-02
   81638.866673709999      -5.58363758E-02
   81640.904844110002      -5.06645329E-02
   81642.943899630001      -5.86131737E-02
   81644.982914919994      -5.97064421E-02
   81647.021970450005      -5.14446981E-02
   81649.060985739998      -6.16565198E-02
   81651.100041269994      -6.03438467E-02
   81653.138211669997      -5.68478554E-02
   81655.177267189996      -6.55420274E-02
   81657.216282490001      -6.61235824E-02
   81659.255338010000      -3.92890945E-02
   81661.294393539996      -5.88251129E-02
   81663.333408830003      -5.94729632E-02
   81665.370734330005      -6.76100031E-02
   81667.409789860001      -5.93429655E-02
   81669.448805149994      -4.63119559E-02
   81671.487860680005      -7.00493827E-02
   81673.526875969997      -5.61206155E-02
   81675.565931499994      -5.92284091E-02
   81677.604101899997      -5.36037609E-02
   81679.643157419996      -5.27946204E-02
   81681.682172720000      -4.92783114E-02
   81683.721228240000      -4.25435863E-02
   81685.760283769996      -4.64840457E-02
   81687.799299060003      -5.01183197E-02
   81689.836624560005      -4.90928330E-02
   81691.875680090001      -5.38558364E-02
   81693.914695379994      -6.51741102E-02
   81695.953750910005      -6.13612011E-02
   81697.992766199997      -5.75379841E-02
   81700.031821729994      -6.84613809E-02
   81702.069992129997      -5.03405519E-02
   81704.109047649996      -6.26574382E-02
   81706.148062940003      -4.72967923E-02
   81708.187118469999      -4.43840958E-02
   81710.226173999996      -4.88756113E-02
   81712.264344390001      -5.20683341E-02
   81714.303359690006      -5.27046211E-02
   81716.342415210005      -2.48444321E-05
   81718.381470740002       6.81099016E-03
   81720.419641140004      -5.38808526E-03
   81722.458656429997      -1.61470112E-03
   81724.496826830000      -1.89305714E-03
   81726.535882349999       9.67276655E-03
   81728.574937879996      -5.07810945E-03
   81730.613953170003       5.09125367E-03
   81732.653008699999       2.99084699E-03
   81734.692064229996       3.22124013E-03
   81736.730234620001      -3.26650706E-03
   81738.769249920006      -1.61785446E-03
   81740.808305440005       8.50781798E-03
   81742.847320739995       6.86461013E-03
   81744.886376259994      -1.94146775E-03
   81746.925431790005      -1.20705757E-02
   81748.962717060000      -9.56945401E-03
   81751.001772579999      -6.76285289E-03
   81753.040828109995      -1.04004156E-03
   81755.079843400003      -3.36189056E-03
   81757.118898929999      -5.89235965E-03
   81759.157914220006      -2.26631900E-03
   81761.196124850001       2.90263165E-03
   81763.235140139994       6.83262199E-03
   81765.274195670005       5.26411179E-03
   81767.313210959997       1.19037014E-02
   81769.352266489994      -3.55972862E-03
   81771.391322020005      -1.09169791E-02
   81773.428607289999      -7.19999836E-04
   81775.467662809999       4.41515911E-03
   81777.506718339995       8.94844811E-03
   81779.545733630002      -8.47251341E-03
   81781.584789159999       2.62862537E-03
   81783.623804450006       4.28513595E-04
   81785.662015080001      -1.05773686E-02
   81787.701030369994       2.15508952E-03
   81789.740085900004       8.82237684E-03
   81791.779101189997       5.42156491E-03
   81793.818156719994       9.71905235E-03
   81795.857212250005      -9.30360809E-04
   81797.895382639996       1.63522607E-03
   81799.934397940000      -7.92200677E-03
   81801.972568330006      -7.52315065E-03
   81804.011623860002      -8.88709445E-03
   81806.050679389999       2.10557180E-03
   81808.089694680006       1.91285764E-03
   81810.127865079994       3.19274329E-03
   81812.166920599993       6.80962903E-03
   81814.205976130004      -4.37175576E-03
   81816.244991419997      -3.64281074E-03
   81818.284046949993      -1.54104456E-02
   81820.322217349996      -6.79426128E-03
   81822.361272869995      -6.96879672E-03
   81824.400288160003       4.14163759E-03
   81826.439343689999      -4.03794786E-03
   81828.478399219995      -3.52423405E-03
   81830.517414510003      -3.82340048E-03
   81832.554740010004      -1.01890173E-02
   81834.593755299997      -5.14135172E-05
   81836.632810829993       1.29013963E-03
   81838.671866360004      -1.61499740E-03
   81840.710881649997       9.09930561E-03
   81842.749937179993       5.81228780E-03
   81844.788107569999       5.59537020E-03
   81846.827163099995      -3.76899773E-03
   81848.866178390002       9.32043418E-03
   81850.905233919999      -3.12119396E-03
   81852.944249210006       4.36949776E-03
   81854.983304740002      -7.50503084E-03
   81857.020630240004       3.61256022E-03
   81859.059645529996       3.55504104E-03
   81861.098701059993      -2.88930815E-03
   81863.137756590004      -3.57138761E-03
   81865.176771879997      -9.88293719E-03
   81867.215827409993      -7.56987697E-03
   81869.253997799999      -1.15005272E-02
   81871.293053329995       4.58772294E-03
   81873.332068620002      -1.24087767E-03
   81875.371124149999      -2.33076839E-03
   81877.410139440006       3.45936092E-03
   81879.449194970002      -2.17525009E-03
   81881.487365370005      -1.05589128E-03
   81883.526420890004      -9.77667235E-03
   81885.564591290007       3.05257575E-03
   81887.603646810006      -3.25954612E-03
   81889.642662109996      -6.40120823E-03
   81891.681717629996      -7.50898058E-03
   81893.719888029998      -4.22055274E-03
   81895.758943559995       3.96786444E-03
   81897.797958850002      -5.46388794E-03
   81899.837014379998       2.35741888E-03
   81901.876029670006       4.88009583E-03
   81903.915085200002       5.22947218E-03
   81905.953255589993      -4.30938136E-03
   81907.992311120004      -5.09435078E-04
   81910.031326409997      -3.55423917E-03
   81912.070381939993       1.05351768E-02
   81914.109437470004      -6.58566784E-03
   81916.147607859995      -3.29765212E-03
   81918.185778259998      -5.36969819E-05
   81920.224793550005      -3.76453204E-03
   81922.263849080002       9.28335264E-03
   81924.302904609998       4.05962765E-03
   81926.341919900005       1.33961020E-02
   81928.380090299994       9.82407574E-03
   81930.419145819993       3.39165027E-03
   81932.458201350004      -1.06614595E-03
   81934.497216639997       1.31459767E-03
   81936.536272169993      -3.48244887E-03
   81938.575327690007       6.64014416E-03
   81940.612612960002       5.29561751E-03
   81942.651668489998       5.54759009E-03
   81944.690683780005      -8.32561683E-03
   81946.729739310002       6.11433527E-03
   81948.768794830001       1.99507631E-04
   81950.807810130005       1.40037970E-03
   81952.845980529994       4.69015166E-03
   81954.885036049993      -5.98246756E-04
   81956.924091580004       6.39729481E-03
   81958.963106869996       5.08126616E-03
   81961.002162399993       6.76463684E-03
   81963.041177690000      -3.88262124E-04
   81965.079388319995       1.17067853E-03
   81967.118403610002      -1.56891102E-03
   81969.156574010005       1.65361934E-03
   81971.195629540001      -5.20562055E-03
   81973.234685060001       1.03235932E-03
   81975.273700360005      -3.94064095E-03
   81977.311870749996      -9.37035121E-03
   81979.350926280007       9.95996781E-03
   81981.389981810004       1.56581365E-02
   81983.428997099996      -7.46844278E-04
   81985.468052630007      -5.55494567E-03
   81987.507067920000       4.97784279E-03
   81989.545278549995      -7.17505859E-03
   81991.584293840002      -6.51104050E-03
   81993.623349369998       2.39344710E-03
   81995.662364660006      -5.96023491E-03
   81997.701420190002      -8.92676035E-05
   81999.739590590005       1.65949721E-04
