   81685.760283769996       0.95351410    
   81687.799299060003       0.94987983    
   81689.836624560005       0.95090532    
   81691.875680090001       0.94614232    
   81693.914695379994       0.93482405    
   81695.953750910005       0.93863696    
   81697.992766199997       0.94246018    
   81700.031821729994       0.93153679    
   81702.069992129997       0.94965762    
   81704.109047649996       0.93734074    
   81706.148062940003       0.95270139    
   81708.187118469999       0.95561409    
   81710.226173999996       0.95112258    
   81712.264344390001       0.94792986    
   81714.303359690006       0.94729358    
   81716.342415210005       0.99997336    
   81718.381470740002        1.0068092    
   81720.419641140004       0.99461013    
   81722.458656429997       0.99838352    
   81724.496826830000       0.99810517    
   81726.535882349999        1.0096710    
   81728.574937879996       0.99492013    
   81730.613953170003        1.0050895    
   81732.653008699999        1.0029891    
   81734.692064229996        1.0032195    
   81736.730234620001       0.99673176    
   81738.769249920006       0.99838042    
   81740.808305440005        1.0085061    
   81742.847320739995        1.0068629    
   81744.886376259994       0.99805683
