   81453.333019020007        1.0108943    
   81455.372074540006       0.98292255    
   81457.411130070002       0.99373996    
   81459.450145359995       0.99816751    
   81461.488315759998       0.99634147    
   81463.527371289994        1.0176558    
   81465.566426809994        1.0040820    
   81467.604597209996       0.99129170    
   81469.643612500004       0.99423528    
   81471.682668030000       0.99952441    
   81473.720838430003        1.0131865    
   81475.759893950002        1.0082124    
   81477.798909250007       0.99665189    
   81479.837964770006       0.99961042    
   81481.877020300002       0.99134511    
   81483.916035589995        1.0047889    
   81485.954205989998       0.98885363    
   81487.993261519994        1.0052235    
   81490.032317039993       0.99928796    
   81492.071332339998        1.0029674    
   81494.110387859997        1.0055640    
   81496.149403150004        1.0048430    
   81498.186728660003       0.99449968    
   81500.225784180002       0.99157429    
   81502.264799480006        1.0013752    
   81504.303855000006        1.0039366    
   81506.342910530002       0.99568683    
   81508.381080930005        1.0042180    
   81510.420096219998        1.0062280    
   81512.459151739997        1.0134841    
   81514.498207269993        1.0043060    
   81516.537222560000        1.0066425    
   81518.576278089997       0.99234599    
   81520.613563360006       0.99645168    
   81522.652618890002        1.0019749    
   81524.691674410002       0.99912494    
   81526.730689699994        1.0023463    
   81528.769745230005        1.0033971    
   81530.808760519998        1.0040665    
   81532.846971149993       0.99720222    
   81534.885986449997        1.0040667    
   81536.925041969997       0.99630463    
   81538.964057270001       0.99306059    
   81541.003112790000       0.99963278    
   81543.042168319997       0.99921393    
   81545.080338719999       0.99200749    
   81547.119354010007       0.99318153    
   81549.158409540003       0.99879819    
   81551.197465060002        1.0020087    
   81553.235635460005        1.0031173    
   81555.274650749998       0.99728346    
   81557.312861380007       0.99426752    
   81559.351876679997        1.0058302    
   81561.390932199996       0.99645805    
   81563.429947500001       0.99845433    
   81565.469003020000       0.99280310    
   81567.508058549996        1.0113267    
   81569.546228949999       0.99559540    
   81571.585244240006       0.98558736    
   81573.624299760006       0.99420440    
   81575.663355290002        1.0008532    
   81577.702370579995        1.0006393    
   81579.741426110006       0.99896365    
   81581.778751610007       0.99108893    
   81583.817766900000        1.0017490    
   81585.856822429996       0.99982107    
   81587.895837720003        1.0139753    
   81589.934893250000       0.99612534    
   81591.973948779996        1.0074039    
   81594.012119170002        1.0039674    
   81596.051134470006       0.99957806    
   81598.090189990005        1.0037196    
   81600.129245520002       0.99407905    
   81602.168260809995        1.0033122    
   81604.207316340005        1.0079710    
   81606.244601610000        1.0069556    
   81608.283657129999        1.0112184    
   81610.322712659996        1.0085850    
   81612.361727950003       0.99398059    
   81614.400783480000       0.99001873    
   81616.438953880002        1.0011514    
   81618.478009400002        1.0024016    
   81620.517024700006        1.0022851    
   81622.556080220005       0.99541020    
   81624.595135750002        1.0125989    
   81626.634151039994       0.99026972    
   81628.672321439997        1.0040908    
   81630.711376969994       0.99912095    
   81632.750392260001       0.99526173    
   81634.788602889996       0.99667925    
   81636.827618180003       0.99495423    
   81638.866673709999       0.99950230    
   81640.904844110002        1.0049793    
   81642.943899630001       0.99656677    
   81644.982914919994       0.99541140    
   81647.021970450005        1.0041595    
   81649.060985739998       0.99335098    
   81651.100041269994       0.99474257    
   81653.138211669997       0.99844551    
   81655.177267189996       0.98924363    
   81657.216282490001       0.98862994    
   81659.255338010000        1.0170399    
   81661.294393539996       0.99636036    
   81663.333408830003       0.99567652    
   81665.370734330005       0.98706430    
   81667.409789860001       0.99581808    
   81669.448805149994        1.0096153    
   81671.487860680005       0.98448777    
   81673.526875969997       0.99923545    
   81675.565931499994       0.99594736    
   81677.604101899997        1.0019039    
   81679.643157419996        1.0027626    
   81681.682172720000        1.0064871    
   81683.721228240000        1.0136189    
   81685.760283769996        1.0094494    
   81687.799299060003        1.0056039    
   81689.836624560005        1.0066916    
   81691.875680090001        1.0016512    
   81693.914695379994       0.98967081    
   81695.953750910005       0.99370939    
   81697.992766199997       0.99775892    
   81700.031821729994       0.98619658    
   81702.069992129997        1.0053828    
   81704.109047649996       0.99234509    
   81706.148062940003        1.0086092    
   81708.187118469999        1.0116948    
   81710.226173999996        1.0069417    
   81712.264344390001        1.0035636    
