   81200.518015330003       0.99665433    
   81202.557030619995       0.99605548    
   81204.596086139994       0.99711734    
   81206.635101439999       0.99518734    
   81208.673312069994       0.99750817    
   81210.712327360001        1.0027667    
   81212.751382889997       0.98100752    
   81214.790398180005       0.99722350    
   81216.828568579993       0.99996144    
   81218.867624100007        1.0038633    
   81220.905794499995        1.0007837    
   81222.944850030006       0.99698621    
   81224.983865319999        1.0042887    
   81227.022920849995       0.98803622    
   81229.061976369994       0.99304503    
   81231.100991669999        1.0042453    
   81233.139162060004        1.0003558    
   81235.178217590001        1.0070069    
   81237.217273119997        1.0038017    
   81239.256288410004        1.0051876    
   81241.295343940001        1.0004251    
   81243.334399460000       0.99547261    
   81245.371684729995       0.99968290    
   81247.410740260006       0.99511433    
   81249.449755549998        1.0006384    
   81251.488811079995        1.0071183    
   81253.527866599994       0.99911821    
   81255.566881899998       0.99185795    
   81257.605052290004       0.99687535    
   81259.644107820000        1.0029745    
   81261.683163340000        1.0093299    
   81263.722178640004        1.0002836    
   81265.761234160003        1.0151312    
   81267.800249459993        1.0030699    
   81269.838460090003       0.99979705    
   81271.876630490005       0.98546606    
   81273.915645779998       0.99590951    
   81275.954701299997       0.99770266    
   81277.993756829994        1.0030324    
   81280.032772120001       0.99934316    
   81282.070942520004        1.0055491    
   81284.109998050000        1.0059594    
   81286.149053570000        1.0006872    
   81288.188068870004       0.98915482    
   81290.227124390003       0.99546480    
   81292.266139689993        1.0038179    
   81294.304350320002        1.0118275    
   81296.343365609995       0.99798590    
   81298.382421140006        1.0051361    
   81300.420591529997       0.99449229    
   81302.459647059994        1.0070701    
   81304.497817459996        1.0065917    
   81306.536832750004       0.99802899    
   81308.575888280000        1.0097247    
   81310.614943799999       0.99813461    
   81312.653959100004        1.0011507    
   81314.693014620003       0.99608743    
   81316.731185020006        1.0092382    
   81318.770200309998        1.0033578    
   81320.809255839995       0.99212873    
   81322.848311359994        1.0060449    
   81324.887326659999        1.0027422    
   81326.926382179998        1.0007787    
   81328.963707689996        1.0009314    
   81331.002722980003        1.0035779    
   81333.041778500003       0.99296826    
   81335.080793800007        1.0041552    
   81337.119849320006        1.0046114    
   81339.158904850003        1.0007032    
   81341.197075250006       0.99464363    
   81343.236090539998       0.99667823    
   81345.275146069995       0.99808294    
   81347.314201589994        1.0019741    
   81349.353216889998       0.99082315    
   81351.392272409998        1.0039759    
   81353.429597909999       0.99507821    
   81355.468613210003       0.99619597    
   81357.507668730002       0.99888587    
   81359.546684030007       0.99572033    
   81361.585739550006        1.0090398    
   81363.624795080003        1.0057695    
   81365.662965480005       0.99627024    
   81367.701980769998       0.99076939    
   81369.741036299994        1.0136935    
   81371.780091819994        1.0008392    
   81373.819107119998       0.99700892    
   81375.858162639997       0.99376589    
   81377.896333040000       0.99758732    
   81379.935388569997       0.99819398    
   81381.974403860004        1.0039054    
   81384.012574260007        1.0091094    
   81386.051629780006       0.99419981    
   81388.090685310002       0.99778265    
   81390.128855710005       0.99805814    
   81392.167870999998       0.99933201    
   81394.206926519997       0.99505234    
   81396.245982049993        1.0096353    
   81398.284997340001        1.0010422    
   81400.324052869997        1.0019994    
   81402.362223270000       0.99864328    
   81404.401278789999        1.0026923    
   81406.440294090004        1.0013992    
   81408.479349610003       0.99758315    
   81410.518364910007       0.99682683    
   81412.555690409994       0.98905420    
   81414.594745929993        1.0072172    
   81416.633761229998        1.0053794    
   81418.672816749997       0.99607420    
   81420.711872279993       0.99853861    
   81422.750887570000        1.0158739    
   81424.789057970003       0.99197060    
   81426.828113500000       0.99529350    
   81428.867128790007       0.99517012    
   81430.906184320003        1.0066288    
   81432.945239840003        1.0064229    
   81434.984255140007       0.99450672    
   81437.022425529998        1.0052290    
   81439.060636159993       0.99517006    
   81441.099651459997        1.0077256    
   81443.138706979997        1.0017837    
   81445.177722280001        1.0030868    
   81447.216777800000        1.0004520    
   81449.254948200003        1.0021307    
   81451.294003730000       0.94365990    
   81453.333019020007       0.95509779    
   81455.372074540006       0.92866814    
   81457.411130070002       0.93888664    
   81459.450145359995       0.94306791    
   81461.488315759998       0.94134074    
   81463.527371289994       0.96147662    
   81465.566426809994       0.94865024    
   81467.604597209996       0.93656421    
   81469.643612500004       0.93934345    
   81471.682668030000       0.94433868    
   81473.720838430003       0.95724452    
   81475.759893950002       0.95254320    
   81477.798909250007       0.94161916    
   81479.837964770006       0.94441241    
   81481.877020300002       0.93660164    
   81483.916035589995       0.94930118    
   81485.954205989998       0.93424410    
   81487.993261519994       0.94970798    
   81490.032317039993       0.94409835    
   81492.071332339998       0.94757271    
   81494.110387859997       0.95002401    
   81496.149403150004       0.94934100    
   81498.186728660003       0.93956709    
   81500.225784180002       0.93680149    
   81502.264799480006       0.94605905    
   81504.303855000006       0.94847709    
   81506.342910530002       0.94068116    
   81508.381080930005       0.94873917    
   81510.420096219998       0.95063627    
   81512.459151739997       0.95748955    
   81514.498207269993       0.94881672    
   81516.537222560000       0.95102215    
   81518.576278089997       0.93751377    
   81520.613563360006       0.94139069    
   81522.652618890002       0.94660681    
   81524.691674410002       0.94391251    
   81526.730689699994       0.94695389    
   81528.769745230005       0.94794476    
   81530.808760519998       0.94857532    
   81532.846971149993       0.94208848    
   81534.885986449997       0.94857174    
   81536.925041969997       0.94123679    
   81538.964057270001       0.93817019    
   81541.003112790000       0.94437724    
   81543.042168319997       0.94397962    
   81545.080338719999       0.93716967    
   81547.119354010007       0.93827695    
   81549.158409540003       0.94358128    
   81551.197465060002       0.94661236    
   81553.235635460005       0.94765788    
   81555.274650749998       0.94214463    
   81557.312861380007       0.93929356    
   81559.351876679997       0.95021498    
   81561.390932199996       0.94135928    
   81563.429947500001       0.94324327    
   81565.469003020000       0.93790263    
   81567.508058549996       0.95539999    
   81569.546228949999       0.94053674    
   81571.585244240006       0.93108034    
   81573.624299760006       0.93921894    
   81575.663355290002       0.94549811    
   81577.702370579995       0.94529426    
   81579.741426110006       0.94370937    
   81581.778751610007       0.93626833    
   81583.817766900000       0.94633693    
   81585.856822429996       0.94451368    
   81587.895837720003       0.95788300    
   81589.934893250000       0.94101864    
   81591.973948779996       0.95167136    
   81594.012119170002       0.94842315    
   81596.051134470006       0.94427472    
   81598.090189990005       0.94818521    
   81600.129245520002       0.93907619    
   81602.168260809995       0.94779658    
   81604.207316340005       0.95219576    
   81606.244601610000       0.95123458    
   81608.283657129999       0.95525962    
   81610.322712659996       0.95276994    
   81612.361727950003       0.93897194    
   81614.400783480000       0.93522745    
   81616.438953880002       0.94574219    
   81618.478009400002       0.94692117    
   81620.517024700006       0.94680935    
   81622.556080220005       0.94031304    
   81624.595135750002       0.95654839    
   81626.634151039994       0.93545336    
   81628.672321439997       0.94850743    
   81630.711376969994       0.94381082    
   81632.750392260001       0.94016337    
   81634.788602889996       0.94150048    
   81636.827618180003       0.93986911    
   81638.866673709999       0.94416350    
   81640.904844110002       0.94933540    
   81642.943899630001       0.94138670    
   81644.982914919994       0.94029343    
   81647.021970450005       0.94855523    
   81649.060985739998       0.93834335    
   81651.100041269994       0.93965602    
   81653.138211669997       0.94315201    
   81655.177267189996       0.93445784    
   81657.216282490001       0.93387628    
   81659.255338010000       0.96071082    
   81661.294393539996       0.94117481    
   81663.333408830003       0.94052690    
   81665.370734330005       0.93238986    
   81667.409789860001       0.94065690    
   81669.448805149994       0.95368797    
   81671.487860680005       0.92995048    
   81673.526875969997       0.94387931    
   81675.565931499994       0.94077146    
   81677.604101899997       0.94639611    
   81679.643157419996       0.94720531    
   81681.682172720000       0.95072162    
   81683.721228240000       0.95745635    
   81685.760283769996       0.95351589    
   81687.799299060003       0.94988161    
   81689.836624560005       0.95090705    
   81691.875680090001       0.94614404    
   81693.914695379994       0.93482578    
   81695.953750910005       0.93863869    
   81697.992766199997       0.94246191    
   81700.031821729994       0.93153852    
   81702.069992129997       0.94965935    
   81704.109047649996       0.93734246    
   81706.148062940003       0.95270312    
   81708.187118469999       0.95561582    
   81710.226173999996       0.95112431    
   81712.264344390001       0.94793159    
   81714.303359690006       0.94729531    
   81716.342415210005       0.99997514    
   81718.381470740002        1.0068110    
   81720.419641140004       0.99461192    
   81722.458656429997       0.99838531    
   81724.496826830000       0.99810696    
   81726.535882349999        1.0096728    
   81728.574937879996       0.99492186    
   81730.613953170003        1.0050913    
   81732.653008699999        1.0029908    
   81734.692064229996        1.0032213    
   81736.730234620001       0.99673349    
   81738.769249920006       0.99838215    
   81740.808305440005        1.0085078    
   81742.847320739995        1.0068647    
   81744.886376259994       0.99805856    
   81746.925431790005       0.98792940    
   81748.962717060000       0.99043053    
   81751.001772579999       0.99323714    
   81753.040828109995       0.99895996    
   81755.079843400003       0.99663812    
   81757.118898929999       0.99410760    
   81759.157914220006       0.99773365    
   81761.196124850001        1.0029026    
   81763.235140139994        1.0068326    
   81765.274195670005        1.0052642    
   81767.313210959997        1.0119038    
   81769.352266489994       0.99644029    
   81771.391322020005       0.98908299    
   81773.428607289999       0.99927998    
   81775.467662809999        1.0044152    
   81777.506718339995        1.0089484    
   81779.545733630002       0.99152750    
   81781.584789159999        1.0026287    
   81783.623804450006        1.0004286    
   81785.662015080001       0.98942262    
   81787.701030369994        1.0021551    
   81789.740085900004        1.0088224    
   81791.779101189997        1.0054215    
   81793.818156719994        1.0097190    
   81795.857212250005       0.99906963    
   81797.895382639996        1.0016352    
   81799.934397940000       0.99207801    
   81801.972568330006       0.99247682    
   81804.011623860002       0.99111289    
   81806.050679389999        1.0021056    
   81808.089694680006        1.0019128    
   81810.127865079994        1.0031928    
   81812.166920599993        1.0068096    
   81814.205976130004       0.99562824    
   81816.244991419997       0.99635720    
   81818.284046949993       0.98458952    
   81820.322217349996       0.99320573    
   81822.361272869995       0.99303120    
   81824.400288160003        1.0041417    
   81826.439343689999       0.99596202    
   81828.478399219995       0.99647576    
   81830.517414510003       0.99617660    
   81832.554740010004       0.98981094    
   81834.593755299997       0.99994856    
   81836.632810829993        1.0012901    
   81838.671866360004       0.99838501    
   81840.710881649997        1.0090994    
   81842.749937179993        1.0058123    
   81844.788107569999        1.0055953    
   81846.827163099995       0.99623102    
   81848.866178390002        1.0093205    
   81850.905233919999       0.99687880    
   81852.944249210006        1.0043695    
   81854.983304740002       0.99249494    
   81857.020630240004        1.0036125    
   81859.059645529996        1.0035551    
   81861.098701059993       0.99711066    
   81863.137756590004       0.99642861    
   81865.176771879997       0.99011707    
   81867.215827409993       0.99243009    
   81869.253997799999       0.98849946    
   81871.293053329995        1.0045878    
   81873.332068620002       0.99875915    
   81875.371124149999       0.99766922    
   81877.410139440006        1.0034593    
   81879.449194970002       0.99782473    
   81881.487365370005       0.99894410    
   81883.526420890004       0.99022335    
   81885.564591290007        1.0030526    
   81887.603646810006       0.99674046    
   81889.642662109996       0.99359876    
   81891.681717629996       0.99249101    
   81893.719888029998       0.99577945    
   81895.758943559995        1.0039679    
   81897.797958850002       0.99453610    
   81899.837014379998        1.0023574    
   81901.876029670006        1.0048801    
   81903.915085200002        1.0052295    
   81905.953255589993       0.99569064    
   81907.992311120004       0.99949056    
   81910.031326409997       0.99644578    
   81912.070381939993        1.0105352    
   81914.109437470004       0.99341434    
   81916.147607859995       0.99670237    
   81918.185778259998       0.99994630    
   81920.224793550005       0.99623549    
   81922.263849080002        1.0092833    
   81924.302904609998        1.0040597    
   81926.341919900005        1.0133961    
   81928.380090299994        1.0098240    
   81930.419145819993        1.0033916    
   81932.458201350004       0.99893385    
   81934.497216639997        1.0013146    
   81936.536272169993       0.99651754    
   81938.575327690007        1.0066402    
   81940.612612960002        1.0052956    
   81942.651668489998        1.0055476    
   81944.690683780005       0.99167436    
   81946.729739310002        1.0061144    
   81948.768794830001        1.0001996    
   81950.807810130005        1.0014004    
   81952.845980529994        1.0046902    
   81954.885036049993       0.99940175    
   81956.924091580004        1.0063972    
   81958.963106869996        1.0050813    
   81961.002162399993        1.0067647    
   81963.041177690000       0.99961174    
   81965.079388319995        1.0011706    
   81967.118403610002       0.99843109    
   81969.156574010005        1.0016537    
   81971.195629540001       0.99479437    
   81973.234685060001        1.0010324    
   81975.273700360005       0.99605936    
   81977.311870749996       0.99062967    
   81979.350926280007        1.0099599    
   81981.389981810004        1.0156581    
   81983.428997099996       0.99925315    
   81985.468052630007       0.99444509    
   81987.507067920000        1.0049778    
   81989.545278549995       0.99282497    
   81991.584293840002       0.99348897    
   81993.623349369998        1.0023935    
   81995.662364660006       0.99403977    
   81997.701420190002       0.99991071    
   81999.739590590005        1.0001659    
