   81555.500157479997       0.94516098    
   81567.500253320002       0.94214171    
   81579.500349159993       0.94912040    
   81590.499967630007       0.94792074    
   81602.500063479994       0.94051474    
   81614.500159320000       0.95688522    
   81625.499737560007       0.98928982    
   81637.499833409995       0.99492365    
   81648.500256540006        1.0114537    
   81660.500352379997       0.99919885    
   81672.499603329998       0.99476975    
   81683.500026459995        1.0002930    
   81695.500122309997        1.0007048
