   0.010  -0.241  476.18    3.83 1.580    215.69   1099.72 25.698 25.784 99.999 19.766 19.837 99.999 99.999 99.999  0.372 99.999 99.999 99.999 99.999  99.999  99.999  99.999  99.999  0.010  0.008  0.002  0.002  0.027  0.028 5695 5692  0.001 -0.000    0  16.987227885 -21.994055658  0 32 11.90 2007 10 10 2454383.52531573   149  filtro desconhecido   targ_cat_global_reduction_sat_gr1                  Leda                  2044  4098     1  99.999  99.999
  -0.004   0.264  476.18    3.83 1.400    215.69   1099.72 25.698 25.784 99.999 19.320 19.324 99.999 99.999 99.999  0.372 99.999 99.999 99.999 99.999  99.999  99.999  99.999  99.999  0.011  0.011  0.002  0.002  0.027  0.026 5695 5894  0.001 -0.000    0  16.987262447 -21.993968287  0 32 11.90 2007 10 10 2454383.52812256   149  filtro desconhecido   targ_cat_global_reduction_sat_gr1                  Leda                  2044  4098     1  99.999  99.999
   0.033  -0.175  971.10    4.10 1.629    639.50   3806.06 26.471 26.520 99.999 19.035 19.070 99.999 99.999 99.999  0.528 99.999 99.999 99.999 99.999  99.999  99.999  99.999  99.999  0.015  0.020  0.001  0.001  0.012  0.012 1883 2012 -0.000 -0.000    0  19.518571036 -21.387562533  7 49 48.98 2008  6  4 2454621.82626131   299  filtro desconhecido   targ_cat_global_reduction_sat_gr1                  Leda                  2044  4098     1  99.999  99.999
   0.060  -0.149  971.10    4.10 2.429    639.50   3806.06 26.471 26.520 99.999 18.510 18.468 99.999 99.999 99.999  0.528 99.999 99.999 99.999 99.999  99.999  99.999  99.999  99.999  0.030  0.029  0.001  0.001  0.012  0.010 1883  485 -0.000 -0.000    0  19.518511379 -21.387661103  7 49 48.98 2008  6  4 2454621.84082848   299  filtro desconhecido   targ_cat_global_reduction_sat_gr1                  Leda                  2044  4098     1  99.999  99.999
   0.084   0.075 1813.03   16.02 0.697     89.60    201.04 26.316 25.745 99.999 20.099 19.763 99.999 99.999 99.999  0.361 99.999 99.999 99.999 99.999  99.999  99.999  99.999  99.999  0.015  0.015  0.005  0.005  0.025  0.023  496  460  0.000 -0.000    0  21.953914021 -13.524411261  8 16 15.02 2009  5 22 2454973.84461827    79  filtro desconhecido   targ_cat_global_reduction_sat_gr1                  Leda                  2044  4098     1  99.999  99.999
   0.110   0.065 1813.03   16.02 0.723     89.60    201.04 26.316 25.745 99.999 20.153 19.700 99.999 99.999 99.999  0.361 99.999 99.999 99.999 99.999  99.999  99.999  99.999  99.999  0.011  0.011  0.005  0.005  0.023  0.022  496  490  0.000 -0.000    0  21.953923400 -13.524392769  8 16 15.02 2009  5 22 2454973.84656987    79  filtro desconhecido   targ_cat_global_reduction_sat_gr1                  Leda                  2044  4098     1  99.999  99.999
   0.129   0.049 1813.03   16.02 0.675     89.60    201.04 26.316 25.745 99.999 20.363 19.960 99.999 99.999 99.999  0.361 99.999 99.999 99.999 99.999  99.999  99.999  99.999  99.999  0.004  0.004  0.006  0.005  0.027  0.023  496  416  0.000 -0.000    0  21.953932546 -13.524375696  8 16 15.02 2009  5 22 2454973.84850306    79  filtro desconhecido   targ_cat_global_reduction_sat_gr1                  Leda                  2044  4098     1  99.999  99.999
   0.114   0.060 1813.03   16.02 0.680     89.60    201.04 26.316 25.745 99.999 20.032 19.644 99.999 99.999 99.999  0.361 99.999 99.999 99.999 99.999  99.999  99.999  99.999  99.999  0.009  0.009  0.005  0.005  0.023  0.023  496  479  0.000 -0.000    0  21.953941056 -13.524351295  8 16 15.02 2009  5 22 2454973.85044239    79  filtro desconhecido   targ_cat_global_reduction_sat_gr1                  Leda                  2044  4098     1  99.999  99.999
   0.085   0.062 1813.03   16.02 0.701     89.60    201.04 26.316 25.745 99.999 20.127 19.746 99.999 99.999 99.999  0.361 99.999 99.999 99.999 99.999  99.999  99.999  99.999  99.999  0.011  0.012  0.006  0.006  0.025  0.026  496  455  0.000 -0.000    0  21.953948979 -13.524330146  8 16 15.02 2009  5 22 2454973.85230463    79  filtro desconhecido   targ_cat_global_reduction_sat_gr1                  Leda                  2044  4098     1  99.999  99.999
   0.116   0.049 1813.03   16.02 0.487     89.60    201.04 26.316 25.745 99.999 20.318 19.995 99.999 99.999 99.999  0.361 99.999 99.999 99.999 99.999  99.999  99.999  99.999  99.999  0.013  0.013  0.005  0.005  0.024  0.024  496  484  0.000 -0.000    0  21.953958353 -13.524312582  8 16 15.02 2009  5 22 2454973.85423852    79  filtro desconhecido   targ_cat_global_reduction_sat_gr1                  Leda                  2044  4098     1  99.999  99.999
   0.112   0.071 1813.03   16.02 0.703     89.60    201.04 26.316 25.745 99.999 19.908 19.625 99.999 99.999 99.999  0.361 99.999 99.999 99.999 99.999  99.999  99.999  99.999  99.999  0.010  0.010  0.005  0.005  0.025  0.025  496  495  0.000 -0.000    0  21.953966791 -13.524285859  8 16 15.02 2009  5 22 2454973.85611673    79  filtro desconhecido   targ_cat_global_reduction_sat_gr1                  Leda                  2044  4098     1  99.999  99.999
   0.112   0.055 1813.03   16.02 0.625     89.60    201.04 26.316 25.745 99.999 20.093 19.728 99.999 99.999 99.999  0.361 99.999 99.999 99.999 99.999  99.999  99.999  99.999  99.999  0.007  0.007  0.005  0.004  0.025  0.020  496  450  0.000 -0.000    0  21.953976493 -13.524266787  8 16 15.02 2009  5 22 2454973.85825214    79  filtro desconhecido   targ_cat_global_reduction_sat_gr1                  Leda                  2044  4098     1  99.999  99.999
   0.134   0.028 1813.03   16.02 0.664     89.60    201.04 26.316 25.745 99.999 19.704 19.273 99.999 99.999 99.999  0.361 99.999 99.999 99.999 99.999  99.999  99.999  99.999  99.999  0.008  0.008  0.003  0.003  0.026  0.028  496  434  0.000 -0.000    0  21.953988741 -13.524245278  8 16 15.02 2009  5 22 2454973.86085995    79  filtro desconhecido   targ_cat_global_reduction_sat_gr1                  Leda                  2044  4098     1  99.999  99.999
   0.132   0.032 1813.03   16.02 0.639     89.60    201.04 26.316 25.745 99.999 19.643 19.166 99.999 99.999 99.999  0.361 99.999 99.999 99.999 99.999  99.999  99.999  99.999  99.999  0.006  0.006  0.003  0.003  0.024  0.028  496  465  0.000 -0.000    0  21.953997520 -13.524222612  8 16 15.02 2009  5 22 2454973.86280657    79  filtro desconhecido   targ_cat_global_reduction_sat_gr1                  Leda                  2044  4098     1  99.999  99.999
   0.121   0.023 1813.03   16.02 0.569     89.60    201.04 26.316 25.745 99.999 19.646 19.178 99.999 99.999 99.999  0.361 99.999 99.999 99.999 99.999  99.999  99.999  99.999  99.999  0.006  0.006  0.003  0.003  0.027  0.028  496  442  0.000 -0.000    0  21.954006077 -13.524203580  8 16 15.02 2009  5 22 2454973.86474092    79  filtro desconhecido   targ_cat_global_reduction_sat_gr1                  Leda                  2044  4098     1  99.999  99.999
   0.150   0.011 1813.03   16.02 0.577     89.60    201.04 26.316 25.745 99.999 19.737 18.945 99.999 99.999 99.999  0.361 99.999 99.999 99.999 99.999  99.999  99.999  99.999  99.999  0.016  0.016  0.003  0.003  0.028  0.027  496  423  0.000 -0.000    0  21.954015417 -13.524185427  8 16 15.02 2009  5 22 2454973.86667956    79  filtro desconhecido   targ_cat_global_reduction_sat_gr1                  Leda                  2044  4098     1  99.999  99.999
   0.124   0.019 1813.03   16.02 0.587     89.60    201.04 26.316 25.745 99.999 19.638 19.227 99.999 99.999 99.999  0.361 99.999 99.999 99.999 99.999  99.999  99.999  99.999  99.999  0.019  0.007  0.003  0.003  0.027  0.027  496  398  0.000 -0.000    0  21.954023355 -13.524162857  8 16 15.02 2009  5 22 2454973.86854492    79  filtro desconhecido   targ_cat_global_reduction_sat_gr1                  Leda                  2044  4098     1  99.999  99.999
   0.140  -0.061 1813.03   16.02 0.648     89.60    201.04 26.316 25.745 99.999 19.237 18.803 99.999 99.999 99.999  0.361 99.999 99.999 99.999 99.999  99.999  99.999  99.999  99.999  0.005  0.005  0.003  0.003  0.029  0.027  496  456  0.000 -0.000    0  21.954032423 -13.524163623  8 16 15.02 2009  5 22 2454973.87047765    79  filtro desconhecido   targ_cat_global_reduction_sat_gr1                  Leda                  2044  4098     1  99.999  99.999
   0.018  -0.082 1813.03   16.02 0.767     89.60    201.04 26.316 25.745 99.999 19.503 19.018 99.999 99.999 99.999  0.361 99.999 99.999 99.999 99.999  99.999  99.999  99.999  99.999  0.016  0.016  0.003  0.003  0.026  0.029  496  434  0.000 -0.000    0  21.954038585 -13.524148525  8 16 15.02 2009  5 22 2454973.87235355    79  filtro desconhecido   targ_cat_global_reduction_sat_gr1                  Leda                  2044  4098     1  99.999  99.999
   0.104   0.012 1813.03   16.02 0.609     89.60    201.04 26.316 25.745 99.999 19.773 19.263 99.999 99.999 99.999  0.361 99.999 99.999 99.999 99.999  99.999  99.999  99.999  99.999  0.017  0.017  0.003  0.003  0.025  0.025  496  424  0.000 -0.000    0  21.954048983 -13.524101012  8 16 15.02 2009  5 22 2454973.87428731    79  filtro desconhecido   targ_cat_global_reduction_sat_gr1                  Leda                  2044  4098     1  99.999  99.999
   0.242   0.140 1312.48    8.50 0.618     66.18     76.80 24.867 24.396 99.999 20.255 19.550 99.999 99.999 99.999  0.518 99.999 99.999 99.999 99.999  99.999  99.999  99.999  99.999  0.017  0.017  0.006  0.006  0.031  0.030  255  276 -0.000  0.000    0  21.953831975 -13.524598728  7 49 22.35 2009  5 22 2454973.82595317    39  filtro desconhecido   targ_cat_global_reduction_sat_gr1                  Leda                  2044  4098     1  99.999  99.999
   0.202   0.191 1312.48    8.50 0.892     66.18     76.80 24.867 24.396 99.999 20.108 19.568 99.999 99.999 99.999  0.518 99.999 99.999 99.999 99.999  99.999  99.999  99.999  99.999  0.016  0.016  0.005  0.005  0.026  0.026  255  291 -0.000  0.000    0  21.953836517 -13.524571644  7 49 22.35 2009  5 22 2454973.82711464    39  filtro desconhecido   targ_cat_global_reduction_sat_gr1                  Leda                  2044  4098     1  99.999  99.999
   0.213   0.133 1312.48    8.50 1.752     66.18     76.80 24.867 24.396 99.999 18.843 18.123 99.999 99.999 99.999  0.518 99.999 99.999 99.999 99.999  99.999  99.999  99.999  99.999  0.022  0.023  0.004  0.005  0.022  0.024  255  266 -0.000  0.000    0  21.953842090 -13.524575048  7 49 22.35 2009  5 22 2454973.82829289    39  filtro desconhecido   targ_cat_global_reduction_sat_gr1                  Leda                  2044  4098     1  99.999  99.999
   0.204   0.146 1312.48    8.50 0.769     66.18     76.80 24.867 24.396 99.999 20.100 19.485 99.999 99.999 99.999  0.518 99.999 99.999 99.999 99.999  99.999  99.999  99.999  99.999  0.002  0.002  0.006  0.004  0.028  0.020  255  272 -0.000  0.000    0  21.953847226 -13.524558702  7 49 22.35 2009  5 22 2454973.82945459    39  filtro desconhecido   targ_cat_global_reduction_sat_gr1                  Leda                  2044  4098     1  99.999  99.999
   0.207   0.154 1312.48    8.50 0.898     66.18     76.80 24.867 24.396 99.999 20.196 19.476 99.999 99.999 99.999  0.518 99.999 99.999 99.999 99.999  99.999  99.999  99.999  99.999  0.024  0.024  0.006  0.004  0.031  0.022  255  300 -0.000  0.000    0  21.953852585 -13.524543580  7 49 22.35 2009  5 22 2454973.83061247    39  filtro desconhecido   targ_cat_global_reduction_sat_gr1                  Leda                  2044  4098     1  99.999  99.999
   0.206   0.108 1312.48    8.50 0.738     66.18     76.80 24.867 24.396 99.999 20.262 19.646 99.999 99.999 99.999  0.518 99.999 99.999 99.999 99.999  99.999  99.999  99.999  99.999  0.017  0.025  0.005  0.004  0.026  0.022  255  269 -0.000  0.000    0  21.953857838 -13.524543717  7 49 22.35 2009  5 22 2454973.83177312    39  filtro desconhecido   targ_cat_global_reduction_sat_gr1                  Leda                  2044  4098     1  99.999  99.999
   0.171   0.165 1312.48    8.50 0.911     66.18     76.80 24.867 24.396 99.999 20.277 19.634 99.999 99.999 99.999  0.518 99.999 99.999 99.999 99.999  99.999  99.999  99.999  99.999  0.024  0.023  0.006  0.005  0.031  0.025  255  251 -0.000  0.000    0  21.953862419 -13.524514980  7 49 22.35 2009  5 22 2454973.83292533    39  filtro desconhecido   targ_cat_global_reduction_sat_gr1                  Leda                  2044  4098     1  99.999  99.999
   0.147   0.106    9.86    3.91 1.057     66.20     72.47 24.201 23.383 99.999 19.824 19.088 99.999 99.999 99.999  0.386 99.999 99.999 99.999 99.999  99.999  99.999  99.999  99.999  0.018  0.018  0.005  0.005  0.032  0.033  312  286  0.000  0.000    0  21.962743024 -13.504036844  7 38  0.03 2009  5 24 2454975.81946680    39  filtro desconhecido   targ_cat_global_reduction_sat_gr1                  Leda                  2044  4098     1  99.999  99.999
   0.162   0.158    9.86    3.91 1.273     66.20     72.47 24.201 23.383 99.999 20.102 19.428 99.999 99.999 99.999  0.386 99.999 99.999 99.999 99.999  99.999  99.999  99.999  99.999  0.030  0.030  0.006  0.006  0.030  0.030  312  240  0.000  0.000    0  21.962760527 -13.503985487  7 38  0.03 2009  5 24 2454975.82367466    39  filtro desconhecido   targ_cat_global_reduction_sat_gr1                  Leda                  2044  4098     1  99.999  99.999
   0.127   0.160    9.86    3.91 1.592     66.20     72.47 24.201 23.383 99.999 19.706 19.048 99.999 99.999 99.999  0.386 99.999 99.999 99.999 99.999  99.999  99.999  99.999  99.999  0.034  0.034  0.007  0.007  0.031  0.030  312  200  0.000  0.000    0  21.962764466 -13.503974902  7 38  0.03 2009  5 24 2454975.82480094    39  filtro desconhecido   targ_cat_global_reduction_sat_gr1                  Leda                  2044  4098     1  99.999  99.999
   0.165   0.165    9.86    3.91 2.894     66.20     72.47 24.201 23.383 99.999 18.852 18.143 99.999 99.999 99.999  0.386 99.999 99.999 99.999 99.999  99.999  99.999  99.999  99.999  0.058  0.056  0.006  0.006  0.029  0.029  312  225  0.000  0.000    0  21.962769809 -13.503963767  7 38  0.03 2009  5 24 2454975.82592872    39  filtro desconhecido   targ_cat_global_reduction_sat_gr1                  Leda                  2044  4098     1  99.999  99.999
   0.107   0.139    9.86    3.91 1.137     66.20     72.47 24.201 23.383 99.999 20.067 19.486 99.999 99.999 99.999  0.386 99.999 99.999 99.999 99.999  99.999  99.999  99.999  99.999  0.001  0.001  0.006  0.007  0.027  0.030  312  213  0.000  0.000    0  21.962778145 -13.503950800  7 38  0.03 2009  5 24 2454975.82823834    39  filtro desconhecido   targ_cat_global_reduction_sat_gr1                  Leda                  2044  4098     1  99.999  99.999
   0.159   0.096    9.86    3.91 -.845     66.20     72.47 24.201 23.383 99.999 20.415 19.822 99.999 99.999 99.999  0.386 99.999 99.999 99.999 99.999  99.999  99.999  99.999  99.999  0.072  0.073  0.008  0.010  0.032  0.037  312  164  0.000  0.000    0  21.962784723 -13.503950685  7 38  0.03 2009  5 24 2454975.82960400    39  filtro desconhecido   targ_cat_global_reduction_sat_gr1                  Leda                  2044  4098     1  99.999  99.999
   0.045   0.382    9.86    3.91 0.917     66.20     72.47 24.201 23.383 99.999 20.475 19.823 99.999 99.999 99.999  0.386 99.999 99.999 99.999 99.999  99.999  99.999  99.999  99.999  0.095  0.109  0.008  0.011  0.028  0.037  312  179  0.000  0.000    0  21.962787135 -13.503861492  7 38  0.03 2009  5 24 2454975.83072761    39  filtro desconhecido   targ_cat_global_reduction_sat_gr1                  Leda                  2044  4098     1  99.999  99.999
   0.163   0.126    9.86    3.91 1.333     66.20     72.47 24.201 23.383 99.999 19.785 19.225 99.999 99.999 99.999  0.386 99.999 99.999 99.999 99.999  99.999  99.999  99.999  99.999  0.034  0.032  0.008  0.008  0.032  0.032  312  170  0.000  0.000    0  21.962798777 -13.503912340  7 38  0.03 2009  5 24 2454975.83302856    39  filtro desconhecido   targ_cat_global_reduction_sat_gr1                  Leda                  2044  4098     1  99.999  99.999
   0.314   0.185    9.86    3.91 1.692     66.20     72.47 24.201 23.383 99.999 18.625 17.944 99.999 99.999 99.999  0.386 99.999 99.999 99.999 99.999  99.999  99.999  99.999  99.999  0.055  0.027  0.010  0.009  0.032  0.031  312  154  0.000  0.000    0  21.962806363 -13.503885422  7 38  0.03 2009  5 24 2454975.83418702    39  filtro desconhecido   targ_cat_global_reduction_sat_gr1                  Leda                  2044  4098     1  99.999  99.999
   0.187   0.021    9.86    3.91 0.899     66.20     72.47 24.201 23.383 99.999 19.920 19.163 99.999 99.999 99.999  0.386 99.999 99.999 99.999 99.999  99.999  99.999  99.999  99.999  0.000  0.000  0.005  0.006  0.030  0.040  312  260  0.000  0.000    0  21.962809654 -13.503918962  7 38  0.03 2009  5 24 2454975.83557779    39  filtro desconhecido   targ_cat_global_reduction_sat_gr1                  Leda                  2044  4098     1  99.999  99.999
   0.161   0.062    9.86    3.91 0.639     66.20     72.47 24.201 23.383 99.999 20.054 19.285 99.999 99.999 99.999  0.386 99.999 99.999 99.999 99.999  99.999  99.999  99.999  99.999  0.046  0.046  0.004  0.005  0.028  0.032  312  215  0.000  0.000    0  21.962813872 -13.503897098  7 38  0.03 2009  5 24 2454975.83673787    39  filtro desconhecido   targ_cat_global_reduction_sat_gr1                  Leda                  2044  4098     1  99.999  99.999
   0.201   0.070    9.86    3.91 1.307     66.20     72.47 24.201 23.383 99.999 19.722 18.973 99.999 99.999 99.999  0.386 99.999 99.999 99.999 99.999  99.999  99.999  99.999  99.999  0.015  0.016  0.006  0.006  0.034  0.034  312  226  0.000  0.000    0  21.962819337 -13.503885013  7 38  0.03 2009  5 24 2454975.83788896    39  filtro desconhecido   targ_cat_global_reduction_sat_gr1                  Leda                  2044  4098     1  99.999  99.999
   0.184   0.074    9.86    3.91 1.535     66.20     72.47 24.201 23.383 99.999 19.273 18.413 99.999 99.999 99.999  0.386 99.999 99.999 99.999 99.999  99.999  99.999  99.999  99.999  0.030  0.030  0.005  0.005  0.031  0.030  312  256  0.000  0.000    0  21.962823719 -13.503873718  7 38  0.03 2009  5 24 2454975.83904680    39  filtro desconhecido   targ_cat_global_reduction_sat_gr1                  Leda                  2044  4098     1  99.999  99.999
   0.184   0.080    9.86    3.91 3.843     66.20     72.47 24.201 23.383 99.999 18.163 17.491 99.999 99.999 99.999  0.386 99.999 99.999 99.999 99.999  99.999  99.999  99.999  99.999  0.035  0.037  0.006  0.005  0.035  0.033  312  240  0.000  0.000    0  21.962828343 -13.503861958  7 38  0.03 2009  5 24 2454975.84018153    39  filtro desconhecido   targ_cat_global_reduction_sat_gr1                  Leda                  2044  4098     1  99.999  99.999
   0.168   0.146    9.86    3.91 1.468     66.20     72.47 24.201 23.383 99.999 19.718 18.953 99.999 99.999 99.999  0.386 99.999 99.999 99.999 99.999  99.999  99.999  99.999  99.999  0.037  0.036  0.005  0.005  0.032  0.033  312  255  0.000  0.000    0  21.962832776 -13.503833207  7 38  0.03 2009  5 24 2454975.84134531    39  filtro desconhecido   targ_cat_global_reduction_sat_gr1                  Leda                  2044  4098     1  99.999  99.999
   0.150   0.171    9.86    3.91 1.614     66.20     72.47 24.201 23.383 99.999 19.390 18.667 99.999 99.999 99.999  0.386 99.999 99.999 99.999 99.999  99.999  99.999  99.999  99.999  0.005  0.005  0.005  0.005  0.031  0.031  312  225  0.000  0.000    0  21.962837134 -13.503816231  7 38  0.03 2009  5 24 2454975.84249590    39  filtro desconhecido   targ_cat_global_reduction_sat_gr1                  Leda                  2044  4098     1  99.999  99.999
   0.147   0.116    9.86    3.91 1.098     66.20     72.47 24.201 23.383 99.999 20.404 19.786 99.999 99.999 99.999  0.386 99.999 99.999 99.999 99.999  99.999  99.999  99.999  99.999  0.020  0.020  0.006  0.006  0.033  0.033  312  236  0.000  0.000    0  21.962846302 -13.503811497  7 38  0.03 2009  5 24 2454975.84476570    39  filtro desconhecido   targ_cat_global_reduction_sat_gr1                  Leda                  2044  4098     1  99.999  99.999
   0.031  -0.000 1181.82    4.55 1.794    484.22    196.25 24.077 23.516 99.999 19.550 19.072 99.999 99.999 99.999  0.226 99.999  0.090  0.170  0.250  99.999  99.999  99.999  99.999  0.054  0.053  0.006  0.006  0.029  0.028  159  156 -0.000  0.001    0  21.962941011 -13.503632338  8 50 49.97 2009  5 24 2454975.86863389    39  filtro desconhecido   targ_cat_global_reduction_sat_gr1                  Leda                  2044  4098     1  99.999  99.999
   0.107  -0.022 1181.82    4.55 1.156    484.22    196.25 24.077 23.516 99.999 20.420 19.747 99.999 99.999 99.999  0.226 99.999  0.090  0.170  0.250  99.999  99.999  99.999  99.999  0.071  0.068  0.005  0.006  0.022  0.027  159  217 -0.000  0.001    0  21.962960072 -13.503599747  8 50 49.97 2009  5 24 2454975.87298587    39  filtro desconhecido   targ_cat_global_reduction_sat_gr1                  Leda                  2044  4098     1  99.999  99.999
   0.177  -0.022 1181.82    4.55 1.338    484.22    196.25 24.077 23.516 99.999 20.218 19.570 99.999 99.999 99.999  0.226 99.999  0.090  0.170  0.250  99.999  99.999  99.999  99.999  0.037  0.038  0.007  0.007  0.031  0.029  159  223 -0.000  0.001    0  21.962966062 -13.503589318  8 50 49.97 2009  5 24 2454975.87414178    39  filtro desconhecido   targ_cat_global_reduction_sat_gr1                  Leda                  2044  4098     1  99.999  99.999
   0.135  -0.069 1181.82    4.55 0.711    484.22    196.25 24.077 23.516 99.999 20.316 19.588 99.999 99.999 99.999  0.226 99.999  0.090  0.170  0.250  99.999  99.999  99.999  99.999  0.037  0.037  0.007  0.008  0.030  0.035  159  240 -0.000  0.001    0  21.962969966 -13.503591864  8 50 49.97 2009  5 24 2454975.87529919    39  filtro desconhecido   targ_cat_global_reduction_sat_gr1                  Leda                  2044  4098     1  99.999  99.999
   0.168  -0.083 1181.82    4.55 0.965    484.22    196.25 24.077 23.516 99.999 20.215 19.566 99.999 99.999 99.999  0.226 99.999  0.090  0.170  0.250  99.999  99.999  99.999  99.999  0.007  0.007  0.006  0.007  0.026  0.029  159  259 -0.000  0.001    0  21.962975260 -13.503585516  8 50 49.97 2009  5 24 2454975.87645534    39  filtro desconhecido   targ_cat_global_reduction_sat_gr1                  Leda                  2044  4098     1  99.999  99.999
   0.137  -0.104 1181.82    4.55 1.062    484.22    196.25 24.077 23.516 99.999 20.200 19.490 99.999 99.999 99.999  0.226 99.999  0.090  0.170  0.250  99.999  99.999  99.999  99.999  0.023  0.023  0.007  0.007  0.031  0.030  159  264 -0.000  0.001    0  21.962979351 -13.503581060  8 50 49.97 2009  5 24 2454975.87761576    39  filtro desconhecido   targ_cat_global_reduction_sat_gr1                  Leda                  2044  4098     1  99.999  99.999
   0.155  -0.057 1181.82    4.55 2.535    484.22    196.25 24.077 23.516 99.999 18.678 17.963 99.999 99.999 99.999  0.226 99.999  0.090  0.170  0.250  99.999  99.999  99.999  99.999  0.021  0.022  0.007  0.008  0.029  0.035  159  268 -0.000  0.001    0  21.962984183 -13.503558334  8 50 49.97 2009  5 24 2454975.87871918    39  filtro desconhecido   targ_cat_global_reduction_sat_gr1                  Leda                  2044  4098     1  99.999  99.999
   0.057  -0.048 1181.82    4.55 2.235    484.22    196.25 24.077 23.516 99.999 19.800 19.114 99.999 99.999 99.999  0.226 99.999  0.090  0.170  0.250  99.999  99.999  99.999  99.999  0.005  0.005  0.007  0.006  0.038  0.031  159  279 -0.000  0.001    0  21.962990258 -13.503538118  8 50 49.97 2009  5 24 2454975.88068797    39  filtro desconhecido   targ_cat_global_reduction_sat_gr1                  Leda                  2044  4098     1  99.999  99.999
   0.162  -0.045 1181.82    4.55 1.138    484.22    196.25 24.077 23.516 99.999 20.202 19.507 99.999 99.999 99.999  0.226 99.999  0.090  0.170  0.250  99.999  99.999  99.999  99.999  0.024  0.024  0.006  0.007  0.029  0.035  159  263 -0.000  0.001    0  21.962996942 -13.503526978  8 50 49.97 2009  5 24 2454975.88185140    39  filtro desconhecido   targ_cat_global_reduction_sat_gr1                  Leda                  2044  4098     1  99.999  99.999
   0.136  -0.084 1181.82    4.55 1.129    484.22    196.25 24.077 23.516 99.999 20.087 19.431 99.999 99.999 99.999  0.226 99.999  0.090  0.170  0.250  99.999  99.999  99.999  99.999  0.004  0.004  0.005  0.005  0.025  0.027  159  362 -0.000  0.001    0  21.963001145 -13.503527601  8 50 49.97 2009  5 24 2454975.88300789    39  filtro desconhecido   targ_cat_global_reduction_sat_gr1                  Leda                  2044  4098     1  99.999  99.999
   0.086   0.006 1181.82    4.55 1.919    484.22    196.25 24.077 23.516 99.999 19.842 19.163 99.999 99.999 99.999  0.226 99.999  0.090  0.170  0.250  99.999  99.999  99.999  99.999  0.014  0.014  0.004  0.006  0.025  0.035  159  281 -0.000  0.001    0  21.963004852 -13.503492321  8 50 49.97 2009  5 24 2454975.88416334    39  filtro desconhecido   targ_cat_global_reduction_sat_gr1                  Leda                  2044  4098     1  99.999  99.999
   0.180  -0.026 1181.82    4.55 2.979    484.22    196.25 24.077 23.516 99.999 18.849 18.146 99.999 99.999 99.999  0.226 99.999  0.090  0.170  0.250  99.999  99.999  99.999  99.999  0.021  0.022  0.005  0.006  0.029  0.031  159  271 -0.000  0.001    0  21.963011173 -13.503491170  8 50 49.97 2009  5 24 2454975.88528811    39  filtro desconhecido   targ_cat_global_reduction_sat_gr1                  Leda                  2044  4098     1  99.999  99.999
   0.005  -0.068 1181.82    4.55 2.525    484.22    196.25 24.077 23.516 99.999 19.192 18.518 99.999 99.999 99.999  0.226 99.999  0.090  0.170  0.250  99.999  99.999  99.999  99.999  0.050  0.050  0.006  0.006  0.036  0.033  159  238 -0.000  0.001    0  21.963012575 -13.503492121  8 50 49.97 2009  5 24 2454975.88645965    39  filtro desconhecido   targ_cat_global_reduction_sat_gr1                  Leda                  2044  4098     1  99.999  99.999
   0.167  -0.009 1181.82    4.55 0.826    484.22    196.25 24.077 23.516 99.999 21.176 20.458 99.999 99.999 99.999  0.226 99.999  0.090  0.170  0.250  99.999  99.999  99.999  99.999  0.009  0.010  0.007  0.007  0.032  0.032  159  226 -0.000  0.001    0  21.963020313 -13.503465441  8 50 49.97 2009  5 24 2454975.88761313    39  filtro desconhecido   targ_cat_global_reduction_sat_gr1                  Leda                  2044  4098     1  99.999  99.999
   0.166  -0.104 1181.82    4.55 2.336    484.22    196.25 24.077 23.516 99.999 19.271 18.625 99.999 99.999 99.999  0.226 99.999  0.090  0.170  0.250  99.999  99.999  99.999  99.999  0.013  0.015  0.005  0.005  0.031  0.033  159  265 -0.000  0.001    0  21.963024970 -13.503481686  8 50 49.97 2009  5 24 2454975.88876952    39  filtro desconhecido   targ_cat_global_reduction_sat_gr1                  Leda                  2044  4098     1  99.999  99.999
