   0.147   0.106    9.86    3.91 1.057     66.20     72.47 24.201 23.383 99.999 19.824 19.088 99.999 99.999 99.999  0.386 99.999 99.999 99.999 99.999  99.999  99.999  99.999  99.999  0.018  0.018  0.005  0.005  0.032  0.033  312  286  0.000  0.000    0  21.962743024 -13.504036844  7 38  0.03 2009  5 24 2454975.81946680    39  filtro desconhecido   targ_cat_global_reduction_sat_gr1                  Leda                  2044  4098
   0.162   0.158    9.86    3.91 1.273     66.20     72.47 24.201 23.383 99.999 20.102 19.428 99.999 99.999 99.999  0.386 99.999 99.999 99.999 99.999  99.999  99.999  99.999  99.999  0.030  0.030  0.006  0.006  0.030  0.030  312  240  0.000  0.000    0  21.962760527 -13.503985487  7 38  0.03 2009  5 24 2454975.82367466    39  filtro desconhecido   targ_cat_global_reduction_sat_gr1                  Leda                  2044  4098
   0.127   0.160    9.86    3.91 1.592     66.20     72.47 24.201 23.383 99.999 19.706 19.048 99.999 99.999 99.999  0.386 99.999 99.999 99.999 99.999  99.999  99.999  99.999  99.999  0.034  0.034  0.007  0.007  0.031  0.030  312  200  0.000  0.000    0  21.962764466 -13.503974902  7 38  0.03 2009  5 24 2454975.82480094    39  filtro desconhecido   targ_cat_global_reduction_sat_gr1                  Leda                  2044  4098
   0.165   0.165    9.86    3.91 2.894     66.20     72.47 24.201 23.383 99.999 18.852 18.143 99.999 99.999 99.999  0.386 99.999 99.999 99.999 99.999  99.999  99.999  99.999  99.999  0.058  0.056  0.006  0.006  0.029  0.029  312  225  0.000  0.000    0  21.962769809 -13.503963767  7 38  0.03 2009  5 24 2454975.82592872    39  filtro desconhecido   targ_cat_global_reduction_sat_gr1                  Leda                  2044  4098
   0.159   0.096    9.86    3.91 -.845     66.20     72.47 24.201 23.383 99.999 20.415 19.822 99.999 99.999 99.999  0.386 99.999 99.999 99.999 99.999  99.999  99.999  99.999  99.999  0.072  0.073  0.008  0.010  0.032  0.037  312  164  0.000  0.000    0  21.962784723 -13.503950685  7 38  0.03 2009  5 24 2454975.82960400    39  filtro desconhecido   targ_cat_global_reduction_sat_gr1                  Leda                  2044  4098
   0.163   0.126    9.86    3.91 1.333     66.20     72.47 24.201 23.383 99.999 19.785 19.225 99.999 99.999 99.999  0.386 99.999 99.999 99.999 99.999  99.999  99.999  99.999  99.999  0.034  0.032  0.008  0.008  0.032  0.032  312  170  0.000  0.000    0  21.962798777 -13.503912340  7 38  0.03 2009  5 24 2454975.83302856    39  filtro desconhecido   targ_cat_global_reduction_sat_gr1                  Leda                  2044  4098
   0.187   0.021    9.86    3.91 0.899     66.20     72.47 24.201 23.383 99.999 19.920 19.163 99.999 99.999 99.999  0.386 99.999 99.999 99.999 99.999  99.999  99.999  99.999  99.999  0.000  0.000  0.005  0.006  0.030  0.040  312  260  0.000  0.000    0  21.962809654 -13.503918962  7 38  0.03 2009  5 24 2454975.83557779    39  filtro desconhecido   targ_cat_global_reduction_sat_gr1                  Leda                  2044  4098
   0.161   0.062    9.86    3.91 0.639     66.20     72.47 24.201 23.383 99.999 20.054 19.285 99.999 99.999 99.999  0.386 99.999 99.999 99.999 99.999  99.999  99.999  99.999  99.999  0.046  0.046  0.004  0.005  0.028  0.032  312  215  0.000  0.000    0  21.962813872 -13.503897098  7 38  0.03 2009  5 24 2454975.83673787    39  filtro desconhecido   targ_cat_global_reduction_sat_gr1                  Leda                  2044  4098
   0.184   0.074    9.86    3.91 1.535     66.20     72.47 24.201 23.383 99.999 19.273 18.413 99.999 99.999 99.999  0.386 99.999 99.999 99.999 99.999  99.999  99.999  99.999  99.999  0.030  0.030  0.005  0.005  0.031  0.030  312  256  0.000  0.000    0  21.962823719 -13.503873718  7 38  0.03 2009  5 24 2454975.83904680    39  filtro desconhecido   targ_cat_global_reduction_sat_gr1                  Leda                  2044  4098
   0.184   0.080    9.86    3.91 3.843     66.20     72.47 24.201 23.383 99.999 18.163 17.491 99.999 99.999 99.999  0.386 99.999 99.999 99.999 99.999  99.999  99.999  99.999  99.999  0.035  0.037  0.006  0.005  0.035  0.033  312  240  0.000  0.000    0  21.962828343 -13.503861958  7 38  0.03 2009  5 24 2454975.84018153    39  filtro desconhecido   targ_cat_global_reduction_sat_gr1                  Leda                  2044  4098
   0.168   0.146    9.86    3.91 1.468     66.20     72.47 24.201 23.383 99.999 19.718 18.953 99.999 99.999 99.999  0.386 99.999 99.999 99.999 99.999  99.999  99.999  99.999  99.999  0.037  0.036  0.005  0.005  0.032  0.033  312  255  0.000  0.000    0  21.962832776 -13.503833207  7 38  0.03 2009  5 24 2454975.84134531    39  filtro desconhecido   targ_cat_global_reduction_sat_gr1                  Leda                  2044  4098
   0.150   0.171    9.86    3.91 1.614     66.20     72.47 24.201 23.383 99.999 19.390 18.667 99.999 99.999 99.999  0.386 99.999 99.999 99.999 99.999  99.999  99.999  99.999  99.999  0.005  0.005  0.005  0.005  0.031  0.031  312  225  0.000  0.000    0  21.962837134 -13.503816231  7 38  0.03 2009  5 24 2454975.84249590    39  filtro desconhecido   targ_cat_global_reduction_sat_gr1                  Leda                  2044  4098
   0.147   0.116    9.86    3.91 1.098     66.20     72.47 24.201 23.383 99.999 20.404 19.786 99.999 99.999 99.999  0.386 99.999 99.999 99.999 99.999  99.999  99.999  99.999  99.999  0.020  0.020  0.006  0.006  0.033  0.033  312  236  0.000  0.000    0  21.962846302 -13.503811497  7 38  0.03 2009  5 24 2454975.84476570    39  filtro desconhecido   targ_cat_global_reduction_sat_gr1                  Leda                  2044  4098
   0.177  -0.022 1181.82    4.55 1.338    484.22    196.25 24.077 23.516 99.999 20.218 19.570 99.999 99.999 99.999  0.226 99.999  0.090  0.170  0.250  99.999  99.999  99.999  99.999  0.037  0.038  0.007  0.007  0.031  0.029  159  223 -0.000  0.001    0  21.962966062 -13.503589318  8 50 49.97 2009  5 24 2454975.87414178    39  filtro desconhecido   targ_cat_global_reduction_sat_gr1                  Leda                  2044  4098
   0.135  -0.069 1181.82    4.55 0.711    484.22    196.25 24.077 23.516 99.999 20.316 19.588 99.999 99.999 99.999  0.226 99.999  0.090  0.170  0.250  99.999  99.999  99.999  99.999  0.037  0.037  0.007  0.008  0.030  0.035  159  240 -0.000  0.001    0  21.962969966 -13.503591864  8 50 49.97 2009  5 24 2454975.87529919    39  filtro desconhecido   targ_cat_global_reduction_sat_gr1                  Leda                  2044  4098
   0.168  -0.083 1181.82    4.55 0.965    484.22    196.25 24.077 23.516 99.999 20.215 19.566 99.999 99.999 99.999  0.226 99.999  0.090  0.170  0.250  99.999  99.999  99.999  99.999  0.007  0.007  0.006  0.007  0.026  0.029  159  259 -0.000  0.001    0  21.962975260 -13.503585516  8 50 49.97 2009  5 24 2454975.87645534    39  filtro desconhecido   targ_cat_global_reduction_sat_gr1                  Leda                  2044  4098
   0.137  -0.104 1181.82    4.55 1.062    484.22    196.25 24.077 23.516 99.999 20.200 19.490 99.999 99.999 99.999  0.226 99.999  0.090  0.170  0.250  99.999  99.999  99.999  99.999  0.023  0.023  0.007  0.007  0.031  0.030  159  264 -0.000  0.001    0  21.962979351 -13.503581060  8 50 49.97 2009  5 24 2454975.87761576    39  filtro desconhecido   targ_cat_global_reduction_sat_gr1                  Leda                  2044  4098
   0.155  -0.057 1181.82    4.55 2.535    484.22    196.25 24.077 23.516 99.999 18.678 17.963 99.999 99.999 99.999  0.226 99.999  0.090  0.170  0.250  99.999  99.999  99.999  99.999  0.021  0.022  0.007  0.008  0.029  0.035  159  268 -0.000  0.001    0  21.962984183 -13.503558334  8 50 49.97 2009  5 24 2454975.87871918    39  filtro desconhecido   targ_cat_global_reduction_sat_gr1                  Leda                  2044  4098
   0.162  -0.045 1181.82    4.55 1.138    484.22    196.25 24.077 23.516 99.999 20.202 19.507 99.999 99.999 99.999  0.226 99.999  0.090  0.170  0.250  99.999  99.999  99.999  99.999  0.024  0.024  0.006  0.007  0.029  0.035  159  263 -0.000  0.001    0  21.962996942 -13.503526978  8 50 49.97 2009  5 24 2454975.88185140    39  filtro desconhecido   targ_cat_global_reduction_sat_gr1                  Leda                  2044  4098
   0.136  -0.084 1181.82    4.55 1.129    484.22    196.25 24.077 23.516 99.999 20.087 19.431 99.999 99.999 99.999  0.226 99.999  0.090  0.170  0.250  99.999  99.999  99.999  99.999  0.004  0.004  0.005  0.005  0.025  0.027  159  362 -0.000  0.001    0  21.963001145 -13.503527601  8 50 49.97 2009  5 24 2454975.88300789    39  filtro desconhecido   targ_cat_global_reduction_sat_gr1                  Leda                  2044  4098
   0.180  -0.026 1181.82    4.55 2.979    484.22    196.25 24.077 23.516 99.999 18.849 18.146 99.999 99.999 99.999  0.226 99.999  0.090  0.170  0.250  99.999  99.999  99.999  99.999  0.021  0.022  0.005  0.006  0.029  0.031  159  271 -0.000  0.001    0  21.963011173 -13.503491170  8 50 49.97 2009  5 24 2454975.88528811    39  filtro desconhecido   targ_cat_global_reduction_sat_gr1                  Leda                  2044  4098
   0.167  -0.009 1181.82    4.55 0.826    484.22    196.25 24.077 23.516 99.999 21.176 20.458 99.999 99.999 99.999  0.226 99.999  0.090  0.170  0.250  99.999  99.999  99.999  99.999  0.009  0.010  0.007  0.007  0.032  0.032  159  226 -0.000  0.001    0  21.963020313 -13.503465441  8 50 49.97 2009  5 24 2454975.88761313    39  filtro desconhecido   targ_cat_global_reduction_sat_gr1                  Leda                  2044  4098
   0.166  -0.104 1181.82    4.55 2.336    484.22    196.25 24.077 23.516 99.999 19.271 18.625 99.999 99.999 99.999  0.226 99.999  0.090  0.170  0.250  99.999  99.999  99.999  99.999  0.013  0.015  0.005  0.005  0.031  0.033  159  265 -0.000  0.001    0  21.963024970 -13.503481686  8 50 49.97 2009  5 24 2454975.88876952    39  filtro desconhecido   targ_cat_global_reduction_sat_gr1                  Leda                  2044  4098
