   0.213   0.133 1312.48    8.50 1.752     66.18     76.80 24.867 24.396 99.999 18.843 18.123 99.999 99.999 99.999  0.518 99.999 99.999 99.999 99.999  99.999  99.999  99.999  99.999  0.022  0.023  0.004  0.005  0.022  0.024  255  266 -0.000  0.000    0  21.953842090 -13.524575048  7 49 22.35 2009  5 22 2454973.82829289    39  filtro desconhecido   targ_cat_global_reduction_sat_gr1                  Leda                  2044  4098
   0.204   0.146 1312.48    8.50 0.769     66.18     76.80 24.867 24.396 99.999 20.100 19.485 99.999 99.999 99.999  0.518 99.999 99.999 99.999 99.999  99.999  99.999  99.999  99.999  0.002  0.002  0.006  0.004  0.028  0.020  255  272 -0.000  0.000    0  21.953847226 -13.524558702  7 49 22.35 2009  5 22 2454973.82945459    39  filtro desconhecido   targ_cat_global_reduction_sat_gr1                  Leda                  2044  4098
   0.207   0.154 1312.48    8.50 0.898     66.18     76.80 24.867 24.396 99.999 20.196 19.476 99.999 99.999 99.999  0.518 99.999 99.999 99.999 99.999  99.999  99.999  99.999  99.999  0.024  0.024  0.006  0.004  0.031  0.022  255  300 -0.000  0.000    0  21.953852585 -13.524543580  7 49 22.35 2009  5 22 2454973.83061247    39  filtro desconhecido   targ_cat_global_reduction_sat_gr1                  Leda                  2044  4098
   0.206   0.108 1312.48    8.50 0.738     66.18     76.80 24.867 24.396 99.999 20.262 19.646 99.999 99.999 99.999  0.518 99.999 99.999 99.999 99.999  99.999  99.999  99.999  99.999  0.017  0.025  0.005  0.004  0.026  0.022  255  269 -0.000  0.000    0  21.953857838 -13.524543717  7 49 22.35 2009  5 22 2454973.83177312    39  filtro desconhecido   targ_cat_global_reduction_sat_gr1                  Leda                  2044  4098
   0.171   0.165 1312.48    8.50 0.911     66.18     76.80 24.867 24.396 99.999 20.277 19.634 99.999 99.999 99.999  0.518 99.999 99.999 99.999 99.999  99.999  99.999  99.999  99.999  0.024  0.023  0.006  0.005  0.031  0.025  255  251 -0.000  0.000    0  21.953862419 -13.524514980  7 49 22.35 2009  5 22 2454973.83292533    39  filtro desconhecido   targ_cat_global_reduction_sat_gr1                  Leda                  2044  4098
   0.084   0.075 1813.03   16.02 0.697     89.60    201.04 26.316 25.745 99.999 20.099 19.763 99.999 99.999 99.999  0.361 99.999 99.999 99.999 99.999  99.999  99.999  99.999  99.999  0.015  0.015  0.005  0.005  0.025  0.023  496  460  0.000 -0.000    0  21.953914021 -13.524411261  8 16 15.02 2009  5 22 2454973.84461827    79  filtro desconhecido   targ_cat_global_reduction_sat_gr1                  Leda                  2044  4098
   0.110   0.065 1813.03   16.02 0.723     89.60    201.04 26.316 25.745 99.999 20.153 19.700 99.999 99.999 99.999  0.361 99.999 99.999 99.999 99.999  99.999  99.999  99.999  99.999  0.011  0.011  0.005  0.005  0.023  0.022  496  490  0.000 -0.000    0  21.953923400 -13.524392769  8 16 15.02 2009  5 22 2454973.84656987    79  filtro desconhecido   targ_cat_global_reduction_sat_gr1                  Leda                  2044  4098
   0.129   0.049 1813.03   16.02 0.675     89.60    201.04 26.316 25.745 99.999 20.363 19.960 99.999 99.999 99.999  0.361 99.999 99.999 99.999 99.999  99.999  99.999  99.999  99.999  0.004  0.004  0.006  0.005  0.027  0.023  496  416  0.000 -0.000    0  21.953932546 -13.524375696  8 16 15.02 2009  5 22 2454973.84850306    79  filtro desconhecido   targ_cat_global_reduction_sat_gr1                  Leda                  2044  4098
   0.114   0.060 1813.03   16.02 0.680     89.60    201.04 26.316 25.745 99.999 20.032 19.644 99.999 99.999 99.999  0.361 99.999 99.999 99.999 99.999  99.999  99.999  99.999  99.999  0.009  0.009  0.005  0.005  0.023  0.023  496  479  0.000 -0.000    0  21.953941056 -13.524351295  8 16 15.02 2009  5 22 2454973.85044239    79  filtro desconhecido   targ_cat_global_reduction_sat_gr1                  Leda                  2044  4098
   0.085   0.062 1813.03   16.02 0.701     89.60    201.04 26.316 25.745 99.999 20.127 19.746 99.999 99.999 99.999  0.361 99.999 99.999 99.999 99.999  99.999  99.999  99.999  99.999  0.011  0.012  0.006  0.006  0.025  0.026  496  455  0.000 -0.000    0  21.953948979 -13.524330146  8 16 15.02 2009  5 22 2454973.85230463    79  filtro desconhecido   targ_cat_global_reduction_sat_gr1                  Leda                  2044  4098
   0.116   0.049 1813.03   16.02 0.487     89.60    201.04 26.316 25.745 99.999 20.318 19.995 99.999 99.999 99.999  0.361 99.999 99.999 99.999 99.999  99.999  99.999  99.999  99.999  0.013  0.013  0.005  0.005  0.024  0.024  496  484  0.000 -0.000    0  21.953958353 -13.524312582  8 16 15.02 2009  5 22 2454973.85423852    79  filtro desconhecido   targ_cat_global_reduction_sat_gr1                  Leda                  2044  4098
   0.112   0.071 1813.03   16.02 0.703     89.60    201.04 26.316 25.745 99.999 19.908 19.625 99.999 99.999 99.999  0.361 99.999 99.999 99.999 99.999  99.999  99.999  99.999  99.999  0.010  0.010  0.005  0.005  0.025  0.025  496  495  0.000 -0.000    0  21.953966791 -13.524285859  8 16 15.02 2009  5 22 2454973.85611673    79  filtro desconhecido   targ_cat_global_reduction_sat_gr1                  Leda                  2044  4098
   0.112   0.055 1813.03   16.02 0.625     89.60    201.04 26.316 25.745 99.999 20.093 19.728 99.999 99.999 99.999  0.361 99.999 99.999 99.999 99.999  99.999  99.999  99.999  99.999  0.007  0.007  0.005  0.004  0.025  0.020  496  450  0.000 -0.000    0  21.953976493 -13.524266787  8 16 15.02 2009  5 22 2454973.85825214    79  filtro desconhecido   targ_cat_global_reduction_sat_gr1                  Leda                  2044  4098
   0.134   0.028 1813.03   16.02 0.664     89.60    201.04 26.316 25.745 99.999 19.704 19.273 99.999 99.999 99.999  0.361 99.999 99.999 99.999 99.999  99.999  99.999  99.999  99.999  0.008  0.008  0.003  0.003  0.026  0.028  496  434  0.000 -0.000    0  21.953988741 -13.524245278  8 16 15.02 2009  5 22 2454973.86085995    79  filtro desconhecido   targ_cat_global_reduction_sat_gr1                  Leda                  2044  4098
   0.132   0.032 1813.03   16.02 0.639     89.60    201.04 26.316 25.745 99.999 19.643 19.166 99.999 99.999 99.999  0.361 99.999 99.999 99.999 99.999  99.999  99.999  99.999  99.999  0.006  0.006  0.003  0.003  0.024  0.028  496  465  0.000 -0.000    0  21.953997520 -13.524222612  8 16 15.02 2009  5 22 2454973.86280657    79  filtro desconhecido   targ_cat_global_reduction_sat_gr1                  Leda                  2044  4098
   0.121   0.023 1813.03   16.02 0.569     89.60    201.04 26.316 25.745 99.999 19.646 19.178 99.999 99.999 99.999  0.361 99.999 99.999 99.999 99.999  99.999  99.999  99.999  99.999  0.006  0.006  0.003  0.003  0.027  0.028  496  442  0.000 -0.000    0  21.954006077 -13.524203580  8 16 15.02 2009  5 22 2454973.86474092    79  filtro desconhecido   targ_cat_global_reduction_sat_gr1                  Leda                  2044  4098
   0.150   0.011 1813.03   16.02 0.577     89.60    201.04 26.316 25.745 99.999 19.737 18.945 99.999 99.999 99.999  0.361 99.999 99.999 99.999 99.999  99.999  99.999  99.999  99.999  0.016  0.016  0.003  0.003  0.028  0.027  496  423  0.000 -0.000    0  21.954015417 -13.524185427  8 16 15.02 2009  5 22 2454973.86667956    79  filtro desconhecido   targ_cat_global_reduction_sat_gr1                  Leda                  2044  4098
   0.124   0.019 1813.03   16.02 0.587     89.60    201.04 26.316 25.745 99.999 19.638 19.227 99.999 99.999 99.999  0.361 99.999 99.999 99.999 99.999  99.999  99.999  99.999  99.999  0.019  0.007  0.003  0.003  0.027  0.027  496  398  0.000 -0.000    0  21.954023355 -13.524162857  8 16 15.02 2009  5 22 2454973.86854492    79  filtro desconhecido   targ_cat_global_reduction_sat_gr1                  Leda                  2044  4098
   0.104   0.012 1813.03   16.02 0.609     89.60    201.04 26.316 25.745 99.999 19.773 19.263 99.999 99.999 99.999  0.361 99.999 99.999 99.999 99.999  99.999  99.999  99.999  99.999  0.017  0.017  0.003  0.003  0.025  0.025  496  424  0.000 -0.000    0  21.954048983 -13.524101012  8 16 15.02 2009  5 22 2454973.87428731    79  filtro desconhecido   targ_cat_global_reduction_sat_gr1                  Leda                  2044  4098
