  -0.075   0.080  491.47  383.50 2.420   1447.52   4896.54 25.170 24.577 99.999 17.268 16.675 99.999 99.999 99.999  0.435  0.626 99.999 99.999 99.999  99.999  99.999  99.999  99.999  0.020  0.020  0.022  0.024  0.053  0.057   10    9 99.999 99.999   99  23.940988918  -2.086409098  2 36 40.55 1998  8 14 2451039.60880266   300             R Cousins  1998/N19980813/P73960F1.FITS                       Carme                 1024  1024
  -0.045   0.078  495.21  381.92 2.518   1136.66   5038.25 25.095 24.500 99.999 17.456 16.861 99.999 99.999 99.999  0.388  0.680 99.999 99.999 99.999  99.999  99.999  99.999  99.999  0.037  0.037  0.022  0.026  0.053  0.063   11    9 99.999 99.999   99  23.940936280  -2.086707355  2 52 47.06 1998  8 14 2451039.61998912   300             R Cousins  1998/N19980813/P73962F1.FITS                       Carme                 1024  1024
  -0.029   0.086  698.67  355.80 2.686   1277.81   5133.58 25.287 24.712 99.999 17.521 16.946 99.999 99.999 99.999  0.280  0.640 99.999 99.999 99.999  99.999  99.999  99.999  99.999  0.016  0.016  0.025  0.026  0.062  0.065   19   15 99.999 99.999   99  23.940901050  -2.086903607  3  3 33.13 1998  8 14 2451039.62746678   300             R Cousins  1998/N19980813/P73963F1.FITS                       Carme                 1024  1024
  -0.005   0.083  701.01  355.09 2.917    923.37   5382.53 24.991 24.387 99.999 17.578 16.973 99.999 99.999 99.999  0.252  0.660 99.999 99.999 99.999  99.999  99.999  99.999  99.999  0.022  0.022  0.025  0.020  0.071  0.058   19   16 99.999 99.999   99  23.940874276  -2.087056956  3 11 48.19 1998  8 14 2451039.63319664   300             R Cousins  1998/N19980813/P73964F1.FITS                       Carme                 1024  1024
   0.023   0.068  775.56  353.51 2.744   1161.29   5663.62 25.173 24.673 99.999 17.511 17.011 99.999 99.999 99.999  0.269  0.638 99.999 99.999 99.999  99.999  99.999  99.999  99.999  0.025  0.025  0.024  0.019  0.066  0.053   21   16 99.999 99.999   99  23.940853725  -2.087178981  3 18 10.96 1998  8 14 2451039.63762685   300             R Cousins  1998/N19980813/P73965F1.FITS                       Carme                 1024  1024
   0.024   0.077  777.11  352.98 2.849    950.52   6135.41 25.001 24.519 99.999 17.556 17.074 99.999 99.999 99.999  0.248  0.600 99.999 99.999 99.999  99.999  99.999  99.999  99.999  0.032  0.032  0.014  0.023  0.037  0.060   21   14 99.999 99.999   99  23.940832704  -2.087294427  3 24 34.09 1998  8 14 2451039.64206123   300             R Cousins  1998/N19980813/P73966F1.FITS                       Carme                 1024  1024
  -0.100  -0.048  609.55  328.54 3.913    659.85   2000.42 24.470 23.955 99.999 17.422 16.907 99.999 99.999 99.999  0.168  0.680 99.999 99.999 99.999  99.999  99.999  99.999  99.999  0.024  0.024  0.013  0.018  0.040  0.053   17   13 99.999 99.999   99  23.916933475  -2.226452013 21 58 16.45 1998  8 18 2451044.41546817   330             R Cousins  1998/N19980818/P74214F1.FITS                       Carme                 1024  1024
  -0.166   0.052  612.82  327.78 2.980    976.09   1976.67 24.888 24.430 99.999 17.415 16.957 99.999 99.999 99.999  0.179  0.582 99.999 99.999 99.999  99.999  99.999  99.999  99.999  0.020  0.020  0.018  0.020  0.056  0.062   17   14 99.999 99.999   99  23.916897397  -2.226623266 22  7 19.87 1998  8 18 2451044.42175775   330             R Cousins  1998/N19980818/P74215F1.FITS                       Carme                 1024  1024
  -0.098   0.050  614.89  326.88 2.829   1161.51   1918.86 25.073 24.595 99.999 17.411 16.933 99.999 99.999 99.999  0.215  0.592 99.999 99.999 99.999  99.999  99.999  99.999  99.999  0.012  0.012  0.015  0.016  0.046  0.050   17   14 99.999 99.999   99  23.916872148  -2.226775281 22 14 12.69 1998  8 18 2451044.42653576   330             R Cousins  1998/N19980818/P74216F1.FITS                       Carme                 1024  1024
  -0.026   0.047  616.68  326.08 3.017    822.67   1894.17 24.726 24.233 99.999 17.438 16.945 99.999 99.999 99.999  0.181  0.603 99.999 99.999 99.999  99.999  99.999  99.999  99.999  0.024  0.024  0.016  0.016  0.050  0.050   17   14 99.999 99.999   99  23.916847018  -2.226927083 22 21  4.60 1998  8 18 2451044.43130324   330             R Cousins  1998/N19980818/P74217F1.FITS                       Carme                 1024  1024
  -0.114   0.008  618.88  325.17 3.477    723.15   1841.12 24.587 24.093 99.999 17.439 16.945 99.999 99.999 99.999  0.177  0.639 99.999 99.999 99.999  99.999  99.999  99.999  99.999  0.024  0.024  0.020  0.017  0.060  0.051   17   14 99.999 99.999   99  23.916818804  -2.227089344 22 27 57.73 1998  8 18 2451044.43608484   331             R Cousins  1998/N19980818/P74218F1.FITS                       Carme                 1024  1024
  -0.111   0.079  620.75  324.19 3.519    854.01   1784.15 24.793 24.274 99.999 17.465 16.945 99.999 99.999 99.999  0.167  0.628 99.999 99.999 99.999  99.999  99.999  99.999  99.999  0.021  0.021  0.019  0.018  0.058  0.052   17   14 99.999 99.999   99  23.916792273  -2.227221068 22 34 50.85 1998  8 18 2451044.44086632   330             R Cousins  1998/N19980818/P74219F1.FITS                       Carme                 1024  1024
  -0.014   0.107  622.69  323.53 3.301    839.82   1773.48 24.784 24.188 99.999 17.474 16.877 99.999 99.999 99.999  0.180  0.665 99.999 99.999 99.999  99.999  99.999  99.999  99.999  0.016  0.016  0.017  0.017  0.051  0.051   17   14 99.999 99.999   99  23.916767512  -2.227364541 22 41 42.71 1998  8 18 2451044.44563322   330             R Cousins  1998/N19980818/P74220F1.FITS                       Carme                 1024  1024
  -0.042  -0.070  624.90  322.42 3.582    910.89   1712.47 24.780 24.249 99.999 17.382 16.850 99.999 99.999 99.999  0.163  0.667 99.999 99.999 99.999  99.999  99.999  99.999  99.999  0.043  0.043  0.020  0.019  0.062  0.057   17   15 99.999 99.999   99  23.916740395  -2.227564905 22 48 35.28 1998  8 18 2451044.45040833   330             R Cousins  1998/N19980818/P74221F1.FITS                       Carme                 1024  1024
  -0.020   0.029  627.91  321.52 3.011   1202.61   1671.16 25.124 24.527 99.999 17.423 16.826 99.999 99.999 99.999  0.191  0.654 99.999 99.999 99.999  99.999  99.999  99.999  99.999  0.018  0.018  0.018  0.020  0.053  0.058   17   14 99.999 99.999   99  23.916703233  -2.227750736 22 58 17.23 1998  8 18 2451044.45714387   330             R Cousins  1998/N19980818/P74222F1.FITS                       Carme                 1024  1024
   0.204  -0.181  704.93  444.49 2.533   1222.13   1300.27 25.115 24.277 99.999 17.397 16.559 99.999 99.999 99.999  0.318  0.763 99.999 99.999 99.999  99.999  99.999  99.999  99.999  0.020  0.019  0.024  0.022  0.060  0.056   16   12 99.999 99.999   99   1.883446823   9.477883408  2 25  6.69 1999 10  9 2451460.60077188   300             R Cousins  1999/N19991008/P114304F1.FITS                      Carme                 1024  1024
   0.222  -0.158  708.17  442.97 2.615   1031.49   1343.03 24.964 24.171 99.999 17.430 16.638 99.999 99.999 99.999  0.289  0.844 99.999 99.999 99.999  99.999  99.999  99.999  99.999  0.023  0.023  0.018  0.016  0.047  0.042   16   11 99.999 99.999   99   1.883402419   9.477615992  2 33 31.05 1999 10  9 2451460.60660938   300             R Cousins  1999/N19991008/P114305F1.FITS                      Carme                 1024  1024
   0.104  -0.179  714.19  441.20 2.189    339.69   1168.22 23.804 23.209 99.999 17.476 16.882 99.999 99.999 99.999  0.302  0.641 99.999 99.999 99.999  99.999  99.999  99.999  99.999  0.039  0.039  0.024  0.013  0.059  0.033   16   11 99.999 99.999   99   1.883343453   9.477262300  2 44 11.52 1999 10  9 2451460.61402222   200             R Cousins  1999/N19991008/P114306F1.FITS                      Carme                 1024  1024
   0.140  -0.198  722.35  436.06 2.387    629.47   1029.08 24.316 23.672 99.999 17.318 16.674 99.999 99.999 99.999  0.299  0.745 99.999 99.999 99.999  99.999  99.999  99.999  99.999  0.014  0.014  0.022  0.009  0.056  0.023   16   11 99.999 99.999   99   1.883255328   9.476712442  3  0 53.93 1999 10  9 2451460.62562419   200             R Cousins  1999/N19991008/P114309F1.FITS                      Carme                 1024  1024
   0.167  -0.167  724.67  435.43 2.546    861.92    797.65 24.673 23.786 99.999 17.334 16.447 99.999 99.999 99.999  0.290  0.824 99.999 99.999 99.999  99.999  99.999  99.999  99.999  0.016  0.016  0.023  0.023  0.057  0.056   16   12 99.999 99.999   99   1.883230823   9.476567216  3  5 36.65 1999 10  9 2451460.62889641   200             R Cousins  1999/N19991008/P114310F1.FITS                      Carme                 1024  1024
   0.187  -0.168  726.72  434.98 2.851    719.16    774.01 24.602 23.759 99.999 17.459 16.617 99.999 99.999 99.999  0.261  0.846 99.999 99.999 99.999  99.999  99.999  99.999  99.999  0.012  0.012  0.017  0.016  0.043  0.039   16   11 99.999 99.999   99   1.883206265   9.476413848  3 10 18.50 1999 10  9 2451460.63215856   200             R Cousins  1999/N19991008/P114311F1.FITS                      Carme                 1024  1024
   0.103  -0.159  728.39  433.58 2.498   1026.51    785.47 24.843 23.967 99.999 17.314 16.439 99.999 99.999 99.999  0.289  0.822 99.999 99.999 99.999  99.999  99.999  99.999  99.999  0.011  0.011  0.019  0.016  0.048  0.041   16   11 99.999 99.999   99   1.883179738   9.476262687  3 15  0.58 1999 10  9 2451460.63542338   200             R Cousins  1999/N19991008/P114312F1.FITS                      Carme                 1024  1024
   0.207  -0.178  730.31  432.86 2.276   1232.12    801.76 25.014 24.134 99.999 17.287 16.407 99.999 99.999 99.999  0.302  0.803 99.999 99.999 99.999  99.999  99.999  99.999  99.999  0.020  0.020  0.018  0.012  0.043  0.031   16   11 99.999 99.999   99   1.883156750   9.476104295  3 19 42.59 1999 10  9 2451460.63868738   200             R Cousins  1999/N19991008/P114313F1.FITS                      Carme                 1024  1024
   0.147  -0.172  731.94  432.02 2.482   1112.46    781.16 24.923 24.094 99.999 17.307 16.479 99.999 99.999 99.999  0.303  0.799 99.999 99.999 99.999  99.999  99.999  99.999  99.999  0.012  0.012  0.021  0.012  0.051  0.030   16   11 99.999 99.999   99   1.883130670   9.475952424  3 24 24.74 1999 10  9 2451460.64195301   200             R Cousins  1999/N19991008/P114314F1.FITS                      Carme                 1024  1024
   0.258  -0.146  736.12  430.45 2.937    554.82    800.42 24.222 23.455 99.999 17.361 16.594 99.999 99.999 99.999  0.293  0.785 99.999 99.999 99.999  99.999  99.999  99.999  99.999  0.020  0.020  0.022  0.013  0.055  0.032   16   11 99.999 99.999   99   1.883082779   9.475651913  3 33 50.38 1999 10  9 2451460.64849977   200             R Cousins  1999/N19991008/P114316F1.FITS                      Carme                 1024  1024
  -0.029  -0.238  550.00  335.16 1.865    556.33   1201.80 24.045 23.603 99.999 17.181 16.740 99.999 99.999 99.999  0.725  0.752 99.999 99.999 99.999  99.999  99.999  99.999  99.999  0.024  0.024  0.017  0.012  0.045  0.033   19   12 99.999 99.999   99   1.860864210   9.338101495  1 38 30.25 1999 10 12 2451463.56840567   200             R Cousins  1999/N19991011/P114566F1.FITS                      Carme                 1024  1024
   0.029  -0.175  552.02  334.09 1.650   1198.72   1091.34 24.864 24.277 99.999 17.167 16.580 99.999 99.999 99.999  0.735  0.762 99.999 99.999 99.999  99.999  99.999  99.999  99.999  0.025  0.025  0.014  0.017  0.036  0.043   19   11 99.999 99.999   99   1.860838910   9.337959519  1 43 19.18 1999 10 12 2451463.57174977   200             R Cousins  1999/N19991011/P114567F1.FITS                      Carme                 1024  1024
  -0.072  -0.222  557.51  332.65 1.623   1121.92   1060.64 24.917 24.402 99.999 17.292 16.777 99.999 99.999 99.999  0.780  0.763 99.999 99.999 99.999  99.999  99.999  99.999  99.999  0.053  0.054  0.022  0.017  0.058  0.045   18   11 99.999 99.999   99   1.860788003   9.337650085  1 52 15.85 1999 10 12 2451463.57796123   200             R Cousins  1999/N19991011/P114568F1.FITS                      Carme                 1024  1024
   0.075  -0.210  561.52  331.18 1.732   1234.44   1036.89 24.904 24.520 99.999 17.175 16.791 99.999 99.999 99.999  0.712  0.728 99.999 99.999 99.999  99.999  99.999  99.999  99.999  0.027  0.027  0.016  0.018  0.039  0.043   20   11 99.999 99.999   99   1.860737093   9.337328978  2  2  3.77 1999 10 12 2451463.58476586   200             R Cousins  1999/N19991011/P114570F1.FITS                      Carme                 1024  1024
   0.108  -0.174  563.53  330.59 1.740   1374.61   1002.30 25.020 24.505 99.999 17.175 16.659 99.999 99.999 99.999  0.731  0.765 99.999 99.999 99.999  99.999  99.999  99.999  99.999  0.019  0.019  0.014  0.017  0.038  0.046   20   11 99.999 99.999   99   1.860710778   9.337175613  2  6 59.38 1999 10 12 2451463.58818727   200             R Cousins  1999/N19991011/P114571F1.FITS                      Carme                 1024  1024
   0.158  -0.127  812.58  431.78 2.071   1039.04    585.97 24.678 24.094 99.999 17.136 16.553 99.999 99.999 99.999  0.309  0.707 99.999 99.999 99.999  99.999  99.999  99.999  99.999  0.028  0.028  0.017  0.012  0.063  0.044   27   21 99.999 99.999   99   1.631491875   7.986684945 23  9  4.12 1999 11 10 2451493.46463102   100             R Cousins  1999/N19991110/P116789F1.FITS                      Carme                 1024  1024
   0.122  -0.068  443.39  429.09 2.080   3234.79   1707.26 25.933 25.315 99.999 17.159 16.540 99.999 99.999 99.999  0.349  0.711 99.999 99.999 99.999  99.999  99.999  99.999  99.999  0.023  0.024  0.013  0.014  0.052  0.056   25   17 99.999 99.999   99   1.631451785   7.986486128 23 17 20.68 1999 11 10 2451493.47037824   300             R Cousins  1999/N19991110/P116790F1.FITS                      Carme                 1024  1024
   0.159  -0.098  445.66  428.15 2.164   3167.77   1698.54 25.954 25.310 99.999 17.202 16.558 99.999 99.999 99.999  0.349  0.716 99.999 99.999 99.999  99.999  99.999  99.999  99.999  0.026  0.026  0.013  0.013  0.053  0.053   25   17 99.999 99.999   99   1.631422060   7.986311589 23 23 44.08 1999 11 10 2451493.47481574   300             R Cousins  1999/N19991110/P116791F1.FITS                      Carme                 1024  1024
   0.151  -0.160  448.22  427.19 2.256   2675.26   1725.66 25.748 25.092 99.999 17.179 16.523 99.999 99.999 99.999  0.311  0.713 99.999 99.999 99.999  99.999  99.999  99.999  99.999  0.035  0.035  0.017  0.014  0.073  0.060   25   20 99.999 99.999   99   1.631391518   7.986128010 23 30  7.07 1999 11 10 2451493.47924850   300             R Cousins  1999/N19991110/P116792F1.FITS                      Carme                 1024  1024
   0.159  -0.141  450.59  426.37 2.100   2923.26   1659.18 25.808 25.280 99.999 17.144 16.615 99.999 99.999 99.999  0.513  0.726 99.999 99.999 99.999  99.999  99.999  99.999  99.999  0.032  0.032  0.013  0.014  0.051  0.053   26   16 99.999 99.999   99   1.631361225   7.985966996 23 36 31.04 1999 11 10 2451493.48369259   300             R Cousins  1999/N19991110/P116793F1.FITS                      Carme                 1024  1024
   0.190  -0.112  452.97  425.52 2.015   3108.02   1747.01 25.954 25.316 99.999 17.223 16.585 99.999 99.999 99.999  0.352  0.704 99.999 99.999 99.999  99.999  99.999  99.999  99.999  0.036  0.036  0.015  0.013  0.062  0.054   25   17 99.999 99.999   99   1.631331422   7.985808552 23 42 54.52 1999 11 10 2451493.48813102   300             R Cousins  1999/N19991110/P116794F1.FITS                      Carme                 1024  1024
   0.158  -0.097  455.40  424.62 2.217   2655.63   1666.17 25.729 25.078 99.999 17.168 16.518 99.999 99.999 99.999  0.321  0.729 99.999 99.999 99.999  99.999  99.999  99.999  99.999  0.016  0.016  0.014  0.015  0.057  0.058   25   17 99.999 99.999   99   1.631300481   7.985646367 23 49 17.34 1999 11 10 2451493.49256181   300             R Cousins  1999/N19991110/P116795F1.FITS                      Carme                 1024  1024
   0.084  -0.160  668.75  419.09 2.036    730.41    565.91 24.798 24.087 99.999 17.639 16.928 99.999 99.999 99.999  0.148  0.664 99.999 99.999 99.999  99.999  99.999  99.999  99.999  0.000  0.000  0.020  0.013  0.060  0.039   12   12 99.999 99.999   99   1.529936840   7.453208735 21 19 34.52 1999 11 30 2451513.38859398   100             R Cousins  1999/N19991130/P117054F1.FITS                      Carme                 1024  1024
   0.082  -0.191  669.28  418.86 1.931    865.78    562.33 24.943 24.359 99.999 17.600 17.016 99.999 99.999 99.999  0.162  0.647 99.999 99.999 99.999  99.999  99.999  99.999  99.999  0.014  0.014  0.016  0.011  0.048  0.033   13   12 99.999 99.999   99   1.529927421   7.453159540 21 23 29.12 1999 11 30 2451513.39130926   100             R Cousins  1999/N19991130/P117055F1.FITS                      Carme                 1024  1024
   0.099  -0.148  670.69  418.45 2.014   2071.27   1376.45 25.807 25.302 99.999 17.516 17.011 99.999 99.999 99.999  0.424  0.682 99.999 99.999 99.999  99.999  99.999  99.999  99.999  0.020  0.020  0.016  0.014  0.047  0.041   12   11 99.999 99.999   99   1.529909675   7.453093449 21 31  1.82 1999 11 30 2451513.39654884   250             R Cousins  1999/N19991130/P117056F1.FITS                      Carme                 1024  1024
   0.107  -0.121  671.71  418.13 2.012   1882.17   1419.40 25.646 25.170 99.999 17.459 16.983 99.999 99.999 99.999  0.384  0.682 99.999 99.999 99.999  99.999  99.999  99.999  99.999  0.008  0.008  0.014  0.016  0.042  0.049   13   11 99.999 99.999   99   1.529896549   7.453043431 21 36 34.24 1999 11 30 2451513.40039630   250             R Cousins  1999/N19991130/P117057F1.FITS                      Carme                 1024  1024
   0.080  -0.135  672.93  417.91 2.066   1963.57   1358.14 25.703 25.072 99.999 17.470 16.839 99.999 99.999 99.999  0.373  0.746 99.999 99.999 99.999  99.999  99.999  99.999  99.999  0.001  0.001  0.016  0.016  0.047  0.047   13   12 99.999 99.999   99   1.529882834   7.452981900 21 42  6.35 1999 11 30 2451513.40424016   250             R Cousins  1999/N19991130/P117058F1.FITS                      Carme                 1024  1024
   0.054  -0.170  673.90  417.61 2.312   1542.15   1326.54 25.488 24.891 99.999 17.518 16.920 99.999 99.999 99.999  0.286  0.663 99.999 99.999 99.999  99.999  99.999  99.999  99.999  0.015  0.015  0.015  0.013  0.046  0.040   13   12 99.999 99.999   99   1.529869121   7.452914987 21 47 38.26 1999 11 30 2451513.40808171   250             R Cousins  1999/N19991130/P117059F1.FITS                      Carme                 1024  1024
   0.068  -0.156  674.98  417.40 1.863   2431.93   1404.61 25.936 25.410 99.999 17.471 16.945 99.999 99.999 99.999  0.496  0.759 99.999 99.999 99.999  99.999  99.999  99.999  99.999  0.013  0.013  0.019  0.016  0.057  0.047   12   11 99.999 99.999   99   1.529856151   7.452861277 21 53 10.42 1999 11 30 2451513.41192616   250             R Cousins  1999/N19991130/P117060F1.FITS                      Carme                 1024  1024
   0.070  -0.130  617.32  464.42 2.524    491.07    505.59 24.310 23.409 99.999 17.582 16.681 99.999 99.999 99.999  0.150  0.655 99.999 99.999 99.999  99.999  99.999  99.999  99.999  0.016  0.016  0.009  0.008  0.029  0.025   14   11 99.999 99.999   99   1.524095910   7.427331143 19  2  8.47 1999 12  2 2451515.29315359   100             R Cousins  1999/N19991202/P117296F1.FITS                      Carme                 1024  1024
   0.091  -0.141  617.93  464.23 2.357    616.61    520.84 24.545 23.576 99.999 17.570 16.601 99.999 99.999 99.999  0.151  0.697 99.999 99.999 99.999  99.999  99.999  99.999  99.999  0.019  0.019  0.017  0.013  0.056  0.043   13   12 99.999 99.999   99   1.524087615   7.427293441 19  6 14.92 1999 12  2 2451515.29600602   100             R Cousins  1999/N19991202/P117297F1.FITS                      Carme                 1024  1024
   0.112  -0.134  501.30  463.45 2.818   1358.90   1505.05 25.397 24.457 99.999 17.564 16.624 99.999 99.999 99.999  0.149  0.715 99.999 99.999 99.999  99.999  99.999  99.999  99.999  0.014  0.014  0.012  0.010  0.042  0.036   16   13 99.999 99.999   99   1.524069534   7.427221309 19 14 57.82 1999 12  2 2451515.30205810   300             R Cousins  1999/N19991202/P117298F1.FITS                      Carme                 1024  1024
   0.118  -0.134  502.25  463.29 2.683   1542.59   1503.41 25.517 24.559 99.999 17.546 16.588 99.999 99.999 99.999  0.147  0.764 99.999 99.999 99.999  99.999  99.999  99.999  99.999  0.011  0.011  0.011  0.009  0.038  0.033   16   13 99.999 99.999   99   1.524056116   7.427167261 19 21 21.20 1999 12  2 2451515.30649537   300             R Cousins  1999/N19991202/P117299F1.FITS                      Carme                 1024  1024
   0.130  -0.137  504.42  462.70 2.667   1558.42   1477.49 25.501 24.550 99.999 17.519 16.568 99.999 99.999 99.999  0.150  0.688 99.999 99.999 99.999  99.999  99.999  99.999  99.999  0.010  0.010  0.012  0.010  0.044  0.036   16   13 99.999 99.999   99   1.524029296   7.427058062 19 34  7.10 1999 12  2 2451515.31535995   300             R Cousins  1999/N19991202/P117301F1.FITS                      Carme                 1024  1024
   0.133  -0.129  505.50  462.31 2.672   1545.95   1483.25 25.490 24.491 99.999 17.517 16.518 99.999 99.999 99.999  0.140  0.722 99.999 99.999 99.999  99.999  99.999  99.999  99.999  0.011  0.011  0.013  0.010  0.047  0.034   16   13 99.999 99.999   99   1.524015797   7.427005711 19 40 30.76 1999 12  2 2451515.31980046   300             R Cousins  1999/N19991202/P117302F1.FITS                      Carme                 1024  1024
   0.161  -0.109  583.38  440.03 4.262    183.63    495.59 23.310 23.045 99.999 17.650 17.386 99.999 99.999 99.999  0.124  0.598 99.999 99.999 99.999  99.999  99.999  99.999  99.999  0.038  0.039  0.011  0.009  0.035  0.028   21   19 99.999 99.999   99   1.516436562   7.396467222 18 47 17.36 1999 12  5 2451518.28283981   100             R Cousins  1999/N19991205/P117658F1.FITS                      Carme                 1024  1024
   0.079  -0.196  583.96  439.93 3.751    277.49    498.74 23.689 23.294 99.999 17.581 17.185 99.999 99.999 99.999  0.122  0.628 99.999 99.999 99.999  99.999  99.999  99.999  99.999  0.029  0.029  0.014  0.009  0.045  0.030   21   19 99.999 99.999   99   1.516427803   7.396418623 18 51 35.31 1999 12  5 2451518.28582535   100             R Cousins  1999/N19991205/P117659F1.FITS                      Carme                 1024  1024
   0.165  -0.199  584.66  439.53 3.858    519.23   1198.81 24.461 24.020 99.999 17.672 17.231 99.999 99.999 99.999  0.122  0.629 99.999 99.999 99.999  99.999  99.999  99.999  99.999  0.024  0.024  0.010  0.010  0.031  0.031   21   19 99.999 99.999   99   1.516417588   7.396377804 18 58 38.57 1999 12  5 2451518.29072419   250             R Cousins  1999/N19991205/P117660F1.FITS                      Carme                 1024  1024
   0.107  -0.185  585.66  439.42 3.836    551.93   1182.48 24.499 24.097 99.999 17.644 17.243 99.999 99.999 99.999  0.118  0.654 99.999 99.999 99.999  99.999  99.999  99.999  99.999  0.021  0.021  0.009  0.011  0.030  0.036   21   19 99.999 99.999   99   1.516407225   7.396350286 19  4 10.86 1999 12  5 2451518.29457014   250             R Cousins  1999/N19991205/P117661F1.FITS                      Carme                 1024  1024
   0.047  -0.169  586.48  439.35 3.567    615.64   1201.42 24.582 24.065 99.999 17.608 17.092 99.999 99.999 99.999  0.116  0.695 99.999 99.999 99.999  99.999  99.999  99.999  99.999  0.022  0.022  0.010  0.010  0.032  0.031   21   19 99.999 99.999   99   1.516396825   7.396323284 19  9 42.52 1999 12  5 2451518.29840880   250             R Cousins  1999/N19991205/P117662F1.FITS                      Carme                 1024  1024
   0.143  -0.146  586.95  439.07 4.012    559.85   1155.59 24.476 23.950 99.999 17.606 17.079 99.999 99.999 99.999  0.111  0.681 99.999 99.999 99.999  99.999  99.999  99.999  99.999  0.000  0.000  0.009  0.014  0.031  0.046   21   20 99.999 99.999   99   1.516389310   7.396297962 19 15 15.12 1999 12  5 2451518.30225833   250             R Cousins  1999/N19991205/P117663F1.FITS                      Carme                 1024  1024
   0.110  -0.183  587.83  438.86 4.163    418.12   1163.79 24.212 23.804 99.999 17.659 17.251 99.999 99.999 99.999  0.112  0.679 99.999 99.999 99.999  99.999  99.999  99.999  99.999  0.031  0.031  0.011  0.010  0.034  0.033   21   19 99.999 99.999   99   1.516379416   7.396256322 19 20 47.16 1999 12  5 2451518.30610139   250             R Cousins  1999/N19991205/P117664F1.FITS                      Carme                 1024  1024
   0.122  -0.142  537.92  394.96 1.812   1448.08   3906.05 25.245 24.586 99.999 17.343 16.684 99.999 99.999 99.999  0.283  0.900 99.999 99.999 99.999  99.999  99.999  99.999  99.999  0.020  0.020  0.021  0.011  0.058  0.031   17   15 99.999 99.999   99   1.510700559   7.377751542 18 27 55.46 1999 12  8 2451521.26939190   360             R Cousins  1999/N19991208/P118056F1.FITS                      Carme                 1024  1024
   0.124  -0.168  538.92  394.73 1.615   1763.04   4602.15 25.453 24.855 99.999 17.337 16.740 99.999 99.999 99.999  0.306  0.776 99.999 99.999 99.999  99.999  99.999  99.999  99.999  0.022  0.021  0.019  0.018  0.055  0.052   17   16 99.999 99.999   99   1.510688545   7.377716714 18 37 47.26 1999 12  8 2451521.27624144   420             R Cousins  1999/N19991208/P118057F1.FITS                      Carme                 1024  1024
   0.120  -0.138  540.02  394.58 1.739   1513.88   5659.39 25.362 24.867 99.999 17.412 16.917 99.999 99.999 99.999  0.283  0.766 99.999 99.999 99.999  99.999  99.999  99.999  99.999  0.017  0.015  0.020  0.011  0.055  0.031   17   15 99.999 99.999   99   1.510675098   7.377693890 18 48 41.82 1999 12  8 2451521.28381736   500             R Cousins  1999/N19991208/P118058F1.FITS                      Carme                 1024  1024
   0.132  -0.128  596.38  622.66 2.101   3927.36   3409.95 26.371 25.898 99.999 17.386 16.913 99.999 99.999 99.999  0.467  0.654 99.999 99.999 99.999  99.999  99.999  99.999  99.999  0.008  0.008  0.011  0.010  0.041  0.037   17   14 99.999 99.999   99   1.510584965   7.377486368 20  2 29.13 1999 12  8 2451521.33505938   600             R Cousins  1999/N19991208/P118064F1.FITS                      Carme                 1024  1024
   0.284   0.227  913.09  408.35 1.743    472.27    533.23 24.127 23.951 99.999 17.442 17.266 99.999 99.999 99.999  0.236  0.466 99.999 99.999 99.999  99.999  99.999  99.999  99.999  0.035  0.033  0.023  0.023  0.052  0.050   27   20 99.999 99.999   99   4.211899771  20.731211913  2 16 42.18 2000 11 28 2451876.59493264    60             R Cousins  2000/N20001127/p136287f1.fits                      Carme                 1024  1024
   0.292   0.086  601.38  407.19 3.534   3292.07    995.88 25.629 25.319 99.999 16.836 16.525 99.999 99.999 99.999  0.266  0.552 99.999 99.999 99.999  99.999  99.999  99.999  99.999  0.056  0.059  0.021  0.022  0.059  0.064   25   17 99.999 99.999   99   4.211853247  20.731063313  2 22 54.27 2000 11 28 2451876.59923924   300             R Cousins  2000/N20001127/p136288f1.fits                      Carme                 1024  1024
   0.452   0.146  604.84  406.79 3.401   1343.73   2591.25 24.946 24.795 99.999 17.125 16.974 99.999 99.999 99.999  0.305  0.329 99.999 99.999 99.999  99.999  99.999  99.999  99.999  0.004  0.003  0.019  0.020  0.055  0.059   26   18 99.999 99.999   99   4.211808390  20.730966813  2 29 17.21 2000 11 28 2451876.60367141   300             R Cousins  2000/N20001127/p136289f1.fits                      Carme                 1024  1024
   0.284   0.078  608.61  406.01 4.363   1891.43   2016.71 24.847 24.702 99.999 16.655 16.510 99.999 99.999 99.999  0.263  0.415 99.999 99.999 99.999  99.999  99.999  99.999  99.999  0.025  0.032  0.017  0.024  0.052  0.074   26   19 99.999 99.999   99   4.211757076  20.730835092  2 35 40.34 2000 11 28 2451876.60810579   300             R Cousins  2000/N20001127/p136290f1.fits                      Carme                 1024  1024
   0.010  -0.144  689.55  401.52 2.592    348.43    461.29 24.052 23.763 99.999 17.696 17.408 99.999 99.999 99.999  0.443  0.575 99.999 99.999 99.999  99.999  99.999  99.999  99.999  0.021  0.021  0.006  0.007  0.047  0.050  103   81 99.999 99.999   99   7.205466003  21.783257874  3 17 48.04 2001 11 20 2452233.63736157   100             R Cousins  2001/N20011119/P147468F1.FITS                      Carme                 1024  1024
   0.013  -0.125  690.31  401.94 2.687    551.41   1001.78 24.607 24.287 99.999 17.753 17.433 99.999 99.999 99.999  0.448  0.594 99.999 99.999 99.999  99.999  99.999  99.999  99.999  0.020  0.020  0.006  0.005  0.047  0.041  102   80 99.999 99.999   99   7.205456726  21.783276021  3 21 45.99 2001 11 20 2452233.64011563   200             R Cousins  2001/N20011119/P147469F1.FITS                      Carme                 1024  1024
   0.016  -0.157  691.26  401.82 2.695    700.99    908.65 24.829 24.493 99.999 17.715 17.379 99.999 99.999 99.999  0.383  0.615 99.999 99.999 99.999  99.999  99.999  99.999  99.999  0.016  0.016  0.006  0.006  0.048  0.046  101   80 99.999 99.999   99   7.205445681  21.783282381  3 26 28.83 2001 11 20 2452233.64338924   200             R Cousins  2001/N20011119/P147470F1.FITS                      Carme                 1024  1024
  -0.011  -0.140  691.93  401.81 2.335    938.83    910.86 25.122 24.774 99.999 17.690 17.342 99.999 99.999 99.999  0.467  0.644 99.999 99.999 99.999  99.999  99.999  99.999  99.999  0.009  0.009  0.006  0.006  0.047  0.045  102   77 99.999 99.999   99   7.205434008  21.783302879  3 31 12.58 2001 11 20 2452233.64667338   200             R Cousins  2001/N20011119/P147471F1.FITS                      Carme                 1024  1024
  -0.010  -0.146  692.68  401.95 2.350    862.02    936.73 25.073 24.724 99.999 17.735 17.385 99.999 99.999 99.999  0.460  0.636 99.999 99.999 99.999  99.999  99.999  99.999  99.999  0.011  0.011  0.006  0.005  0.044  0.040  101   78 99.999 99.999   99   7.205422918  21.783316281  3 35 56.09 2001 11 20 2452233.64995475   200             R Cousins  2001/N20011119/P147472F1.FITS                      Carme                 1024  1024
  -0.000  -0.143  693.71  402.07 2.289    992.75    939.24 25.200 24.870 99.999 17.708 17.378 99.999 99.999 99.999  0.476  0.617 99.999 99.999 99.999  99.999  99.999  99.999  99.999  0.016  0.016  0.006  0.005  0.044  0.035  101   77 99.999 99.999   99   7.205411968  21.783332410  3 40 39.80 2001 11 20 2452233.65323843   200             R Cousins  2001/N20011119/P147473F1.FITS                      Carme                 1024  1024
   0.026  -0.149  694.70  402.18 2.908    594.14    948.79 24.742 24.388 99.999 17.807 17.453 99.999 99.999 99.999  0.447  0.633 99.999 99.999 99.999  99.999  99.999  99.999  99.999  0.021  0.021  0.006  0.006  0.045  0.045  101   79 99.999 99.999   99   7.205395482  21.783354200  3 47 52.71 2001 11 20 2452233.65824896   200             R Cousins  2001/N20011119/P147474F1.FITS                      Carme                 1024  1024
   0.010  -0.145  695.49  402.18 2.673    701.75    922.38 24.868 24.558 99.999 17.753 17.442 99.999 99.999 99.999  0.452  0.591 99.999 99.999 99.999  99.999  99.999  99.999  99.999  0.023  0.023  0.006  0.006  0.045  0.043  102   79 99.999 99.999   99   7.205384062  21.783370247  3 52 35.88 2001 11 20 2452233.66152639   200             R Cousins  2001/N20011119/P147475F1.FITS                      Carme                 1024  1024
  -0.006  -0.131  696.48  402.34 2.423    668.95    981.26 24.869 24.569 99.999 17.806 17.506 99.999 99.999 99.999  0.454  0.585 99.999 99.999 99.999  99.999  99.999  99.999  99.999  0.020  0.020  0.006  0.006  0.044  0.042  102   78 99.999 99.999   99   7.205372634  21.783389551  3 57 18.78 2001 11 20 2452233.66480069   200             R Cousins  2001/N20011119/P147476F1.FITS                      Carme                 1024  1024
  -0.012  -0.150  697.19  402.44 3.045    530.89    930.98 24.576 24.286 99.999 17.764 17.474 99.999 99.999 99.999  0.440  0.573 99.999 99.999 99.999  99.999  99.999  99.999  99.999  0.023  0.023  0.006  0.005  0.047  0.039  102   77 99.999 99.999   99   7.205361401  21.783399111  4  2  2.44 2001 11 20 2452233.66808380   200             R Cousins  2001/N20011119/P147477F1.FITS                      Carme                 1024  1024
  -0.015  -0.210  402.96  486.02 4.314    349.66   1583.31 24.096 23.772 99.999 17.737 17.413 99.999 99.999 99.999  0.311  0.505 99.999 99.999 99.999  99.999  99.999  99.999  99.999  0.031  0.031  0.006  0.006  0.046  0.045  103   75 99.999 99.999   99   7.195215478  21.799090799  0 49 10.07 2001 11 23 2452236.53414433   300             R Cousins  2001/N20011122/P147808F1.FITS                      Carme                 1024  1024
   0.003  -0.186  399.49  487.27 4.280    345.39   1474.35 24.066 23.755 99.999 17.720 17.409 99.999 99.999 99.999  0.156  0.480 99.999 99.999 99.999  99.999  99.999  99.999  99.999  0.039  0.039  0.006  0.006  0.045  0.047   99   73 99.999 99.999   99   7.195179831  21.799155785  1  1 58.53 2001 11 23 2452236.54303854   300             R Cousins  2001/N20011122/P147810F1.FITS                      Carme                 1024  1024
  -0.007  -0.185  386.80  490.49 4.591    290.18   1339.23 24.023 23.708 99.999 17.866 17.551 99.999 99.999 99.999  0.326  0.503 99.999 99.999 99.999  99.999  99.999  99.999  99.999  0.004  0.004  0.006  0.006  0.046  0.042   87   68 99.999 99.999   99   7.195107419  21.799271141  1 27 36.97 2001 11 23 2452236.56084456   300             R Cousins  2001/N20011122/P147814F1.FITS                      Carme                 1024  1024
  -0.170  -0.167  388.84  490.78 4.288    232.84   1303.54 23.936 23.653 99.999 18.018 17.735 99.999 99.999 99.999  0.314  0.443 99.999 99.999 99.999  99.999  99.999  99.999  99.999  0.015  0.015  0.006  0.006  0.046  0.044  102   74 99.999 99.999   99   7.195086073  21.799304825  1 34  1.39 2001 11 23 2452236.56529387   300             R Cousins  2001/N20011122/P147815F1.FITS                      Carme                 1024  1024
   0.058  -0.263  389.46  490.72 4.394    220.83   1262.77 23.785 23.140 99.999 17.925 17.280 99.999 99.999 99.999  0.277  0.575 99.999 99.999 99.999  99.999  99.999  99.999  99.999  0.066  0.062  0.014  0.019  0.040  0.054   15   11 99.999 99.999   99   7.195072519  21.799306446  1 40 25.94 2001 11 23 2452236.56974468   300             R Cousins  2001/N20011122/P147816F1.FITS                      Carme                 1024  1024
  -0.003  -0.217  384.79  424.01 2.231   1895.97   1087.61 25.471 25.076 99.999 17.276 16.882 99.999 99.999 99.999  0.453  0.629 99.999 99.999 99.999  99.999  99.999  99.999  99.999  0.039  0.039  0.005  0.005  0.043  0.042  137  113 99.999 99.999   99   7.019255866  22.086469339 22 29 28.95 2001 12 19 2452263.43714062   240             R Cousins  2001/N20011219/P149516F1.FITS                      Carme                 1024  1024
  -0.095  -0.222  387.26  424.03 2.207   1658.56   1149.87 25.395 25.015 99.999 17.346 16.965 99.999 99.999 99.999  0.454  0.614 99.999 99.999 99.999  99.999  99.999  99.999  99.999  0.052  0.052  0.005  0.005  0.042  0.042  135  112 99.999 99.999   99   7.019221019  22.086522166 22 34 52.53 2001 12 19 2452263.44088576   240             R Cousins  2001/N20011219/P149517F1.FITS                      Carme                 1024  1024
  -0.033  -0.229  389.79  424.44 2.082   2176.93   1116.18 25.598 25.203 99.999 17.254 16.858 99.999 99.999 99.999  0.459  0.627 99.999 99.999 99.999  99.999  99.999  99.999  99.999  0.030  0.030  0.005  0.004  0.044  0.039  135  111 99.999 99.999   99   7.019189220  22.086574203 22 40 16.36 2001 12 19 2452263.44463380   240             R Cousins  2001/N20011219/P149518F1.FITS                      Carme                 1024  1024
  -0.031  -0.216  392.19  424.89 2.097   2077.08   1102.76 25.557 25.155 99.999 17.263 16.861 99.999 99.999 99.999  0.462  0.633 99.999 99.999 99.999  99.999  99.999  99.999  99.999  0.031  0.031  0.005  0.004  0.044  0.039  137  113 99.999 99.999   99   7.019156243  22.086631710 22 45 40.25 2001 12 19 2452263.44838252   240             R Cousins  2001/N20011219/P149519F1.FITS                      Carme                 1024  1024
  -0.018  -0.229  394.70  425.09 2.268   2027.10   1026.40 25.517 25.116 99.999 17.249 16.849 99.999 99.999 99.999  0.458  0.622 99.999 99.999 99.999  99.999  99.999  99.999  99.999  0.029  0.029  0.005  0.004  0.043  0.039  135  110 99.999 99.999   99   7.019123449  22.086682077 22 51  4.17 2001 12 19 2452263.45213160   240             R Cousins  2001/N20011219/P149520F1.FITS                      Carme                 1024  1024
  -0.006  -0.216  397.03  425.40 2.171   2045.26   1064.10 25.511 25.110 99.999 17.234 16.833 99.999 99.999 99.999  0.453  0.631 99.999 99.999 99.999  99.999  99.999  99.999  99.999  0.020  0.021  0.005  0.004  0.043  0.040  137  113 99.999 99.999   99   7.019090640  22.086739111 22 56 28.03 2001 12 19 2452263.45587998   240             R Cousins  2001/N20011219/P149521F1.FITS                      Carme                 1024  1024
   0.010  -0.214  399.59  425.68 2.307   1801.39   1048.25 25.439 25.029 99.999 17.300 16.890 99.999 99.999 99.999  0.451  0.632 99.999 99.999 99.999  99.999  99.999  99.999  99.999  0.024  0.024  0.005  0.005  0.043  0.041  137  114 99.999 99.999   99   7.019057870  22.086793473 23  1 51.92 2001 12 19 2452263.45962870   240             R Cousins  2001/N20011219/P149522F1.FITS                      Carme                 1024  1024
  -0.060  -0.223  402.37  425.96 2.409   1632.63   1033.68 25.330 24.948 99.999 17.298 16.915 99.999 99.999 99.999  0.457  0.613 99.999 99.999 99.999  99.999  99.999  99.999  99.999  0.020  0.020  0.005  0.005  0.045  0.044  134  112 99.999 99.999   99   7.019023358  22.086844708 23  7 16.25 2001 12 19 2452263.46338252   240             R Cousins  2001/N20011219/P149523F1.FITS                      Carme                 1024  1024
   0.026  -0.232  404.54  426.21 2.347   1647.14   1044.22 25.320 24.920 99.999 17.278 16.878 99.999 99.999 99.999  0.453  0.636 99.999 99.999 99.999  99.999  99.999  99.999  99.999  0.026  0.026  0.005  0.005  0.042  0.042  137  114 99.999 99.999   99   7.018991991  22.086895608 23 12 39.98 2001 12 19 2452263.46712940   240             R Cousins  2001/N20011219/P149524F1.FITS                      Carme                 1024  1024
   0.100  -0.262  604.40  430.97 3.978    516.14   1279.87 24.131 23.913 99.999 17.349 17.131 99.999 99.999 99.999  0.395  0.527 99.999 99.999 99.999  99.999  99.999  99.999  99.999  0.033  0.033  0.005  0.004  0.050  0.045  168  131 99.999 99.999   99   7.001964997  22.114095391 21 58 34.43 2001 12 21 2452265.41567627   240             R Cousins  2001/N20011221/P149723F1.FITS                      Carme                 1024  1024
   0.167  -0.228  606.69  431.42 4.694    359.40   1223.93 23.758 23.580 99.999 17.370 17.191 99.999 99.999 99.999  0.400  0.526 99.999 99.999 99.999  99.999  99.999  99.999  99.999  0.032  0.032  0.005  0.004  0.052  0.044  160  126 99.999 99.999   99   7.001932691  22.114159638 22  3 57.79 2001 12 21 2452265.41941887   240             R Cousins  2001/N20011221/P149724F1.FITS                      Carme                 1024  1024
  -0.011  -0.239  609.40  431.71 4.707    451.78   1168.87 23.964 23.786 99.999 17.327 17.149 99.999 99.999 99.999  0.393  0.476 99.999 99.999 99.999  99.999  99.999  99.999  99.999  0.024  0.024  0.005  0.004  0.052  0.045  172  131 99.999 99.999   99   7.001895481  22.114211642 22  9 21.24 2001 12 21 2452265.42316250   240             R Cousins  2001/N20011221/P149725F1.FITS                      Carme                 1024  1024
  -0.033  -0.224  612.10  431.98 3.852    655.07   1160.44 24.387 24.150 99.999 17.347 17.110 99.999 99.999 99.999  0.393  0.539 99.999 99.999 99.999  99.999  99.999  99.999  99.999  0.006  0.006  0.005  0.004  0.049  0.045  174  134 99.999 99.999   99   7.001861377  22.114270930 22 14 44.61 2001 12 21 2452265.42690521   240             R Cousins  2001/N20011221/P149726F1.FITS                      Carme                 1024  1024
   0.022  -0.181  808.73  450.82 1.935    260.49    150.10 23.319 23.101 99.999 17.280 17.062 99.999 99.999 99.999  0.536  0.497 99.999 99.999 99.999  99.999  99.999  99.999  99.999  0.025  0.025  0.005  0.005  0.047  0.045  167  135 99.999 99.999   99   6.834515663  22.371724375  0 35 56.99 2002  1  9 2452283.52496516    30             R Cousins  2002/N20020108/P149800F1.FITS                      Carme                 1024  1024
  -0.005  -0.164  405.93  536.82 2.473   1445.28   1078.39 25.287 24.996 99.999 17.387 17.096 99.999 99.999 99.999  0.579  0.536 99.999 99.999 99.999  99.999  99.999  99.999  99.999  0.018  0.018  0.004  0.005  0.044  0.048  155  114 99.999 99.999   99   6.834442210  22.371832625  0 47  4.46 2002  1  9 2452283.53269051   240             R Cousins  2002/N20020108/P149802F1.FITS                      Carme                 1024  1024
   0.006  -0.168  408.59  537.14 2.424   1483.24   1085.22 25.359 25.073 99.999 17.431 17.145 99.999 99.999 99.999  0.586  0.549 99.999 99.999 99.999  99.999  99.999  99.999  99.999  0.022  0.022  0.004  0.005  0.045  0.049  155  114 99.999 99.999   99   6.834406988  22.371881347  0 52 28.78 2002  1  9 2452283.53644421   240             R Cousins  2002/N20020108/P149803F1.FITS                      Carme                 1024  1024
   0.013  -0.162  411.29  537.33 2.324   1465.97   1120.87 25.347 25.075 99.999 17.431 17.160 99.999 99.999 99.999  0.602  0.577 99.999 99.999 99.999  99.999  99.999  99.999  99.999  0.020  0.020  0.004  0.005  0.043  0.050  156  112 99.999 99.999   99   6.834371765  22.371933114  0 57 52.60 2002  1  9 2452283.54019213   240             R Cousins  2002/N20020108/P149804F1.FITS                      Carme                 1024  1024
   0.014  -0.187  414.03  537.65 2.470   1338.15   1081.65 25.280 25.027 99.999 17.463 17.211 99.999 99.999 99.999  0.601  0.537 99.999 99.999 99.999  99.999  99.999  99.999  99.999  0.014  0.014  0.004  0.005  0.044  0.047  158  113 99.999 99.999   99   6.834336389  22.371975739  1  3 16.79 2002  1  9 2452283.54394433   240             R Cousins  2002/N20020108/P149805F1.FITS                      Carme                 1024  1024
   0.053  -0.188  416.57  537.76 2.611   1167.50   1057.04 25.112 24.847 99.999 17.444 17.179 99.999 99.999 99.999  0.587  0.541 99.999 99.999 99.999  99.999  99.999  99.999  99.999  0.018  0.019  0.005  0.005  0.046  0.048  153  113 99.999 99.999   99   6.834301838  22.372025155  1  8 40.41 2002  1  9 2452283.54768993   240             R Cousins  2002/N20020108/P149806F1.FITS                      Carme                 1024  1024
   0.047  -0.180  419.18  538.16 2.844   1057.48   1044.95 25.069 24.778 99.999 17.509 17.217 99.999 99.999 99.999  0.571  0.554 99.999 99.999 99.999  99.999  99.999  99.999  99.999  0.014  0.014  0.005  0.005  0.047  0.048  156  113 99.999 99.999   99   6.834266388  22.372077217  1 14  4.33 2002  1  9 2452283.55143900   240             R Cousins  2002/N20020108/P149807F1.FITS                      Carme                 1024  1024
   0.023  -0.166  421.82  538.44 2.455   1158.67   1123.31 25.128 24.856 99.999 17.468 17.196 99.999 99.999 99.999  0.512  0.544 99.999 99.999 99.999  99.999  99.999  99.999  99.999  0.019  0.019  0.004  0.005  0.045  0.048  155  111 99.999 99.999   99   6.834230546  22.372130963  1 19 28.40 2002  1  9 2452283.55518981   240             R Cousins  2002/N20020108/P149808F1.FITS                      Carme                 1024  1024
  -0.002  -0.174  424.40  538.66 2.636   1075.77   1105.68 25.097 24.829 99.999 17.518 17.249 99.999 99.999 99.999  0.589  0.546 99.999 99.999 99.999  99.999  99.999  99.999  99.999  0.021  0.021  0.004  0.005  0.044  0.049  156  110 99.999 99.999   99   6.834194627  22.372177980  1 24 52.99 2002  1  9 2452283.55894664   240             R Cousins  2002/N20020108/P149809F1.FITS                      Carme                 1024  1024
  -0.002  -0.171  426.93  538.96 2.772    960.47   1140.46 24.997 24.721 99.999 17.541 17.265 99.999 99.999 99.999  0.571  0.541 99.999 99.999 99.999  99.999  99.999  99.999  99.999  0.015  0.015  0.004  0.005  0.046  0.050  155  114 99.999 99.999   99   6.834159290  22.372228256  1 30 17.19 2002  1  9 2452283.56269896   240             R Cousins  2002/N20020108/P149810F1.FITS                      Carme                 1024  1024
   0.055  -0.088  669.97  474.43 2.521    107.82    158.97 22.694 22.521 99.999 17.612 17.439 99.999 99.999 99.999  0.371  0.471 99.999 99.999 99.999  99.999  99.999  99.999  99.999  0.005  0.005  0.004  0.004  0.048  0.045  219  160 99.999 99.999   99   6.607181997  22.711632106 21 51 16.22 2002  2  7 2452313.41060440    30             R Cousins  2002/N20020207/p152254f1.fits                      Carme                 1024  1024
   0.046  -0.154  568.44  475.26 2.816    631.63   1379.07 24.705 24.401 99.999 17.704 17.400 99.999 99.999 99.999  0.307  0.527 99.999 99.999 99.999  99.999  99.999  99.999  99.999  0.028  0.028  0.004  0.004  0.046  0.044  212  166 99.999 99.999   99   6.607153675  22.711658399 21 58 53.14 2002  2  7 2452313.41589282   240             R Cousins  2002/N20020207/p152255f1.fits                      Carme                 1024  1024
   0.084  -0.148  570.21  475.67 2.649    760.74   1295.21 24.852 24.547 99.999 17.649 17.344 99.999 99.999 99.999  0.305  0.528 99.999 99.999 99.999  99.999  99.999  99.999  99.999  0.032  0.032  0.004  0.003  0.044  0.043  211  162 99.999 99.999   99   6.607134496  22.711691201 22  4 17.18 2002  2  7 2452313.41964329   240             R Cousins  2002/N20020207/p152256f1.fits                      Carme                 1024  1024
   0.058  -0.134  571.68  475.90 2.674    581.40   1454.54 24.565 24.284 99.999 17.654 17.373 99.999 99.999 99.999  0.316  0.498 99.999 99.999 99.999  99.999  99.999  99.999  99.999  0.035  0.035  0.003  0.004  0.043  0.044  208  163 99.999 99.999   99   6.607114007  22.711726297 22  9 41.61 2002  2  7 2452313.42339826   240             R Cousins  2002/N20020207/p152257f1.fits                      Carme                 1024  1024
   0.020  -0.148  573.39  476.10 2.334    686.03   1428.42 24.818 24.508 99.999 17.727 17.417 99.999 99.999 99.999  0.313  0.517 99.999 99.999 99.999  99.999  99.999  99.999  99.999  0.031  0.032  0.004  0.004  0.045  0.047  213  164 99.999 99.999   99   6.607093310  22.711753748 22 15  5.57 2002  2  7 2452313.42714780   240             R Cousins  2002/N20020207/p152258f1.fits                      Carme                 1024  1024
   0.023  -0.158  947.58  577.06 1.720    147.60    192.56 22.942 22.769 99.999 17.519 17.346 99.999 99.999 99.999  0.360  0.486 99.999 99.999 99.999  99.999  99.999  99.999  99.999  0.031  0.033  0.005  0.006  0.040  0.046  215  164 99.999 99.999   99   6.601621294  22.720933450  0 19 20.55 2002  2  9 2452314.51343229    30             R Cousins  2002/N20020208/P152366F1.FITS                      Carme                 1024  1024
   0.049  -0.197  476.45  498.76 1.881   1052.29   1555.11 25.348 24.968 99.999 17.793 17.412 99.999 99.999 99.999  0.277  0.590 99.999 99.999 99.999  99.999  99.999  99.999  99.999  0.032  0.032  0.004  0.003  0.048  0.043  196  163 99.999 99.999   99   6.601594148  22.720964402  0 27 16.16 2002  2  9 2452314.51893704   260             R Cousins  2002/N20020208/P152367F1.FITS                      Carme                 1024  1024
   0.095  -0.147  477.92  498.92 1.909   1158.31   1474.11 25.442 25.075 99.999 17.783 17.416 99.999 99.999 99.999  0.281  0.586 99.999 99.999 99.999  99.999  99.999  99.999  99.999  0.000  0.000  0.004  0.004  0.051  0.048  195  159 99.999 99.999   99   6.601575081  22.721008497  0 33  0.17 2002  2  9 2452314.52291863   260             R Cousins  2002/N20020208/P152368F1.FITS                      Carme                 1024  1024
   0.047  -0.168  479.65  498.92 2.076    715.29   1868.49 24.936 24.608 99.999 17.799 17.472 99.999 99.999 99.999  0.299  0.523 99.999 99.999 99.999  99.999  99.999  99.999  99.999  0.026  0.027  0.004  0.004  0.052  0.047  199  164 99.999 99.999   99   6.601554223  22.721033120  0 38 42.91 2002  2  9 2452314.52688553   260             R Cousins  2002/N20020208/P152369F1.FITS                      Carme                 1024  1024
   0.046  -0.116  481.21  499.22 2.125    492.17   2056.97 24.458 24.172 99.999 17.728 17.442 99.999 99.999 99.999  0.280  0.520 99.999 99.999 99.999  99.999  99.999  99.999  99.999  0.036  0.036  0.004  0.004  0.047  0.044  198  163 99.999 99.999   99   6.601534275  22.721077632  0 44 26.25 2002  2  9 2452314.53085937   260             R Cousins  2002/N20020208/P152370F1.FITS                      Carme                 1024  1024
   0.030  -0.160  482.65  499.43 2.776    425.00   1992.28 24.355 24.034 99.999 17.784 17.463 99.999 99.999 99.999  0.279  0.472 99.999 99.999 99.999  99.999  99.999  99.999  99.999  0.046  0.045  0.004  0.004  0.049  0.044  196  162 99.999 99.999   99   6.601514044  22.721095201  0 50  9.93 2002  2  9 2452314.53483715   260             R Cousins  2002/N20020208/P152371F1.FITS                      Carme                 1024  1024
   0.100   0.093  550.31  425.88 3.678    395.88   1323.46 24.535 23.732 99.999 18.041 17.238 99.999 99.999 99.999  0.195  0.711 99.999 99.999 99.999  99.999  99.999  99.999  99.999  0.033  0.033  0.030  0.021  0.064  0.044   16   12 99.999 99.999   99   9.231698135  17.214013649  1 17 17.03 2002 12 29 2452637.55366933   250             R Cousins  2002/N20021228/p161664f1.fits                      Carme                 1024  1024
   0.117   0.025  551.90  426.29 3.486    477.33   1309.47 24.622 23.760 99.999 17.925 17.063 99.999 99.999 99.999  0.277  0.754 99.999 99.999 99.999  99.999  99.999  99.999  99.999  0.022  0.022  0.030  0.021  0.062  0.045   17   12 99.999 99.999   99   9.231678687  17.214096976  1 22 49.88 2002 12 29 2452637.55752176   250             R Cousins  2002/N20021228/p161665f1.fits                      Carme                 1024  1024
   0.081   0.087  553.47  427.00 3.937    403.55   1291.33 24.475 23.630 99.999 17.960 17.115 99.999 99.999 99.999  0.207  0.727 99.999 99.999 99.999  99.999  99.999  99.999  99.999  0.026  0.026  0.029  0.022  0.061  0.046   17   12 99.999 99.999   99   9.231658211  17.214216138  1 28 22.53 2002 12 29 2452637.56137187   250             R Cousins  2002/N20021228/p161666f1.fits                      Carme                 1024  1024
   0.122   0.043  555.06  427.44 3.685    386.54   1323.71 24.504 23.602 99.999 18.036 17.134 99.999 99.999 99.999  0.187  0.718 99.999 99.999 99.999  99.999  99.999  99.999  99.999  0.029  0.029  0.029  0.024  0.062  0.050   16   12 99.999 99.999   99   9.231639208  17.214305834  1 33 55.60 2002 12 29 2452637.56522685   250             R Cousins  2002/N20021228/p161667f1.fits                      Carme                 1024  1024
   0.090   0.089  556.52  428.07 3.761    419.29   1321.48 24.562 23.639 99.999 18.005 17.082 99.999 99.999 99.999  0.194  0.749 99.999 99.999 99.999  99.999  99.999  99.999  99.999  0.028  0.029  0.031  0.022  0.066  0.045   16   12 99.999 99.999   99   9.231618751  17.214420553  1 39 28.92 2002 12 29 2452637.56908472   250             R Cousins  2002/N20021228/p161668f1.fits                      Carme                 1024  1024
   0.127   0.062  558.07  428.53 3.130    332.98   1412.53 24.468 23.601 99.999 18.162 17.295 99.999 99.999 99.999  0.193  0.688 99.999 99.999 99.999  99.999  99.999  99.999  99.999  0.034  0.034  0.029  0.021  0.061  0.044   16   12 99.999 99.999   99   9.231599156  17.214517367  1 45 10.22 2002 12 29 2452637.57303495   250             R Cousins  2002/N20021228/p161669f1.fits                      Carme                 1024  1024
   0.101   0.066  559.95  429.09 3.579    365.17   1407.43 24.456 23.568 99.999 18.050 17.162 99.999 99.999 99.999  0.197  0.752 99.999 99.999 99.999  99.999  99.999  99.999  99.999  0.033  0.033  0.030  0.022  0.064  0.046   16   12 99.999 99.999   99   9.231578847  17.214620409  1 50 43.12 2002 12 29 2452637.57688796   250             R Cousins  2002/N20021228/p161670f1.fits                      Carme                 1024  1024
   0.006   0.003  359.68  621.93 2.531     77.38    167.47 22.638 22.331 99.999 17.917 17.609 99.999 99.999 99.999  0.668  0.607 99.999 99.999 99.999  99.999  99.999  99.999  99.999  0.026  0.027  0.011  0.011  0.054  0.055   32   27 99.999 99.999   99   9.003682287  18.272620613 23 48 21.90 2003  1 29 2452669.49192014    30             R Cousins  2003/N20030129/p162760f1.fits                      Carme                 1024  1024
   0.119   0.084  580.34  457.24 1.754    119.72    205.63 22.884 22.643 99.999 17.688 17.448 99.999 99.999 99.999  0.297  0.602 99.999 99.999 99.999  99.999  99.999  99.999  99.999  0.098  0.100  0.012  0.012  0.047  0.048   30   25 99.999 99.999   99   9.003654434  18.272766582 23 53 23.05 2003  1 29 2452669.49540567    30             R Cousins  2003/N20030129/p162761f1.fits                      Carme                 1024  1024
   0.039   0.065  500.94  458.99 2.113    713.39   1490.50 24.950 24.785 99.999 17.816 17.651 99.999 99.999 99.999  0.282  0.650 99.999 99.999 99.999  99.999  99.999  99.999  99.999  0.054  0.054  0.009  0.010  0.044  0.049   32   28 99.999 99.999   99   9.003562590  18.273132980  0  8 27.56 2003  1 30 2452669.50587454   250             R Cousins  2003/N20030129/p162763f1.fits                      Carme                 1024  1024
  -0.007   0.030  503.60  459.65 2.267    558.18   1453.70 24.770 24.583 99.999 17.903 17.716 99.999 99.999 99.999  0.294  0.545 99.999 99.999 99.999  99.999  99.999  99.999  99.999  0.073  0.073  0.009  0.012  0.044  0.057   32   27 99.999 99.999   99   9.003528480  18.273259930  0 14  0.43 2003  1 30 2452669.50972720   250             R Cousins  2003/N20030129/p162764f1.fits                      Carme                 1024  1024
   0.064  -0.072  506.19  460.23 4.334    806.74   1075.84 24.736 24.545 99.999 17.469 17.278 99.999 99.999 99.999  0.271  0.541 99.999 99.999 99.999  99.999  99.999  99.999  99.999  0.006  0.006  0.008  0.011  0.038  0.053   31   27 99.999 99.999   99   9.003496607  18.273368348  0 19 33.53 2003  1 30 2452669.51358252   250             R Cousins  2003/N20030129/p162765f1.fits                      Carme                 1024  1024
  -0.050  -0.041  495.85  480.69 3.721    361.80   2070.91 24.457 23.833 99.999 18.060 17.437 99.999 99.999 99.999  0.151  0.742 99.999 99.999 99.999  99.999  99.999  99.999  99.999  0.039  0.040  0.010  0.013  0.034  0.043   18   17 99.999 99.999   99  10.970497980   7.545472294 20  9 23.82 2004  3 24 2453089.33985903   420             R Cousins  2004/N20040324/p176208f1.fits                      Carme                 1024  1024
  -0.007  -0.023  500.08  482.64 4.052    477.81   1954.90 24.657 24.106 99.999 17.959 17.407 99.999 99.999 99.999  0.149  0.657 99.999 99.999 99.999  99.999  99.999  99.999  99.999  0.033  0.033  0.010  0.013  0.037  0.048   19   19 99.999 99.999   99  10.970440239   7.545845007 20 20 12.15 2004  3 24 2453089.34736285   420             R Cousins  2004/N20040324/p176209f1.fits                      Carme                 1024  1024
  -0.054   0.008  503.82  484.17 3.898    459.85   1946.36 24.664 24.072 99.999 18.008 17.415 99.999 99.999 99.999  0.152  0.702 99.999 99.999 99.999  99.999  99.999  99.999  99.999  0.040  0.040  0.012  0.012  0.040  0.041   19   18 99.999 99.999   99  10.970393732   7.546139915 20 28 36.92 2004  3 24 2453089.35320509   420             R Cousins  2004/N20040324/p176210f1.fits                      Carme                 1024  1024
  -0.064  -0.010  507.31  485.60 3.976    547.21   1891.65 24.748 24.214 99.999 17.902 17.369 99.999 99.999 99.999  0.144  0.619 99.999 99.999 99.999  99.999  99.999  99.999  99.999  0.025  0.025  0.009  0.013  0.034  0.048   19   19 99.999 99.999   99  10.970347882   7.546421261 20 37  2.38 2004  3 24 2453089.35905532   420             R Cousins  2004/N20040324/p176211f1.fits                      Carme                 1024  1024
  -0.088  -0.000  511.23  487.15 4.180    536.41   1819.48 24.712 24.161 99.999 17.888 17.337 99.999 99.999 99.999  0.145  0.683 99.999 99.999 99.999  99.999  99.999  99.999  99.999  0.030  0.030  0.008  0.013  0.031  0.047   20   20 99.999 99.999   99  10.970301741   7.546710833 20 45 27.78 2004  3 24 2453089.36490486   420             R Cousins  2004/N20040324/p176212f1.fits                      Carme                 1024  1024
  -0.070  -0.037  514.69  488.67 3.559    516.42   1854.47 24.724 24.175 99.999 17.942 17.393 99.999 99.999 99.999  0.142  0.643 99.999 99.999 99.999  99.999  99.999  99.999  99.999  0.036  0.036  0.007  0.012  0.028  0.046   20   20 99.999 99.999   99  10.970256443   7.546986415 20 53 52.43 2004  3 24 2453089.37074572   420             R Cousins  2004/N20040324/p176213f1.fits                      Carme                 1024  1024
  -0.096  -0.061  518.36  490.08 4.110    509.68   1757.85 24.699 24.139 99.999 17.931 17.371 99.999 99.999 99.999  0.147  0.648 99.999 99.999 99.999  99.999  99.999  99.999  99.999  0.030  0.030  0.009  0.011  0.031  0.039   19   18 99.999 99.999   99  10.970210405   7.547265336 21  2 16.37 2004  3 24 2453089.37657836   420             R Cousins  2004/N20040324/p176214f1.fits                      Carme                 1024  1024
  -0.062  -0.077  521.77  491.58 4.209    481.77   1732.59 24.564 24.103 99.999 17.857 17.396 99.999 99.999 99.999  0.140  0.628 99.999 99.999 99.999  99.999  99.999  99.999  99.999  0.027  0.027  0.011  0.011  0.040  0.043   20   20 99.999 99.999   99  10.970165511   7.547545532 21 10 39.54 2004  3 24 2453089.38240208   420             R Cousins  2004/N20040324/p176215f1.fits                      Carme                 1024  1024
   0.002  -0.062  525.40  493.09 4.035    499.66   1705.84 24.617 23.989 99.999 17.870 17.243 99.999 99.999 99.999  0.147  0.704 99.999 99.999 99.999  99.999  99.999  99.999  99.999  0.024  0.024  0.009  0.011  0.031  0.039   19   18 99.999 99.999   99  10.970121030   7.547835666 21 19  4.45 2004  3 24 2453089.38824595   420             R Cousins  2004/N20040324/p176216f1.fits                      Carme                 1024  1024
  -0.143  -0.005  528.93  494.71 3.784    432.47   1721.23 24.539 24.023 99.999 17.949 17.433 99.999 99.999 99.999  0.148  0.652 99.999 99.999 99.999  99.999  99.999  99.999  99.999  0.037  0.037  0.008  0.011  0.029  0.037   19   18 99.999 99.999   99  10.970072654   7.548137091 21 27 29.20 2004  3 24 2453089.39408796   420             R Cousins  2004/N20040324/p176217f1.fits                      Carme                 1024  1024
   0.155  -0.095  409.54  476.37 4.756    264.23    169.06 23.262 22.818 99.999 17.207 16.763 99.999 99.999 99.999  0.100  0.590 99.999 99.999 99.999  99.999  99.999  99.999  99.999  0.031  0.031  0.016  0.005  0.036  0.012    9    8 99.999 99.999   99  10.801631985   8.611728545 21 17 25.35 2004  4 23 2453119.38709896    60             R Cousins  2004/N20040423/p2175f1.fits                        Carme                 1024  1024
   0.016  -0.060  624.75  477.46 2.180    596.82   1700.20 24.994 24.490 99.999 18.054 17.550 99.999 99.999 99.999  0.320  0.667 99.999 99.999 99.999  99.999  99.999  99.999  99.999  0.024  0.024  0.026  0.007  0.045  0.013   12    9 99.999 99.999   99  10.801605354   8.611883167 21 27 55.71 2004  4 23 2453119.39439479   300             R Cousins  2004/N20040423/p2176f1.fits                        Carme                 1024  1024
  -0.016  -0.075  626.03  477.93 2.710    638.73   1586.25 24.951 24.512 99.999 17.937 17.498 99.999 99.999 99.999  0.311  0.685 99.999 99.999 99.999  99.999  99.999  99.999  99.999  0.022  0.022  0.023  0.018  0.039  0.032   12    9 99.999 99.999   99  10.801590114   8.611967215 21 34 20.34 2004  4 23 2453119.39884653   300             R Cousins  2004/N20040423/p2177f1.fits                        Carme                 1024  1024
   0.164  -0.089  627.13  478.23 2.882    585.12   1568.12 24.932 24.373 99.999 18.014 17.455 99.999 99.999 99.999  0.300  0.689 99.999 99.999 99.999  99.999  99.999  99.999  99.999  0.041  0.038  0.033  0.016  0.074  0.036   11    9 99.999 99.999   99  10.801578855   8.612050995 21 40 44.33 2004  4 23 2453119.40329086   300             R Cousins  2004/N20040423/p2178f1.fits                        Carme                 1024  1024
   0.036  -0.075  628.54  478.87 2.757    461.22   1624.53 24.721 24.238 99.999 18.063 17.578 99.999 99.999 99.999  0.286  0.715 99.999 99.999 99.999  99.999  99.999  99.999  99.999  0.043  0.044  0.034  0.014  0.076  0.032   12   10 99.999 99.999   99  10.801561813   8.612143031 21 47  9.10 2004  4 23 2453119.40774421   300             R Cousins  2004/N20040423/p2179f1.fits                        Carme                 1024  1024
   0.056  -0.001  629.51  479.41 2.516    413.92   1628.94 24.735 24.203 99.999 18.193 17.661 99.999 99.999 99.999  0.275  0.748 99.999 99.999 99.999  99.999  99.999  99.999  99.999  0.053  0.053  0.028  0.015  0.064  0.034   12   10 99.999 99.999   99  10.801547586   8.612251650 21 53 33.30 2004  4 23 2453119.41219097   300             R Cousins  2004/N20040423/p2180f1.fits                        Carme                 1024  1024
   0.113  -0.039  630.54  479.84 2.641    416.34   1587.43 24.674 24.306 99.999 18.126 17.757 99.999 99.999 99.999  0.291  0.589 99.999 99.999 99.999  99.999  99.999  99.999  99.999  0.047  0.047  0.037  0.008  0.066  0.015   12    9 99.999 99.999   99  10.801534060   8.612328870 21 59 57.40 2004  4 23 2453119.41663657   300             R Cousins  2004/N20040423/p2181f1.fits                        Carme                 1024  1024
  -0.003  -0.066  632.11  480.24 2.755    550.03   1446.65 24.848 24.319 99.999 17.997 17.468 99.999 99.999 99.999  0.304  0.696 99.999 99.999 99.999  99.999  99.999  99.999  99.999  0.034  0.033  0.017  0.014  0.030  0.024   12    9 99.999 99.999   99  10.801517311   8.612409062 22  6 21.95 2004  4 23 2453119.42108738   300             R Cousins  2004/N20040423/p2182f1.fits                        Carme                 1024  1024
  -0.077  -0.010  633.06  480.85 2.699    577.97   1523.99 24.926 24.479 99.999 18.021 17.574 99.999 99.999 99.999  0.317  0.700 99.999 99.999 99.999  99.999  99.999  99.999  99.999  0.027  0.027  0.018  0.013  0.030  0.022   12    9 99.999 99.999   99  10.801501304   8.612512614 22 12 46.53 2004  4 23 2453119.42553854   300             R Cousins  2004/N20040423/p2183f1.fits                        Carme                 1024  1024
  -0.071  -0.066  504.45  455.58 3.400    297.73   1201.46 24.383 23.913 99.999 18.199 17.728 99.999 99.999 99.999  0.704  0.749 99.999 99.999 99.999  99.999  99.999  99.999  99.999  0.045  0.045  0.015  0.013  0.059  0.048   21   15 99.999 99.999   99  13.183009241  -5.627359494  3 11 50.15 2005  3  8 2453437.63321933   230             R Cousins  2005/N20050307/p25474f1.fits                       Carme                 1024  1024
  -0.160   0.008  505.79  456.72 3.537    319.38   1202.53 24.428 23.980 99.999 18.167 17.719 99.999 99.999 99.999  0.708  0.688 99.999 99.999 99.999  99.999  99.999  99.999  99.999  0.011  0.011  0.015  0.014  0.063  0.059   21   19 99.999 99.999   99  13.182988293  -5.627225622  3 17  4.13 2005  3  8 2453437.63685336   230             R Cousins  2005/N20050307/p25475f1.fits                       Carme                 1024  1024
  -0.119  -0.047  507.58  457.35 3.456    297.77   1238.27 24.381 23.917 99.999 18.196 17.733 99.999 99.999 99.999  0.712  0.722 99.999 99.999 99.999  99.999  99.999  99.999  99.999  0.038  0.038  0.017  0.015  0.066  0.058   21   17 99.999 99.999   99  13.182969753  -5.627127372  3 22 17.96 2005  3  8 2453437.64048565   230             R Cousins  2005/N20050307/p25476f1.fits                       Carme                 1024  1024
  -0.086  -0.131  508.85  458.56 3.509    308.01   1227.48 24.380 23.917 99.999 18.158 17.695 99.999 99.999 99.999  0.690  0.738 99.999 99.999 99.999  99.999  99.999  99.999  99.999  0.034  0.034  0.014  0.014  0.056  0.056   22   18 99.999 99.999   99  13.182951147  -5.627037400  3 27 31.18 2005  3  8 2453437.64411088   230             R Cousins  2005/N20050307/p25477f1.fits                       Carme                 1024  1024
  -0.176  -0.106  511.02  459.27 3.208    218.26   1282.39 24.271 23.845 99.999 18.423 17.997 99.999 99.999 99.999  0.698  0.734 99.999 99.999 99.999  99.999  99.999  99.999  99.999  0.052  0.051  0.014  0.011  0.060  0.046   22   18 99.999 99.999   99  13.182930166  -5.626917331  3 32 45.08 2005  3  8 2453437.64774398   230             R Cousins  2005/N20050307/p25478f1.fits                       Carme                 1024  1024
  -0.145  -0.058  512.16  460.88 3.801    251.42   1243.35 24.232 23.828 99.999 18.231 17.827 99.999 99.999 99.999  0.686  0.657 99.999 99.999 99.999  99.999  99.999  99.999  99.999  0.051  0.051  0.013  0.012  0.053  0.048   22   18 99.999 99.999   99  13.182911461  -5.626790630  3 37 59.04 2005  3  8 2453437.65137778   230             R Cousins  2005/N20050307/p25479f1.fits                       Carme                 1024  1024
  -0.292  -0.071  513.71  460.98 4.315    243.69   1241.55 24.144 23.779 99.999 18.177 17.812 99.999 99.999 99.999  0.688  0.676 99.999 99.999 99.999  99.999  99.999  99.999  99.999  0.000  0.000  0.015  0.013  0.062  0.054   22   18 99.999 99.999   99  13.182889450  -5.626680658  3 43 13.02 2005  3  8 2453437.65501181   230             R Cousins  2005/N20050307/p25480f1.fits                       Carme                 1024  1024
  -0.231  -0.072  515.45  460.88 4.135    287.65   1272.64 24.321 23.942 99.999 18.174 17.795 99.999 99.999 99.999  0.704  0.596 99.999 99.999 99.999  99.999  99.999  99.999  99.999  0.039  0.039  0.017  0.008  0.064  0.030   21   15 99.999 99.999   99  13.182871336  -5.626567601  3 48 26.75 2005  3  8 2453437.65864294   230             R Cousins  2005/N20050307/p25481f1.fits                       Carme                 1024  1024
  -0.131  -0.102  610.20  526.88 3.090    109.57    151.99 22.932 22.755 99.999 17.833 17.656 99.999 99.999 99.999  0.129  0.561 99.999 99.999 99.999  99.999  99.999  99.999  99.999  0.051  0.051  0.028  0.017  0.074  0.046   12   11 99.999 99.999   99  13.173001119  -5.567106462  0 37 29.14 2005  3 10 2453439.52603171    30             R Cousins  2005/N20050309/p25608f1.fits                       Carme                 1024  1024
  -0.178  -0.075  610.89  527.47 3.075    506.41   1184.59 24.641 24.293 99.999 17.879 17.532 99.999 99.999 99.999  0.128  0.597 99.999 99.999 99.999  99.999  99.999  99.999  99.999  0.024  0.023  0.020  0.024  0.050  0.062   12    9 99.999 99.999   99  13.172980583  -5.566984646  0 42 32.73 2005  3 10 2453439.52954549   220             R Cousins  2005/N20050309/p25609f1.fits                       Carme                 1024  1024
  -0.198  -0.003  612.29  528.32 2.930    587.46   1157.10 24.789 24.296 99.999 17.866 17.373 99.999 99.999 99.999  0.123  0.702 99.999 99.999 99.999  99.999  99.999  99.999  99.999  0.022  0.022  0.023  0.018  0.058  0.048   12   10 99.999 99.999   99  13.172960564  -5.566850592  0 47 35.97 2005  3 10 2453439.53305521   220             R Cousins  2005/N20050309/p25610f1.fits                       Carme                 1024  1024
  -0.161  -0.036  613.82  528.74 3.330    515.66   1132.53 24.660 24.275 99.999 17.879 17.494 99.999 99.999 99.999  0.114  0.598 99.999 99.999 99.999  99.999  99.999  99.999  99.999  0.025  0.025  0.023  0.017  0.059  0.043   12   10 99.999 99.999   99  13.172941560  -5.566745179  0 52 39.88 2005  3 10 2453439.53657268   220             R Cousins  2005/N20050309/p25611f1.fits                       Carme                 1024  1024
  -0.184  -0.054  615.25  529.33 3.033    509.50   1160.60 24.702 24.240 99.999 17.934 17.473 99.999 99.999 99.999  0.116  0.754 99.999 99.999 99.999  99.999  99.999  99.999  99.999  0.008  0.008  0.025  0.018  0.064  0.045   12   10 99.999 99.999   99  13.172921484  -5.566636000  0 57 42.93 2005  3 10 2453439.54008021   220             R Cousins  2005/N20050309/p25612f1.fits                       Carme                 1024  1024
  -0.137  -0.015  616.66  529.66 4.030    293.17   1142.62 24.023 23.676 99.999 17.855 17.508 99.999 99.999 99.999  0.095  0.630 99.999 99.999 99.999  99.999  99.999  99.999  99.999  0.038  0.038  0.023  0.021  0.060  0.055   12    9 99.999 99.999   99  13.172902695  -5.566510727  1  2 46.47 2005  3 10 2453439.54359340   220             R Cousins  2005/N20050309/p25613f1.fits                       Carme                 1024  1024
  -0.192   0.007  618.45  530.34 3.501    424.68   1159.13 24.403 23.991 99.999 17.833 17.421 99.999 99.999 99.999  0.105  0.666 99.999 99.999 99.999  99.999  99.999  99.999  99.999  0.026  0.026  0.021  0.020  0.054  0.051   12   10 99.999 99.999   99  13.172881957  -5.566390284  1  7 50.36 2005  3 10 2453439.54711065   220             R Cousins  2005/N20050309/p25614f1.fits                       Carme                 1024  1024
  -0.191   0.030  619.86  530.99 3.429    424.66   1131.19 24.443 24.072 99.999 17.873 17.502 99.999 99.999 99.999  0.112  0.559 99.999 99.999 99.999  99.999  99.999  99.999  99.999  0.033  0.033  0.024  0.020  0.062  0.051   12   10 99.999 99.999   99  13.172862281  -5.566269387  1 12 54.20 2005  3 10 2453439.55062731   220             R Cousins  2005/N20050309/p25615f1.fits                       Carme                 1024  1024
  -0.169  -0.010  621.66  531.61 3.474    388.11   1121.07 24.395 24.012 99.999 17.922 17.539 99.999 99.999 99.999  0.110  0.652 99.999 99.999 99.999  99.999  99.999  99.999  99.999  0.026  0.026  0.022  0.020  0.055  0.052   12   10 99.999 99.999   99  13.172843019  -5.566166080  1 17 57.59 2005  3 10 2453439.55413877   220             R Cousins  2005/N20050309/p25616f1.fits                       Carme                 1024  1024
  -0.172  -0.056  623.48  532.30 3.830    395.30   1097.33 24.360 23.994 99.999 17.867 17.502 99.999 99.999 99.999  0.111  0.629 99.999 99.999 99.999  99.999  99.999  99.999  99.999  0.029  0.029  0.023  0.023  0.058  0.058   12   10 99.999 99.999   99  13.172823280  -5.566064527  1 23  0.98 2005  3 10 2453439.55765023   220             R Cousins  2005/N20050309/p25617f1.fits                       Carme                 1024  1024
  -0.165  -0.028  625.10  532.92 3.429    487.38   1108.11 24.600 24.096 99.999 17.880 17.377 99.999 99.999 99.999  0.114  0.667 99.999 99.999 99.999  99.999  99.999  99.999  99.999  0.022  0.022  0.022  0.021  0.056  0.053   12   10 99.999 99.999   99  13.172803729  -5.565942411  1 28  4.41 2005  3 10 2453439.56116215   220             R Cousins  2005/N20050309/p25618f1.fits                       Carme                 1024  1024
  -0.124  -0.122  555.81  468.03 1.623    239.81    137.96 23.265 22.796 99.999 17.316 16.846 99.999 99.999 99.999  0.246  0.631 99.999 99.999 99.999  99.999  99.999  99.999  99.999  0.036  0.036  0.015  0.018  0.058  0.069   19   17 99.999 99.999   99  12.931244140  -4.179329585 23 39 49.32 2005  4 13 2453474.48598750    30           R Cousins    2005/N20050413/p27559f1.fits                       Carme                 1024  1024
  -0.104  -0.126  558.37  468.75 2.209   1483.38   1880.88 25.603 24.934 99.999 17.675 17.006 99.999 99.999 99.999  0.322  0.690 99.999 99.999 99.999  99.999  99.999  99.999  99.999  0.050  0.050  0.017  0.015  0.058  0.053   19   15 99.999 99.999   99  12.931210686  -4.179148556 23 46 20.21 2005  4 13 2453474.49051169   400           R Cousins    2005/N20050413/p27560f1.fits                       Carme                 1024  1024
  -0.063  -0.125  561.85  469.77 2.474   1233.63   1829.68 25.394 24.751 99.999 17.666 17.023 99.999 99.999 99.999  0.238  0.671 99.999 99.999 99.999  99.999  99.999  99.999  99.999  0.052  0.052  0.016  0.014  0.055  0.049   19   15 99.999 99.999   99  12.931169554  -4.178922537 23 54 24.26 2005  4 13 2453474.49611412   400           R Cousins    2005/N20050413/p27561f1.fits                       Carme                 1024  1024
  -0.004  -0.117  565.60  471.05 2.201   1383.88   1857.53 25.496 24.897 99.999 17.643 17.045 99.999 99.999 99.999  0.349  0.664 99.999 99.999 99.999  99.999  99.999  99.999  99.999  0.058  0.058  0.019  0.016  0.065  0.055   19   15 99.999 99.999   99  12.931128790  -4.178694742 24  2 27.90 2005  4 13 2453474.50171181   400           R Cousins    2005/N20050413/p27562f1.fits                       Carme                 1024  1024
  -0.146  -0.111  569.32  472.18 3.368    748.46   1746.41 24.856 24.421 99.999 17.671 17.236 99.999 99.999 99.999  0.225  0.526 99.999 99.999 99.999  99.999  99.999  99.999  99.999  0.011  0.011  0.017  0.015  0.059  0.050   19   15 99.999 99.999   99  12.931084282  -4.178467229  0 10 31.75 2005  4 14 2453474.50731192   400           R Cousins    2005/N20050413/p27563f1.fits                       Carme                 1024  1024
  -0.136  -0.160  572.39  473.09 3.057    891.01   1757.75 25.071 24.460 99.999 17.696 17.085 99.999 99.999 99.999  0.239  0.650 99.999 99.999 99.999  99.999  99.999  99.999  99.999  0.026  0.026  0.015  0.019  0.059  0.073   19   17 99.999 99.999   99  12.931042641  -4.178254971  0 18 35.69 2005  4 14 2453474.51291308   400           R Cousins    2005/N20050413/p27564f1.fits                       Carme                 1024  1024
   0.021  -0.154  575.45  474.53 2.792    887.81   1789.08 24.984 24.424 99.999 17.613 17.053 99.999 99.999 99.999  0.235  0.592 99.999 99.999 99.999  99.999  99.999  99.999  99.999  0.020  0.020  0.015  0.018  0.059  0.067   19   17 99.999 99.999   99  12.931003691  -4.178027591  0 26 39.56 2005  4 14 2453474.51851343   400           R Cousins    2005/N20050413/p27565f1.fits                       Carme                 1024  1024
  -0.219  -0.099  579.68  475.73 2.718    867.43   1793.63 24.964 24.461 99.999 17.619 17.115 99.999 99.999 99.999  0.241  0.511 99.999 99.999 99.999  99.999  99.999  99.999  99.999  0.028  0.028  0.016  0.020  0.062  0.077   19   17 99.999 99.999   99  12.930957468  -4.177786787  0 34 43.01 2005  4 14 2453474.52410891   400           R Cousins    2005/N20050413/p27566f1.fits                       Carme                 1024  1024
  -0.134  -0.139  624.06  502.78 3.851     91.70    106.73 22.032 21.178 99.999 17.126 16.272 99.999 99.999 99.999  0.641  0.699 99.999 99.999 99.999  99.999  99.999  99.999  99.999  0.067  0.064  0.045  0.034  0.065  0.049   10    9 99.999 99.999   99  12.795262245  -3.461241647 20 49  7.56 2005  5  4 2453495.36744861    30           R Cousins    2005/N20050504/p28661f1.fits                       Carme                 1024  1024
  -0.126  -0.158  351.51  503.73 2.385    799.73   1729.21 24.837 24.275 99.999 17.579 17.018 99.999 99.999 99.999  0.627  0.728 99.999 99.999 99.999  99.999  99.999  99.999  99.999  0.026  0.026  0.029  0.011  0.076  0.031   12   10 99.999 99.999   99  12.795235358  -3.461117214 20 56  7.21 2005  5  4 2453495.37230567   350           R Cousins    2005/N20050504/p28662f1.fits                       Carme                 1024  1024
  -0.036  -0.109  353.82  504.37 2.693    873.87   1639.61 24.853 24.308 99.999 17.499 16.954 99.999 99.999 99.999  0.626  0.671 99.999 99.999 99.999  99.999  99.999  99.999  99.999  0.023  0.023  0.023  0.016  0.063  0.042   12   10 99.999 99.999   99  12.795209131  -3.460969926 21  3 20.43 2005  5  4 2453495.37731979   350           R Cousins    2005/N20050504/p28663f1.fits                       Carme                 1024  1024
  -0.302  -0.017  356.39  505.06 3.004    726.22   1633.59 24.716 23.918 99.999 17.564 16.765 99.999 99.999 99.999  0.562  0.779 99.999 99.999 99.999  99.999  99.999  99.999  99.999  0.022  0.022  0.164  0.201  0.075  0.093    5    4 99.999 99.999   99  12.795176316  -3.460810951 21 10 33.56 2005  5  4 2453495.38233287   350           R Cousins    2005/N20050504/p28664f1.fits                       Carme                 1024  1024
  -0.278   0.001  358.69  505.96 2.866    680.32   1648.26 24.721 24.119 99.999 17.639 17.037 99.999 99.999 99.999  0.568  0.594 99.999 99.999 99.999  99.999  99.999  99.999  99.999  0.006  0.006  0.175  0.203  0.081  0.094    5    4 99.999 99.999   99  12.795148872  -3.460672125 21 17 47.02 2005  5  4 2453495.38734977   350           R Cousins    2005/N20050504/p28665f1.fits                       Carme                 1024  1024
  -0.207  -0.150  362.54  507.00 3.447    514.07   1541.95 24.454 23.692 99.999 17.676 16.915 99.999 99.999 99.999  0.547  0.692 99.999 99.999 99.999  99.999  99.999  99.999  99.999  0.024  0.025  0.188  0.149  0.088  0.070    5    4 99.999 99.999   99  12.795094362  -3.460446509 21 32 14.44 2005  5  4 2453495.39738935   350           R Cousins    2005/N20050504/p28667f1.fits                       Carme                 1024  1024
  -0.306  -0.096  365.25  507.92 3.398    578.40   1536.07 24.506 23.785 99.999 17.600 16.880 99.999 99.999 99.999  0.550  0.763 99.999 99.999 99.999  99.999  99.999  99.999  99.999  0.026  0.026  0.166  0.150  0.078  0.070    5    4 99.999 99.999   99  12.795064635  -3.460297906 21 39 27.75 2005  5  4 2453495.40240451   350           R Cousins    2005/N20050504/p28668f1.fits                       Carme                 1024  1024
   0.004  -0.240  453.02  414.46 4.787    331.56   1428.91 23.792 23.467 99.999 17.490 17.165 99.999 99.999 99.999  0.610  0.565 99.999 99.999 99.999  99.999  99.999  99.999  99.999  0.034  0.033  0.020  0.012  0.072  0.044   20   16 99.999 99.999   99  12.784343551  -3.407872353 22 36 19.68 2005  5  6 2453497.44189444   350           R Cousins    2005/N20050506/p28757f1.fits                       Carme                 1024  1024
  -0.048  -0.219  454.16  414.74 4.444    299.27   1463.46 23.805 23.456 99.999 17.615 17.266 99.999 99.999 99.999  0.611  0.611 99.999 99.999 99.999  99.999  99.999  99.999  99.999  0.045  0.045  0.016  0.012  0.057  0.043   20   15 99.999 99.999   99  12.784316166  -3.407741570 22 43 33.21 2005  5  6 2453497.44691215   350           R Cousins    2005/N20050506/p28758f1.fits                       Carme                 1024  1024
   0.017  -0.160  460.46  417.12 4.726    270.67   1469.01 23.607 23.125 99.999 17.526 17.043 99.999 99.999 99.999  0.826  0.711 99.999 99.999 99.999  99.999  99.999  99.999  99.999  0.047  0.047  0.037  0.017  0.053  0.024    8    6 99.999 99.999   99  12.784264474  -3.407476108 22 58  0.90 2005  5  6 2453497.45695486   350           R Cousins    2005/N20050506/p28760f1.fits                       Carme                 1024  1024
   0.003  -0.205  463.66  419.25 4.526    258.30   1515.15 23.763 23.416 99.999 17.732 17.386 99.999 99.999 99.999  0.592  0.639 99.999 99.999 99.999  99.999  99.999  99.999  99.999  0.052  0.052  0.015  0.013  0.053  0.045   19   14 99.999 99.999   99  12.784211391  -3.407239089 23 12 28.85 2005  5  6 2453497.46700058   350           R Cousins    2005/N20050506/p28762f1.fits                       Carme                 1024  1024
  -0.053  -0.130  452.93  572.35 3.652    459.29   1412.61 24.686 24.021 99.999 18.031 17.365 99.999 99.999 99.999  0.338  0.730 99.999 99.999 99.999  99.999  99.999  99.999  99.999  0.027  0.027  0.015  0.011  0.053  0.037   16   14 99.999 99.999   99  12.774426074  -3.360310891 22 28 36.29 2005  5  8 2453499.43653113   350           R Cousins    2005/N20050508/p29064f1.fits                       Carme                 1024  1024
  -0.097  -0.165  455.21  572.69 3.318    504.94   1419.56 24.758 24.067 99.999 18.000 17.309 99.999 99.999 99.999  0.339  0.772 99.999 99.999 99.999  99.999  99.999  99.999  99.999  0.021  0.021  0.017  0.012  0.060  0.040   16   14 99.999 99.999   99  12.774400287  -3.360205499 22 35 49.73 2005  5  8 2453499.44154780   350           R Cousins    2005/N20050508/p29065f1.fits                       Carme                 1024  1024
  -0.106  -0.167  457.31  573.38 3.266    530.53   1438.02 24.851 24.166 99.999 18.040 17.355 99.999 99.999 99.999  0.340  0.751 99.999 99.999 99.999  99.999  99.999  99.999  99.999  0.023  0.023  0.016  0.011  0.057  0.038   16   14 99.999 99.999   99  12.774375113  -3.360091208 22 43  3.70 2005  5  8 2453499.44657060   350           R Cousins    2005/N20050508/p29066f1.fits                       Carme                 1024  1024
  -0.088  -0.121  459.39  574.04 3.162    454.54   1499.24 24.769 24.138 99.999 18.125 17.494 99.999 99.999 99.999  0.340  0.703 99.999 99.999 99.999  99.999  99.999  99.999  99.999  0.032  0.033  0.018  0.013  0.063  0.046   16   14 99.999 99.999   99  12.774350512  -3.359963439 22 50 16.92 2005  5  8 2453499.45158472   350           R Cousins    2005/N20050508/p29067f1.fits                       Carme                 1024  1024
  -0.054  -0.143  461.35  574.80 3.116    450.46   1502.46 24.709 24.006 99.999 18.075 17.372 99.999 99.999 99.999  0.339  0.776 99.999 99.999 99.999  99.999  99.999  99.999  99.999  0.032  0.032  0.017  0.011  0.059  0.039   16   14 99.999 99.999   99  12.774326186  -3.359854611 22 57 30.19 2005  5  8 2453499.45659942   350           R Cousins    2005/N20050508/p29068f1.fits                       Carme                 1024  1024
  -0.093  -0.131  463.37  575.42 3.201    540.95   1487.54 24.830 24.139 99.999 17.997 17.306 99.999 99.999 99.999  0.339  0.733 99.999 99.999 99.999  99.999  99.999  99.999  99.999  0.025  0.025  0.018  0.012  0.060  0.041   16   14 99.999 99.999   99  12.774300534  -3.359736007 23  4 44.01 2005  5  8 2453499.46162049   350           R Cousins    2005/N20050508/p29069f1.fits                       Carme                 1024  1024
  -0.075  -0.137  505.65  562.20 2.323    499.23   2055.98 24.956 24.517 99.999 18.210 17.771 99.999 99.999 99.999  0.193  0.643 99.999 99.999 99.999  99.999  99.999  99.999  99.999  0.033  0.033  0.018  0.014  0.063  0.049   17   14 99.999 99.999   99  12.748396831  -3.241980295 21 22 58.74 2005  5 14 2453505.39095764   350           R Cousins    2005/N20050514/p29179f1.fits                       Carme                 1024  1024
  -0.174  -0.175  510.01  563.25 2.536    659.39   2029.60 25.133 24.805 99.999 18.085 17.757 99.999 99.999 99.999  0.292  0.598 99.999 99.999 99.999  99.999  99.999  99.999  99.999  0.032  0.032  0.012  0.009  0.042  0.032   18   13 99.999 99.999   99  12.748343915  -3.241779152 21 41  5.63 2005  5 14 2453505.40353738   350           R Cousins    2005/N20050514/p29185f1.fits                       Carme                 1024  1024
  -0.175  -0.130  511.48  563.54 2.669    632.78   2036.84 25.055 24.628 99.999 18.052 17.625 99.999 99.999 99.999  0.250  0.654 99.999 99.999 99.999  99.999  99.999  99.999  99.999  0.037  0.037  0.008  0.012  0.026  0.040   18   13 99.999 99.999   99  12.748323527  -3.241682134 21 48 19.09 2005  5 14 2453505.40855428   350           R Cousins    2005/N20050514/p29186f1.fits                       Carme                 1024  1024
  -0.116  -0.158  512.92  563.97 3.040    559.62   2007.31 24.942 24.583 99.999 18.073 17.713 99.999 99.999 99.999  0.213  0.670 99.999 99.999 99.999  99.999  99.999  99.999  99.999  0.023  0.023  0.008  0.009  0.027  0.029   18   12 99.999 99.999   99  12.748304269  -3.241605651 21 55 33.12 2005  5 14 2453505.41357778   350           R Cousins    2005/N20050514/p29187f1.fits                       Carme                 1024  1024
  -0.077  -0.113  514.89  564.41 2.948    578.12   1997.34 24.918 24.602 99.999 18.013 17.697 99.999 99.999 99.999  0.216  0.566 99.999 99.999 99.999  99.999  99.999  99.999  99.999  0.026  0.026  0.009  0.010  0.031  0.036   18   13 99.999 99.999   99  12.748284659  -3.241509011 22  2 46.57 2005  5 14 2453505.41859456   350           R Cousins    2005/N20050514/p29188f1.fits                       Carme                 1024  1024
  -0.045  -0.151  515.93  564.79 2.892    618.57   1996.17 24.956 24.686 99.999 17.978 17.707 99.999 99.999 99.999  0.213  0.525 99.999 99.999 99.999  99.999  99.999  99.999  99.999  0.027  0.026  0.009  0.010  0.030  0.034   18   13 99.999 99.999   99  12.748264911  -3.241434953 22  9 59.81 2005  5 14 2453505.42360891   350           R Cousins    2005/N20050514/p29189f1.fits                       Carme                 1024  1024
  -0.081  -0.109  517.78  565.58 2.765    594.03   2056.81 24.997 24.655 99.999 18.063 17.720 99.999 99.999 99.999  0.231  0.660 99.999 99.999 99.999  99.999  99.999  99.999  99.999  0.028  0.028  0.007  0.010  0.025  0.034   18   13 99.999 99.999   99  12.748243946  -3.241338776 22 17 13.73 2005  5 14 2453505.42863113   350           R Cousins    2005/N20050514/p29190f1.fits                       Carme                 1024  1024
  -0.061  -0.105  519.37  565.89 3.334    591.37   1938.86 24.868 24.540 99.999 17.938 17.610 99.999 99.999 99.999  0.192  0.613 99.999 99.999 99.999  99.999  99.999  99.999  99.999  0.032  0.032  0.007  0.010  0.025  0.035   18   13 99.999 99.999   99  12.748223974  -3.241253299 22 24 27.59 2005  5 14 2453505.43365266   350           R Cousins    2005/N20050514/p29191f1.fits                       Carme                 1024  1024
  -0.041  -0.101  496.42  531.84 2.500     91.21   1983.35 23.716 23.268 99.999 18.816 18.368 99.999 99.999 99.999  0.213  0.663 99.999 99.999 99.999  99.999  99.999  99.999  99.999  0.266  0.172  0.027  0.026  0.064  0.063   15   10 99.999 99.999   99  14.527501248 -13.826766304 21  0 29.63 2006  5 25 2453881.37534294   300            R Cousins   2006/N20060525/p37764f1.fits                       Carme                 1024  1024
   0.055  -0.055  500.43  532.37 4.125    301.56   1922.54 24.049 23.833 99.999 17.850 17.635 99.999 99.999 99.999  0.223  0.554 99.999 99.999 99.999  99.999  99.999  99.999  99.999  0.046  0.046  0.011  0.012  0.057  0.064   35   28 99.999 99.999   99  14.527435737 -13.826416962 21 13 18.12 2006  5 25 2453881.38423750   300            R Cousins   2006/N20060525/p37766f1.fits                       Carme                 1024  1024
   0.185  -0.027  502.74  533.18 3.798    269.51   1890.42 24.001 23.776 99.999 17.924 17.700 99.999 99.999 99.999  0.217  0.609 99.999 99.999 99.999  99.999  99.999  99.999  99.999  0.046  0.045  0.010  0.011  0.052  0.058   35   28 99.999 99.999   99  14.527404605 -13.826241191 21 19 41.69 2006  5 25 2453881.38867697   300            R Cousins   2006/N20060525/p37767f1.fits                       Carme                 1024  1024
   0.106  -0.002  505.17  534.17 4.004    345.56   1844.99 24.255 23.997 99.999 17.909 17.650 99.999 99.999 99.999  0.224  0.643 99.999 99.999 99.999  99.999  99.999  99.999  99.999  0.014  0.014  0.011  0.011  0.060  0.059   35   29 99.999 99.999   99  14.527369463 -13.826066209 21 26  5.56 2006  5 25 2453881.39311991   300            R Cousins   2006/N20060525/p37768f1.fits                       Carme                 1024  1024
   0.217  -0.133  507.58  534.87 3.787    347.53   1792.37 24.233 23.985 99.999 17.880 17.632 99.999 99.999 99.999  0.225  0.583 99.999 99.999 99.999  99.999  99.999  99.999  99.999  0.047  0.049  0.011  0.012  0.057  0.062   35   29 99.999 99.999   99  14.527337889 -13.825933598 21 32 30.18 2006  5 25 2453881.39757153   300            R Cousins   2006/N20060525/p37769f1.fits                       Carme                 1024  1024
   0.209  -0.039  510.18  535.60 3.465    333.93   1794.06 24.290 24.086 99.999 17.981 17.777 99.999 99.999 99.999  0.218  0.546 99.999 99.999 99.999  99.999  99.999  99.999  99.999  0.052  0.052  0.011  0.012  0.057  0.060   35   28 99.999 99.999   99  14.527304130 -13.825739488 21 38 53.87 2006  5 25 2453881.40201238   300            R Cousins   2006/N20060525/p37770f1.fits                       Carme                 1024  1024
   0.138   0.075  512.86  536.75 3.421    267.28   1824.94 24.180 23.952 99.999 18.113 17.885 99.999 99.999 99.999  0.217  0.576 99.999 99.999 99.999  99.999  99.999  99.999  99.999  0.058  0.057  0.010  0.012  0.051  0.065   35   29 99.999 99.999   99  14.527269073 -13.825538805 21 45 18.29 2006  5 25 2453881.40646169   300            R Cousins   2006/N20060525/p37771f1.fits                       Carme                 1024  1024
