   0.085   0.035  996.22    9.71 2.753   2032.10   2468.46 25.003 24.413 99.999 16.733 16.143 99.999 99.999 99.999  0.153  0.779 99.999 99.999 99.999  99.999  99.999  99.999  99.999  0.019  0.019  0.030  0.039  0.041  0.055   17   13 99.999 99.999   99  23.786125124  -2.677358960  2 26 30.18 1998  8 15 2451040.60173819   240             R Cousins  1998/N19980814/P74025F1.FITS                       Elara                 1024  1024
   0.069   0.038  998.79    8.32 2.654   2693.61   2387.89 25.302 24.636 99.999 16.726 16.060 99.999 99.999 99.999  0.163  0.738 99.999 99.999 99.999  99.999  99.999  99.999  99.999  0.018  0.018  0.031  0.039  0.043  0.054   17   13 99.999 99.999   99  23.786092639  -2.677642278  2 34 26.62 1998  8 15 2451040.60725255   240             R Cousins  1998/N19980814/P74026F1.FITS                       Elara                 1024  1024
   0.089   0.060 1000.41    7.48 2.340   2733.96   2616.30 25.308 24.629 99.999 16.716 16.037 99.999 99.999 99.999  0.165  0.774 99.999 99.999 99.999  99.999  99.999  99.999  99.999  0.024  0.024  0.039  0.041  0.056  0.059   17   14 99.999 99.999   99  23.786071156  -2.677829165  2 39 49.98 1998  8 15 2451040.61099514   240             R Cousins  1998/N19980814/P74027F1.FITS                       Elara                 1024  1024
   0.064   0.033 1002.19    6.53 2.511   2556.42   2564.11 25.273 24.631 99.999 16.754 16.112 99.999 99.999 99.999  0.164  0.750 99.999 99.999 99.999  99.999  99.999  99.999  99.999  0.021  0.021  0.038  0.040  0.055  0.058   17   14 99.999 99.999   99  23.786048914  -2.678028945  2 45 12.34 1998  8 15 2451040.61472616   240             R Cousins  1998/N19980814/P74028F1.FITS                       Elara                 1024  1024
   0.131   0.038  515.36  133.08 2.495   2182.05   1769.08 24.908 24.488 99.999 16.561 16.141 99.999 99.999 99.999  0.162  0.615 99.999 99.999 99.999  99.999  99.999  99.999  99.999  0.022  0.022  0.018  0.022  0.046  0.055   16   12 99.999 99.999   99  23.786021010  -2.678284697  2 52 23.57 1998  8 15 2451040.61971725   180             R Cousins  1998/N19980814/P74029F1.FITS                       Elara                 1024  1024
   0.143   0.033  518.34  450.17 2.589   2045.83   1818.93 24.815 24.371 99.999 16.538 16.094 99.999 99.999 99.999  0.147  0.739 99.999 99.999 99.999  99.999  99.999  99.999  99.999  0.021  0.021  0.015  0.014  0.055  0.052   19   15 99.999 99.999   99  23.785982769  -2.678625651  3  1 52.74 1998  8 15 2451040.62630486   180             R Cousins  1998/N19980814/P74030F1.FITS                       Elara                 1024  1024
   0.135   0.037  522.19  464.74 2.637   1983.87   1837.73 24.765 24.261 99.999 16.521 16.017 99.999 99.999 99.999  0.144  0.740 99.999 99.999 99.999  99.999  99.999  99.999  99.999  0.013  0.013  0.012  0.016  0.047  0.064   19   17 99.999 99.999   99  23.785952834  -2.678887402  3  9 13.53 1998  8 15 2451040.63140660   180             R Cousins  1998/N19980814/P74031F1.FITS                       Elara                 1024  1024
   0.137   0.060  523.17  464.16 2.855   1671.65   1883.43 24.606 24.155 99.999 16.548 16.098 99.999 99.999 99.999  0.146  0.731 99.999 99.999 99.999  99.999  99.999  99.999  99.999  0.019  0.019  0.013  0.014  0.050  0.054   19   16 99.999 99.999   99  23.785935180  -2.679037605  3 13 35.79 1998  8 15 2451040.63444201   180             R Cousins  1998/N19980814/P74032F1.FITS                       Elara                 1024  1024
   0.112   0.031  524.62  463.27 2.587   1965.49   2008.96 24.778 24.273 99.999 16.544 16.039 99.999 99.999 99.999  0.141  0.774 99.999 99.999 99.999  99.999  99.999  99.999  99.999  0.018  0.018  0.013  0.011  0.051  0.043   19   15 99.999 99.999   99  23.785916996  -2.679202123  3 17 58.26 1998  8 15 2451040.63747986   180             R Cousins  1998/N19980814/P74033F1.FITS                       Elara                 1024  1024
   0.162   0.020  526.21  462.39 2.923   1752.95   2108.24 24.647 24.186 99.999 16.538 16.076 99.999 99.999 99.999  0.140  0.730 99.999 99.999 99.999  99.999  99.999  99.999  99.999  0.016  0.016  0.013  0.015  0.050  0.059   19   16 99.999 99.999   99  23.785899499  -2.679368035  3 22 30.93 1998  8 15 2451040.64063576   180             R Cousins  1998/N19980814/P74034F1.FITS                       Elara                 1024  1024
   0.023  -0.006  556.54  334.22 2.413   1373.58    879.28 24.214 23.541 99.999 16.369 15.697 99.999 99.999 99.999  0.201  0.767 99.999 99.999 99.999  99.999  99.999  99.999  99.999  0.010  0.010  0.017  0.015  0.047  0.040   14   13 99.999 99.999   99  23.757779236  -2.936341693 22 17 54.09 1998  8 19 2451045.42909826   120             R Cousins  1998/N19980819/P74277F1.FITS                       Elara                 1024  1024
  -0.001  -0.025  554.87  524.43 2.576   1208.82    874.03 24.125 23.388 99.999 16.420 15.683 99.999 99.999 99.999  0.226  0.723 99.999 99.999 99.999  99.999  99.999  99.999  99.999  0.023  0.022  0.013  0.014  0.047  0.053   16   14 99.999 99.999   99  23.757744434  -2.936655440 22 25 52.86 1998  8 19 2451045.43463958   120             R Cousins  1998/N19980819/P74278F1.FITS                       Elara                 1024  1024
   0.003  -0.014  557.15  588.85 2.641   1223.42    856.40 24.131 23.466 99.999 16.412 15.747 99.999 99.999 99.999  0.233  0.731 99.999 99.999 99.999  99.999  99.999  99.999  99.999  0.013  0.013  0.013  0.016  0.047  0.058   16   14 99.999 99.999   99  23.757716008  -2.936908160 22 32 29.52 1998  8 19 2451045.43923056   120             R Cousins  1998/N19980819/P74279F1.FITS                       Elara                 1024  1024
  -0.022  -0.024  559.56  587.58 2.419   1467.88    851.30 24.315 23.589 99.999 16.398 15.672 99.999 99.999 99.999  0.232  0.772 99.999 99.999 99.999  99.999  99.999  99.999  99.999  0.014  0.014  0.013  0.015  0.046  0.054   16   14 99.999 99.999   99  23.757686679  -2.937169784 22 39 11.25 1998  8 19 2451045.44388021   120             R Cousins  1998/N19980819/P74280F1.FITS                       Elara                 1024  1024
   0.008   0.012  560.53  587.01 2.495   1288.58    864.28 24.178 23.404 99.999 16.403 15.629 99.999 99.999 99.999  0.240  0.742 99.999 99.999 99.999  99.999  99.999  99.999  99.999  0.021  0.021  0.009  0.012  0.030  0.042   16   13 99.999 99.999   99  23.757672700  -2.937290090 22 42 33.44 1998  8 19 2451045.44622037   120             R Cousins  1998/N19980819/P74281F1.FITS                       Elara                 1024  1024
  -0.021  -0.037  561.80  586.28 2.433   1412.82    867.71 24.280 23.640 99.999 16.405 15.765 99.999 99.999 99.999  0.227  0.764 99.999 99.999 99.999  99.999  99.999  99.999  99.999  0.020  0.020  0.011  0.012  0.041  0.042   16   14 99.999 99.999   99  23.757657581  -2.937434261 22 45 55.95 1998  8 19 2451045.44856424   120             R Cousins  1998/N19980819/P74282F1.FITS                       Elara                 1024  1024
  -0.009  -0.015  562.84  585.78 2.531   1407.79    831.00 24.294 23.667 99.999 16.422 15.795 99.999 99.999 99.999  0.216  0.726 99.999 99.999 99.999  99.999  99.999  99.999  99.999  0.013  0.013  0.013  0.013  0.046  0.046   16   14 99.999 99.999   99  23.757643217  -2.937558493 22 49 18.73 1998  8 19 2451045.45091123   120             R Cousins  1998/N19980819/P74283F1.FITS                       Elara                 1024  1024
  -0.018  -0.029  564.10  584.96 2.206   1740.58    869.15 24.474 23.863 99.999 16.372 15.761 99.999 99.999 99.999  0.227  0.708 99.999 99.999 99.999  99.999  99.999  99.999  99.999  0.011  0.011  0.011  0.015  0.040  0.055   16   14 99.999 99.999   99  23.757628493  -2.937693158 22 52 41.12 1998  8 19 2451045.45325370   120             R Cousins  1998/N19980819/P74284F1.FITS                       Elara                 1024  1024
  -0.015  -0.008  565.20  584.40 2.295   1625.93    834.60 24.412 23.741 99.999 16.384 15.714 99.999 99.999 99.999  0.226  0.726 99.999 99.999 99.999  99.999  99.999  99.999  99.999  0.015  0.015  0.010  0.014  0.038  0.052   16   14 99.999 99.999   99  23.757613998  -2.937817223 22 56  3.09 1998  8 19 2451045.45559132   120             R Cousins  1998/N19980819/P74285F1.FITS                       Elara                 1024  1024
  -0.002   0.008  566.43  583.69 2.269   1546.10    852.09 24.411 23.731 99.999 16.438 15.758 99.999 99.999 99.999  0.201  0.705 99.999 99.999 99.999  99.999  99.999  99.999  99.999  0.009  0.009  0.012  0.015  0.045  0.054   15   14 99.999 99.999   99  23.757599658  -2.937943323 22 59 25.62 1998  8 19 2451045.45793542   120             R Cousins  1998/N19980819/P74286F1.FITS                       Elara                 1024  1024
   0.017  -0.051  567.63  583.07 2.188   1939.78    812.67 24.566 23.881 99.999 16.347 15.661 99.999 99.999 99.999  0.233  0.760 99.999 99.999 99.999  99.999  99.999  99.999  99.999  0.016  0.016  0.013  0.011  0.048  0.041   16   14 99.999 99.999   99  23.757585422  -2.938090259 23  2 48.36 1998  8 19 2451045.46028194   120             R Cousins  1998/N19980819/P74287F1.FITS                       Elara                 1024  1024
  -0.000   0.018  570.10  581.75 2.139   1995.18    820.13 24.621 23.826 99.999 16.371 15.576 99.999 99.999 99.999  0.225  0.765 99.999 99.999 99.999  99.999  99.999  99.999  99.999  0.032  0.031  0.012  0.014  0.044  0.051   16   14 99.999 99.999   99  23.757555936  -2.938331886 23  9 33.09 1998  8 19 2451045.46496632   120             R Cousins  1998/N19980819/P74289F1.FITS                       Elara                 1024  1024
   0.066  -0.031  697.47  291.36 3.334    811.97   1288.48 24.512 23.716 99.999 17.238 16.442 99.999 99.999 99.999  0.196  0.768 99.999 99.999 99.999  99.999  99.999  99.999  99.999  0.019  0.019  0.015  0.019  0.040  0.050   16   13 99.999 99.999   99  23.486560943  -5.194915088 19 52 41.37 1998 12 15 2451163.32825660   200             R Cousins  1998/N19981215/P88691F1.FITS                       Elara                 1024  1024
   0.043  -0.010  696.41  293.39 3.438    849.58   1271.25 24.599 23.762 99.999 17.276 16.439 99.999 99.999 99.999  0.198  0.782 99.999 99.999 99.999  99.999  99.999  99.999  99.999  0.026  0.026  0.016  0.020  0.044  0.053   16   13 99.999 99.999   99  23.486581031  -5.194740152 19 57 24.15 1998 12 15 2451163.33152951   200             R Cousins  1998/N19981215/P88692F1.FITS                       Elara                 1024  1024
   0.038  -0.080  694.17  294.69 3.834    689.97   1248.22 24.335 23.605 99.999 17.238 16.508 99.999 99.999 99.999  0.198  0.779 99.999 99.999 99.999  99.999  99.999  99.999  99.999  0.016  0.016  0.016  0.019  0.043  0.050   16   13 99.999 99.999   99  23.486613453  -5.194492040 20  4 52.59 1998 12 15 2451163.33671979   200             R Cousins  1998/N19981215/P88693F1.FITS                       Elara                 1024  1024
   0.045  -0.029  692.42  295.80 3.308    779.19   1274.99 24.454 23.640 99.999 17.225 16.411 99.999 99.999 99.999  0.199  0.816 99.999 99.999 99.999  99.999  99.999  99.999  99.999  0.020  0.020  0.019  0.020  0.051  0.055   16   13 99.999 99.999   99  23.486634146  -5.194308994 20  9 35.53 1998 12 15 2451163.33999456   200             R Cousins  1998/N19981215/P88694F1.FITS                       Elara                 1024  1024
   0.073  -0.013  690.92  296.54 3.959    621.79   1234.10 24.226 23.523 99.999 17.242 16.538 99.999 99.999 99.999  0.201  0.733 99.999 99.999 99.999  99.999  99.999  99.999  99.999  0.018  0.018  0.019  0.018  0.050  0.050   16   13 99.999 99.999   99  23.486655200  -5.194135465 20 14 18.16 1998 12 15 2451163.34326574   200             R Cousins  1998/N19981215/P88695F1.FITS                       Elara                 1024  1024
   0.035  -0.100  689.42  297.16 4.180    506.68   1249.03 24.044 23.359 99.999 17.282 16.598 99.999 99.999 99.999  0.200  0.809 99.999 99.999 99.999  99.999  99.999  99.999  99.999  0.027  0.027  0.017  0.016  0.046  0.044   16   13 99.999 99.999   99  23.486675046  -5.193990867 20 19  1.13 1998 12 15 2451163.34654086   200             R Cousins  1998/N19981215/P88696F1.FITS                       Elara                 1024  1024
   0.080  -0.040  687.96  298.36 4.619    420.87   1247.15 23.805 23.164 99.999 17.244 16.604 99.999 99.999 99.999  0.208  0.821 99.999 99.999 99.999  99.999  99.999  99.999  99.999  0.025  0.025  0.016  0.018  0.045  0.050   16   13 99.999 99.999   99  23.486696370  -5.193805479 20 23 43.15 1998 12 15 2451163.34980498   200             R Cousins  1998/N19981215/P88697F1.FITS                       Elara                 1024  1024
   0.045  -0.106  414.27  521.12 2.824   2101.49   1348.05 24.354 24.104 99.999 16.048 15.797 99.999 99.999 99.999  0.413  0.661 99.999 99.999 99.999  99.999  99.999  99.999  99.999  0.012  0.012  0.021  0.022  0.051  0.054   13   10 99.999 99.999   99   2.096381052  10.929552274 21 51 21.24 1999 10  8 2451460.41066250   180             R Cousins  1999/N19991008/P114258F1.FITS                      Elara                 1024  1024
  -0.009  -0.124  416.82  520.45 2.704   2079.45   1309.15 24.291 23.999 99.999 15.996 15.704 99.999 99.999 99.999  0.379  0.624 99.999 99.999 99.999  99.999  99.999  99.999  99.999  0.011  0.011  0.023  0.019  0.056  0.048   13   10 99.999 99.999   99   2.096349020  10.929426706 21 57  7.75 1999 10  8 2451460.41467303   180             R Cousins  1999/N19991008/P114259F1.FITS                      Elara                 1024  1024
  -0.005  -0.122  419.40  519.64 3.349   1134.76   1078.08 23.800 23.450 99.999 16.163 15.813 99.999 99.999 99.999  0.239  0.604 99.999 99.999 99.999  99.999  99.999  99.999  99.999  0.013  0.013  0.021  0.012  0.066  0.036   13   12 99.999 99.999   99   2.096315042  10.929294336 22  3 28.61 1999 10  8 2451460.41908113   150             R Cousins  1999/N19991008/P114260F1.FITS                      Elara                 1024  1024
  -0.017  -0.099  420.90  519.35 3.089   1376.16   1075.99 23.965 23.653 99.999 16.119 15.806 99.999 99.999 99.999  0.283  0.559 99.999 99.999 99.999  99.999  99.999  99.999  99.999  0.012  0.012  0.017  0.016  0.045  0.043   13   10 99.999 99.999   99   2.096294071  10.929219972 22  7 20.49 1999 10  8 2451460.42176493   150             R Cousins  1999/N19991008/P114261F1.FITS                      Elara                 1024  1024
  -0.021  -0.146  422.90  519.07 2.853   1355.40   1140.79 23.976 23.616 99.999 16.146 15.786 99.999 99.999 99.999  0.243  0.719 99.999 99.999 99.999  99.999  99.999  99.999  99.999  0.007  0.007  0.021  0.015  0.064  0.046   13   12 99.999 99.999   99   2.096273210  10.929126213 22 11 12.47 1999 10  8 2451460.42444988   150             R Cousins  1999/N19991008/P114262F1.FITS                      Elara                 1024  1024
  -0.005  -0.133  424.35  518.66 2.657   1342.21   1193.02 23.922 23.527 99.999 16.102 15.708 99.999 99.999 99.999  0.247  0.621 99.999 99.999 99.999  99.999  99.999  99.999  99.999  0.014  0.014  0.018  0.014  0.056  0.043   13   12 99.999 99.999   99   2.096252687  10.929048570 22 15  5.25 1999 10  8 2451460.42714410   150             R Cousins  1999/N19991008/P114263F1.FITS                      Elara                 1024  1024
   0.019  -0.123  425.67  518.30 2.908   1115.60   1146.25 23.795 23.329 99.999 16.176 15.710 99.999 99.999 99.999  0.256  0.665 99.999 99.999 99.999  99.999  99.999  99.999  99.999  0.012  0.012  0.017  0.021  0.051  0.064   13   12 99.999 99.999   99   2.096232389  10.928970551 22 18 56.94 1999 10  8 2451460.42982569   150             R Cousins  1999/N19991008/P114264F1.FITS                      Elara                 1024  1024
  -0.052  -0.102  426.73  517.58 3.118   1000.61   1076.19 23.667 23.317 99.999 16.166 15.816 99.999 99.999 99.999  0.228  0.549 99.999 99.999 99.999  99.999  99.999  99.999  99.999  0.013  0.012  0.022  0.013  0.068  0.040   13   12 99.999 99.999   99   2.096210248  10.928895689 22 22 49.07 1999 10  8 2451460.43251238   150             R Cousins  1999/N19991008/P114265F1.FITS                      Elara                 1024  1024
  -0.027  -0.148  427.43  516.93 3.096   1284.43   1078.93 23.901 23.464 99.999 16.129 15.692 99.999 99.999 99.999  0.324  0.708 99.999 99.999 99.999  99.999  99.999  99.999  99.999  0.012  0.012  0.022  0.018  0.061  0.048   13   11 99.999 99.999   99   2.096189879  10.928801343 22 26 41.68 1999 10  8 2451460.43520463   150             R Cousins  1999/N19991008/P114266F1.FITS                      Elara                 1024  1024
   0.030  -0.121  428.51  516.97 2.416    338.77    295.87 22.532 22.134 99.999 16.207 15.810 99.999 99.999 99.999  0.226  0.601 99.999 99.999 99.999  99.999  99.999  99.999  99.999  0.022  0.022  0.018  0.017  0.049  0.046   13   11 99.999 99.999   99   2.096175255  10.928747813 22 29 36.83 1999 10  8 2451460.43723183    35             R Cousins  1999/N19991008/P114267F1.FITS                      Elara                 1024  1024
   0.020  -0.162  429.95  514.28 2.917   1300.00   1843.89 23.919 23.611 99.999 16.134 15.826 99.999 99.999 99.999  0.246  0.594 99.999 99.999 99.999  99.999  99.999  99.999  99.999  0.018  0.018  0.019  0.018  0.060  0.058   13   12 99.999 99.999   99   2.096120764  10.928525018 22 39 42.40 1999 10  8 2451460.44424074   220             R Cousins  1999/N19991008/P114269F1.FITS                      Elara                 1024  1024
   0.006  -0.127  368.14  472.76 2.024   3844.36   1365.44 25.011 24.695 99.999 16.048 15.733 99.999 99.999 99.999  0.556  0.732 99.999 99.999 99.999  99.999  99.999  99.999  99.999  0.030  0.030  0.018  0.018  0.052  0.052   12    9 99.999 99.999   99   2.073030525  10.835848275 21 55 34.28 1999 10 11 2451463.41359120   180             R Cousins  1999/N19991011/P114531F1.FITS                      Elara                 1024  1024
   0.057  -0.128  369.84  472.15 1.992   3999.06   1391.79 25.005 24.719 99.999 16.000 15.714 99.999 99.999 99.999  0.537  0.741 99.999 99.999 99.999  99.999  99.999  99.999  99.999  0.030  0.030  0.030  0.025  0.077  0.065   12    8 99.999 99.999   99   2.073006463  10.835750659 22  0  0.79 1999 10 11 2451463.41667581   180             R Cousins  1999/N19991011/P114532F1.FITS                      Elara                 1024  1024
   0.015  -0.115  372.25  471.51 1.849   6236.22   1909.50 25.649 25.177 99.999 16.161 15.689 99.999 99.999 99.999  0.139  0.690 99.999 99.999 99.999  99.999  99.999  99.999  99.999  0.044  0.044  0.027  0.023  0.069  0.060   11    8 99.999 99.999   99   2.072972903  10.835626081 22  5 49.80 1999 10 11 2451463.42071528   240             R Cousins  1999/N19991011/P114533F1.FITS                      Elara                 1024  1024
  -0.010  -0.129  377.74  470.05 1.789   4231.72   1587.01 25.113 24.855 99.999 16.047 15.789 99.999 99.999 99.999  0.551  0.703 99.999 99.999 99.999  99.999  99.999  99.999  99.999  0.034  0.034  0.029  0.024  0.076  0.063   12    8 99.999 99.999   99   2.072901946  10.835347228 22 18 19.84 1999 10 11 2451463.42939630   180             R Cousins  1999/N19991011/P114535F1.FITS                      Elara                 1024  1024
   0.016  -0.102  379.90  469.55 1.914   3811.11   1405.76 25.063 24.870 99.999 16.111 15.916 99.999 99.999 99.999  0.555  0.707 99.999 99.999 99.999  99.999  99.999  99.999  99.999  0.042  0.042  0.031  0.016  0.090  0.047   12    9 99.999 99.999   99   2.072877661  10.835258170 22 22 43.12 1999 10 11 2451463.43244352   180             R Cousins  1999/N19991011/P114536F1.FITS                      Elara                 1024  1024
   0.025  -0.132  381.86  469.15 1.621   4411.04   1533.95 25.099 24.857 99.999 15.987 15.746 99.999 99.999 99.999  0.613  0.706 99.999 99.999 99.999  99.999  99.999  99.999  99.999  0.018  0.018  0.026  0.027  0.070  0.073   11    8 99.999 99.999   99   2.072853159  10.835153517 22 27  5.49 1999 10 11 2451463.43548021   180             R Cousins  1999/N19991011/P114537F1.FITS                      Elara                 1024  1024
   0.039  -0.146  383.83  468.72 1.869   3432.58   1313.59 24.903 24.685 99.999 16.064 15.846 99.999 99.999 99.999  0.515  0.726 99.999 99.999 99.999  99.999  99.999  99.999  99.999  0.027  0.027  0.029  0.021  0.082  0.060   12    9 99.999 99.999   99   2.072828769  10.835053327 22 31 27.74 1999 10 11 2451463.43851551   180             R Cousins  1999/N19991011/P114538F1.FITS                      Elara                 1024  1024
   0.010  -0.163  385.69  468.19 1.904   2947.44   1341.16 24.738 24.497 99.999 16.064 15.823 99.999 99.999 99.999  0.459  0.684 99.999 99.999 99.999  99.999  99.999  99.999  99.999  0.025  0.025  0.025  0.024  0.071  0.067   12    9 99.999 99.999   99   2.072803525  10.834952129 22 35 49.89 1999 10 11 2451463.44154965   180             R Cousins  1999/N19991011/P114539F1.FITS                      Elara                 1024  1024
   0.052  -0.151  387.63  467.87 1.716   3957.40   1624.05 24.959 24.793 99.999 15.966 15.799 99.999 99.999 99.999  0.523  0.749 99.999 99.999 99.999  99.999  99.999  99.999  99.999  0.028  0.028  0.027  0.025  0.077  0.071   12    9 99.999 99.999   99   2.072779610  10.834859099 22 40 12.45 1999 10 11 2451463.44458854   180             R Cousins  1999/N19991011/P114540F1.FITS                      Elara                 1024  1024
  -0.022   0.058  752.50  450.06 3.252    331.37    191.15 22.501 22.000 99.999 16.200 15.699 99.999 99.999 99.999  0.126  0.672 99.999 99.999 99.999  99.999  99.999  99.999  99.999  0.020  0.020  0.030  0.026  0.056  0.049   10   10 99.999 99.999   99   1.816203762   9.805747015  1 12 48.50 1999 11 10 2451492.55056134    30             R Cousins  1999/N19991109/P116709F1.FITS                      Elara                 1024  1024
   0.029  -0.003  633.91  429.43 3.806    718.28    637.32 23.332 22.798 99.999 16.192 15.658 99.999 99.999 99.999  0.170  0.686 99.999 99.999 99.999  99.999  99.999  99.999  99.999  0.017  0.017  0.022  0.025  0.046  0.052   13   12 99.999 99.999   99   1.816174652   9.805610452  1 17 40.43 1999 11 10 2451492.55394016   100             R Cousins  1999/N19991109/P116710F1.FITS                      Elara                 1024  1024
   0.027  -0.020  635.28  428.96 3.761    813.32    611.46 23.447 22.797 99.999 16.171 15.522 99.999 99.999 99.999  0.173  0.784 99.999 99.999 99.999  99.999  99.999  99.999  99.999  0.011  0.011  0.018  0.023  0.039  0.049   13   12 99.999 99.999   99   1.816155861   9.805530997  1 20 42.58 1999 11 10 2451492.55604838   100             R Cousins  1999/N19991109/P116711F1.FITS                      Elara                 1024  1024
  -0.004   0.011  637.03  428.34 3.297   1095.35    625.01 23.752 23.041 99.999 16.153 15.442 99.999 99.999 99.999  0.193  0.706 99.999 99.999 99.999  99.999  99.999  99.999  99.999  0.015  0.015  0.025  0.024  0.052  0.050   13   12 99.999 99.999   99   1.816136501   9.805464913  1 23 45.03 1999 11 10 2451492.55816007   100             R Cousins  1999/N19991109/P116712F1.FITS                      Elara                 1024  1024
   0.084   0.052  638.32  428.25 3.280   1094.19    625.83 23.759 23.065 99.999 16.161 15.468 99.999 99.999 99.999  0.168  0.703 99.999 99.999 99.999  99.999  99.999  99.999  99.999  0.012  0.012  0.026  0.023  0.054  0.048   13   12 99.999 99.999   99   1.816119415   9.805401558  1 26 47.29 1999 11 10 2451492.56026956   100             R Cousins  1999/N19991109/P116713F1.FITS                      Elara                 1024  1024
   0.114  -0.033  642.15  371.38 2.272    719.62    343.39 22.663 22.135 99.999 15.521 14.992 99.999 99.999 99.999  1.123  0.640 99.999 99.999 99.999  99.999  99.999  99.999  99.999  0.016  0.016  0.016  0.014  0.058  0.050   22   20 99.999 99.999   99   1.775089650   9.641442837 20 21 36.49 1999 11 14 2451497.34833900    40             R Cousins  1999/N19991114/P116867F1.FITS                      Elara                 1024  1024
   0.075  -0.054  642.67  176.33 2.560    665.27    283.79 22.664 22.057 99.999 15.606 15.000 99.999 99.999 99.999  1.140  0.725 99.999 99.999 99.999  99.999  99.999  99.999  99.999  0.019  0.019  0.016  0.019  0.034  0.041   17   14 99.999 99.999   99   1.775070412   9.641364879 20 24 43.74 1999 11 14 2451497.35050625    40             R Cousins  1999/N19991114/P116868F1.FITS                      Elara                 1024  1024
   0.061  -0.069  644.43  352.21 2.222   2934.65   1190.80 24.229 23.455 99.999 15.560 14.786 99.999 99.999 99.999  1.134  0.720 99.999 99.999 99.999  99.999  99.999  99.999  99.999  0.010  0.010  0.013  0.016  0.049  0.057   22   21 99.999 99.999   99   1.775035727   9.641226937 20 30 31.90 1999 11 14 2451497.35453588   150             R Cousins  1999/N19991114/P116869F1.FITS                      Elara                 1024  1024
   0.072  -0.054  646.35  351.69 2.205   1988.91   1407.28 23.771 23.165 99.999 15.525 14.918 99.999 99.999 99.999  1.140  0.745 99.999 99.999 99.999  99.999  99.999  99.999  99.999  0.013  0.013  0.010  0.016  0.036  0.057   22   20 99.999 99.999   99   1.775012886   9.641141589 20 34 24.93 1999 11 14 2451497.35723299   150             R Cousins  1999/N19991114/P116870F1.FITS                      Elara                 1024  1024
   0.170  -0.049  647.61  351.58 2.412   1430.84   1451.87 23.345 22.866 99.999 15.456 14.977 99.999 99.999 99.999  1.147  0.631 99.999 99.999 99.999  99.999  99.999  99.999  99.999  0.015  0.015  0.014  0.011  0.049  0.039   22   18 99.999 99.999   99   1.774991747   9.641053610 20 38 17.47 1999 11 14 2451497.35992442   150             R Cousins  1999/N19991114/P116871F1.FITS                      Elara                 1024  1024
   0.124  -0.032  645.46  351.87 2.110    587.38    956.97 22.474 22.208 99.999 15.552 15.286 99.999 99.999 99.999  1.099  0.480 99.999 99.999 99.999  99.999  99.999  99.999  99.999  0.022  0.022  0.012  0.012  0.042  0.042   22   19 99.999 99.999   99   1.774971026   9.640981325 20 41 38.24 1999 11 14 2451497.36224815    87             R Cousins  1999/N19991114/P116872F1.FITS                      Elara                 1024  1024
   0.074  -0.060  648.57  346.51 2.434   2461.55   1025.17 24.042 23.269 99.999 15.564 14.791 99.999 99.999 99.999  1.142  0.728 99.999 99.999 99.999  99.999  99.999  99.999  99.999  0.008  0.008  0.014  0.015  0.051  0.056   22   21 99.999 99.999   99   1.774542967   9.639310788 21 53 36.40 1999 11 14 2451497.41222685   150             R Cousins  1999/N19991114/P116873F1.FITS                      Elara                 1024  1024
   0.078  -0.056  650.28  346.02 2.516   1919.88   1155.91 23.776 23.125 99.999 15.568 14.917 99.999 99.999 99.999  1.151  0.715 99.999 99.999 99.999  99.999  99.999  99.999  99.999  0.012  0.012  0.013  0.012  0.047  0.043   22   19 99.999 99.999   99   1.774520100   9.639222352 21 57 28.48 1999 11 14 2451497.41491296   150             R Cousins  1999/N19991114/P116874F1.FITS                      Elara                 1024  1024
   0.128  -0.063  652.63  345.37 2.563   2691.19    881.52 24.146 23.250 99.999 15.571 14.675 99.999 99.999 99.999  1.143  0.833 99.999 99.999 99.999  99.999  99.999  99.999  99.999  0.012  0.012  0.013  0.015  0.047  0.054   22   21 99.999 99.999   99   1.774490732   9.639102170 22  2 34.75 1999 11 14 2451497.41845775   150             R Cousins  1999/N19991114/P116875F1.FITS                      Elara                 1024  1024
   0.077  -0.075  654.48  345.03 2.391   1796.25   1129.82 23.698 23.002 99.999 15.562 14.866 99.999 99.999 99.999  1.146  0.744 99.999 99.999 99.999  99.999  99.999  99.999  99.999  0.009  0.009  0.011  0.017  0.040  0.063   22   20 99.999 99.999   99   1.774466815   9.639009230 22  6 27.00 1999 11 14 2451497.42114583   150             R Cousins  1999/N19991114/P116876F1.FITS                      Elara                 1024  1024
   0.128  -0.037  656.61  344.53 2.541   1783.22   1064.16 23.694 22.979 99.999 15.566 14.851 99.999 99.999 99.999  1.146  0.732 99.999 99.999 99.999  99.999  99.999  99.999  99.999  0.010  0.010  0.016  0.015  0.055  0.054   21   19 99.999 99.999   99   1.774442958   9.638922684 22 10 37.88 1999 11 14 2451497.42404954   150             R Cousins  1999/N19991114/P116877F1.FITS                      Elara                 1024  1024
   0.027  -0.045  658.12  344.33 2.519    856.26   1571.97 22.892 22.507 99.999 15.560 15.176 99.999 99.999 99.999  1.139  0.516 99.999 99.999 99.999  99.999  99.999  99.999  99.999  0.017  0.017  0.008  0.016  0.030  0.055   22   18 99.999 99.999   99   1.774418152   9.638831041 22 14 29.78 1999 11 14 2451497.42673356   150             R Cousins  1999/N19991114/P116878F1.FITS                      Elara                 1024  1024
  -0.109  -0.095  935.50  449.61 2.755    200.19    153.78 22.430 21.978 99.999 16.677 16.225 99.999 99.999 99.999  0.183  0.767 99.999 99.999 99.999  99.999  99.999  99.999  99.999  0.030  0.031  0.037  0.037  0.058  0.059   18   13 99.999 99.999   99   1.644799488   9.125513863 22 51 46.39 1999 12  2 2451515.45262025    20             R Cousins  1999/N19991202/P117334F1.FITS                      Elara                 1024  1024
  -0.049  -0.097  936.80  449.18 3.110    192.63    147.72 22.251 21.863 99.999 16.539 16.151 99.999 99.999 99.999  0.187  0.752 99.999 99.999 99.999  99.999  99.999  99.999  99.999  0.028  0.029  0.027  0.017  0.049  0.031   18   15 99.999 99.999   99   1.644785301   9.125454130 22 55 30.01 1999 12  2 2451515.45520845    20             R Cousins  1999/N19991202/P117335F1.FITS                      Elara                 1024  1024
  -0.067  -0.065  482.68  446.86 2.497   1337.23    831.62 24.193 23.837 99.999 16.377 16.022 99.999 99.999 99.999  0.286  0.695 99.999 99.999 99.999  99.999  99.999  99.999  99.999  0.015  0.016  0.037  0.033  0.072  0.064   10    9 99.999 99.999   99   1.644752473   9.125336609 23  3 25.90 1999 12  2 2451515.46071644    90             R Cousins  1999/N19991202/P117336F1.FITS                      Elara                 1024  1024
  -0.114  -0.085  483.59  446.42 2.424   1338.88    764.93 24.163 23.783 99.999 16.346 15.967 99.999 99.999 99.999  0.274  0.689 99.999 99.999 99.999  99.999  99.999  99.999  99.999  0.016  0.016  0.028  0.033  0.054  0.065   10    8 99.999 99.999   99   1.644739782   9.125285235 23  6 18.56 1999 12  2 2451515.46271482    90             R Cousins  1999/N19991202/P117337F1.FITS                      Elara                 1024  1024
  -0.096  -0.137  484.29  446.12 2.605   1195.79    711.37 24.070 23.611 99.999 16.376 15.917 99.999 99.999 99.999  0.256  0.716 99.999 99.999 99.999  99.999  99.999  99.999  99.999  0.013  0.013  0.030  0.027  0.059  0.054   10    9 99.999 99.999   99   1.644728333   9.125225258 23  9 10.97 1999 12  2 2451515.46471030    90             R Cousins  1999/N19991202/P117338F1.FITS                      Elara                 1024  1024
  -0.102  -0.130  485.39  445.99 2.715   1164.27    691.21 24.110 23.608 99.999 16.445 15.942 99.999 99.999 99.999  0.262  0.747 99.999 99.999 99.999  99.999  99.999  99.999  99.999  0.009  0.009  0.036  0.024  0.043  0.028    8    6 99.999 99.999   99   1.644716478   9.125181266 23 12  3.13 1999 12  2 2451515.46670289    90             R Cousins  1999/N19991202/P117339F1.FITS                      Elara                 1024  1024
  -0.122  -0.050  486.09  445.40 3.064    851.22    672.53 23.805 23.306 99.999 16.480 15.981 99.999 99.999 99.999  0.210  0.634 99.999 99.999 99.999  99.999  99.999  99.999  99.999  0.017  0.017  0.028  0.021  0.055  0.042   10    9 99.999 99.999   99   1.644704359   9.125158004 23 14 55.33 1999 12  2 2451515.46869595    90             R Cousins  1999/N19991202/P117340F1.FITS                      Elara                 1024  1024
  -0.143  -0.016  487.12  445.62 2.902    761.45    785.58 23.607 23.129 99.999 16.403 15.925 99.999 99.999 99.999  0.234  0.554 99.999 99.999 99.999  99.999  99.999  99.999  99.999  0.020  0.019  0.197  0.152  0.075  0.058    6    6 99.999 99.999   99   1.644691064   9.125117152 23 18  4.30 1999 12  2 2451515.47088310    90             R Cousins  1999/N19991202/P117341F1.FITS                      Elara                 1024  1024
  -0.016  -0.000  715.27  428.89 1.663    547.44    408.60 23.314 22.979 99.999 16.468 16.133 99.999 99.999 99.999  0.176  0.621 99.999 99.999 99.999  99.999  99.999  99.999  99.999  0.024  0.024  0.056  0.033  0.058  0.035    8    7 99.999 99.999   99   1.639729562   9.105542470 20 22  8.06 1999 12  3 2451516.34870440    30             R Cousins  1999/N19991203/P117448F1.FITS                      Elara                 1024  1024
   0.018  -0.008  717.22  428.70 1.923    584.00   1305.69 23.559 23.340 99.999 16.643 16.424 99.999 99.999 99.999  0.224  0.334 99.999 99.999 99.999  99.999  99.999  99.999  99.999  0.031  0.030  0.054  0.031  0.057  0.033    8    7 99.999 99.999   99   1.639700458   9.105427215 20 29 33.14 1999 12  3 2451516.35385579    80             R Cousins  1999/N19991203/P117450F1.FITS                      Elara                 1024  1024
  -0.017  -0.015  717.99  428.01 2.633    692.11   1505.59 23.539 23.339 99.999 16.439 16.238 99.999 99.999 99.999  0.183  0.475 99.999 99.999 99.999  99.999  99.999  99.999  99.999  0.054  0.053  0.051  0.020  0.054  0.021    8    7 99.999 99.999   99   1.639687048   9.105376663 20 32 43.95 1999 12  3 2451516.35606424   100             R Cousins  1999/N19991203/P117451F1.FITS                      Elara                 1024  1024
  -0.053  -0.040  719.33  427.93 2.320    816.39   1369.42 23.795 23.396 99.999 16.515 16.116 99.999 99.999 99.999  0.182  0.618 99.999 99.999 99.999  99.999  99.999  99.999  99.999  0.020  0.020  0.047  0.025  0.049  0.027    8    7 99.999 99.999   99   1.639674196   9.105323253 20 35 46.04 1999 12  3 2451516.35817176   100             R Cousins  1999/N19991203/P117452F1.FITS                      Elara                 1024  1024
  -0.018  -0.044  720.16  427.63 2.229    856.53   1474.26 23.694 23.551 99.999 16.362 16.219 99.999 99.999 99.999  0.174  0.290 99.999 99.999 99.999  99.999  99.999  99.999  99.999  0.029  0.027  0.051  0.023  0.054  0.024    8    7 99.999 99.999   99   1.639662698   9.105275776 20 38 48.37 1999 12  3 2451516.36028206   100             R Cousins  1999/N19991203/P117453F1.FITS                      Elara                 1024  1024
  -0.005  -0.036  722.34  427.22 1.795   1923.89   1147.82 24.606 24.271 99.999 16.396 16.061 99.999 99.999 99.999  0.418  0.629 99.999 99.999 99.999  99.999  99.999  99.999  99.999  0.015  0.015  0.051  0.029  0.050  0.029    8    6 99.999 99.999   99   1.639637400   9.105180483 20 45 10.46 1999 12  3 2451516.36470440   100             R Cousins  1999/N19991203/P117455F1.FITS                      Elara                 1024  1024
  -0.018  -0.027  723.33  426.97 1.881   1418.73   1307.68 24.331 24.100 99.999 16.451 16.220 99.999 99.999 99.999  0.307  0.562 99.999 99.999 99.999  99.999  99.999  99.999  99.999  0.023  0.023  0.050  0.036  0.052  0.038    8    7 99.999 99.999   99   1.639624969   9.105136610 20 48 13.29 1999 12  3 2451516.36682049   100             R Cousins  1999/N19991203/P117456F1.FITS                      Elara                 1024  1024
   0.052  -0.036  880.38  437.43 3.596    146.95    178.23 22.036 21.590 99.999 16.618 16.172 99.999 99.999 99.999  0.183  0.462 99.999 99.999 99.999  99.999  99.999  99.999  99.999  0.032  0.032  0.033  0.032  0.068  0.065   13   12 99.999 99.999   99   1.628374864   9.060977420 22 49 40.66 1999 12  5 2451518.45116505    20             R Cousins  1999/N19991205/P117701F1.FITS                      Elara                 1024  1024
   0.065  -0.036  497.92  436.41 4.121    544.50    815.45 23.402 22.984 99.999 16.562 16.144 99.999 99.999 99.999  0.224  0.548 99.999 99.999 99.999  99.999  99.999  99.999  99.999  0.016  0.016  0.021  0.014  0.076  0.049   17   16 99.999 99.999   99   1.628349414   9.060877993 22 56 37.45 1999 12  5 2451518.45598900   100             R Cousins  1999/N19991205/P117702F1.FITS                      Elara                 1024  1024
   0.094  -0.022  498.43  436.29 3.919    591.82    782.57 23.470 23.081 99.999 16.540 16.150 99.999 99.999 99.999  0.222  0.488 99.999 99.999 99.999  99.999  99.999  99.999  99.999  0.016  0.016  0.020  0.013  0.071  0.045   17   16 99.999 99.999   99   1.628338708   9.060838340 22 59 40.07 1999 12  5 2451518.45810266   100             R Cousins  1999/N19991205/P117703F1.FITS                      Elara                 1024  1024
   0.070  -0.039  499.42  436.20 4.049    481.81    799.14 23.285 22.755 99.999 16.578 16.047 99.999 99.999 99.999  0.219  0.634 99.999 99.999 99.999  99.999  99.999  99.999  99.999  0.020  0.020  0.024  0.015  0.085  0.055   17   16 99.999 99.999   99   1.628327032   9.060790056 23  2 42.36 1999 12  5 2451518.46021250   100             R Cousins  1999/N19991205/P117704F1.FITS                      Elara                 1024  1024
   0.078  -0.015  501.36  435.85 4.484    449.35    937.52 23.192 22.916 99.999 16.561 16.285 99.999 99.999 99.999  0.220  0.484 99.999 99.999 99.999  99.999  99.999  99.999  99.999  0.006  0.006  0.019  0.017  0.062  0.054   17   15 99.999 99.999   99   1.628304737   9.060709650 23  8 46.86 1999 12  5 2451518.46443125   100             R Cousins  1999/N19991205/P117706F1.FITS                      Elara                 1024  1024
   0.096  -0.045  416.73  546.23 2.777    251.24   1321.86 22.309 22.192 99.999 16.308 16.192 99.999 99.999 99.999  0.252  0.500 99.999 99.999 99.999  99.999  99.999  99.999  99.999  0.003  0.003  0.009  0.009  0.045  0.042   36   26 99.999 99.999   99   4.299279134  19.987062041 23 41 11.22 2000 11 20 2451869.48693542   120             R Cousins  2000/N20001120/P135971F1.FITS                      Elara                 1024  1024
   0.083  -0.033  422.09  545.09 2.377    653.65   1084.61 23.193 23.084 99.999 16.155 16.045 99.999 99.999 99.999  0.606  0.403 99.999 99.999 99.999  99.999  99.999  99.999  99.999  0.014  0.014  0.008  0.008  0.044  0.042   44   32 99.999 99.999   99   4.299210137  19.986841457 23 51 38.92 2000 11 20 2451869.49420046   120             R Cousins  2000/N20001120/P135973F1.FITS                      Elara                 1024  1024
   0.057  -0.015  778.16  574.66 2.597   1674.99    980.89 24.224 24.003 99.999 16.164 15.943 99.999 99.999 99.999  0.167  0.480 99.999 99.999 99.999  99.999  99.999  99.999  99.999  0.011  0.011  0.010  0.012  0.040  0.048   35   27 99.999 99.999   99   4.297764872  19.982062353  3 32  6.37 2000 11 21 2451869.64729595   120             R Cousins  2000/N20001120/P135997F1.FITS                      Elara                 1024  1024
   0.046  -0.059  780.60  573.77 2.877   1450.81    980.36 24.139 23.925 99.999 16.235 16.021 99.999 99.999 99.999  0.169  0.500 99.999 99.999 99.999  99.999  99.999  99.999  99.999  0.016  0.016  0.011  0.012  0.044  0.047   35   26 99.999 99.999   99   4.297732276  19.981940838  3 37  4.84 2000 11 21 2451869.65075046   120             R Cousins  2000/N20001120/P135998F1.FITS                      Elara                 1024  1024
   0.044  -0.025  525.80  563.58 2.893   1417.04    971.02 24.111 23.874 99.999 16.233 15.995 99.999 99.999 99.999  0.170  0.497 99.999 99.999 99.999  99.999  99.999  99.999  99.999  0.009  0.009  0.008  0.010  0.039  0.047   43   30 99.999 99.999   99   4.297710144  19.981875849  3 40 28.11 2000 11 21 2451869.65310312   120             R Cousins  2000/N20001120/P135999F1.FITS                      Elara                 1024  1024
   0.055  -0.036  528.39  563.13 3.103   1232.23    963.14 23.962 23.725 99.999 16.236 15.999 99.999 99.999 99.999  0.176  0.470 99.999 99.999 99.999  99.999  99.999  99.999  99.999  0.010  0.010  0.009  0.011  0.044  0.052   43   31 99.999 99.999   99   4.297676898  19.981759866  3 45 36.62 2000 11 21 2451869.65667384   120             R Cousins  2000/N20001120/P136000F1.FITS                      Elara                 1024  1024
   0.031   0.012  530.80  562.52 3.153   1124.19    995.63 23.856 23.633 99.999 16.229 16.006 99.999 99.999 99.999  0.163  0.477 99.999 99.999 99.999  99.999  99.999  99.999  99.999  0.014  0.014  0.010  0.011  0.051  0.055   42   32 99.999 99.999   99   4.297643911  19.981663660  3 50 36.32 2000 11 21 2451869.66014259   120             R Cousins  2000/N20001120/P136001F1.FITS                      Elara                 1024  1024
   0.048  -0.016  532.41  561.80 3.177   1151.68    984.26 23.878 23.664 99.999 16.224 16.010 99.999 99.999 99.999  0.160  0.469 99.999 99.999 99.999  99.999  99.999  99.999  99.999  0.013  0.013  0.009  0.009  0.042  0.041   42   30 99.999 99.999   99   4.297621338  19.981578605  3 54  7.67 2000 11 21 2451869.66258877   120             R Cousins  2000/N20001120/P136002F1.FITS                      Elara                 1024  1024
   0.090   0.006  534.38  561.35 3.435   1006.48    987.50 23.738 23.526 99.999 16.231 16.019 99.999 99.999 99.999  0.169  0.531 99.999 99.999 99.999  99.999  99.999  99.999  99.999  0.014  0.014  0.010  0.012  0.045  0.057   42   30 99.999 99.999   99   4.297598641  19.981505309  3 57 44.88 2000 11 21 2451869.66510278   120             R Cousins  2000/N20001120/P136003F1.FITS                      Elara                 1024  1024
  -0.036  -0.012  708.94  474.41 3.286    579.13    512.74 23.034 22.886 99.999 16.127 15.979 99.999 99.999 99.999  0.566  0.398 99.999 99.999 99.999  99.999  99.999  99.999  99.999  0.020  0.020  0.009  0.008  0.041  0.038   39   35 99.999 99.999   99   4.262948604  19.868044696 22  1 40.00 2000 11 24 2451873.41782407    60             R Cousins  2000/N20001124/P136076F1.FITS                      Elara                 1024  1024
  -0.063   0.017  711.35  474.19 3.299    866.18    875.69 23.524 23.430 99.999 16.180 16.086 99.999 99.999 99.999  0.537  0.441 99.999 99.999 99.999  99.999  99.999  99.999  99.999  0.020  0.020  0.010  0.009  0.048  0.042   39   37 99.999 99.999   99   4.262918371  19.867959863 22  6 13.54 2000 11 24 2451873.42099005   100             R Cousins  2000/N20001124/P136077F1.FITS                      Elara                 1024  1024
  -0.050   0.040  712.53  473.84 3.169    942.21    835.81 23.592 23.346 99.999 16.157 15.911 99.999 99.999 99.999  0.558  0.523 99.999 99.999 99.999  99.999  99.999  99.999  99.999  0.017  0.017  0.009  0.008  0.043  0.035   39   36 99.999 99.999   99   4.262898812  19.867904691 22  9 15.78 2000 11 24 2451873.42309931   100             R Cousins  2000/N20001124/P136078F1.FITS                      Elara                 1024  1024
  -0.043   0.033  713.95  473.53 3.264   1065.46    774.59 23.719 23.526 99.999 16.150 15.957 99.999 99.999 99.999  0.550  0.512 99.999 99.999 99.999  99.999  99.999  99.999  99.999  0.012  0.012  0.010  0.008  0.043  0.036   39   34 99.999 99.999   99   4.262879208  19.867841128 22 12 17.68 2000 11 24 2451873.42520463   100             R Cousins  2000/N20001124/P136079F1.FITS                      Elara                 1024  1024
  -0.032   0.011  715.46  473.08 3.235    887.20    835.85 23.507 23.359 99.999 16.137 15.989 99.999 99.999 99.999  0.676  0.448 99.999 99.999 99.999  99.999  99.999  99.999  99.999  0.023  0.023  0.009  0.008  0.043  0.038   40   36 99.999 99.999   99   4.262859583  19.867773022 22 15 20.33 2000 11 24 2451873.42731863   100             R Cousins  2000/N20001124/P136080F1.FITS                      Elara                 1024  1024
  -0.065   0.005  717.08  473.00 3.212    952.31    868.52 23.629 23.429 99.999 16.182 15.983 99.999 99.999 99.999  0.579  0.456 99.999 99.999 99.999  99.999  99.999  99.999  99.999  0.019  0.019  0.008  0.010  0.038  0.044   38   35 99.999 99.999   99   4.262839166  19.867709460 22 18 22.51 2000 11 24 2451873.42942720   100             R Cousins  2000/N20001124/P136081F1.FITS                      Elara                 1024  1024
  -0.040   0.047  718.52  472.71 3.484    960.77    783.41 23.632 23.450 99.999 16.176 15.993 99.999 99.999 99.999  0.551  0.499 99.999 99.999 99.999  99.999  99.999  99.999  99.999  0.018  0.018  0.009  0.008  0.040  0.038   39   34 99.999 99.999   99   4.262819872  19.867659489 22 21 24.58 2000 11 24 2451873.43153449   100             R Cousins  2000/N20001124/P136082F1.FITS                      Elara                 1024  1024
  -0.061   0.052  719.88  472.14 3.402    926.69    780.68 23.586 23.400 99.999 16.169 15.983 99.999 99.999 99.999  0.559  0.460 99.999 99.999 99.999  99.999  99.999  99.999  99.999  0.022  0.022  0.010  0.010  0.046  0.045   38   36 99.999 99.999   99   4.262799710  19.867598866 22 24 26.52 2000 11 24 2451873.43364028   100             R Cousins  2000/N20001124/P136083F1.FITS                      Elara                 1024  1024
   0.013  -0.005  555.65  405.27 1.999    672.48    669.91 22.195 22.127 99.999 15.126 15.057 99.999 99.999 99.999  1.073  0.561 99.999 99.999 99.999  99.999  99.999  99.999  99.999  0.015  0.015  0.011  0.014  0.047  0.060   35   23 99.999 99.999   99   4.226265611  19.751915831 22 33  7.65 2000 11 28 2451877.43967187    60             R Cousins  2000/N20001128/P136379F1.FITS                      Elara                 1024  1024
   0.021   0.025  556.84  404.49 2.473   1361.28    968.64 22.908 22.870 99.999 15.073 15.035 99.999 99.999 99.999  1.065  0.629 99.999 99.999 99.999  99.999  99.999  99.999  99.999  0.013  0.013  0.013  0.014  0.055  0.055   33   23 99.999 99.999   99   4.226241919  19.751852041 22 36 51.31 2000 11 28 2451877.44226053   100             R Cousins  2000/N20001128/P136380F1.FITS                      Elara                 1024  1024
   0.030  -0.004  558.28  403.99 2.326   1779.07    934.34 23.223 23.058 99.999 15.097 14.933 99.999 99.999 99.999  1.069  0.541 99.999 99.999 99.999  99.999  99.999  99.999  99.999  0.011  0.011  0.011  0.010  0.044  0.042   34   22 99.999 99.999   99   4.226222675  19.751784999 22 39 53.47 2000 11 28 2451877.44436887   100             R Cousins  2000/N20001128/P136381F1.FITS                      Elara                 1024  1024
   0.060  -0.004  559.49  403.72 2.331   1706.81    961.81 23.202 23.011 99.999 15.121 14.931 99.999 99.999 99.999  1.072  0.562 99.999 99.999 99.999  99.999  99.999  99.999  99.999  0.020  0.020  0.012  0.012  0.051  0.050   33   22 99.999 99.999   99   4.226203899  19.751726438 22 42 55.20 2000 11 28 2451877.44647222   100             R Cousins  2000/N20001128/P136382F1.FITS                      Elara                 1024  1024
   0.017  -0.008  561.12  403.24 2.196   1849.26    977.11 23.283 23.071 99.999 15.116 14.904 99.999 99.999 99.999  1.059  0.587 99.999 99.999 99.999  99.999  99.999  99.999  99.999  0.012  0.012  0.012  0.012  0.049  0.049   33   21 99.999 99.999   99   4.226183610  19.751666393 22 45 57.49 2000 11 28 2451877.44858206   100             R Cousins  2000/N20001128/P136383F1.FITS                      Elara                 1024  1024
   0.004  -0.028  562.32  402.81 2.436   1521.22    957.54 23.059 22.880 99.999 15.104 14.924 99.999 99.999 99.999  1.074  0.630 99.999 99.999 99.999  99.999  99.999  99.999  99.999  0.009  0.010  0.013  0.011  0.053  0.046   34   23 99.999 99.999   99   4.226163889  19.751601552 22 49  0.25 2000 11 28 2451877.45069734   100             R Cousins  2000/N20001128/P136384F1.FITS                      Elara                 1024  1024
  -0.043  -0.081  601.55  420.82 2.170    312.65    473.99 22.941 22.825 99.999 16.703 16.587 99.999 99.999 99.999  0.315  0.464 99.999 99.999 99.999  99.999  99.999  99.999  99.999  0.039  0.041  0.005  0.006  0.045  0.051  130  102 99.999 99.999   99   6.916824134  22.961704602 23 19  3.95 2001 12 19 2452263.47157350    30             R Cousins  2001/N20011219/P149525F1.FITS                      Elara                 1024  1024
   0.011  -0.117  415.24  421.30 1.818    878.01   2168.63 24.396 24.308 99.999 17.037 16.949 99.999 99.999 99.999  0.299  0.385 99.999 99.999 99.999  99.999  99.999  99.999  99.999  0.030  0.030  0.005  0.005  0.044  0.049  132  103 99.999 99.999   99   6.916788646  22.961802310 23 25 41.66 2001 12 19 2452263.47617662   120             R Cousins  2001/N20011219/P149526F1.FITS                      Elara                 1024  1024
  -0.030  -0.117  416.80  421.63 1.662   1215.89   2209.74 24.573 24.500 99.999 16.860 16.788 99.999 99.999 99.999  0.392  0.457 99.999 99.999 99.999  99.999  99.999  99.999  99.999  0.025  0.024  0.005  0.005  0.046  0.048  135  103 99.999 99.999   99   6.916769123  22.961857019 23 29  4.88 2001 12 19 2452263.47852870   120             R Cousins  2001/N20011219/P149527F1.FITS                      Elara                 1024  1024
  -0.023  -0.107  417.87  421.85 1.831   1126.60   2145.80 24.569 24.491 99.999 16.939 16.861 99.999 99.999 99.999  0.436  0.423 99.999 99.999 99.999  99.999  99.999  99.999  99.999  0.000  0.000  0.005  0.005  0.047  0.048  137  103 99.999 99.999   99   6.916750535  22.961914642 23 32 28.14 2001 12 19 2452263.48088125   120             R Cousins  2001/N20011219/P149528F1.FITS                      Elara                 1024  1024
  -0.045  -0.144  419.52  422.02 2.592   1453.99   1644.08 24.482 24.430 99.999 16.576 16.524 99.999 99.999 99.999  0.418  0.449 99.999 99.999 99.999  99.999  99.999  99.999  99.999  0.028  0.034  0.005  0.005  0.048  0.049  136  102 99.999 99.999   99   6.916731397  22.961959083 23 35 51.29 2001 12 19 2452263.48323252   120             R Cousins  2001/N20011219/P149529F1.FITS                      Elara                 1024  1024
   0.003  -0.092  420.92  422.47 2.093   1474.89   1897.48 24.568 24.502 99.999 16.646 16.580 99.999 99.999 99.999  0.371  0.426 99.999 99.999 99.999  99.999  99.999  99.999  99.999  0.020  0.018  0.005  0.005  0.048  0.050  137  107 99.999 99.999   99   6.916713680  22.962028285 23 39 14.19 2001 12 19 2452263.48558090   120             R Cousins  2001/N20011219/P149530F1.FITS                      Elara                 1024  1024
  -0.054  -0.126  422.46  422.75 2.350   1774.15   1634.64 24.632 24.576 99.999 16.510 16.453 99.999 99.999 99.999  0.319  0.435 99.999 99.999 99.999  99.999  99.999  99.999  99.999  0.015  0.015  0.005  0.005  0.044  0.050  133  105 99.999 99.999   99   6.916693770  22.962073969 23 42 37.97 2001 12 19 2452263.48793947   120             R Cousins  2001/N20011219/P149531F1.FITS                      Elara                 1024  1024
  -0.050  -0.098  423.73  423.25 4.140   2904.71    185.88 24.490 24.437 99.999 15.832 15.779 99.999 99.999 99.999  0.400  0.439 99.999 99.999 99.999  99.999  99.999  99.999  99.999  0.026  0.026  0.005  0.005  0.047  0.046  136  104 99.999 99.999   99   6.916675102  22.962136297 23 46  1.37 2001 12 19 2452263.49029363   120             R Cousins  2001/N20011219/P149532F1.FITS                      Elara                 1024  1024
  -0.040  -0.110  426.66  423.52 2.674   1548.16   1580.90 24.445 24.353 99.999 16.471 16.378 99.999 99.999 99.999  0.244  0.406 99.999 99.999 99.999  99.999  99.999  99.999  99.999  0.025  0.026  0.005  0.005  0.045  0.048  133  103 99.999 99.999   99   6.916637862  22.962242586 23 52 47.83 2001 12 19 2452263.49499803   120             R Cousins  2001/N20011219/P149534F1.FITS                      Elara                 1024  1024
  -0.043  -0.109  428.08  424.02 1.899   1846.00   1924.93 24.804 24.717 99.999 16.638 16.551 99.999 99.999 99.999  0.401  0.484 99.999 99.999 99.999  99.999  99.999  99.999  99.999  0.029  0.029  0.005  0.005  0.044  0.052  136  103 99.999 99.999   99   6.916619042  22.962297572 23 56 11.55 2001 12 19 2452263.49735590   120             R Cousins  2001/N20011219/P149535F1.FITS                      Elara                 1024  1024
   0.010  -0.030  538.61  436.71 2.193   1855.84   1187.78 24.704 24.460 99.999 16.532 16.289 99.999 99.999 99.999  0.496  0.521 99.999 99.999 99.999  99.999  99.999  99.999  99.999  0.021  0.021  0.004  0.004  0.045  0.048  195  149 99.999 99.999   99   6.731773370  23.436065219 21 12 48.29 2002  1 10 2452285.38389225   120             R Cousins  2002/N20020110/P149975F1.FITS                      Elara                 1024  1024
   0.034  -0.040  541.38  437.26 2.056   1989.48   1178.14 24.743 24.514 99.999 16.497 16.267 99.999 99.999 99.999  0.499  0.527 99.999 99.999 99.999  99.999  99.999  99.999  99.999  0.013  0.013  0.004  0.004  0.047  0.047  194  148 99.999 99.999   99   6.731732371  23.436153610 21 19 34.67 2002  1 10 2452285.38859572   120             R Cousins  2002/N20020110/P149977F1.FITS                      Elara                 1024  1024
   0.006  -0.045  543.37  437.43 2.082   2162.86   1117.01 24.831 24.559 99.999 16.493 16.222 99.999 99.999 99.999  0.529  0.549 99.999 99.999 99.999  99.999  99.999  99.999  99.999  0.017  0.017  0.004  0.004  0.046  0.049  194  151 99.999 99.999   99   6.731711041  23.436197648 21 22 58.15 2002  1 10 2452285.39095081   120             R Cousins  2002/N20020110/P149978F1.FITS                      Elara                 1024  1024
   0.022  -0.040  544.71  437.66 1.718   2488.80   1315.43 25.013 24.748 99.999 16.523 16.258 99.999 99.999 99.999  0.534  0.566 99.999 99.999 99.999  99.999  99.999  99.999  99.999  0.000  0.000  0.004  0.004  0.043  0.046  190  145 99.999 99.999   99   6.731690648  23.436244314 21 26 21.10 2002  1 10 2452285.39329977   120             R Cousins  2002/N20020110/P149979F1.FITS                      Elara                 1024  1024
   0.018  -0.048  546.01  437.79 1.959   2294.90   1181.29 24.923 24.687 99.999 16.521 16.285 99.999 99.999 99.999  0.530  0.547 99.999 99.999 99.999  99.999  99.999  99.999  99.999  0.018  0.018  0.004  0.004  0.045  0.050  194  146 99.999 99.999   99   6.731669812  23.436287668 21 29 44.55 2002  1 10 2452285.39565451   120             R Cousins  2002/N20020110/P149980F1.FITS                      Elara                 1024  1024
   0.024  -0.033  547.71  438.19 1.832   2699.14   1183.65 25.097 24.828 99.999 16.519 16.250 99.999 99.999 99.999  0.485  0.551 99.999 99.999 99.999  99.999  99.999  99.999  99.999  0.023  0.023  0.004  0.004  0.045  0.051  190  149 99.999 99.999   99   6.731649157  23.436337346 21 33  7.92 2002  1 10 2452285.39800833   120             R Cousins  2002/N20020110/P149981F1.FITS                      Elara                 1024  1024
   0.012  -0.039  549.46  438.38 1.794   2485.90   1287.83 24.986 24.732 99.999 16.497 16.243 99.999 99.999 99.999  0.518  0.538 99.999 99.999 99.999  99.999  99.999  99.999  99.999  0.018  0.018  0.004  0.004  0.045  0.049  190  146 99.999 99.999   99   6.731628125  23.436381035 21 36 31.45 2002  1 10 2452285.40036400   120             R Cousins  2002/N20020110/P149982F1.FITS                      Elara                 1024  1024
   0.023  -0.027  550.57  438.65 1.756   2519.91   1451.32 25.099 24.925 99.999 16.595 16.422 99.999 99.999 99.999  0.512  0.493 99.999 99.999 99.999  99.999  99.999  99.999  99.999  0.000  0.000  0.004  0.004  0.045  0.047  191  147 99.999 99.999   99   6.731607629  23.436429715 21 39 54.54 2002  1 10 2452285.40271458   120             R Cousins  2002/N20020110/P149983F1.FITS                      Elara                 1024  1024
  -0.047  -0.042  524.19  518.53 3.136   1080.81   1822.76 24.475 24.326 99.999 16.890 16.742 99.999 99.999 99.999  0.362  0.454 99.999 99.999 99.999  99.999  99.999  99.999  99.999  0.019  0.019  0.004  0.004  0.048  0.047  197  163 99.999 99.999   99   6.521336068  23.782167816 19 27 51.27 2002  2  7 2452313.31101007   180             R Cousins  2002/N20020207/p152235f1.fits                      Elara                 1024  1024
  -0.067  -0.034  779.96  603.62 2.505   3975.32   4003.23 26.027 25.796 99.999 17.029 16.798 99.999 99.999 99.999  0.397  0.476 99.999 99.999 99.999  99.999  99.999  99.999  99.999  0.026  0.026  0.006  0.005  0.051  0.046  201  153 99.999 99.999   99   6.520978030  23.782471566 20 54  3.42 2002  2  7 2452313.37087292   500             R Cousins  2002/N20020207/p152248f1.fits                      Elara                 1024  1024
  -0.059  -0.037  782.97  603.71 2.609   3999.75   3826.74 26.051 25.839 99.999 17.046 16.834 99.999 99.999 99.999  0.424  0.481 99.999 99.999 99.999  99.999  99.999  99.999  99.999  0.022  0.022  0.005  0.005  0.047  0.047  202  146 99.999 99.999   99   6.520937835  23.782503237 21  3 47.09 2002  2  7 2452313.37762836   500             R Cousins  2002/N20020207/p152249f1.fits                      Elara                 1024  1024
  -0.028  -0.037  786.00  603.89 2.803   3489.94   3676.44 25.966 25.701 99.999 17.109 16.844 99.999 99.999 99.999  0.390  0.463 99.999 99.999 99.999  99.999  99.999  99.999  99.999  0.027  0.027  0.005  0.005  0.048  0.042  198  147 99.999 99.999   99   6.520898165  23.782535474 21 13 30.11 2002  2  7 2452313.38437627   500             R Cousins  2002/N20020207/p152250f1.fits                      Elara                 1024  1024
   0.004  -0.035  628.35  602.73 2.936   2981.08   4184.80 25.708 25.512 99.999 17.022 16.827 99.999 99.999 99.999  0.410  0.438 99.999 99.999 99.999  99.999  99.999  99.999  99.999  0.020  0.020  0.004  0.004  0.049  0.046  200  151 99.999 99.999   99   6.520850030  23.782574570 21 25 16.05 2002  2  7 2452313.39254687   500             R Cousins  2002/N20020207/p152251f1.fits                      Elara                 1024  1024
  -0.109  -0.058  631.30  602.94 2.446   3470.74   4563.13 25.916 25.724 99.999 17.065 16.873 99.999 99.999 99.999  0.416  0.435 99.999 99.999 99.999  99.999  99.999  99.999  99.999  0.023  0.024  0.005  0.004  0.049  0.044  195  149 99.999 99.999   99   6.520807461  23.782599577 21 34 58.83 2002  2  7 2452313.39929201   500             R Cousins  2002/N20020207/p152252f1.fits                      Elara                 1024  1024
  -0.003  -0.009  498.17  541.47 4.326   1170.18    980.80 23.684 23.687 99.999 16.014 16.017 99.999 99.999 99.999  0.360  0.430 99.999 99.999 99.999  99.999  99.999  99.999  99.999  0.033  0.032  0.003  0.004  0.044  0.046  203  167 99.999 99.999   99   6.515321547  23.786965973 20 41 14.11 2002  2  8 2452314.36196887   120             R Cousins  2002/N20020208/P152320F1.FITS                      Elara                 1024  1024
   0.034  -0.084  498.87  541.53 1.657    328.62   1739.09 23.634 23.628 99.999 17.343 17.336 99.999 99.999 99.999  0.339  0.429 99.999 99.999 99.999  99.999  99.999  99.999  99.999  0.056  0.066  0.004  0.003  0.044  0.043  201  160 99.999 99.999   99   6.515308623  23.786955201 20 44 37.34 2002  2  8 2452314.36432106   120             R Cousins  2002/N20020208/P152321F1.FITS                      Elara                 1024  1024
  -0.056  -0.034  501.10  541.97 2.562    613.25   1365.89 23.950 23.902 99.999 16.981 16.933 99.999 99.999 99.999  0.316  0.423 99.999 99.999 99.999  99.999  99.999  99.999  99.999  0.025  0.025  0.003  0.003  0.044  0.043  205  166 99.999 99.999   99   6.515279427  23.786989271 20 51 24.51 2002  2  8 2452314.36903368   120             R Cousins  2002/N20020208/P152323F1.FITS                      Elara                 1024  1024
  -0.021   0.002  500.16  510.94 4.257    487.81    780.47 23.365 22.906 99.999 16.645 16.185 99.999 99.999 99.999  0.283  0.582 99.999 99.999 99.999  99.999  99.999  99.999  99.999  0.007  0.007  0.009  0.009  0.049  0.047   39   29 99.999 99.999   99   9.031904723  17.262365626 23 22 18.58 2003  1 28 2452668.47382616   120             R Cousins  2003/N20030128/p162656f1.fits                      Elara                 1024  1024
  -0.031  -0.066  502.17  511.32 4.057    468.78    797.34 23.334 22.894 99.999 16.657 16.216 99.999 99.999 99.999  0.227  0.542 99.999 99.999 99.999  99.999  99.999  99.999  99.999  0.020  0.020  0.008  0.008  0.043  0.041   39   28 99.999 99.999   99   9.031880229  17.262440744 23 25 41.65 2003  1 28 2452668.47617650   120             R Cousins  2003/N20030128/p162657f1.fits                      Elara                 1024  1024
  -0.088   0.015  503.81  511.88 4.517    352.30    789.55 23.032 22.558 99.999 16.665 16.191 99.999 99.999 99.999  0.241  0.584 99.999 99.999 99.999  99.999  99.999  99.999  99.999  0.026  0.026  0.007  0.009  0.037  0.047   38   27 99.999 99.999   99   9.031854830  17.262557103 23 29  4.61 2003  1 28 2452668.47852558   120             R Cousins  2003/N20030128/p162658f1.fits                      Elara                 1024  1024
  -0.019   0.040  505.88  512.34 4.238    449.57    790.03 23.295 22.844 99.999 16.663 16.212 99.999 99.999 99.999  0.225  0.540 99.999 99.999 99.999  99.999  99.999  99.999  99.999  0.020  0.020  0.010  0.007  0.053  0.041   39   30 99.999 99.999   99   9.031831794  17.262658353 23 32 27.91 2003  1 28 2452668.48087859   120             R Cousins  2003/N20030128/p162659f1.fits                      Elara                 1024  1024
   0.071   0.032  507.60  513.02 4.115    451.79    790.81 23.316 22.835 99.999 16.679 16.197 99.999 99.999 99.999  0.220  0.545 99.999 99.999 99.999  99.999  99.999  99.999  99.999  0.015  0.015  0.009  0.007  0.046  0.039   39   29 99.999 99.999   99   9.031809269  17.262749954 23 35 50.87 2003  1 28 2452668.48322766   120             R Cousins  2003/N20030128/p162660f1.fits                      Elara                 1024  1024
  -0.063  -0.028  648.57  367.73 3.031    325.97    209.59 22.750 22.278 99.999 16.467 15.996 99.999 99.999 99.999  0.189  0.686 99.999 99.999 99.999  99.999  99.999  99.999  99.999  0.026  0.026  0.018  0.012  0.052  0.033   22   19 99.999 99.999   99   9.021852645  17.301837921 23  6 51.90 2003  1 29 2452669.46310069    30             R Cousins  2003/N20030129/p162753f1.fits                      Elara                 1024  1024
  -0.066   0.031  535.96  472.35 4.496   1190.19   1181.77 23.824 23.548 99.999 16.135 15.859 99.999 99.999 99.999  0.304  0.423 99.999 99.999 99.999  99.999  99.999  99.999  99.999  0.082  0.077  0.012  0.012  0.044  0.042   20   16 99.999 99.999   99   9.021758784  17.302218776 23 19 56.43 2003  1 29 2452669.47218090   120             R Cousins  2003/N20030129/p162754f1.fits                      Elara                 1024  1024
  -0.030  -0.012  537.95  472.84 2.751    900.85   1262.46 24.040 23.697 99.999 16.654 16.310 99.999 99.999 99.999  0.264  0.621 99.999 99.999 99.999  99.999  99.999  99.999  99.999  0.038  0.037  0.011  0.011  0.038  0.037   19   15 99.999 99.999   99   9.021735161  17.302301190 23 23 19.65 2003  1 29 2452669.47453299   120             R Cousins  2003/N20030129/p162755f1.fits                      Elara                 1024  1024
  -0.094  -0.014  539.25  473.45 3.076   1037.46    847.49 24.046 23.548 99.999 16.506 16.008 99.999 99.999 99.999  0.307  0.670 99.999 99.999 99.999  99.999  99.999  99.999  99.999  0.025  0.025  0.018  0.012  0.062  0.044   20   16 99.999 99.999   99   9.021709567  17.302394969 23 26 43.35 2003  1 29 2452669.47689062   120             R Cousins  2003/N20030129/p162756f1.fits                      Elara                 1024  1024
  -0.072   0.015  541.48  473.98 2.672   1258.70    873.33 24.226 23.629 99.999 16.476 15.879 99.999 99.999 99.999  0.312  0.707 99.999 99.999 99.999  99.999  99.999  99.999  99.999  0.001  0.001  0.016  0.015  0.059  0.053   21   18 99.999 99.999   99   9.021685714  17.302497116 23 30  6.26 2003  1 29 2452669.47923912   120             R Cousins  2003/N20030129/p162757f1.fits                      Elara                 1024  1024
  -0.057   0.012  543.57  474.20 3.487   1070.38    733.14 24.046 23.676 99.999 16.472 16.102 99.999 99.999 99.999  0.323  0.641 99.999 99.999 99.999  99.999  99.999  99.999  99.999  0.025  0.025  0.015  0.012  0.051  0.041   21   16 99.999 99.999   99   9.021661692  17.302590435 23 33 29.44 2003  1 29 2452669.48159074   120             R Cousins  2003/N20030129/p162758f1.fits                      Elara                 1024  1024
   0.011  -0.013  470.48  454.62 1.830    285.63    218.34 23.077 22.711 99.999 16.937 16.572 99.999 99.999 99.999  0.277  0.635 99.999 99.999 99.999  99.999  99.999  99.999  99.999  0.020  0.020  0.006  0.007  0.036  0.037   43   32 99.999 99.999   99   8.656441636  18.922396518 19  5 22.14 2003  3 24 2452723.29539514    30             R Cousins  2003/N20030324/p164416f1.fits                      Elara                 1024  1024
  -0.072  -0.042  447.56  455.50 1.371    346.57    699.99 23.643 23.164 99.999 17.294 16.815 99.999 99.999 99.999  0.244  0.752 99.999 99.999 99.999  99.999  99.999  99.999  99.999  0.294  0.061  0.010  0.008  0.053  0.043   37   28 99.999 99.999   99   8.656433390  18.922440709 19 11 17.90 2003  3 24 2452723.29951273    86             R Cousins  2003/N20030324/p164417f1.fits                      Elara                 1024  1024
  -0.027  -0.050  486.08  456.24 1.970   1954.95   1366.35 25.129 24.670 99.999 16.901 16.442 99.999 99.999 99.999  0.414  0.787 99.999 99.999 99.999  99.999  99.999  99.999  99.999  0.020  0.020  0.008  0.009  0.040  0.047   40   29 99.999 99.999   99   8.656424785  18.922513810 19 19 49.93 2003  3 24 2452723.30543900   220             R Cousins  2003/N20030324/p164418f1.fits                      Elara                 1024  1024
  -0.041  -0.051  486.92  456.54 2.248   1694.88   1276.66 25.009 24.507 99.999 16.936 16.434 99.999 99.999 99.999  0.364  0.777 99.999 99.999 99.999  99.999  99.999  99.999  99.999  0.020  0.020  0.007  0.009  0.037  0.046   41   29 99.999 99.999   99   8.656413804  18.922597942 19 29 26.70 2003  3 24 2452723.31211458   220             R Cousins  2003/N20030324/p164419f1.fits                      Elara                 1024  1024
  -0.017  -0.081  488.39  457.29 2.169   1556.74   1353.36 24.991 24.493 99.999 17.010 16.513 99.999 99.999 99.999  0.347  0.797 99.999 99.999 99.999  99.999  99.999  99.999  99.999  0.037  0.037  0.007  0.009  0.039  0.047   40   31 99.999 99.999   99   8.656391799  18.922766621 19 49 39.76 2003  3 24 2452723.32615463   220             R Cousins  2003/N20030324/p164423f1.fits                      Elara                 1024  1024
  -0.057  -0.052  505.37  513.24 2.458    420.44   1432.85 23.877 23.469 99.999 17.318 16.910 99.999 99.999 99.999  0.569  0.727 99.999 99.999 99.999  99.999  99.999  99.999  99.999  0.043  0.043  0.009  0.008  0.042  0.039   32   24 99.999 99.999   99   8.653815324  18.947808239 23 33 11.79 2003  3 26 2452725.48138646   200             R Cousins  2003/N20030326/p164592f1.fits                      Elara                 1024  1024
  -0.070  -0.068  505.65  513.49 2.084    395.65   1509.27 23.745 23.448 99.999 17.252 16.954 99.999 99.999 99.999  0.590  0.690 99.999 99.999 99.999  99.999  99.999  99.999  99.999  0.054  0.054  0.009  0.007  0.046  0.035   36   27 99.999 99.999   99   8.653811687  18.947837174 23 37 55.16 2003  3 26 2452725.48466620   200             R Cousins  2003/N20030326/p164593f1.fits                      Elara                 1024  1024
   0.037  -0.066   69.80  514.50 3.036    432.67   1315.52 24.015 23.678 99.999 17.424 17.087 99.999 99.999 99.999  0.635  0.580 99.999 99.999 99.999  99.999  99.999  99.999  99.999  0.032  0.032  0.010  0.010  0.030  0.031   36   30 99.999 99.999   99   8.653808576  18.947889271 23 45 13.71 2003  3 26 2452725.48974201   200             R Cousins  2003/N20030326/p164594f1.fits                      Elara                 1024  1024
  -0.012  -0.089   70.50  514.72 2.816    450.50   1430.29 23.985 23.611 99.999 17.350 16.977 99.999 99.999 99.999  0.601  0.592 99.999 99.999 99.999  99.999  99.999  99.999  99.999  0.034  0.034  0.012  0.010  0.033  0.028   35   27 99.999 99.999   99   8.653804293  18.947916021 23 49 56.91 2003  3 26 2452725.49301979   200             R Cousins  2003/N20030326/p164595f1.fits                      Elara                 1024  1024
   0.006  -0.057   70.39  515.32 2.173    565.83   1537.20 24.288 23.832 99.999 17.406 16.950 99.999 99.999 99.999  0.608  0.634 99.999 99.999 99.999  99.999  99.999  99.999  99.999  0.004  0.004  0.015  0.012  0.043  0.035   35   29 99.999 99.999   99   8.653801318  18.947957991 23 54 39.75 2003  3 26 2452725.49629340   200             R Cousins  2003/N20030326/p164596f1.fits                      Elara                 1024  1024
  -0.032  -0.082   71.01  515.46 3.512    605.08   1406.16 24.053 23.680 99.999 17.099 16.726 99.999 99.999 99.999  0.595  0.618 99.999 99.999 99.999  99.999  99.999  99.999  99.999  0.034  0.031  0.013  0.010  0.038  0.029   36   29 99.999 99.999   99   8.653793957  18.948017491  0  4  6.26 2003  3 27 2452725.50285023   200             R Cousins  2003/N20030326/p164598f1.fits                      Elara                 1024  1024
  -0.040  -0.069   71.21  515.75 2.685    516.71   1435.60 24.201 23.735 99.999 17.418 16.952 99.999 99.999 99.999  0.610  0.664 99.999 99.999 99.999  99.999  99.999  99.999  99.999  0.032  0.032  0.011  0.010  0.032  0.031   35   29 99.999 99.999   99   8.653790487  18.948054152  0  8 49.12 2003  3 27 2452725.50612407   200             R Cousins  2003/N20030326/p164599f1.fits                      Elara                 1024  1024
   0.007  -0.078   71.36  515.97 2.531    617.35   1369.92 24.382 23.956 99.999 17.405 16.980 99.999 99.999 99.999  0.609  0.614 99.999 99.999 99.999  99.999  99.999  99.999  99.999  0.029  0.029  0.013  0.012  0.037  0.036   35   29 99.999 99.999   99   8.653788133  18.948084635  0 13 32.42 2003  3 27 2452725.50940301   200             R Cousins  2003/N20030326/p164600f1.fits                      Elara                 1024  1024
   0.029  -0.042   71.60  515.93 2.656    635.79   1359.26 24.358 23.891 99.999 17.349 16.883 99.999 99.999 99.999  0.618  0.635 99.999 99.999 99.999  99.999  99.999  99.999  99.999  0.009  0.009  0.014  0.014  0.040  0.040   35   29 99.999 99.999   99   8.653785293  18.948127391  0 18 15.29 2003  3 27 2452725.51267697   200             R Cousins  2003/N20030326/p164601f1.fits                      Elara                 1024  1024
  -0.023  -0.093   71.75  516.16 2.784    550.64   1400.37 24.209 23.814 99.999 17.357 16.962 99.999 99.999 99.999  0.602  0.599 99.999 99.999 99.999  99.999  99.999  99.999  99.999  0.024  0.024  0.014  0.012  0.042  0.037   36   29 99.999 99.999   99   8.653781022  18.948146505  0 22 58.16 2003  3 27 2452725.51595093   200             R Cousins  2003/N20030326/p164602f1.fits                      Elara                 1024  1024
  -0.076  -0.115  507.19  507.86 3.318    176.39   1212.25 23.073 22.676 99.999 17.457 17.059 99.999 99.999 99.999  0.728  0.533 99.999 99.999 99.999  99.999  99.999  99.999  99.999  0.102  0.103  0.013  0.011  0.039  0.031   11    9 99.999 99.999   99  11.261945913   6.175411930  2 55 43.38 2004  1 22 2453026.62202986   150             R Cousins  2004/N20040121/p173138f1.fits                      Elara                 1024  1024
   0.035  -0.093  507.00  507.86 4.111    304.96   1101.87 23.196 22.790 99.999 16.985 16.580 99.999 99.999 99.999  0.322  0.478 99.999 99.999 99.999  99.999  99.999  99.999  99.999  0.006  0.006  0.013  0.017  0.041  0.054   12   10 99.999 99.999   99  11.261940594   6.175502105  2 59 36.23 2004  1 22 2453026.62472488   150             R Cousins  2004/N20040121/p173139f1.fits                      Elara                 1024  1024
   0.014  -0.093  507.89  508.63 4.003    254.65   1133.34 23.229 22.733 99.999 17.214 16.718 99.999 99.999 99.999  0.149  0.550 99.999 99.999 99.999  99.999  99.999  99.999  99.999  0.047  0.046  0.012  0.015  0.036  0.045   11    9 99.999 99.999   99  11.261932786   6.175587044  3  3 29.77 2004  1 22 2453026.62742789   150             R Cousins  2004/N20040121/p173140f1.fits                      Elara                 1024  1024
  -0.021  -0.134  509.76  510.09 3.317    253.96   1160.56 23.072 22.646 99.999 17.060 16.634 99.999 99.999 99.999  0.688  0.539 99.999 99.999 99.999  99.999  99.999  99.999  99.999  0.000  0.000  0.010  0.013  0.030  0.038   11    9 99.999 99.999   99  11.261909879   6.175828526  3 15  9.03 2004  1 22 2453026.63552118   150             R Cousins  2004/N20040121/p173143f1.fits                      Elara                 1024  1024
  -0.099   0.113  763.47  530.06 2.289    384.50    739.27 23.496 23.174 99.999 17.034 16.712 99.999 99.999 99.999  0.222  0.642 99.999 99.999 99.999  99.999  99.999  99.999  99.999  0.052  0.052  0.021  0.016  0.064  0.048   22   18 99.999 99.999   99  10.805040246   9.383247543 19 38 22.94 2004  4 20 2453116.31832107    60             R Cousins  2004/N20040420/p2013f1.fits                        Elara                 1024  1024
  -0.054   0.139  687.61  531.00 2.234    819.69   1242.55 24.231 23.831 99.999 16.947 16.547 99.999 99.999 99.999  0.275  0.760 99.999 99.999 99.999  99.999  99.999  99.999  99.999  0.027  0.028  0.019  0.016  0.061  0.049   21   16 99.999 99.999   99  10.805021375   9.383283368 19 47 37.99 2004  4 20 2453116.32474525   120             R Cousins  2004/N20040420/p2014f1.fits                        Elara                 1024  1024
  -0.091   0.110  688.28  530.99 2.285    671.21   1244.46 24.183 23.800 99.999 17.115 16.733 99.999 99.999 99.999  0.218  0.702 99.999 99.999 99.999  99.999  99.999  99.999  99.999  0.002  0.002  0.016  0.012  0.054  0.039   21   17 99.999 99.999   99  10.805013437   9.383285612 19 51  1.43 2004  4 20 2453116.32709988   120             R Cousins  2004/N20040420/p2015f1.fits                        Elara                 1024  1024
  -0.085   0.127  689.70  530.84 2.550    865.76   1086.43 24.288 23.857 99.999 16.945 16.513 99.999 99.999 99.999  0.225  0.731 99.999 99.999 99.999  99.999  99.999  99.999  99.999  0.024  0.024  0.015  0.014  0.050  0.045   21   17 99.999 99.999   99  10.804999097   9.383311238 19 57 48.21 2004  4 20 2453116.33180799   120             R Cousins  2004/N20040420/p2017f1.fits                        Elara                 1024  1024
  -0.072   0.140  690.74  531.10 2.606    809.15   1072.17 24.237 23.909 99.999 16.967 16.639 99.999 99.999 99.999  0.225  0.605 99.999 99.999 99.999  99.999  99.999  99.999  99.999  0.024  0.024  0.017  0.012  0.058  0.039   21   17 99.999 99.999   99  10.804984870   9.383335670 20  4 35.27 2004  4 20 2453116.33651933   120             R Cousins  2004/N20040420/p2019f1.fits                        Elara                 1024  1024
  -0.068   0.137  691.21  531.09 2.352    601.84   1169.95 24.057 23.708 99.999 17.109 16.759 99.999 99.999 99.999  0.233  0.695 99.999 99.999 99.999  99.999  99.999  99.999  99.999  0.027  0.027  0.017  0.015  0.057  0.051   21   17 99.999 99.999   99  10.804977732   9.383344961 20  7 58.50 2004  4 20 2453116.33887153   120             R Cousins  2004/N20040420/p2020f1.fits                        Elara                 1024  1024
  -0.129   0.125  691.48  531.27 2.807    566.34   1072.11 23.932 23.505 99.999 17.049 16.622 99.999 99.999 99.999  0.277  0.853 99.999 99.999 99.999  99.999  99.999  99.999  99.999  0.022  0.022  0.019  0.015  0.062  0.048   21   17 99.999 99.999   99  10.804969355   9.383351983 20 11 21.80 2004  4 20 2453116.34122454   120             R Cousins  2004/N20040420/p2021f1.fits                        Elara                 1024  1024
   0.003   0.034  422.53  485.12 2.749   1851.43   3173.47 24.198 23.983 99.999 16.029 15.814 99.999 99.999 99.999  0.601  0.659 99.999 99.999 99.999  99.999  99.999  99.999  99.999  0.018  0.018  0.011  0.011  0.035  0.036   20   15 99.999 99.999   99  12.779701021  -3.843051011 21 14 56.59 2005  4 12 2453473.38537720   250           R Cousins    2005/N20050412/p27466f1.fits                       Elara                 1024  1024
  -0.041   0.024  424.64  486.33 2.638   2019.67   3187.66 24.464 24.239 99.999 16.201 15.976 99.999 99.999 99.999  0.620  0.675 99.999 99.999 99.999  99.999  99.999  99.999  99.999  0.031  0.031  0.012  0.011  0.040  0.036   20   15 99.999 99.999   99  12.779664628  -3.842826866 21 20 30.46 2005  4 12 2453473.38924144   250           R Cousins    2005/N20050412/p27467f1.fits                       Elara                 1024  1024
   0.002   0.021  427.24  487.61 2.520   2077.65   3214.95 24.581 24.391 99.999 16.287 16.097 99.999 99.999 99.999  0.631  0.600 99.999 99.999 99.999  99.999  99.999  99.999  99.999  0.039  0.039  0.013  0.014  0.043  0.045   20   15 99.999 99.999   99  12.779629864  -3.842600794 21 26  4.12 2005  4 12 2453473.39310324   250           R Cousins    2005/N20050412/p27468f1.fits                       Elara                 1024  1024
   0.049   0.018  430.49  488.87 2.607   2166.47   3155.77 24.468 24.244 99.999 16.128 15.904 99.999 99.999 99.999  0.612  0.624 99.999 99.999 99.999  99.999  99.999  99.999  99.999  0.015  0.015  0.013  0.013  0.042  0.044   20   15 99.999 99.999   99  12.779595220  -3.842375386 21 31 37.39 2005  4 12 2453473.39696053   250           R Cousins    2005/N20050412/p27469f1.fits                       Elara                 1024  1024
   0.039  -0.028  433.39  490.03 2.635   1939.49   3362.52 24.654 24.469 99.999 16.435 16.249 99.999 99.999 99.999  0.618  0.603 99.999 99.999 99.999  99.999  99.999  99.999  99.999  0.052  0.062  0.014  0.016  0.046  0.053   20   16 99.999 99.999   99  12.779559424  -3.842160993 21 37 11.35 2005  4 12 2453473.40082581   250           R Cousins    2005/N20050412/p27470f1.fits                       Elara                 1024  1024
  -0.073  -0.047  435.78  491.03 2.202   2062.22   3515.25 24.602 24.390 99.999 16.317 16.104 99.999 99.999 99.999  0.617  0.594 99.999 99.999 99.999  99.999  99.999  99.999  99.999  0.000  0.000  0.015  0.014  0.050  0.046   20   15 99.999 99.999   99  12.779521761  -3.841939368 21 42 45.17 2005  4 12 2453473.40468947   250           R Cousins    2005/N20050412/p27471f1.fits                       Elara                 1024  1024
  -0.051   0.037  438.78  492.55 2.282   2286.87   3358.19 24.676 24.362 99.999 16.278 15.964 99.999 99.999 99.999  0.639  0.730 99.999 99.999 99.999  99.999  99.999  99.999  99.999  0.045  0.045  0.013  0.014  0.044  0.047   20   15 99.999 99.999   99  12.779486534  -3.841688879 21 48 19.29 2005  4 12 2453473.40855660   250           R Cousins    2005/N20050412/p27472f1.fits                       Elara                 1024  1024
  -0.016  -0.147  644.31  502.80 2.296    177.61    273.33 22.468 22.325 99.999 16.844 16.701 99.999 99.999 99.999  0.190  0.396 99.999 99.999 99.999  99.999  99.999  99.999  99.999  0.032  0.032  0.011  0.009  0.051  0.045   26   23 99.999 99.999   99  12.614106490  -2.731793691 21 46  2.95 2005  5  3 2453494.40697859    30           R Cousins    2005/N20050503/p28607f1.fits                       Elara                 1024  1024
   0.050  -0.173  651.82  505.29 2.900    927.97   2475.17 24.334 23.987 99.999 16.915 16.568 99.999 99.999 99.999  0.160  0.632 99.999 99.999 99.999  99.999  99.999  99.999  99.999  0.029  0.029  0.011  0.009  0.044  0.037   24   19 99.999 99.999   99  12.614067427  -2.731526214 21 54 57.02 2005  5  3 2453494.41315995   280           R Cousins    2005/N20050503/p28608f1.fits                       Elara                 1024  1024
   0.083  -0.140  656.39  507.32 2.912   1180.56   2293.36 24.487 24.240 99.999 16.806 16.560 99.999 99.999 99.999  0.178  0.541 99.999 99.999 99.999  99.999  99.999  99.999  99.999  0.013  0.013  0.011  0.008  0.046  0.036   24   20 99.999 99.999   99  12.614013206  -2.731142708 22  7  4.66 2005  5  3 2453494.42158171   280           R Cousins    2005/N20050503/p28610f1.fits                       Elara                 1024  1024
  -0.074  -0.139  658.92  508.17 2.604   1045.33   2587.39 24.695 24.334 99.999 17.147 16.786 99.999 99.999 99.999  0.188  0.612 99.999 99.999 99.999  99.999  99.999  99.999  99.999  0.036  0.035  0.012  0.008  0.050  0.036   23   20 99.999 99.999   99  12.613982901  -2.730955866 22 13  7.92 2005  5  3 2453494.42578611   280           R Cousins    2005/N20050503/p28611f1.fits                       Elara                 1024  1024
   0.026  -0.139  661.29  509.41 2.856   1614.58   2209.75 24.757 24.446 99.999 16.737 16.426 99.999 99.999 99.999  0.188  0.653 99.999 99.999 99.999  99.999  99.999  99.999  99.999  0.016  0.016  0.011  0.010  0.047  0.041   23   20 99.999 99.999   99  12.613957391  -2.730768877 22 19 11.16 2005  5  3 2453494.42999028   280           R Cousins    2005/N20050503/p28612f1.fits                       Elara                 1024  1024
   0.044  -0.129  663.40  510.31 2.893   1497.09   2286.39 24.783 24.484 99.999 16.845 16.546 99.999 99.999 99.999  0.190  0.686 99.999 99.999 99.999  99.999  99.999  99.999  99.999  0.016  0.016  0.012  0.011  0.051  0.047   23   21 99.999 99.999   99  12.613930309  -2.730579082 22 25 15.13 2005  5  3 2453494.43420289   280           R Cousins    2005/N20050503/p28613f1.fits                       Elara                 1024  1024
  -0.005  -0.151  665.53  511.27 3.272   1571.51   2128.36 24.735 24.399 99.999 16.745 16.408 99.999 99.999 99.999  0.195  0.743 99.999 99.999 99.999  99.999  99.999  99.999  99.999  0.022  0.022  0.011  0.010  0.048  0.041   23   20 99.999 99.999   99  12.613902054  -2.730398350 22 31 18.49 2005  5  3 2453494.43840845   280           R Cousins    2005/N20050503/p28614f1.fits                       Elara                 1024  1024
