  -0.136  -0.094  441.54  256.13 2.961    565.47   1961.86 25.099 24.607 99.999 18.218 17.726 99.999 99.999 99.999  0.122  0.667 99.999 99.999 99.999  99.999  99.999  99.999  99.999  0.008  0.008  0.015  0.011  0.054  0.042   21   19 99.999 99.999   99  23.868878069  -2.148782927 23 55 23.68 1998  8 16 2451042.49680185   300             R Cousins  1998/N19980816/P74131F1.FITS                       Lysithea              1024  1024
  -0.076  -0.093  444.65  254.66 2.443    650.52   2007.76 25.240 24.650 99.999 18.206 17.617 99.999 99.999 99.999  0.123  0.755 99.999 99.999 99.999  99.999  99.999  99.999  99.999  0.020  0.020  0.013  0.013  0.047  0.047   21   19 99.999 99.999   99  23.868857704  -2.148883604 24  1 47.22 1998  8 16 2451042.50124097   300             R Cousins  1998/N19980816/P74132F1.FITS                       Lysithea              1024  1024
  -0.061  -0.082  446.35  253.98 2.681    626.21   1970.69 25.180 24.678 99.999 18.188 17.687 99.999 99.999 99.999  0.120  0.675 99.999 99.999 99.999  99.999  99.999  99.999  99.999  0.001  0.001  0.014  0.012  0.050  0.043   21   19 99.999 99.999   99  23.868836474  -2.148981539  0  8 11.17 1998  8 17 2451042.50568484   300             R Cousins  1998/N19980816/P74133F1.FITS                       Lysithea              1024  1024
  -0.047  -0.090  447.80  253.50 2.841    525.87   1964.69 25.043 24.569 99.999 18.241 17.767 99.999 99.999 99.999  0.127  0.646 99.999 99.999 99.999  99.999  99.999  99.999  99.999  0.037  0.036  0.013  0.012  0.048  0.045   21   19 99.999 99.999   99  23.868815232  -2.149084871  0 14 35.10 1998  8 17 2451042.51012847   300             R Cousins  1998/N19980816/P74134F1.FITS                       Lysithea              1024  1024
  -0.126  -0.094  449.75  252.88 2.283    699.52   2009.65 25.305 24.762 99.999 18.193 17.650 99.999 99.999 99.999  0.125  0.692 99.999 99.999 99.999  99.999  99.999  99.999  99.999  0.023  0.023  0.014  0.010  0.051  0.038   21   19 99.999 99.999   99  23.868792282  -2.149186967  0 20 58.55 1998  8 17 2451042.51456655   300             R Cousins  1998/N19980816/P74135F1.FITS                       Lysithea              1024  1024
  -0.064  -0.092  454.31  251.32 2.534    512.81   2013.37 25.026 24.578 99.999 18.251 17.803 99.999 99.999 99.999  0.113  0.638 99.999 99.999 99.999  99.999  99.999  99.999  99.999  0.026  0.026  0.015  0.013  0.054  0.047   21   19 99.999 99.999   99  23.868728805  -2.149489641  0 40 10.09 1998  8 17 2451042.52789456   300             R Cousins  1998/N19980816/P74138F1.FITS                       Lysithea              1024  1024
  -0.141  -0.095  456.06  250.74 2.741    563.87   1980.72 25.033 24.473 99.999 18.155 17.595 99.999 99.999 99.999  0.125  0.713 99.999 99.999 99.999  99.999  99.999  99.999  99.999  0.038  0.037  0.015  0.011  0.055  0.040   21   19 99.999 99.999   99  23.868705836  -2.149591562  0 46 33.70 1998  8 17 2451042.53233449   300             R Cousins  1998/N19980816/P74139F1.FITS                       Lysithea              1024  1024
  -0.164  -0.102  457.85  250.26 2.661    621.20   2022.73 25.186 24.631 99.999 18.203 17.648 99.999 99.999 99.999  0.117  0.700 99.999 99.999 99.999  99.999  99.999  99.999  99.999  0.020  0.020  0.015  0.011  0.057  0.042   21   19 99.999 99.999   99  23.868683845  -2.149694859  0 52 57.15 1998  8 17 2451042.53677257   300             R Cousins  1998/N19980816/P74140F1.FITS                       Lysithea              1024  1024
  -0.048  -0.077  172.18  537.60 2.758    717.56   3405.42 25.804 25.126 99.999 18.665 17.986 99.999 99.999 99.999  0.348  0.726 99.999 99.999 99.999  99.999  99.999  99.999  99.999  0.038  0.038  0.031  0.028  0.055  0.051   20   14 99.999 99.999   99  23.378233792  -5.710946907 17 38 13.12 1998 12 15 2451163.23487407   400             R Cousins  1998/N19981215/P88680F1.FITS                       Lysithea              1024  1024
  -0.052  -0.042  158.72  530.12 2.315    711.74   3321.71 25.795 25.080 99.999 18.665 17.949 99.999 99.999 99.999  0.240  0.742 99.999 99.999 99.999  99.999  99.999  99.999  99.999  0.034  0.035  0.033  0.031  0.055  0.051   19   14 99.999 99.999   99  23.378286301  -5.710625384 17 51  8.50 1998 12 15 2451163.24384838   400             R Cousins  1998/N19981215/P88681F1.FITS                       Lysithea              1024  1024
  -0.091  -0.067  156.78  531.07 3.396    699.29   3108.77 25.541 24.978 99.999 18.429 17.866 99.999 99.999 99.999  0.401  0.727 99.999 99.999 99.999  99.999  99.999  99.999  99.999  0.000  0.000  0.035  0.023  0.061  0.039   20   15 99.999 99.999   99  23.378318341  -5.710438070 17 59 11.26 1998 12 15 2451163.24943588   400             R Cousins  1998/N19981215/P88682F1.FITS                       Lysithea              1024  1024
   0.100  -0.064  344.23  533.72 1.532    391.06   3453.50 25.668 25.170 99.999 19.187 18.690 99.999 99.999 99.999  0.197  0.743 99.999 99.999 99.999  99.999  99.999  99.999  99.999  0.045  0.044  0.026  0.022  0.055  0.048   18   14 99.999 99.999   99  23.378383102  -5.710074250 18 14 12.91 1998 12 15 2451163.25987164   400             R Cousins  1998/N19981215/P88683F1.FITS                       Lysithea              1024  1024
   0.050  -0.124  341.64  534.72 2.923    691.48   3056.43 25.629 25.091 99.999 18.529 17.991 99.999 99.999 99.999  0.229  0.723 99.999 99.999 99.999  99.999  99.999  99.999  99.999  0.045  0.046  0.026  0.021  0.051  0.042   17   13 99.999 99.999   99  23.378414991  -5.709896282 18 22 15.81 1998 12 15 2451163.26546076   400             R Cousins  1998/N19981215/P88684F1.FITS                       Lysithea              1024  1024
   0.054  -0.029  337.81  536.29 2.995    613.06   3063.81 25.622 25.072 99.999 18.653 18.103 99.999 99.999 99.999  0.206  0.782 99.999 99.999 99.999  99.999  99.999  99.999  99.999  0.033  0.033  0.025  0.019  0.053  0.040   18   13 99.999 99.999   99  23.378464009  -5.709579706 18 34 16.09 1998 12 15 2451163.27379734   400             R Cousins  1998/N19981215/P88685F1.FITS                       Lysithea              1024  1024
  -0.083  -0.144  335.73  537.26 2.548    575.62   3203.62 25.729 25.239 99.999 18.828 18.339 99.999 99.999 99.999  0.151  0.718 99.999 99.999 99.999  99.999  99.999  99.999  99.999  0.066  0.067  0.027  0.016  0.058  0.034   18   14 99.999 99.999   99  23.378494239  -5.709417245 18 42 18.14 1998 12 15 2451163.27937662   400             R Cousins  1998/N19981215/P88686F1.FITS                       Lysithea              1024  1024
   0.038  -0.017  565.68  483.76 2.203   1917.69   1831.35 25.592 25.475 99.999 17.385 17.268 99.999 99.999 99.999  0.929  0.633 99.999 99.999 99.999  99.999  99.999  99.999  99.999  0.036  0.037  0.013  0.018  0.044  0.064   16   13 99.999 99.999   99   1.959873094   9.739972784 22 22 12.31 1999 10 10 2451462.43208692   300             R Cousins  1999/N19991010/P114452F1.FITS                      Lysithea              1024  1024
   0.036  -0.014  569.59  482.27 2.099   1273.25   2186.76 25.560 25.271 99.999 17.798 17.509 99.999 99.999 99.999  0.868  0.572 99.999 99.999 99.999  99.999  99.999  99.999  99.999  0.033  0.033  0.013  0.016  0.045  0.056   15   12 99.999 99.999   99   1.959822733   9.739688942 22 30  6.46 1999 10 10 2451462.43757477   300             R Cousins  1999/N19991010/P114453F1.FITS                      Lysithea              1024  1024
   0.057  -0.046  268.16  772.73 2.315   1193.04   2172.84 25.338 24.887 99.999 17.646 17.195 99.999 99.999 99.999  0.931  0.650 99.999 99.999 99.999  99.999  99.999  99.999  99.999  0.034  0.034  0.027  0.026  0.052  0.051   18   16 99.999 99.999   99   1.959745619   9.739241508 22 42 16.46 1999 10 10 2451462.44602384   300             R Cousins  1999/N19991010/P114454F1.FITS                      Lysithea              1024  1024
   0.122  -0.052  272.92  771.06 2.076   1351.52   2216.29 25.426 24.949 99.999 17.599 17.122 99.999 99.999 99.999  0.931  0.656 99.999 99.999 99.999  99.999  99.999  99.999  99.999  0.014  0.014  0.026  0.023  0.050  0.046   18   16 99.999 99.999   99   1.959684687   9.738888286 22 52  1.56 1999 10 10 2451462.45279583   300             R Cousins  1999/N19991010/P114455F1.FITS                      Lysithea              1024  1024
   0.071  -0.004  278.78  769.21 2.009   1297.78   1977.36 25.268 24.808 99.999 17.484 17.025 99.999 99.999 99.999  0.933  0.580 99.999 99.999 99.999  99.999  99.999  99.999  99.999  0.046  0.046  0.022  0.024  0.043  0.048   18   16 99.999 99.999   99   1.959615363   9.738514986 23  2 44.64 1999 10 10 2451462.46023889   300             R Cousins  1999/N19991010/P114456F1.FITS                      Lysithea              1024  1024
  -0.019  -0.069  279.91  768.26 1.754   1221.54   1761.74 24.726 24.363 99.999 17.009 16.646 99.999 99.999 99.999  0.811  0.573 99.999 99.999 99.999  99.999  99.999  99.999  99.999  0.051  0.051  0.031  0.021  0.057  0.038   17   14 99.999 99.999   99   1.959572985   9.738266926 23  9  7.52 1999 10 10 2451462.46467037   300             R Cousins  1999/N19991010/P114457F1.FITS                      Lysithea              1024  1024
   0.196   0.051  281.65  767.59 1.815   1175.45   1403.21 24.932 24.627 99.999 17.257 16.951 99.999 99.999 99.999  0.848  0.539 99.999 99.999 99.999  99.999  99.999  99.999  99.999  0.053  0.053  0.022  0.023  0.042  0.044   17   15 99.999 99.999   99   1.959536241   9.738069328 23 15 30.96 1999 10 10 2451462.46910833   300             R Cousins  1999/N19991010/P114458F1.FITS                      Lysithea              1024  1024
   0.286   0.082  284.23  766.71 1.829    720.35   1214.88 24.080 23.744 99.999 16.936 16.600 99.999 99.999 99.999  0.964  0.538 99.999 99.999 99.999  99.999  99.999  99.999  99.999  0.031  0.031  0.025  0.021  0.050  0.043   18   16 99.999 99.999   99   1.959497170   9.737847887 23 21 54.15 1999 10 10 2451462.47354340   300             R Cousins  1999/N19991010/P114459F1.FITS                      Lysithea              1024  1024
  -0.085  -0.106  301.82  771.39 1.788   1056.49   1590.94 25.219 24.750 99.999 17.659 17.191 99.999 99.999 99.999  0.932  0.651 99.999 99.999 99.999  99.999  99.999  99.999  99.999  0.019  0.018  0.032  0.033  0.055  0.057   17   15 99.999 99.999   99   1.959408731   9.737334309 23 34 40.20 1999 10 10 2451462.48240972   300             R Cousins  1999/N19991010/P114461F1.FITS                      Lysithea              1024  1024
  -0.023  -0.229  314.14  383.90 2.124   1423.42   2468.97 25.727 25.213 99.999 17.843 17.330 99.999 99.999 99.999  0.716  0.670 99.999 99.999 99.999  99.999  99.999  99.999  99.999  0.056  0.056  0.019  0.021  0.051  0.056   18   11 99.999 99.999   99   1.923107404   9.530348356 23 21 57.55 1999 10 14 2451466.47358275   300             R Cousins  1999/N19991014/P114656F1.FITS                      Lysithea              1024  1024
  -0.004  -0.163  317.54  382.82 1.555   1228.00   2775.22 25.715 25.303 99.999 17.992 17.580 99.999 99.999 99.999  0.724  0.619 99.999 99.999 99.999  99.999  99.999  99.999  99.999  0.043  0.044  0.019  0.032  0.046  0.078   17   13 99.999 99.999   99   1.923066174   9.530138103 23 28 21.60 1999 10 14 2451466.47802778   300             R Cousins  1999/N19991014/P114657F1.FITS                      Lysithea              1024  1024
   0.049  -0.081  319.24  846.65 1.790   1687.14   2501.17 26.109 25.569 99.999 18.041 17.501 99.999 99.999 99.999  0.298  0.683 99.999 99.999 99.999  99.999  99.999  99.999  99.999  0.032  0.032  0.019  0.032  0.037  0.063   16   12 99.999 99.999   99   1.923005133   9.529819965 23 37 54.37 1999 10 14 2451466.48465706   300             R Cousins  1999/N19991014/P114658F1.FITS                      Lysithea              1024  1024
   0.033  -0.077  323.33  845.21 1.950   1438.08   2459.67 25.940 25.403 99.999 18.045 17.508 99.999 99.999 99.999  0.250  0.686 99.999 99.999 99.999  99.999  99.999  99.999  99.999  0.035  0.035  0.015  0.029  0.033  0.061   16   12 99.999 99.999   99   1.922953016   9.529536180 23 45 52.80 1999 10 14 2451466.49019444   300             R Cousins  1999/N19991014/P114659F1.FITS                      Lysithea              1024  1024
   0.119  -0.109  326.53  844.03 2.011   1464.92   2456.31 25.816 25.260 99.999 17.902 17.345 99.999 99.999 99.999  0.544  0.694 99.999 99.999 99.999  99.999  99.999  99.999  99.999  0.031  0.031  0.017  0.028  0.042  0.067   16   13 99.999 99.999   99   1.922913091   9.529298965 23 52 16.24 1999 10 14 2451466.49463241   300             R Cousins  1999/N19991014/P114660F1.FITS                      Lysithea              1024  1024
   0.026  -0.045  329.96  842.71 1.966   1613.28   2391.62 25.666 25.104 99.999 17.647 17.085 99.999 99.999 99.999  0.901  0.655 99.999 99.999 99.999  99.999  99.999  99.999  99.999  0.030  0.030  0.014  0.027  0.026  0.051   16   11 99.999 99.999   99   1.922869826   9.529088183 23 58 39.75 1999 10 14 2451466.49907118   300             R Cousins  1999/N19991014/P114661F1.FITS                      Lysithea              1024  1024
   0.043  -0.017  336.06  840.02 1.775   1033.70   1988.60 25.502 25.104 99.999 17.966 17.568 99.999 99.999 99.999  0.557  0.637 99.999 99.999 99.999  99.999  99.999  99.999  99.999  0.050  0.050  0.017  0.032  0.032  0.061   15    9 99.999 99.999   99   1.922787034   9.528638538  0 11 27.08 1999 10 15 2451466.50795231   300             R Cousins  1999/N19991014/P114663F1.FITS                      Lysithea              1024  1024
   0.057  -0.046  341.72  837.76 1.804    639.77   1461.14 24.304 23.857 99.999 17.289 16.842 99.999 99.999 99.999  0.479  0.679 99.999 99.999 99.999  99.999  99.999  99.999  99.999  0.043  0.043  0.023  0.042  0.046  0.084   17   11 99.999 99.999   99   1.922704239   9.528173296  0 24 13.68 1999 10 15 2451466.51682500   300             R Cousins  1999/N19991014/P114665F1.FITS                      Lysithea              1024  1024
   0.086  -0.126  342.45  835.58 2.405   1239.36   2333.36 25.673 25.143 99.999 17.940 17.410 99.999 99.999 99.999  0.200  0.643 99.999 99.999 99.999  99.999  99.999  99.999  99.999  0.042  0.042  0.015  0.031  0.031  0.062   16   11 99.999 99.999   99   1.922663003   9.527920817  0 30 39.45 1999 10 15 2451466.52128993   300             R Cousins  1999/N19991014/P114666F1.FITS                      Lysithea              1024  1024
  -0.029  -0.069  640.87  446.05 1.408    242.31    227.72 24.063 23.511 99.999 18.102 17.551 99.999 99.999 99.999  0.188  0.693 99.999 99.999 99.999  99.999  99.999  99.999  99.999  0.000  0.000  0.019  0.020  0.064  0.065   18   17 99.999 99.999   99   1.689916434   8.360559014 20 49 50.70 1999 11 10 2451493.36794792    30             R Cousins  1999/N19991110/P116770F1.FITS                      Lysithea              1024  1024
  -0.030  -0.024  642.22  445.70 1.876    188.01    210.22 23.874 23.481 99.999 18.188 17.796 99.999 99.999 99.999  0.192  0.557 99.999 99.999 99.999  99.999  99.999  99.999  99.999  0.030  0.030  0.018  0.016  0.060  0.053   19   16 99.999 99.999   99   1.689873792   8.360396575 20 57 58.34 1999 11 10 2451493.37359190    30             R Cousins  1999/N19991110/P116772F1.FITS                      Lysithea              1024  1024
  -0.030  -0.025  645.52  444.60 1.867   1110.73   1417.12 25.873 25.378 99.999 18.259 17.764 99.999 99.999 99.999  0.278  0.647 99.999 99.999 99.999  99.999  99.999  99.999  99.999  0.018  0.018  0.013  0.013  0.044  0.045   19   16 99.999 99.999   99   1.689828219   8.360209403 21  6 39.90 1999 11 10 2451493.37962847   200             R Cousins  1999/N19991110/P116773F1.FITS                      Lysithea              1024  1024
  -0.063  -0.025  647.66  444.09 2.075    924.62   1379.30 25.735 25.215 99.999 18.320 17.800 99.999 99.999 99.999  0.251  0.696 99.999 99.999 99.999  99.999  99.999  99.999  99.999  0.020  0.020  0.014  0.011  0.049  0.040   20   17 99.999 99.999   99   1.689802907   8.360108270 21 11 22.46 1999 11 10 2451493.38289884   200             R Cousins  1999/N19991110/P116774F1.FITS                      Lysithea              1024  1024
  -0.010  -0.048  649.45  443.54 2.023    962.77   1359.00 25.765 25.223 99.999 18.306 17.764 99.999 99.999 99.999  0.248  0.697 99.999 99.999 99.999  99.999  99.999  99.999  99.999  0.020  0.020  0.012  0.013  0.043  0.044   20   17 99.999 99.999   99   1.689779238   8.360000420 21 16  4.59 1999 11 10 2451493.38616424   200             R Cousins  1999/N19991110/P116775F1.FITS                      Lysithea              1024  1024
  -0.023  -0.045  651.32  443.11 2.042    951.35   1356.53 25.710 25.167 99.999 18.264 17.721 99.999 99.999 99.999  0.242  0.681 99.999 99.999 99.999  99.999  99.999  99.999  99.999  0.014  0.014  0.015  0.014  0.049  0.048   19   16 99.999 99.999   99   1.689754356   8.359900688 21 20 46.49 1999 11 10 2451493.38942697   200             R Cousins  1999/N19991110/P116776F1.FITS                      Lysithea              1024  1024
  -0.040  -0.028  653.35  442.49 2.033    922.56   1334.53 25.750 25.250 99.999 18.337 17.838 99.999 99.999 99.999  0.248  0.673 99.999 99.999 99.999  99.999  99.999  99.999  99.999  0.018  0.018  0.015  0.013  0.052  0.043   20   17 99.999 99.999   99   1.689729360   8.359803773 21 25 28.87 1999 11 10 2451493.39269525   200             R Cousins  1999/N19991110/P116777F1.FITS                      Lysithea              1024  1024
   0.184  -0.227  903.11  452.00 3.064     65.99    207.23 22.752 22.221 99.999 18.203 17.673 99.999 99.999 99.999  0.085  0.705 99.999 99.999 99.999  99.999  99.999  99.999  99.999  0.062  0.062  0.029  0.027  0.065  0.058   13   12 99.999 99.999   99   1.574934246   8.005403263 22 50 14.25 1999 12  1 2451514.45155382    30             R Cousins  1999/N19991201/P117196F1.FITS                      Lysithea              1024  1024
   0.099  -0.052  505.06  451.43 2.836    294.77   1437.43 24.572 24.008 99.999 18.398 17.834 99.999 99.999 99.999  0.137  0.726 99.999 99.999 99.999  99.999  99.999  99.999  99.999  0.046  0.045  0.010  0.012  0.037  0.042   18   15 99.999 99.999   99   1.574895721   8.005431130 23  5 43.42 1999 12  1 2451514.46230810   200             R Cousins  1999/N19991201/P117199F1.FITS                      Lysithea              1024  1024
  -0.033  -0.098  506.01  451.23 2.952    375.25   1399.23 24.642 24.174 99.999 18.206 17.739 99.999 99.999 99.999  0.139  0.649 99.999 99.999 99.999  99.999  99.999  99.999  99.999  0.003  0.003  0.010  0.014  0.035  0.053   18   16 99.999 99.999   99   1.574882045   8.005411887 23 10 25.43 1999 12  1 2451514.46557211   200             R Cousins  1999/N19991201/P117200F1.FITS                      Lysithea              1024  1024
   0.020  -0.156  508.00  451.19 2.534    397.15   1442.45 24.784 24.182 99.999 18.286 17.685 99.999 99.999 99.999  0.144  0.758 99.999 99.999 99.999  99.999  99.999  99.999  99.999  0.042  0.040  0.011  0.012  0.040  0.043   18   15 99.999 99.999   99   1.574860654   8.005383116 23 19 50.49 1999 12  1 2451514.47211215   200             R Cousins  1999/N19991201/P117202F1.FITS                      Lysithea              1024  1024
  -0.040   0.043  424.80  460.83 3.046    632.03   2462.69 24.572 24.260 99.999 17.571 17.258 99.999 99.999 99.999  0.866  0.597 99.999 99.999 99.999  99.999  99.999  99.999  99.999  0.036  0.036  0.010  0.010  0.055  0.053   49   38 99.999 99.999   99   4.147615486  20.231888802 18 39 51.03 2000 12 22 2451901.27767396   300             R Cousins  2000/N20001222/P136987F1.FITS                      Lysithea              1024  1024
  -0.094   0.032  427.71  460.03 3.681    517.43   2378.85 24.342 24.038 99.999 17.558 17.253 99.999 99.999 99.999  0.868  0.632 99.999 99.999 99.999  99.999  99.999  99.999  99.999  0.039  0.040  0.010  0.010  0.056  0.056   49   37 99.999 99.999   99   4.147577675  20.231755712 18 46 33.39 2000 12 22 2451901.28233090   300             R Cousins  2000/N20001222/P136988F1.FITS                      Lysithea              1024  1024
  -0.119   0.040  431.36  459.12 3.553    659.83   2271.10 24.456 24.145 99.999 17.407 17.096 99.999 99.999 99.999  0.869  0.599 99.999 99.999 99.999  99.999  99.999  99.999  99.999  0.034  0.035  0.010  0.010  0.058  0.054   49   38 99.999 99.999   99   4.147526494  20.231578646 18 55 47.91 2000 12 22 2451901.28874896   300             R Cousins  2000/N20001222/P136989F1.FITS                      Lysithea              1024  1024
  -0.073   0.079  434.07  458.55 2.765    335.95   2487.74 24.291 24.048 99.999 17.975 17.733 99.999 99.999 99.999  0.868  0.514 99.999 99.999 99.999  99.999  99.999  99.999  99.999  0.049  0.048  0.010  0.010  0.055  0.055   49   37 99.999 99.999   99   4.147492357  20.231465483 19  2 11.06 2000 12 22 2451901.29318356   300             R Cousins  2000/N20001222/P136990F1.FITS                      Lysithea              1024  1024
  -0.198   0.073  436.68  457.86 2.762    420.38   2433.66 24.347 24.102 99.999 17.788 17.543 99.999 99.999 99.999  0.872  0.554 99.999 99.999 99.999  99.999  99.999  99.999  99.999  0.040  0.041  0.010  0.009  0.057  0.051   49   36 99.999 99.999   99   4.147454791  20.231339534 19  8 34.74 2000 12 22 2451901.29762431   300             R Cousins  2000/N20001222/P136991F1.FITS                      Lysithea              1024  1024
  -0.144   0.031  439.21  457.26 2.919    521.17   2380.27 24.506 24.174 99.999 17.713 17.381 99.999 99.999 99.999  0.872  0.618 99.999 99.999 99.999  99.999  99.999  99.999  99.999  0.004  0.004  0.011  0.009  0.060  0.052   49   38 99.999 99.999   99   4.147420791  20.231203634 19 14 57.99 2000 12 22 2451901.30206007   300             R Cousins  2000/N20001222/P136992F1.FITS                      Lysithea              1024  1024
  -0.011  -0.105  299.99  407.78 2.234    800.63   2650.13 25.541 25.403 99.999 18.282 18.145 99.999 99.999 99.999  0.402  0.543 99.999 99.999 99.999  99.999  99.999  99.999  99.999  0.013  0.012  0.006  0.006  0.043  0.045  102   79 99.999 99.999   99   7.120931843  21.940738949  1 35 15.94 2001 11 21 2452234.56615671   300             R Cousins  2001/N20011120/P147583F1.FITS                      Lysithea              1024  1024
  -0.069  -0.056  302.08  408.11 4.194   2631.12    923.92 25.644 25.539 99.999 17.093 16.989 99.999 99.999 99.999  0.462  0.579 99.999 99.999 99.999  99.999  99.999  99.999  99.999  0.042  0.042  0.006  0.007  0.044  0.048  104   81 99.999 99.999   99   7.120904132  21.940788053  1 41 39.69 2001 11 21 2452234.57059826   300             R Cousins  2001/N20011120/P147584F1.FITS                      Lysithea              1024  1024
  -0.061  -0.077  304.09  408.24 2.404   1263.92   2397.92 25.717 25.629 99.999 17.962 17.875 99.999 99.999 99.999  0.443  0.587 99.999 99.999 99.999  99.999  99.999  99.999  99.999  0.024  0.022  0.006  0.007  0.044  0.049  102   82 99.999 99.999   99   7.120877706  21.940817581  1 48  3.90 2001 11 21 2452234.57504514   300             R Cousins  2001/N20011120/P147585F1.FITS                      Lysithea              1024  1024
  -0.064  -0.095  306.06  408.41 2.475   1226.28   2346.55 25.679 25.574 99.999 17.957 17.853 99.999 99.999 99.999  0.469  0.598 99.999 99.999 99.999  99.999  99.999  99.999  99.999  0.036  0.032  0.006  0.007  0.042  0.048  105   81 99.999 99.999   99   7.120851054  21.940847821  1 54 28.01 2001 11 21 2452234.57949086   300             R Cousins  2001/N20011120/P147586F1.FITS                      Lysithea              1024  1024
  -0.021  -0.079  742.79  459.59 2.242     93.97    198.84 23.056 22.921 99.999 18.124 17.989 99.999 99.999 99.999  0.379  0.547 99.999 99.999 99.999  99.999  99.999  99.999  99.999  0.007  0.006  0.006  0.007  0.045  0.047  106   83 99.999 99.999   99   7.115209007  21.948463016  0 48 48.64 2001 11 22 2452235.53389630    30             R Cousins  2001/N20011121/P147708F1.FITS                      Lysithea              1024  1024
  -0.003  -0.123  479.79  459.03 1.782    791.09   2698.22 25.622 25.544 99.999 18.376 18.299 99.999 99.999 99.999  0.565  0.564 99.999 99.999 99.999  99.999  99.999  99.999  99.999  0.000  0.000  0.005  0.005  0.045  0.043  100   81 99.999 99.999   99   7.115177862  21.948495071  0 56  7.42 2001 11 22 2452235.53897477   300             R Cousins  2001/N20011121/P147709F1.FITS                      Lysithea              1024  1024
  -0.057  -0.068  481.90  459.24 2.150   1089.80   2492.17 25.713 25.615 99.999 18.119 18.022 99.999 99.999 99.999  0.567  0.577 99.999 99.999 99.999  99.999  99.999  99.999  99.999  0.023  0.023  0.005  0.005  0.045  0.041  100   81 99.999 99.999   99   7.115149132  21.948548963  1  2 32.24 2001 11 22 2452235.54342870   300             R Cousins  2001/N20011121/P147710F1.FITS                      Lysithea              1024  1024
   0.073  -0.112  483.74  459.39 2.128    924.33   2525.18 25.578 25.518 99.999 18.164 18.103 99.999 99.999 99.999  0.544  0.568 99.999 99.999 99.999  99.999  99.999  99.999  99.999  0.026  0.025  0.005  0.005  0.046  0.043  103   83 99.999 99.999   99   7.115124074  21.948575252  1  8 57.19 2001 11 22 2452235.54788414   300             R Cousins  2001/N20011121/P147711F1.FITS                      Lysithea              1024  1024
  -0.037  -0.121  486.04  459.66 2.532   1014.25   2361.28 25.492 25.429 99.999 17.976 17.914 99.999 99.999 99.999  0.512  0.549 99.999 99.999 99.999  99.999  99.999  99.999  99.999  0.022  0.020  0.005  0.005  0.046  0.044  103   83 99.999 99.999   99   7.115094233  21.948611042  1 15 21.43 2001 11 22 2452235.55233137   300             R Cousins  2001/N20011121/P147712F1.FITS                      Lysithea              1024  1024
   0.001  -0.099  487.97  459.96 2.107   1093.27   2500.33 25.700 25.646 99.999 18.103 18.049 99.999 99.999 99.999  0.560  0.560 99.999 99.999 99.999  99.999  99.999  99.999  99.999  0.000  0.000  0.005  0.005  0.045  0.043  105   82 99.999 99.999   99   7.115067349  21.948655454  1 21 45.84 2001 11 22 2452235.55678056   300             R Cousins  2001/N20011121/P147713F1.FITS                      Lysithea              1024  1024
   0.021  -0.131  489.91  460.13 2.064   1025.30   2505.81 25.738 25.684 99.999 18.211 18.157 99.999 99.999 99.999  0.560  0.586 99.999 99.999 99.999  99.999  99.999  99.999  99.999  0.000  0.000  0.005  0.005  0.044  0.044  103   80 99.999 99.999   99   7.115040057  21.948684918  1 28 10.56 2001 11 22 2452235.56123333   300             R Cousins  2001/N20011121/P147714F1.FITS                      Lysithea              1024  1024
   0.057  -0.135  491.83  460.32 3.119   1743.91   1724.51 25.736 25.658 99.999 17.632 17.555 99.999 99.999 99.999  0.526  0.551 99.999 99.999 99.999  99.999  99.999  99.999  99.999  0.019  0.018  0.005  0.005  0.047  0.046  100   81 99.999 99.999   99   7.115013052  21.948721906  1 34 35.40 2001 11 22 2452235.56568750   300             R Cousins  2001/N20011121/P147715F1.FITS                      Lysithea              1024  1024
  -0.002  -0.080  494.05  460.65 2.065   1109.59   2451.72 25.801 25.715 99.999 18.188 18.102 99.999 99.999 99.999  0.560  0.573 99.999 99.999 99.999  99.999  99.999  99.999  99.999  0.037  0.034  0.005  0.005  0.044  0.045  102   79 99.999 99.999   99   7.114984213  21.948775260  1 40 59.48 2001 11 22 2452235.57013287   300             R Cousins  2001/N20011121/P147716F1.FITS                      Lysithea              1024  1024
   0.003  -0.068  496.11  460.88 2.180   1504.27   2267.76 25.937 25.872 99.999 17.993 17.929 99.999 99.999 99.999  0.574  0.581 99.999 99.999 99.999  99.999  99.999  99.999  99.999  0.034  0.034  0.005  0.005  0.045  0.046  103   80 99.999 99.999   99   7.114956622  21.948816289  1 47 24.04 2001 11 22 2452235.57458380   300             R Cousins  2001/N20011121/P147717F1.FITS                      Lysithea              1024  1024
   0.020  -0.061  440.53  447.15 2.233   1084.04   2767.47 25.466 25.300 99.999 17.878 17.712 99.999 99.999 99.999  0.349  0.502 99.999 99.999 99.999  99.999  99.999  99.999  99.999  0.061  0.064  0.005  0.005  0.050  0.049  166  132 99.999 99.999   99   6.876154934  22.350253830  2  0 57.53 2001 12 19 2452262.58399919   240             R Cousins  2001/N20011218/P149442F1.FITS                      Lysithea              1024  1024
   0.080  -0.087  443.45  447.35 1.916    732.76   2992.35 25.314 25.131 99.999 18.151 17.968 99.999 99.999 99.999  0.289  0.471 99.999 99.999 99.999  99.999  99.999  99.999  99.999  0.051  0.051  0.005  0.005  0.048  0.049  165  128 99.999 99.999   99   6.876114481  22.350319473  2  6 21.34 2001 12 19 2452262.58774699   240             R Cousins  2001/N20011218/P149443F1.FITS                      Lysithea              1024  1024
   0.111  -0.038  446.34  447.94 2.019    823.18   2867.04 25.275 25.107 99.999 17.986 17.818 99.999 99.999 99.999  0.280  0.489 99.999 99.999 99.999  99.999  99.999  99.999  99.999  0.044  0.047  0.005  0.005  0.049  0.049  164  126 99.999 99.999   99   6.876073475  22.350405831  2 11 45.18 2001 12 19 2452262.59149514   240             R Cousins  2001/N20011218/P149444F1.FITS                      Lysithea              1024  1024
   0.034  -0.058  590.61  420.19 4.912   3813.55    -62.07 25.491 25.442 99.999 16.538 16.488 99.999 99.999 99.999  0.233  0.448 99.999 99.999 99.999  99.999  99.999  99.999  99.999  0.064  0.067  0.004  0.005  0.046  0.046  156  122 99.999 99.999   99   6.864828175  22.370796516  2 46  5.13 2001 12 20 2452263.61533715   240             R Cousins  2001/N20011219/P149561F1.FITS                      Lysithea              1024  1024
   0.030  -0.045  596.61  420.90 3.194   1679.90   2073.84 25.472 25.375 99.999 17.409 17.312 99.999 99.999 99.999  0.219  0.485 99.999 99.999 99.999  99.999  99.999  99.999  99.999  0.056  0.059  0.005  0.004  0.051  0.046  159  129 99.999 99.999   99   6.864744294  22.370945925  2 56 52.81 2001 12 20 2452263.62283345   240             R Cousins  2001/N20011219/P149563F1.FITS                      Lysithea              1024  1024
   0.068  -0.083  599.71  421.25 2.592   1262.39   2455.22 25.397 25.324 99.999 17.644 17.571 99.999 99.999 99.999  0.243  0.487 99.999 99.999 99.999  99.999  99.999  99.999  99.999  0.040  0.041  0.005  0.004  0.048  0.044  160  124 99.999 99.999   99   6.864703195  22.371008093  3  2 16.53 2001 12 20 2452263.62658021   240             R Cousins  2001/N20011219/P149564F1.FITS                      Lysithea              1024  1024
   0.000  -0.056  603.00  421.44 2.379   1546.82   2378.68 25.520 25.462 99.999 17.546 17.488 99.999 99.999 99.999  0.233  0.451 99.999 99.999 99.999  99.999  99.999  99.999  99.999  0.048  0.040  0.005  0.005  0.048  0.047  159  125 99.999 99.999   99   6.864659926  22.371088563  3  7 40.64 2001 12 20 2452263.63033148   240             R Cousins  2001/N20011219/P149565F1.FITS                      Lysithea              1024  1024
  -0.069  -0.095  553.88  438.62 1.636    184.87    284.34 23.423 23.243 99.999 17.755 17.575 99.999 99.999 99.999  0.363  0.481 99.999 99.999 99.999  99.999  99.999  99.999  99.999  0.049  0.048  0.004  0.003  0.046  0.040  207  174 99.999 99.999   99   6.642818949  22.789264355 21  3 18.17 2002  1  8 2452283.37729363    30             R Cousins  2002/N20020108/P149774F1.FITS                      Lysithea              1024  1024
  -0.019  -0.111  467.75  439.04 1.802    811.99   2824.54 25.483 25.321 99.999 18.210 18.047 99.999 99.999 99.999  0.442  0.466 99.999 99.999 99.999  99.999  99.999  99.999  99.999  0.000  0.000  0.004  0.003  0.049  0.043  208  167 99.999 99.999   99   6.642766785  22.789365425 21 10 13.99 2002  1  8 2452283.38210637   280             R Cousins  2002/N20020108/P149775F1.FITS                      Lysithea              1024  1024
   0.018  -0.043  471.12  439.49 2.233   1304.79   2503.65 25.664 25.472 99.999 17.875 17.683 99.999 99.999 99.999  0.452  0.492 99.999 99.999 99.999  99.999  99.999  99.999  99.999  0.026  0.026  0.004  0.003  0.047  0.044  207  163 99.999 99.999   99   6.642721109  22.789476414 21 16 16.96 2002  1  8 2452283.38630741   280             R Cousins  2002/N20020108/P149776F1.FITS                      Lysithea              1024  1024
   0.029  -0.086  474.46  440.05 1.837   1112.41   2740.28 25.643 25.459 99.999 18.027 17.844 99.999 99.999 99.999  0.443  0.476 99.999 99.999 99.999  99.999  99.999  99.999  99.999  0.001  0.002  0.004  0.004  0.046  0.046  207  165 99.999 99.999   99   6.642674925  22.789556373 21 22 19.88 2002  1  8 2452283.39050787   280             R Cousins  2002/N20020108/P149777F1.FITS                      Lysithea              1024  1024
  -0.052  -0.062  477.91  440.58 2.308   1170.57   2508.28 25.625 25.446 99.999 17.954 17.775 99.999 99.999 99.999  0.443  0.459 99.999 99.999 99.999  99.999  99.999  99.999  99.999  0.038  0.038  0.004  0.003  0.046  0.043  207  164 99.999 99.999   99   6.642626845  22.789654651 21 28 22.82 2002  1  8 2452283.39470856   280             R Cousins  2002/N20020108/P149778F1.FITS                      Lysithea              1024  1024
  -0.098  -0.082  481.31  441.01 1.886   1131.49   2688.01 25.717 25.535 99.999 18.082 17.901 99.999 99.999 99.999  0.467  0.510 99.999 99.999 99.999  99.999  99.999  99.999  99.999  0.049  0.053  0.004  0.004  0.047  0.046  207  166 99.999 99.999   99   6.642579449  22.789740957 21 34 26.10 2002  1  8 2452283.39891319   280             R Cousins  2002/N20020108/P149779F1.FITS                      Lysithea              1024  1024
  -0.116  -0.053  488.13  441.96 2.268   1241.33   2461.71 25.589 25.413 99.999 17.854 17.678 99.999 99.999 99.999  0.453  0.476 99.999 99.999 99.999  99.999  99.999  99.999  99.999  0.025  0.025  0.004  0.004  0.048  0.046  205  166 99.999 99.999   99   6.642486121  22.789931965 21 46 32.57 2002  1  8 2452283.40732141   280             R Cousins  2002/N20020108/P149781F1.FITS                      Lysithea              1024  1024
  -0.018  -0.036  491.36  442.52 1.468    882.64   2947.37 25.673 25.484 99.999 18.308 18.120 99.999 99.999 99.999  0.449  0.476 99.999 99.999 99.999  99.999  99.999  99.999  99.999  0.080  0.079  0.004  0.004  0.046  0.047  205  164 99.999 99.999   99   6.642441560  22.790028411 21 52 36.04 2002  1  8 2452283.41152824   280             R Cousins  2002/N20020108/P149782F1.FITS                      Lysithea              1024  1024
  -0.022  -0.049  494.78  442.97 2.453   1247.75   2396.85 25.649 25.479 99.999 17.909 17.738 99.999 99.999 99.999  0.454  0.476 99.999 99.999 99.999  99.999  99.999  99.999  99.999  0.000  0.000  0.004  0.004  0.047  0.047  206  162 99.999 99.999   99   6.642394926  22.790115782 21 58 39.56 2002  1  8 2452283.41573565   280             R Cousins  2002/N20020108/P149783F1.FITS                      Lysithea              1024  1024
  -0.033  -0.088  498.41  443.39 2.755   1459.45   2139.44 25.649 25.494 99.999 17.739 17.583 99.999 99.999 99.999  0.454  0.462 99.999 99.999 99.999  99.999  99.999  99.999  99.999  0.044  0.044  0.004  0.004  0.049  0.048  207  167 99.999 99.999   99   6.642348136  22.790196301 22  4 43.23 2002  1  8 2452283.41994479   280             R Cousins  2002/N20020108/P149784F1.FITS                      Lysithea              1024  1024
  -0.004   0.010  691.83  374.84 2.287    504.56   1158.03 25.106 24.808 99.999 18.349 18.050 99.999 99.999 99.999  0.324  0.645 99.999 99.999 99.999  99.999  99.999  99.999  99.999  0.056  0.056  0.013  0.013  0.045  0.045   33   25 99.999 99.999   99   8.783816803  18.477555744 23 16 21.16 2003  3 24 2452723.46968935   240             R Cousins  2003/N20030324/p164440f1.fits                      Lysithea              1024  1024
  -0.011   0.048  693.41  375.01 1.811    472.56   1236.81 25.112 24.801 99.999 18.426 18.115 99.999 99.999 99.999  0.281  0.696 99.999 99.999 99.999  99.999  99.999  99.999  99.999  0.050  0.050  0.013  0.011  0.045  0.040   33   26 99.999 99.999   99   8.783795392  18.477590347 23 27  8.01 2003  3 24 2452723.47717604   240             R Cousins  2003/N20030324/p164442f1.fits                      Lysithea              1024  1024
  -0.112  -0.003  695.29  375.02 2.350    529.92   1163.78 25.149 24.827 99.999 18.339 18.016 99.999 99.999 99.999  0.289  0.710 99.999 99.999 99.999  99.999  99.999  99.999  99.999  0.001  0.002  0.015  0.012  0.052  0.044   33   26 99.999 99.999   99   8.783772204  18.477599920 23 37 55.21 2003  3 24 2452723.48466678   240             R Cousins  2003/N20030324/p164444f1.fits                      Lysithea              1024  1024
