  -0.130  -0.167  564.70  633.89 1.872    626.82    200.07 23.898 23.659 99.999 16.905 16.666 99.999 99.999 99.999  0.303 99.999 99.999 99.999 99.999  99.999  99.999  99.999  99.999  0.040  0.040  0.028  0.014  0.082  0.041   15   11 99.999 99.999   99  12.955382115  -4.871921208  1 26 35.86 2005  4  3 2453463.56013727    60  Clear                 a20001.fits                                        Pasiphae              1020  1020
  -0.155  -0.183  564.07  635.66 1.754    806.81    172.96 24.194 24.046 99.999 16.927 16.779 99.999 99.999 99.999  0.373 99.999 99.999 99.999 99.999  99.999  99.999  99.999  99.999  0.015  0.015  0.028  0.014  0.081  0.042   15   13 99.999 99.999   99  12.955364815  -4.871805909  1 29 51.77 2005  4  3 2453463.56240475    60  Clear                 a20002.fits                                        Pasiphae              1020  1020
  -0.167  -0.148  563.75  637.94 1.848    703.80    185.28 24.161 24.041 99.999 17.042 16.922 99.999 99.999 99.999  0.405 99.999 99.999 99.999 99.999  99.999  99.999  99.999  99.999  0.023  0.023  0.020  0.019  0.057  0.055   13   11 99.999 99.999   99  12.955355421  -4.871731117  1 31 38.62 2005  4  3 2453463.56364144    60  Clear                 a20003.fits                                        Pasiphae              1020  1020
  -0.188  -0.172  563.66  636.86 1.643    845.98    190.94 24.208 24.099 99.999 16.889 16.781 99.999 99.999 99.999  0.384 99.999 99.999 99.999 99.999  99.999  99.999  99.999  99.999  0.016  0.016  0.021  0.019  0.061  0.055   15   12 99.999 99.999   99  12.955345859  -4.871672615  1 33 25.54 2005  4  3 2453463.56487893    60  Clear                 a20004.fits                                        Pasiphae              1020  1020
  -0.179  -0.144  563.39  638.90 1.323   1011.36    252.19 24.461 24.519 99.999 16.949 17.007 99.999 99.999 99.999  0.511 99.999 99.999 99.999 99.999  99.999  99.999  99.999  99.999  0.020  0.020  0.020  0.019  0.056  0.053   13   11 99.999 99.999   99  12.955336849  -4.871599582  1 35 12.49 2005  4  3 2453463.56611678    60  Clear                 a20005.fits                                        Pasiphae              1020  1020
  -0.179  -0.153  562.95  636.10 1.393   1007.86    226.72 24.398 24.197 99.999 16.889 16.689 99.999 99.999 99.999  0.462 99.999 99.999 99.999 99.999  99.999  99.999  99.999  99.999  0.021  0.021  0.027  0.023  0.068  0.059   14   11 99.999 99.999   99  12.955318482  -4.871471539  1 38 46.33 2005  4  3 2453463.56859178    60  Clear                 a20007.fits                                        Pasiphae              1020  1020
  -0.172  -0.145  562.89  632.33 1.255   1041.97    289.10 24.500 24.391 99.999 16.956 16.846 99.999 99.999 99.999  0.524 99.999 99.999 99.999 99.999  99.999  99.999  99.999  99.999  0.022  0.021  0.022  0.022  0.062  0.060   12   10 99.999 99.999   99  12.955309420  -4.871404122  1 40 33.26 2005  4  3 2453463.56982940    60  Clear                 a20008.fits                                        Pasiphae              1020  1020
  -0.195  -0.181  562.60  633.53 1.241   1070.82    287.30 24.376 24.442 99.999 16.802 16.868 99.999 99.999 99.999  0.605 99.999 99.999 99.999 99.999  99.999  99.999  99.999  99.999  0.021  0.021  0.025  0.010  0.063  0.026    9    7 99.999 99.999   99  12.955299801  -4.871348820  1 42 20.22 2005  4  3 2453463.57106736    60  Clear                 a20009.fits                                        Pasiphae              1020  1020
  -0.152  -0.195  486.49  573.17 1.442    936.37    213.11 24.355 23.903 99.999 16.926 16.474 99.999 99.999 99.999  0.275 99.999 99.999 99.999 99.999  99.999  99.999  99.999  99.999  0.014  0.014  0.021  0.023  0.065  0.070   13   11 99.999 99.999   99  12.947741122  -4.816143308  2 46 49.43 2005  4  4 2453464.61584988    60  Clear                 a30001.fits                                        Pasiphae              1020  1020
  -0.126  -0.159  485.81  571.03 1.410    907.34    226.74 24.286 23.987 99.999 16.892 16.593 99.999 99.999 99.999  0.241 99.999 99.999 99.999 99.999  99.999  99.999  99.999  99.999  0.011  0.011  0.012  0.013  0.051  0.051   20   17 99.999 99.999   99  12.947732417  -4.816068098  2 48 36.25 2005  4  4 2453464.61708623    60  Clear                 a30002.fits                                        Pasiphae              1020  1020
  -0.147  -0.168  485.23  572.86 1.553    767.16    215.15 24.167 23.687 99.999 16.955 16.474 99.999 99.999 99.999  0.256 99.999 99.999 99.999 99.999  99.999  99.999  99.999  99.999  0.019  0.019  0.012  0.012  0.047  0.047   18   15 99.999 99.999   99  12.947722797  -4.816005399  2 50 23.15 2005  4  4 2453464.61832350    60  Clear                 a30003.fits                                        Pasiphae              1020  1020
  -0.137  -0.208  484.78  569.23 1.256    974.96    268.30 24.378 23.944 99.999 16.905 16.472 99.999 99.999 99.999  0.257 99.999 99.999 99.999 99.999  99.999  99.999  99.999  99.999  0.021  0.021  0.011  0.013  0.048  0.057   18   18 99.999 99.999   99  12.947713752  -4.815950857  2 52 10.13 2005  4  4 2453464.61956169    60  Clear                 a30004.fits                                        Pasiphae              1020  1020
  -0.148  -0.198  483.76  566.05 1.433    694.84    257.15 24.117 23.849 99.999 17.012 16.744 99.999 99.999 99.999  0.245 99.999 99.999 99.999 99.999  99.999  99.999  99.999  99.999  0.055  0.055  0.016  0.016  0.068  0.065   19   17 99.999 99.999   99  12.947695104  -4.815817485  2 55 43.79 2005  4  4 2453464.62203461    60  Clear                 a30006.fits                                        Pasiphae              1020  1020
  -0.164  -0.150  483.02  566.51 1.370    923.41    232.64 24.353 23.976 99.999 16.939 16.563 99.999 99.999 99.999  0.283 99.999 99.999 99.999 99.999  99.999  99.999  99.999  99.999  0.023  0.023  0.010  0.020  0.034  0.063   15   11 99.999 99.999   99  12.947685532  -4.815738028  2 57 31.49 2005  4  4 2453464.62328113    60  Clear                 a30007.fits                                        Pasiphae              1020  1020
  -0.151  -0.167  482.63  563.24 2.237    491.96    173.69 23.774 23.433 99.999 17.044 16.703 99.999 99.999 99.999  0.222 99.999 99.999 99.999 99.999  99.999  99.999  99.999  99.999  0.114  0.115  0.013  0.014  0.048  0.052   16   15 99.999 99.999   99  12.947676549  -4.815677568  2 59 18.39 2005  4  4 2453464.62451840    60  Clear                 a30008.fits                                        Pasiphae              1020  1020
  -0.118  -0.157  481.75  562.55 1.507    860.21    207.61 24.167 23.641 99.999 16.830 16.304 99.999 99.999 99.999  0.223 99.999 99.999 99.999 99.999  99.999  99.999  99.999  99.999  0.000  0.000  0.013  0.014  0.051  0.053   19   15 99.999 99.999   99  12.947667939  -4.815609187  3  1  5.40 2005  4  4 2453464.62575694    60  Clear                 a30009.fits                                        Pasiphae              1020  1020
  -0.121  -0.141  481.03  565.00 1.546    789.06    221.05 24.211 23.699 99.999 16.968 16.456 99.999 99.999 99.999  0.259 99.999 99.999 99.999 99.999  99.999  99.999  99.999  99.999  0.022  0.022  0.018  0.015  0.058  0.048   15   11 99.999 99.999   99  12.947658615  -4.815539292  3  2 52.72 2005  4  4 2453464.62699907    60  Clear                 a30010.fits                                        Pasiphae              1020  1020
  -0.104  -0.015  489.87  522.41 1.525    342.12    222.96 24.273 24.014 99.999 17.938 17.678 99.999 99.999 99.999  0.360 99.999 99.999 99.999 99.999  99.999  99.999  99.999  99.999  0.000  0.000  0.010  0.008  0.057  0.048   43   34 99.999 99.999   99  15.187226233 -15.381999275  5 44 38.99 2006  3  2 2453796.73934016    80  Clear                 pasiphae0002.fits                                  Pasiphae              1020  1020
  -0.115  -0.019  489.42  527.89 1.434    380.51    226.34 24.441 24.096 99.999 17.990 17.645 99.999 99.999 99.999  0.297 99.999 99.999 99.999 99.999  99.999  99.999  99.999  99.999  0.021  0.021  0.010  0.008  0.060  0.047   45   35 99.999 99.999   99  15.187225043 -15.381984337  5 48 45.55 2006  3  2 2453796.74219387    80  Clear                 pasiphae0004.fits                                  Pasiphae              1020  1020
  -0.074  -0.032  489.10  532.79 1.151    458.98    265.79 24.579 24.345 99.999 17.925 17.690 99.999 99.999 99.999  0.412 99.999 99.999 99.999 99.999  99.999  99.999  99.999  99.999  0.024  0.024  0.010  0.010  0.055  0.053   44   32 99.999 99.999   99  15.187224823 -15.381972618  5 52 52.09 2006  3  2 2453796.74504734    80  Clear                 pasiphae0006.fits                                  Pasiphae              1020  1020
  -0.123  -0.024  489.48  535.22 1.362    397.10    236.89 24.469 24.179 99.999 17.971 17.682 99.999 99.999 99.999  0.371 99.999 99.999 99.999 99.999  99.999  99.999  99.999  99.999  0.027  0.027  0.010  0.008  0.057  0.049   45   36 99.999 99.999   99  15.187223383 -15.381962373  5 54 54.89 2006  3  2 2453796.74646863    80  Clear                 pasiphae0007.fits                                  Pasiphae              1020  1020
  -0.097  -0.003  489.34  533.61 1.320    387.12    244.97 24.358 24.040 99.999 17.888 17.570 99.999 99.999 99.999  0.386 99.999 99.999 99.999 99.999  99.999  99.999  99.999  99.999  0.023  0.023  0.010  0.009  0.060  0.054   44   37 99.999 99.999   99  15.187223418 -15.381948711  5 56 58.57 2006  3  2 2453796.74790012    80  Clear                 pasiphae0008.fits                                  Pasiphae              1020  1020
  -0.080  -0.039  489.01  532.89 1.064    445.87    295.88 24.574 24.366 99.999 17.951 17.743 99.999 99.999 99.999  0.446 99.999 99.999 99.999 99.999  99.999  99.999  99.999  99.999  0.026  0.026  0.011  0.009  0.057  0.050   38   29 99.999 99.999   99  15.187222738 -15.381943070  6  1  4.79 2006  3  2 2453796.75074988    80  Clear                 pasiphae0010.fits                                  Pasiphae              1020  1020
  -0.116  -0.017  490.30  591.18 1.976    202.73    240.09 23.738 23.465 99.999 17.971 17.698 99.999 99.999 99.999  0.235 99.999 99.999 99.999 99.999  99.999  99.999  99.999  99.999  0.057  0.057  0.010  0.008  0.060  0.045   45   34 99.999 99.999   99  15.187219971 -15.381904243  6  9 37.14 2006  3  2 2453796.75667986    80  Clear                 pasiphae0011.fits                                  Pasiphae              1020  1020
  -0.088  -0.031  490.50  594.48 1.613    230.97    251.84 23.898 23.638 99.999 17.989 17.729 99.999 99.999 99.999  0.271 99.999 99.999 99.999 99.999  99.999  99.999  99.999  99.999  0.051  0.051  0.010  0.008  0.056  0.048   46   34 99.999 99.999   99  15.187219476 -15.381892137  6 13 42.85 2006  3  2 2453796.75952373    80  Clear                 pasiphae0013.fits                                  Pasiphae              1020  1020
  -0.064  -0.034  490.15  596.70 1.461    306.19    243.68 24.164 23.894 99.999 17.950 17.679 99.999 99.999 99.999  0.329 99.999 99.999 99.999 99.999  99.999  99.999  99.999  99.999  0.029  0.029  0.010  0.008  0.057  0.046   46   35 99.999 99.999   99  15.187219432 -15.381885000  6 15 45.70 2006  3  2 2453796.76094560    80  Clear                 pasiphae0014.fits                                  Pasiphae              1020  1020
  -0.074  -0.011  489.91  595.48 1.346    330.11    249.31 24.228 23.937 99.999 17.932 17.640 99.999 99.999 99.999  0.335 99.999 99.999 99.999 99.999  99.999  99.999  99.999  99.999  0.039  0.039  0.009  0.009  0.053  0.052   46   34 99.999 99.999   99  15.187218744 -15.381870567  6 17 49.38 2006  3  2 2453796.76237708    80  Clear                 pasiphae0015.fits                                  Pasiphae              1020  1020
  -0.082  -0.088  533.61  800.43 2.659    163.30    679.52 23.741 23.619 99.999 18.209 18.086 99.999 99.999 99.999  0.165 99.999 99.999 99.999 99.999  99.999  99.999  99.999  99.999  0.037  0.037  0.014  0.012  0.054  0.045   39   29 99.999 99.999   99  15.178988316 -15.311145594  5 37  0.08 2006  3 10 2453804.73402870    90  Clear                 pa0001.fits                                        Pasiphae              1020  1020
  -0.061  -0.016  533.92  802.11 2.252    195.53    690.91 24.012 23.830 99.999 18.284 18.102 99.999 99.999 99.999  0.197 99.999 99.999 99.999 99.999  99.999  99.999  99.999  99.999  0.005  0.005  0.014  0.012  0.054  0.044   39   29 99.999 99.999   99  15.178976725 -15.311058515  5 45 19.51 2006  3 10 2453804.73980914    90  Clear                 pa0003.fits                                        Pasiphae              1020  1020
  -0.044  -0.043  534.16  799.71 3.665    210.68    613.63 23.808 23.860 99.999 17.999 18.051 99.999 99.999 99.999  0.201 99.999 99.999 99.999 99.999  99.999  99.999  99.999  99.999  0.045  0.044  0.015  0.012  0.058  0.048   38   30 99.999 99.999   99  15.178971733 -15.311036025  5 49  0.54 2006  3 10 2453804.74236736    90  Clear                 pa0004.fits                                        Pasiphae              1020  1020
  -0.039  -0.121  534.04  802.39 5.576    321.21    483.43 23.775 23.863 99.999 17.508 17.596 99.999 99.999 99.999  0.317 99.999 99.999 99.999 99.999  99.999  99.999  99.999  99.999  0.053  0.042  0.015  0.011  0.058  0.043   38   30 99.999 99.999   99  15.178962280 -15.311004154  5 55 38.66 2006  3 10 2453804.74697523    90  Clear                 pa0007.fits                                        Pasiphae              1020  1020
  -0.032  -0.062  533.60  802.58 4.243    263.22    567.77 23.694 23.674 99.999 17.643 17.623 99.999 99.999 99.999  0.170 99.999 99.999 99.999 99.999  99.999  99.999  99.999  99.999  0.033  0.033  0.015  0.014  0.052  0.051   39   27 99.999 99.999   99  15.178959187 -15.310969670  5 57 51.67 2006  3 10 2453804.74851470    90  Clear                 pa0008.fits                                        Pasiphae              1020  1020
  -0.072  -0.009  533.53  803.71 2.729    187.36    660.57 23.748 23.562 99.999 18.067 17.880 99.999 99.999 99.999  0.173 99.999 99.999 99.999 99.999  99.999  99.999  99.999  99.999  0.037  0.037  0.016  0.014  0.055  0.048   38   29 99.999 99.999   99  15.178955220 -15.310937220  6  0  4.49 2006  3 10 2453804.75005197    90  Clear                 pa0009.fits                                        Pasiphae              1020  1020
  -0.024  -0.071  533.02  801.82 6.617    579.99    233.48 23.589 23.426 99.999 16.680 16.518 99.999 99.999 99.999  0.162 99.999 99.999 99.999 99.999  99.999  99.999  99.999  99.999  0.053  0.057  0.013  0.013  0.048  0.048   38   27 99.999 99.999   99  15.178949703 -15.310918156  6  4 31.86 2006  3 10 2453804.75314653    90  Clear                 pa0011.fits                                        Pasiphae              1020  1020
  -0.075  -0.071  533.07  802.51 6.999    583.75    231.03 23.598 23.648 99.999 16.682 16.732 99.999 99.999 99.999  0.173 99.999 99.999 99.999 99.999  99.999  99.999  99.999  99.999  0.053  0.045  0.014  0.016  0.046  0.053   37   26 99.999 99.999   99  15.178945541 -15.310900343  6  6 44.69 2006  3 10 2453804.75468391    90  Clear                 pa0012.fits                                        Pasiphae              1020  1020
  -0.094  -0.084  532.95  798.07 5.670    236.57    553.49 23.479 23.424 99.999 17.544 17.489 99.999 99.999 99.999  0.160 99.999 99.999 99.999 99.999  99.999  99.999  99.999  99.999  0.006  0.006  0.014  0.014  0.056  0.055   38   30 99.999 99.999   99  15.178941944 -15.310885763  6  8 57.52 2006  3 10 2453804.75622130    90  Clear                 pa0013.fits                                        Pasiphae              1020  1020
  -0.017  -0.036  532.66  799.19 3.051    155.09    664.87 23.644 23.504 99.999 18.167 18.028 99.999 99.999 99.999  0.172 99.999 99.999 99.999 99.999  99.999  99.999  99.999  99.999  0.043  0.043  0.015  0.013  0.057  0.049   38   30 99.999 99.999   99  15.178940222 -15.310854490  6 11 10.36 2006  3 10 2453804.75775880    90  Clear                 pa0014.fits                                        Pasiphae              1020  1020
  -0.062  -0.055  531.92  797.98 4.151    319.10    510.93 23.734 23.523 99.999 17.474 17.264 99.999 99.999 99.999  0.173 99.999 99.999 99.999 99.999  99.999  99.999  99.999  99.999  0.060  0.060  0.013  0.013  0.055  0.054   40   30 99.999 99.999   99  15.178929707 -15.310805157  6 17 50.54 2006  3 10 2453804.76239051    90  Clear                 pa0017.fits                                        Pasiphae              1020  1020
  -0.054  -0.076  531.62  798.69 2.741    202.66    654.51 23.903 23.779 99.999 18.136 18.012 99.999 99.999 99.999  0.197 99.999 99.999 99.999 99.999  99.999  99.999  99.999  99.999  0.051  0.052  0.014  0.011  0.059  0.047   39   31 99.999 99.999   99  15.178923430 -15.310775084  6 22 15.83 2006  3 10 2453804.76546100    90  Clear                 pa0019.fits                                        Pasiphae              1020  1020
  -0.164  -0.036  548.86  639.54 1.574    144.81    353.31 23.201 23.081 99.999 17.799 17.679 99.999 99.999 99.999  0.184 99.999 99.999 99.999 99.999  99.999  99.999  99.999  99.999  0.032  0.032  0.011  0.014  0.049  0.059   26   20 99.999 99.999   99  15.169775013 -15.257966972  5 17 51.85 2006  3 14 2453808.72073900    30  Clear                 pa0001.fits                                        Pasiphae              1020  1020
  -0.137  -0.042  548.56  641.79 1.546    299.59   2309.70 23.947 23.949 99.999 17.755 17.757 99.999 99.999 99.999  0.212 99.999 99.999 99.999 99.999  99.999  99.999  99.999  99.999  0.052  0.052  0.014  0.016  0.057  0.063   25   18 99.999 99.999   99  15.169768597 -15.257934066  5 21 17.77 2006  3 14 2453808.72312234    90  Clear                 pa0002.fits                                        Pasiphae              1020  1020
  -0.116  -0.011  548.51  645.87 1.616    511.01   1255.88 24.549 24.384 99.999 17.778 17.613 99.999 99.999 99.999  0.342 99.999 99.999 99.999 99.999  99.999  99.999  99.999  99.999  0.000  0.000  0.011  0.014  0.051  0.062   28   22 99.999 99.999   99  15.169756891 -15.257865304  5 27 15.79 2006  3 14 2453808.72726609    90  Clear                 pa0003.fits                                        Pasiphae              1020  1020
  -0.084  -0.032  548.19  643.71 1.397    509.25   1422.54 24.488 24.322 99.999 17.720 17.555 99.999 99.999 99.999  0.331 99.999 99.999 99.999 99.999  99.999  99.999  99.999  99.999  0.024  0.024  0.010  0.013  0.043  0.059   28   22 99.999 99.999   99  15.169752991 -15.257848479  5 29 29.49 2006  3 14 2453808.72881354    90  Clear                 pa0004.fits                                        Pasiphae              1020  1020
  -0.116  -0.039  548.32  643.08 1.666    359.13   2194.90 24.139 24.182 99.999 17.751 17.794 99.999 99.999 99.999  0.270 99.999 99.999 99.999 99.999  99.999  99.999  99.999  99.999  0.038  0.039  0.015  0.017  0.052  0.059   23   15 99.999 99.999   99  15.169747887 -15.257828438  5 31 42.31 2006  3 14 2453808.73035081    90  Clear                 pa0005.fits                                        Pasiphae              1020  1020
  -0.114  -0.004  547.64  640.75 1.449    611.01   1348.90 24.721 24.687 99.999 17.756 17.722 99.999 99.999 99.999  0.420 99.999 99.999 99.999 99.999  99.999  99.999  99.999  99.999  0.028  0.028  0.011  0.015  0.048  0.065   25   20 99.999 99.999   99  15.169729886 -15.257728994  5 40 34.50 2006  3 14 2453808.73651042    90  Clear                 pa0009.fits                                        Pasiphae              1020  1020
  -0.118  -0.029  547.79  644.13 1.277    713.22   1309.23 24.787 24.743 99.999 17.654 17.610 99.999 99.999 99.999  0.495 99.999 99.999 99.999 99.999  99.999  99.999  99.999  99.999  0.024  0.024  0.012  0.013  0.049  0.055   20   18 99.999 99.999   99  15.169725326 -15.257713245  5 42 47.29 2006  3 14 2453808.73804734    90  Clear                 pa0010.fits                                        Pasiphae              1020  1020
  -0.172   0.000  547.75  642.24 1.079    449.35   1422.40 24.479 24.398 99.999 17.847 17.766 99.999 99.999 99.999  0.358 99.999 99.999 99.999 99.999  99.999  99.999  99.999  99.999  0.079  0.079  0.015  0.014  0.062  0.059   24   18 99.999 99.999   99  15.169719773 -15.257682654  5 45  0.13 2006  3 14 2453808.73958484    90  Clear                 pa0011.fits                                        Pasiphae              1020  1020
  -0.258  -0.034  471.36  541.39 1.853    333.06    610.14 24.160 23.823 99.999 17.853 17.517 99.999 99.999 99.999  0.152 99.999 99.999 99.999 99.999  99.999  99.999  99.999  99.999  0.020  0.020  0.010  0.009  0.044  0.044   28   26 99.999 99.999   99  14.410709101 -12.832124983 23  0 11.25 2006  7  3 2453920.45846354    90  Clear                 pas0001.fits                                       Pasiphae              1020  1020
  -0.242  -0.039  473.51  539.13 1.779    294.52    639.43 24.088 23.747 99.999 17.915 17.574 99.999 99.999 99.999  0.148 99.999 99.999 99.999 99.999  99.999  99.999  99.999  99.999  0.039  0.040  0.009  0.009  0.044  0.043   29   26 99.999 99.999   99  14.410706845 -12.832144090 23  2 24.09 2006  7  3 2453920.46000104    90  Clear                 pas0002.fits                                       Pasiphae              1020  1020
  -0.269  -0.027  472.35  539.94 1.780    375.12    621.17 24.306 23.973 99.999 17.871 17.537 99.999 99.999 99.999  0.160 99.999 99.999 99.999 99.999  99.999  99.999  99.999  99.999  0.014  0.014  0.009  0.009  0.043  0.045   30   27 99.999 99.999   99  14.410703749 -12.832158843 23  4 36.92 2006  7  3 2453920.46153843    90  Clear                 pas0003.fits                                       Pasiphae              1020  1020
  -0.264  -0.027  475.86  537.72 1.686    373.23    625.53 24.328 23.953 99.999 17.898 17.523 99.999 99.999 99.999  0.164 99.999 99.999 99.999 99.999  99.999  99.999  99.999  99.999  0.017  0.017  0.009  0.008  0.043  0.040   26   24 99.999 99.999   99  14.410701272 -12.832176663 23  6 50.61 2006  7  3 2453920.46308576    90  Clear                 pas0004.fits                                       Pasiphae              1020  1020
  -0.216  -0.046  474.34  537.92 1.788    351.28    601.08 24.230 23.887 99.999 17.866 17.523 99.999 99.999 99.999  0.148 99.999 99.999 99.999 99.999  99.999  99.999  99.999  99.999  0.019  0.019  0.010  0.009  0.048  0.045   31   28 99.999 99.999   99  14.410699596 -12.832199975 23  9  4.30 2006  7  3 2453920.46463310    90  Clear                 pas0005.fits                                       Pasiphae              1020  1020
  -0.258  -0.021  473.95  537.26 1.851    316.11    603.49 24.147 23.758 99.999 17.898 17.508 99.999 99.999 99.999  0.143 99.999 99.999 99.999 99.999  99.999  99.999  99.999  99.999  0.037  0.036  0.011  0.010  0.055  0.048   32   28 99.999 99.999   99  14.410691093 -12.832246538 23 15 42.82 2006  7  3 2453920.46924560    90  Clear                 pas0008.fits                                       Pasiphae              1020  1020
  -0.273  -0.030  474.87  535.73 1.671    382.27    609.83 24.241 23.932 99.999 17.785 17.476 99.999 99.999 99.999  0.156 99.999 99.999 99.999 99.999  99.999  99.999  99.999  99.999  0.042  0.042  0.010  0.008  0.051  0.041   30   27 99.999 99.999   99  14.410683117 -12.832303107 23 22 23.00 2006  7  3 2453920.47387731    90  Clear                 pas0011.fits                                       Pasiphae              1020  1020
  -0.223  -0.027  473.29  536.40 1.697    405.47    603.97 24.373 24.017 99.999 17.853 17.497 99.999 99.999 99.999  0.163 99.999 99.999 99.999 99.999  99.999  99.999  99.999  99.999  0.018  0.018  0.010  0.009  0.047  0.043   29   27 99.999 99.999   99  14.410681492 -12.832319873 23 24 35.82 2006  7  3 2453920.47541458    90  Clear                 pas0012.fits                                       Pasiphae              1020  1020
  -0.236  -0.031  476.64  533.99 1.558    424.83    605.10 24.394 24.072 99.999 17.824 17.501 99.999 99.999 99.999  0.179 99.999 99.999 99.999 99.999  99.999  99.999  99.999  99.999  0.017  0.017  0.010  0.009  0.050  0.042   29   27 99.999 99.999   99  14.410678691 -12.832339221 23 26 49.50 2006  7  3 2453920.47696181    90  Clear                 pas0013.fits                                       Pasiphae              1020  1020
  -0.237  -0.028  475.59  534.41 1.639    453.26    593.61 24.486 24.120 99.999 17.845 17.480 99.999 99.999 99.999  0.141 99.999 99.999 99.999 99.999  99.999  99.999  99.999  99.999  0.019  0.019  0.011  0.009  0.052  0.044   27   26 99.999 99.999   99  14.410676079 -12.832356202 23 29  3.18 2006  7  3 2453920.47850903    90  Clear                 pas0014.fits                                       Pasiphae              1020  1020
  -0.216  -0.031  473.60  534.91 1.607    356.18    632.78 24.292 23.948 99.999 17.912 17.569 99.999 99.999 99.999  0.160 99.999 99.999 99.999 99.999  99.999  99.999  99.999  99.999  0.028  0.028  0.010  0.008  0.050  0.042   29   27 99.999 99.999   99  14.410671370 -12.832392854 23 33 29.69 2006  7  3 2453920.48159363    90  Clear                 pas0016.fits                                       Pasiphae              1020  1020
  -0.208  -0.012  471.31  534.87 1.583    430.15    631.81 24.440 24.056 99.999 17.856 17.472 99.999 99.999 99.999  0.142 99.999 99.999 99.999 99.999  99.999  99.999  99.999  99.999  0.027  0.027  0.011  0.008  0.052  0.041   29   27 99.999 99.999   99  14.410663832 -12.832441160 23 40  9.04 2006  7  3 2453920.48621574    90  Clear                 pas0019.fits                                       Pasiphae              1020  1020
  -0.227  -0.016  472.87  530.72 1.564    464.80    666.03 24.460 24.140 99.999 17.792 17.472 99.999 99.999 99.999  0.194 99.999 99.999 99.999 99.999  99.999  99.999  99.999  99.999  0.022  0.022  0.010  0.009  0.051  0.043   28   27 99.999 99.999   99  14.410639519 -12.832609357  0  1  0.04 2006  7  4 2453920.50069491    90  Clear                 pas0024.fits                                       Pasiphae              1020  1020
  -0.243  -0.039  474.78  528.93 1.530    419.33    732.52 24.346 23.978 99.999 17.789 17.422 99.999 99.999 99.999  0.170 99.999 99.999 99.999 99.999  99.999  99.999  99.999  99.999  0.030  0.030  0.009  0.009  0.047  0.042   29   26 99.999 99.999   99  14.410636667 -12.832633659  0  3 13.08 2006  7  4 2453920.50223472    90  Clear                 pas0025.fits                                       Pasiphae              1020  1020
  -0.228  -0.013  475.60  527.05 1.566    409.76    667.23 24.353 24.088 99.999 17.821 17.557 99.999 99.999 99.999  0.145 99.999 99.999 99.999 99.999  99.999  99.999  99.999  99.999  0.040  0.039  0.012  0.010  0.058  0.050   27   26 99.999 99.999   99  14.410626774 -12.832697448  0 12  6.13 2006  7  4 2453920.50840428    90  Clear                 pas0029.fits                                       Pasiphae              1020  1020
  -0.265  -0.006  472.76  527.80 1.722    450.89    665.82 24.417 24.050 99.999 17.782 17.415 99.999 99.999 99.999  0.174 99.999 99.999 99.999 99.999  99.999  99.999  99.999  99.999  0.026  0.026  0.009  0.009  0.043  0.043   30   25 99.999 99.999   99  14.410621019 -12.832730886  0 16 31.77 2006  7  4 2453920.51147882    90  Clear                 pas0031.fits                                       Pasiphae              1020  1020
  -0.254  -0.023  472.35  527.53 1.587    435.97    657.30 24.460 24.167 99.999 17.862 17.568 99.999 99.999 99.999  0.184 99.999 99.999 99.999 99.999  99.999  99.999  99.999  99.999  0.030  0.030  0.011  0.009  0.056  0.043   29   28 99.999 99.999   99  14.410616180 -12.832771144  0 20 58.27 2006  7  4 2453920.51456331    90  Clear                 pas0033.fits                                       Pasiphae              1020  1020
  -0.241  -0.036  474.26  525.97 1.512    459.46    685.68 24.480 24.161 99.999 17.824 17.505 99.999 99.999 99.999  0.170 99.999 99.999 99.999 99.999  99.999  99.999  99.999  99.999  0.037  0.037  0.014  0.010  0.062  0.046   25   23 99.999 99.999   99  14.410613901 -12.832792134  0 23 11.16 2006  7  4 2453920.51610139    90  Clear                 pas0034.fits                                       Pasiphae              1020  1020
  -0.228  -0.007  475.03  524.11 1.526    443.73    672.07 24.440 24.088 99.999 17.822 17.470 99.999 99.999 99.999  0.187 99.999 99.999 99.999 99.999  99.999  99.999  99.999  99.999  0.021  0.021  0.010  0.009  0.050  0.045   27   25 99.999 99.999   99  14.410609119 -12.832819820  0 27 36.81 2006  7  4 2453920.51917604    90  Clear                 pas0036.fits                                       Pasiphae              1020  1020
  -0.248  -0.026  473.53  524.11 1.727    363.77    623.67 24.279 23.935 99.999 17.877 17.533 99.999 99.999 99.999  0.155 99.999 99.999 99.999 99.999  99.999  99.999  99.999  99.999  0.046  0.046  0.009  0.010  0.043  0.049   28   26 99.999 99.999   99  14.410603684 -12.832860142  0 32  4.17 2006  7  4 2453920.52227049    90  Clear                 pas0038.fits                                       Pasiphae              1020  1020
  -0.227  -0.027  473.53  523.62 1.446    524.93    630.10 24.605 24.269 99.999 17.804 17.469 99.999 99.999 99.999  0.201 99.999 99.999 99.999 99.999  99.999  99.999  99.999  99.999  0.027  0.027  0.009  0.009  0.043  0.044   28   26 99.999 99.999   99  14.410601546 -12.832878287  0 34 17.00 2006  7  4 2453920.52380787    90  Clear                 pas0039.fits                                       Pasiphae              1020  1020
  -0.059  -0.009  641.76  396.23 1.605    227.40   3067.92 23.308 23.233 99.999 17.416 17.341 99.999 99.999 99.999  0.824 99.999 99.999 99.999 99.999  99.999  99.999  99.999  99.999  0.033  0.033  0.016  0.017  0.050  0.055   32   20 99.999 99.999   99  14.664787864 -15.034001425 23  1 32.97 2006  8 30 2453978.45940938    80  Clear                 pasiphae0002.fits                                  Pasiphae              1020  1020
   0.045  -0.130  642.22  400.72 2.240    175.98   3017.81 23.231 23.275 99.999 17.617 17.662 99.999 99.999 99.999  0.759 99.999 99.999 99.999 99.999  99.999  99.999  99.999  99.999  0.109  0.108  0.017  0.017  0.054  0.056   28   20 99.999 99.999   99  14.664803507 -15.034116377 23  3 35.83 2006  8 30 2453978.46083137    80  Clear                 pasiphae0003.fits                                  Pasiphae              1020  1020
  -0.162  -0.044  643.00  404.86 2.079    211.26   2973.36 22.825 22.820 99.999 17.013 17.008 99.999 99.999 99.999  0.942 99.999 99.999 99.999 99.999  99.999  99.999  99.999  99.999  0.003  0.003  0.013  0.015  0.046  0.055   34   21 99.999 99.999   99  14.664826836 -15.034255182 23  7 41.60 2006  8 30 2453978.46367593    80  Clear                 pasiphae0005.fits                                  Pasiphae              1020  1020
  -0.006  -0.050  643.10  404.27 1.719    170.56   3005.80 22.910 22.861 99.999 17.330 17.282 99.999 99.999 99.999  0.922 99.999 99.999 99.999 99.999  99.999  99.999  99.999  99.999  0.044  0.043  0.017  0.017  0.059  0.058   32   22 99.999 99.999   99  14.664843469 -15.034338271 23  9 44.47 2006  8 30 2453978.46509803    80  Clear                 pasiphae0006.fits                                  Pasiphae              1020  1020
   0.138  -0.023  646.15  362.52 6.812    693.85   2393.26 23.004 23.036 99.999 15.901 15.933 99.999 99.999 99.999  0.869 99.999 99.999 99.999 99.999  99.999  99.999  99.999  99.999  0.087  0.104  0.015  0.018  0.050  0.061   32   23 99.999 99.999   99  14.664873731 -15.034494677 23 13 51.87 2006  8 30 2453978.46796146    80  Clear                 pasiphae0008.fits                                  Pasiphae              1020  1020
  -0.045  -0.129  645.97  364.54 2.417    181.51   2909.13 23.106 23.063 99.999 17.458 17.416 99.999 99.999 99.999  0.875 99.999 99.999 99.999 99.999  99.999  99.999  99.999  99.999  0.053  0.050  0.017  0.015  0.057  0.053   31   21 99.999 99.999   99  14.664883881 -15.034605423 23 15 54.70 2006  8 30 2453978.46938310    80  Clear                 pasiphae0009.fits                                  Pasiphae              1020  1020
   0.109  -0.096  646.39  368.43 5.100    448.53   2418.35 22.849 22.740 99.999 16.220 16.111 99.999 99.999 99.999  0.847 99.999 99.999 99.999 99.999  99.999  99.999  99.999  99.999  0.105  0.106  0.017  0.015  0.056  0.049   30   20 99.999 99.999   99  14.664914170 -15.034759343 23 20  0.42 2006  8 30 2453978.47222708    80  Clear                 pasiphae0011.fits                                  Pasiphae              1020  1020
   0.040  -0.133  646.80  368.07 2.070    140.24   2571.22 22.696 22.688 99.999 17.329 17.320 99.999 99.999 99.999  0.855 99.999 99.999 99.999 99.999  99.999  99.999  99.999  99.999  0.000  0.000  0.013  0.013  0.052  0.054   33   24 99.999 99.999   99  14.664926598 -15.034851697 23 22  4.11 2006  8 30 2453978.47365868    80  Clear                 pasiphae0012.fits                                  Pasiphae              1020  1020
  -0.028  -0.086  647.48  372.13 4.975    492.68   2048.17 23.093 23.072 99.999 16.362 16.341 99.999 99.999 99.999  0.856 99.999 99.999 99.999 99.999  99.999  99.999  99.999  99.999  0.101  0.107  0.016  0.014  0.058  0.049   29   23 99.999 99.999   99  14.664938959 -15.034920013 23 24  6.94 2006  8 30 2453978.47508032    80  Clear                 pasiphae0013.fits                                  Pasiphae              1020  1020
  -0.230  -0.027  647.35  371.55 3.044    289.63   2553.74 22.971 23.001 99.999 16.817 16.846 99.999 99.999 99.999  0.837 99.999 99.999 99.999 99.999  99.999  99.999  99.999  99.999  0.097  0.098  0.016  0.015  0.057  0.052   30   22 99.999 99.999   99  14.664948763 -15.034984938 23 26  9.77 2006  8 30 2453978.47650197    80  Clear                 pasiphae0014.fits                                  Pasiphae              1020  1020
   0.032  -0.049  647.86  374.09 2.121    167.41   2875.56 22.997 23.057 99.999 17.437 17.498 99.999 99.999 99.999  0.864 99.999 99.999 99.999 99.999  99.999  99.999  99.999  99.999  0.008  0.008  0.016  0.016  0.055  0.055   33   22 99.999 99.999   99  14.664967444 -15.035072149 23 28 12.60 2006  8 30 2453978.47792361    80  Clear                 pasiphae0015.fits                                  Pasiphae              1020  1020
   0.176  -0.068  380.83  488.82 1.294    217.24   1662.01 23.238 23.105 99.999 17.395 17.263 99.999 99.999 99.999  0.960 99.999 99.999 99.999 99.999  99.999  99.999  99.999  99.999  0.000  0.000  0.015  0.013  0.062  0.054   27   20 99.999 99.999   99  14.674111572 -15.089416350 21 56  2.78 2006  8 31 2453979.41392106    60  Clear                 pasiphae0001.fits                                  Pasiphae              1020  1020
   0.018  -0.118  380.99  489.10 1.955    182.58   2615.34 22.426 22.369 99.999 16.772 16.716 99.999 99.999 99.999  1.016 99.999 99.999 99.999 99.999  99.999  99.999  99.999  99.999  0.000  0.000  0.016  0.014  0.062  0.053   23   19 99.999 99.999   99  14.674127130 -15.089540916 21 58 48.12 2006  8 31 2453979.41583472    60  Clear                 pasiphae0002.fits                                  Pasiphae              1020  1020
   0.131   0.014  380.57  493.14 1.430    166.02   2054.41 22.891 22.804 99.999 17.341 17.254 99.999 99.999 99.999  0.973 99.999 99.999 99.999 99.999  99.999  99.999  99.999  99.999  0.066  0.067  0.015  0.014  0.060  0.056   26   22 99.999 99.999   99  14.674140837 -15.089572863 22  0 30.95 2006  8 31 2453979.41702488    60  Clear                 pasiphae0003.fits                                  Pasiphae              1020  1020
   0.030  -0.028  381.26  493.66 3.161    293.01   1447.72 22.593 22.446 99.999 16.426 16.278 99.999 99.999 99.999  0.985 99.999 99.999 99.999 99.999  99.999  99.999  99.999  99.999  0.100  0.097  0.015  0.013  0.061  0.055   28   22 99.999 99.999   99  14.674173692 -15.089791462 22  5 40.29 2006  8 31 2453979.42060521    60  Clear                 pasiphae0006.fits                                  Pasiphae              1020  1020
   0.122  -0.101  381.31  493.51 2.830    507.28   1255.98 23.264 23.111 99.999 16.501 16.348 99.999 99.999 99.999  1.006 99.999 99.999 99.999 99.999  99.999  99.999  99.999  99.999  0.004  0.004  0.016  0.011  0.069  0.048   26   21 99.999 99.999   99  14.674187095 -15.089880770 22  7 23.97 2006  8 31 2453979.42180521    60  Clear                 pasiphae0007.fits                                  Pasiphae              1020  1020
   0.133  -0.059  381.24  492.27 1.136    245.58   1630.41 23.358 23.262 99.999 17.383 17.287 99.999 99.999 99.999  0.985 99.999 99.999 99.999 99.999  99.999  99.999  99.999  99.999  0.039  0.039  0.019  0.015  0.058  0.048   24   17 99.999 99.999   99  14.674222003 -15.090075203 22 12 32.46 2006  8 31 2453979.42537569    60  Clear                 pasiphae0010.fits                                  Pasiphae              1020  1020
   0.039  -0.057  381.29  488.94 1.235    235.64   1703.62 23.084 23.006 99.999 17.153 17.075 99.999 99.999 99.999  0.967 99.999 99.999 99.999 99.999  99.999  99.999  99.999  99.999  0.043  0.044  0.016  0.013  0.062  0.052   28   21 99.999 99.999   99  14.674231852 -15.090144048 22 14 16.14 2006  8 31 2453979.42657569    60  Clear                 pasiphae0011.fits                                  Pasiphae              1020  1020
   0.054  -0.090  381.57  495.86 1.768    259.53   1479.08 23.058 22.927 99.999 17.022 16.891 99.999 99.999 99.999  0.968 99.999 99.999 99.999 99.999  99.999  99.999  99.999  99.999  0.026  0.027  0.016  0.013  0.061  0.051   26   21 99.999 99.999   99  14.674278421 -15.090427924 22 21  7.46 2006  8 31 2453979.43133634    60  Clear                 pasiphae0015.fits                                  Pasiphae              1020  1020
   0.109  -0.040  381.69  494.80 1.544    191.06   1485.24 23.082 22.955 99.999 17.379 17.252 99.999 99.999 99.999  1.000 99.999 99.999 99.999 99.999  99.999  99.999  99.999  99.999  0.037  0.038  0.014  0.014  0.059  0.057   26   22 99.999 99.999   99  14.674291144 -15.090483243 22 22 51.14 2006  8 31 2453979.43253634    60  Clear                 pasiphae0016.fits                                  Pasiphae              1020  1020
   0.028  -0.003  459.09  589.89 2.377    150.42    317.08 23.397 23.318 99.999 17.954 17.875 99.999 99.999 99.999  0.281 99.999 99.999 99.999 99.999  99.999  99.999  99.999  99.999  0.082  0.082  0.006  0.005  0.057  0.050  141  102 99.999 99.999   99  19.457125473 -21.090245025  6 47 21.93 2008  4 18 2454574.78289271   200  I                     pasiphae0001.fits                                  Pasiphae              1020  1020
   0.076   0.016  458.95  591.02 1.944    186.23    312.45 23.541 23.483 99.999 17.866 17.808 99.999 99.999 99.999  0.301 99.999 99.999 99.999 99.999  99.999  99.999  99.999  99.999  0.058  0.058  0.006  0.005  0.057  0.052  145  105 99.999 99.999   99  19.457137144 -21.090233686  6 51 25.63 2008  4 18 2454574.78571331   200  I                     pasiphae0002.fits                                  Pasiphae              1020  1020
   0.100   0.050  459.54  601.83 1.500    187.86    324.94 23.585 23.510 99.999 17.900 17.826 99.999 99.999 99.999  0.312 99.999 99.999 99.999 99.999  99.999  99.999  99.999  99.999  0.081  0.083  0.006  0.005  0.060  0.049  141  101 99.999 99.999   99  19.457169593 -21.090206390  7  3 34.14 2008  4 18 2454574.79414514   200  I                     pasiphae0005.fits                                  Pasiphae              1020  1020
   0.013   0.045  459.67  602.41 1.789    201.81    369.93 23.642 23.583 99.999 17.880 17.821 99.999 99.999 99.999  0.316 99.999 99.999 99.999 99.999  99.999  99.999  99.999  99.999  0.054  0.053  0.006  0.006  0.060  0.059  143  106 99.999 99.999   99  19.457178500 -21.090201654  7  7 37.02 2008  4 18 2454574.79695625   200  I                     pasiphae0006.fits                                  Pasiphae              1020  1020
   0.070   0.064  459.77  602.17 1.869    266.41    281.09 23.814 23.744 99.999 17.750 17.680 99.999 99.999 99.999  0.339 99.999 99.999 99.999 99.999  99.999  99.999  99.999  99.999  0.049  0.051  0.006  0.006  0.056  0.058  144  109 99.999 99.999   99  19.457190312 -21.090190372  7 11 40.71 2008  4 18 2454574.79977674   200  I                     pasiphae0007.fits                                  Pasiphae              1020  1020
   0.050   0.011  459.88  604.03 2.337    156.15    293.30 23.292 23.216 99.999 17.809 17.732 99.999 99.999 99.999  0.247 99.999 99.999 99.999 99.999  99.999  99.999  99.999  99.999  0.073  0.075  0.007  0.006  0.061  0.052  133   88 99.999 99.999   99  19.457200539 -21.090198880  7 15 43.54 2008  4 18 2454574.80258727   200  I                     pasiphae0008.fits                                  Pasiphae              1020  1020
  -0.018   0.033  460.09  610.28 1.911    190.60    293.15 23.576 23.502 99.999 17.876 17.802 99.999 99.999 99.999  0.311 99.999 99.999 99.999 99.999  99.999  99.999  99.999  99.999  0.049  0.049  0.007  0.006  0.064  0.057  137  108 99.999 99.999   99  19.457220471 -21.090180551  7 23 49.61 2008  4 18 2454574.80821308   200  I                     pasiphae0010.fits                                  Pasiphae              1020  1020
  -0.069  -0.021 1039.21 1094.54 1.414     56.25     58.06 22.048 21.960 99.999 17.673 17.585 99.999 99.999 99.999  0.259 99.999 99.999 99.999 99.999  99.999  99.999  99.999  99.999  0.027  0.027  0.005  0.005  0.053  0.056  184  123 99.999 99.999   99  19.462107678 -21.414250775  5 33  8.28 2008  5 26 2454612.73134583    60  I                     pasiphae_1x1_0001.fits                             Pasiphae              2045  2050
  -0.092  -0.006 1041.05 1092.26 1.481    130.37    171.93 23.069 22.920 99.999 17.781 17.632 99.999 99.999 99.999  0.278 99.999 99.999 99.999 99.999  99.999  99.999  99.999  99.999  0.018  0.018  0.005  0.005  0.055  0.053  191  126 99.999 99.999   99  19.462095050 -21.414308879  5 37 35.63 2008  5 26 2454612.73444016   180  I                     pasiphae_1x1_0002.fits                             Pasiphae              2045  2050
   0.042   0.008 1047.36 1091.32 1.555    146.68    187.70 23.094 22.890 99.999 17.678 17.474 99.999 99.999 99.999  0.279 99.999 99.999 99.999 99.999  99.999  99.999  99.999  99.999  0.026  0.026  0.005  0.005  0.054  0.056  173  112 99.999 99.999   99  19.462082968 -21.414380499  5 42 59.95 2008  5 26 2454612.73819387   180  I                     pasiphae_1x1_0003.fits                             Pasiphae              2045  2050
   0.066  -0.001 1050.33 1091.69 1.641    132.11    195.51 22.803 22.700 99.999 17.500 17.398 99.999 99.999 99.999  0.248 99.999 99.999 99.999 99.999  99.999  99.999  99.999  99.999  0.043  0.037  0.005  0.005  0.054  0.055  184  115 99.999 99.999   99  19.462073725 -21.414432719  5 46 33.45 2008  5 26 2454612.74066493   180  I                     pasiphae_1x1_0004.fits                             Pasiphae              2045  2050
  -0.082  -0.009 1048.21 1091.81 1.848    148.70    185.09 22.892 22.753 99.999 17.462 17.322 99.999 99.999 99.999  0.243 99.999 99.999 99.999 99.999  99.999  99.999  99.999  99.999  0.004  0.004  0.005  0.006  0.056  0.059  177  118 99.999 99.999   99  19.462061058 -21.414484652  5 50  6.89 2008  5 26 2454612.74313530   180  I                     pasiphae_1x1_0005.fits                             Pasiphae              2045  2050
  -0.067  -0.029 1048.95 1092.25 4.766    538.51   -224.86 22.836 22.946 99.999 16.008 16.118 99.999 99.999 99.999  0.269 99.999 99.999 99.999 99.999  99.999  99.999  99.999  99.999  0.049  0.037  0.005  0.006  0.053  0.054  166  105 99.999 99.999   99  19.462051646 -21.414539907  5 53 40.38 2008  5 26 2454612.74560625   180  I                     pasiphae_1x1_0006.fits                             Pasiphae              2045  2050
   0.000  -0.016 1050.91 1092.51 1.601    136.69    210.82 22.949 22.871 99.999 17.610 17.532 99.999 99.999 99.999  0.245 99.999 99.999 99.999 99.999  99.999  99.999  99.999  99.999  0.003  0.003  0.005  0.005  0.054  0.055  170  111 99.999 99.999   99  19.462043252 -21.414585817  5 57 13.85 2008  5 26 2454612.74807697   180  I                     pasiphae_1x1_0007.fits                             Pasiphae              2045  2050
  -0.158   0.028 1055.96 1091.89 1.813    123.41    207.25 22.736 22.641 99.999 17.507 17.413 99.999 99.999 99.999  0.301 99.999 99.999 99.999 99.999  99.999  99.999  99.999  99.999  0.009  0.008  0.005  0.005  0.053  0.056  178  117 99.999 99.999   99  19.462030364 -21.414623354  6  0 48.16 2008  5 26 2454612.75055741   180  I                     pasiphae_1x1_0008.fits                             Pasiphae              2045  2050
   0.005  -0.006 1058.69 1092.36 1.723    104.83    205.95 22.655 22.518 99.999 17.604 17.466 99.999 99.999 99.999  0.255 99.999 99.999 99.999 99.999  99.999  99.999  99.999  99.999  0.038  0.038  0.005  0.006  0.053  0.056  175  113 99.999 99.999   99  19.462014134 -21.414731651  6  7 55.12 2008  5 26 2454612.75549907   180  I                     pasiphae_1x1_0010.fits                             Pasiphae              2045  2050
  -0.229   0.039 1057.10 1092.13 3.250    182.74    102.29 22.449 22.377 99.999 16.795 16.722 99.999 99.999 99.999  0.256 99.999 99.999 99.999 99.999  99.999  99.999  99.999  99.999  0.014  0.013  0.006  0.006  0.052  0.058  145   96 99.999 99.999   99  19.461999746 -21.414768731  6 11 28.59 2008  5 26 2454612.75796979   180  I                     pasiphae_1x1_0011.fits                             Pasiphae              2045  2050
   0.120  -0.048  580.69  136.33 1.265    417.35    361.34 23.633 23.758 99.999 17.081 17.206 99.999 99.999 99.999  0.321 99.999 99.999 99.999 99.999  99.999  99.999  99.999  99.999  0.020  0.020  0.008  0.007  0.057  0.049  195  142 99.999 99.999   99  18.930810839 -23.545083520 23 59 36.87 2008  8 11 2454690.49973229    80  I                     pasiphae0003.fits                                  Pasiphae              1020  1020
   0.136  -0.038  580.16  132.60 1.093    462.40    377.05 23.722 23.825 99.999 17.059 17.163 99.999 99.999 99.999  0.290 99.999 99.999 99.999 99.999  99.999  99.999  99.999  99.999  0.021  0.019  0.007  0.007  0.057  0.051  188  144 99.999 99.999   99  18.930797890 -23.545137003  0  3 43.41 2008  8 12 2454690.50258576    80  I                     pasiphae0005.fits                                  Pasiphae              1020  1020
   0.164  -0.114  579.85  129.35 5.708    794.19   -286.62 22.813 23.112 99.999 15.563 15.862 99.999 99.999 99.999  0.298 99.999 99.999 99.999 99.999  99.999  99.999  99.999  99.999  0.211  0.196  0.007  0.006  0.056  0.048  278  173 99.999 99.999   99  18.930791833 -23.545185967  0  5 46.26 2008  8 12 2454690.50400764    80  I                     pasiphae0006.fits                                  Pasiphae              1020  1020
   0.136  -0.050  577.86  132.39 1.184    414.36    370.72 23.670 23.798 99.999 17.127 17.254 99.999 99.999 99.999  0.315 99.999 99.999 99.999 99.999  99.999  99.999  99.999  99.999  0.023  0.022  0.007  0.007  0.056  0.052  196  146 99.999 99.999   99  18.930757424 -23.545310289  0 16 14.69 2008  8 12 2454690.51128113    80  I                     pasiphae0007.fits                                  Pasiphae              1020  1020
   0.076  -0.091  581.21  140.00 1.142    229.06    347.74 22.942 23.073 99.999 17.042 17.173 99.999 99.999 99.999  0.257 99.999 99.999 99.999 99.999  99.999  99.999  99.999  99.999  0.034  0.035  0.009  0.008  0.056  0.051  180  128 99.999 99.999   99  18.930733027 -23.545418644  0 23 24.86 2008  8 12 2454690.51625995    80  I                     pasiphae0009.fits                                  Pasiphae              1020  1020
   0.164  -0.024  433.44  449.74 1.117    390.17    332.23 23.686 23.788 99.999 17.207 17.310 99.999 99.999 99.999  0.271 99.999 99.999 99.999 99.999  99.999  99.999  99.999  99.999  0.049  0.051  0.004  0.004  0.056  0.058  261  191 99.999 99.999   99  18.930331083 -23.547062506  2 28 49.91 2008  8 12 2454690.60335544    80  I                     pasiphae0011.fits                                  Pasiphae              1020  1020
   0.175  -0.056  432.97  450.43 1.418    321.28    302.71 23.427 23.568 99.999 17.160 17.301 99.999 99.999 99.999  0.251 99.999 99.999 99.999 99.999  99.999  99.999  99.999  99.999  0.000  0.000  0.004  0.004  0.056  0.054  277  190 99.999 99.999   99  18.930317957 -23.547125962  2 33  0.36 2008  8 12 2454690.60625417    80  I                     pasiphae0012.fits                                  Pasiphae              1020  1020
   0.113  -0.078  431.98  448.56 0.974    518.09    341.94 23.875 23.968 99.999 17.089 17.182 99.999 99.999 99.999  0.275 99.999 99.999 99.999 99.999  99.999  99.999  99.999  99.999  0.016  0.013  0.005  0.005  0.056  0.056  209  148 99.999 99.999   99  18.930297069 -23.547211303  2 39  8.91 2008  8 12 2454690.61051979    80  I                     pasiphae0015.fits                                  Pasiphae              1020  1020
   0.098  -0.010 1167.43 1039.64 1.600     59.61     97.19 22.526 22.559 99.999 18.088 18.121 99.999 99.999 99.999  0.415 99.999 99.999 99.999 99.999  99.999  99.999  99.999  99.999  0.000  0.000  0.004  0.004  0.055  0.053  322  221 99.999 99.999   99  18.925300681 -23.918867843  1  7 44.95 2008  9 20 2454729.54704803   120  I                     pasiphae0001.fits                                  Pasiphae              2045  2050
   0.048  -0.007 1166.64 1038.68 1.427     61.30    100.80 22.478 22.476 99.999 18.010 18.007 99.999 99.999 99.999  0.397 99.999 99.999 99.999 99.999  99.999  99.999  99.999  99.999  0.031  0.031  0.004  0.004  0.055  0.054  340  232 99.999 99.999   99  18.925307635 -23.918864593  1 10 32.09 2008  9 20 2454729.54898252   120  I                     pasiphae0002.fits                                  Pasiphae              2045  2050
  -0.027  -0.059 1169.51 1037.45 3.319     85.68     51.68 22.328 22.389 99.999 17.496 17.557 99.999 99.999 99.999  0.418 99.999 99.999 99.999 99.999  99.999  99.999  99.999  99.999  0.056  0.056  0.004  0.004  0.057  0.054  344  230 99.999 99.999   99  18.925313454 -23.918877000  1 13  5.52 2008  9 20 2454729.55075833   120  I                     pasiphae0003.fits                                  Pasiphae              2045  2050
  -0.059  -0.027 1166.49 1036.06 1.197     44.01    114.87 22.514 22.546 99.999 18.405 18.437 99.999 99.999 99.999  0.400 99.999 99.999 99.999 99.999  99.999  99.999  99.999  99.999  0.051  0.052  0.004  0.004  0.056  0.054  357  243 99.999 99.999   99  18.925320146 -23.918865946  1 15 38.99 2008  9 20 2454729.55253461   120  I                     pasiphae0004.fits                                  Pasiphae              2045  2050
   0.027  -0.094 1160.93 1035.09 2.028     62.99     86.55 22.516 22.573 99.999 18.018 18.075 99.999 99.999 99.999  0.392 99.999 99.999 99.999 99.999  99.999  99.999  99.999  99.999  0.039  0.039  0.003  0.004  0.052  0.054  352  239 99.999 99.999   99  18.925329208 -23.918882321  1 18 12.43 2008  9 20 2454729.55431053   120  I                     pasiphae0005.fits                                  Pasiphae              2045  2050
   0.106  -0.065 1158.32 1032.52 2.484     66.51     82.93 22.360 22.445 99.999 17.803 17.888 99.999 99.999 99.999  0.393 99.999 99.999 99.999 99.999  99.999  99.999  99.999  99.999  0.041  0.041  0.004  0.003  0.058  0.052  353  246 99.999 99.999   99  18.925345508 -23.918869532  1 23 19.31 2008  9 20 2454729.55786238   120  I                     pasiphae0007.fits                                  Pasiphae              2045  2050
   0.032  -0.076 1157.32 1032.16 3.414    146.07      8.30 22.492 22.521 99.999 17.080 17.109 99.999 99.999 99.999  0.380 99.999 99.999 99.999 99.999  99.999  99.999  99.999  99.999  0.051  0.053  0.004  0.004  0.057  0.056  350  237 99.999 99.999   99  18.925351378 -23.918870336  1 25 52.74 2008  9 20 2454729.55963819   120  I                     pasiphae0008.fits                                  Pasiphae              2045  2050
   0.017  -0.019 1161.17 1030.76 1.385     41.86    114.97 22.364 22.435 99.999 18.310 18.380 99.999 99.999 99.999  0.393 99.999 99.999 99.999 99.999  99.999  99.999  99.999  99.999  0.039  0.039  0.004  0.004  0.056  0.056  359  245 99.999 99.999   99  18.925358408 -23.918852330  1 28 26.18 2008  9 20 2454729.56141412   120  I                     pasiphae0009.fits                                  Pasiphae              2045  2050
   0.064  -0.045 1160.76 1029.76 3.657    200.45    -53.97 21.948 22.069 99.999 16.193 16.314 99.999 99.999 99.999  0.386 99.999 99.999 99.999 99.999  99.999  99.999  99.999  99.999  0.081  0.082  0.004  0.004  0.054  0.053  336  226 99.999 99.999   99  18.925366706 -23.918856953  1 30 59.54 2008  9 20 2454729.56318912   120  I                     pasiphae0010.fits                                  Pasiphae              2045  2050
   0.054  -0.147 1156.84 1027.58 0.956     29.81    127.57 22.192 22.309 99.999 18.507 18.624 99.999 99.999 99.999  0.379 99.999 99.999 99.999 99.999  99.999  99.999  99.999  99.999  0.076  0.076  0.004  0.004  0.056  0.054  362  241 99.999 99.999   99  18.925381834 -23.918880494  1 36 18.74 2008  9 20 2454729.56688356   120  I                     pasiphae0012.fits                                  Pasiphae              2045  2050
   0.057  -0.144 1152.43 1027.02 1.878     45.19    112.02 22.198 22.273 99.999 18.060 18.135 99.999 99.999 99.999  0.392 99.999 99.999 99.999 99.999  99.999  99.999  99.999  99.999  0.007  0.007  0.004  0.004  0.058  0.054  354  237 99.999 99.999   99  18.925389256 -23.918877206  1 38 52.02 2008  9 20 2454729.56865764   120  I                     pasiphae0013.fits                                  Pasiphae              2045  2050
   0.120  -0.104 1147.92 1025.70 2.474     48.49    107.95 22.204 22.294 99.999 17.990 18.080 99.999 99.999 99.999  0.382 99.999 99.999 99.999 99.999  99.999  99.999  99.999  99.999  0.024  0.022  0.004  0.004  0.055  0.054  356  236 99.999 99.999   99  18.925397913 -23.918863615  1 41 25.31 2008  9 20 2454729.57043183   120  I                     pasiphae0014.fits                                  Pasiphae              2045  2050
  -0.015   0.022 1148.35 1024.16 3.531    133.64     29.25 22.212 22.334 99.999 16.898 17.019 99.999 99.999 99.999  0.383 99.999 99.999 99.999 99.999  99.999  99.999  99.999  99.999  0.026  0.026  0.004  0.004  0.056  0.055  364  248 99.999 99.999   99  18.925402530 -23.918826401  1 43 58.58 2008  9 20 2454729.57220579   120  I                     pasiphae0015.fits                                  Pasiphae              2045  2050
   0.213  -0.145 1061.18  868.12 1.433    126.35    221.30 22.334 22.266 99.999 17.080 17.012 99.999 99.999 99.999  0.533 99.999 99.999 99.999 99.999  99.999  99.999  99.999  99.999  0.036  0.036  0.020  0.022  0.061  0.067   22   15 99.999 99.999   99  21.854561009 -13.522262633  7  5 44.19 2009  7 18 2455030.79565035    80  Clear                 pasiphae0002.fits                                  Pasiphae              2045  2050
   0.148  -0.108 1065.94  867.85 1.120    156.92    223.90 22.689 22.487 99.999 17.200 16.998 99.999 99.999 99.999  0.369 99.999 99.999 99.999 99.999  99.999  99.999  99.999  99.999  0.012  0.012  0.020  0.020  0.057  0.058   20   12 99.999 99.999   99  21.854550565 -13.522292024  7  7 37.52 2009  7 18 2455030.79696204    80  Clear                 pasiphae0003.fits                                  Pasiphae              2045  2050
   0.135  -0.237 1063.41  867.88 0.965    236.00    231.33 23.014 22.718 99.999 17.082 16.786 99.999 99.999 99.999  0.350 99.999 99.999 99.999 99.999  99.999  99.999  99.999  99.999  0.020  0.020  0.025  0.028  0.065  0.071   21   16 99.999 99.999   99  21.854541107 -13.522367615  7  9 30.99 2009  7 18 2455030.79827535    80  Clear                 pasiphae0004.fits                                  Pasiphae              2045  2050
   0.156  -0.194 1069.19  867.32 0.868    264.17    240.35 22.970 22.803 99.999 16.916 16.749 99.999 99.999 99.999  0.678 99.999 99.999 99.999 99.999  99.999  99.999  99.999  99.999  0.021  0.021  0.022  0.021  0.066  0.064   23   17 99.999 99.999   99  21.854523134 -13.522434852  7 13 17.31 2009  7 18 2455030.80089479    80  Clear                 pasiphae0006.fits                                  Pasiphae              2045  2050
   0.420  -0.146 1077.98  866.13 0.590    116.18    285.60 22.706 22.552 99.999 17.543 17.389 99.999 99.999 99.999  0.224 99.999 99.999 99.999 99.999  99.999  99.999  99.999  99.999  0.000  0.000  0.017  0.022  0.047  0.059   19   12 99.999 99.999   99  21.854500535 -13.522540517  7 18 57.73 2009  7 18 2455030.80483484    80  Clear                 pasiphae0009.fits                                  Pasiphae              2045  2050
   0.190  -0.175 1086.00  865.85 1.312    133.86    234.15 22.405 22.365 99.999 17.088 17.049 99.999 99.999 99.999  0.231 99.999 99.999 99.999 99.999  99.999  99.999  99.999  99.999  0.049  0.049  0.023  0.021  0.070  0.063   20   14 99.999 99.999   99  21.854486923 -13.522588262  7 20 51.18 2009  7 18 2455030.80614792    80  Clear                 pasiphae0010.fits                                  Pasiphae              2045  2050
   0.068   0.072  514.43  581.83 1.402   3019.11   1464.40 25.982 25.354 99.999 17.282 16.654 99.999 99.999 99.999  0.226 99.999 99.999 99.999 99.999  99.999  99.999  99.999  99.999  0.013  0.013  0.023  0.029  0.061  0.076    9    8 99.999 99.999   99   0.154851045   0.154025395  8  9 36.00 2010  7  6 2455383.84000000    50    Clear               Pasiphae_08.10.02_0001.fits                        Pasiphae              1024  1024
   0.098   0.087  514.71  579.13 1.281   3141.90   1557.63 25.901 25.480 99.999 17.158 16.737 99.999 99.999 99.999  0.770 99.999 99.999 99.999 99.999  99.999  99.999  99.999  99.999  0.000  0.000  0.019  0.029  0.057  0.086   10    9 99.999 99.999   99   0.154857037   0.154049115  8 11 20.00 2010  7  6 2455383.84120370    50    Clear               Pasiphae_08.11.47_0003.fits                        Pasiphae              1024  1024
   0.088   0.098  514.87  578.04 1.247   3292.56   1584.56 25.767 25.718 99.999 16.973 16.924 99.999 99.999 99.999  1.607 99.999 99.999 99.999 99.999  99.999  99.999  99.999  99.999  0.030  0.030  0.026  0.027  0.067  0.070   11    8 99.999 99.999   99   0.154859540   0.154062332  8 12 12.00 2010  7  6 2455383.84180556    50    Clear               Pasiphae_08.12.39_0004.fits                        Pasiphae              1024  1024
   0.118   0.061  514.92  577.50 0.915   3321.87   2142.59 26.127 25.298 99.999 17.323 16.495 99.999 99.999 99.999  0.226 99.999 99.999 99.999 99.999  99.999  99.999  99.999  99.999  0.029  0.006  0.022  0.019  0.053  0.045    7    6 99.999 99.999   99   0.154862880   0.154061918  8 13  5.00 2010  7  6 2455383.84241898    50    Clear               Pasiphae_08.13.31_0005.fits                        Pasiphae              1024  1024
   0.052  -0.001  515.18  577.48 1.358   2530.51   1653.90 25.927 25.246 99.999 17.419 16.738 99.999 99.999 99.999  0.247 99.999 99.999 99.999 99.999  99.999  99.999  99.999  99.999  0.059  0.057  0.024  0.034  0.059  0.083    8    7 99.999 99.999   99   0.154867071   0.154064379  8 14 49.00 2010  7  6 2455383.84362269    50    Clear               Pasiphae_08.15.16_0007.fits                        Pasiphae              1024  1024
   0.080   0.119  515.33  575.84 1.341   3123.74   1510.81 25.636 25.594 99.999 16.899 16.858 99.999 99.999 99.999  1.319 99.999 99.999 99.999 99.999  99.999  99.999  99.999  99.999  0.018  0.018  0.039  0.024  0.093  0.057    9    6 99.999 99.999   99   0.154870372   0.154107910  8 15 42.00 2010  7  6 2455383.84423611    50    Clear               Pasiphae_08.16.08_0008.fits                        Pasiphae              1024  1024
   0.056   0.102  515.46  574.94 1.287   3569.77   1460.81 25.782 25.387 99.999 16.900 16.506 99.999 99.999 99.999  1.276 99.999 99.999 99.999 99.999  99.999  99.999  99.999  99.999  0.015  0.016  0.034  0.017  0.083  0.042    7    6 99.999 99.999   99   0.154872622   0.154113059  8 16 34.00 2010  7  6 2455383.84483796    50    Clear               Pasiphae_08.17.00_0009.fits                        Pasiphae              1024  1024
   0.143  -0.011  515.66  575.69 1.587   2611.74   1411.01 25.592 25.284 99.999 17.050 16.741 99.999 99.999 99.999  0.834 99.999 99.999 99.999 99.999  99.999  99.999  99.999  99.999  0.015  0.015  0.021  0.025  0.058  0.069   12    9 99.999 99.999   99   0.154876957   0.154091507  8 17 26.00 2010  7  6 2455383.84543981    50    Clear               Pasiphae_08.17.52_0010.fits                        Pasiphae              1024  1024
