   0.015   0.021  445.82    7.77 1.144    160.86     98.33 24.792 24.723 99.999 17.957 17.924 99.999 99.999 99.999  0.433 99.999 99.999 99.999 99.999  99.999  99.999  99.999  99.999  0.006  0.006  0.002  0.002  0.028  0.030 2734 2401 -0.000  0.000    0  16.815199240 -21.458346188  0  6 59.48 2007  9 10 2454353.50485505    29  filtro desconhecido   targ_cat_global_reduction_sat_gr1                  Pasiphae              2044  4098
   0.004   0.033  445.82    7.77 1.008    160.86     98.33 24.792 24.723 99.999 17.966 17.904 99.999 99.999 99.999  0.433 99.999 99.999 99.999 99.999  99.999  99.999  99.999  99.999  0.005  0.005  0.002  0.002  0.026  0.028 2734 2693 -0.000  0.000    0  16.815205700 -21.458353233  0  6 59.48 2007  9 10 2454353.50599227    29  filtro desconhecido   targ_cat_global_reduction_sat_gr1                  Pasiphae              2044  4098
  -0.004   0.032  445.82    7.77 1.372    160.86     98.33 24.792 24.723 99.999 17.975 17.939 99.999 99.999 99.999  0.433 99.999 99.999 99.999 99.999  99.999  99.999  99.999  99.999  0.007  0.007  0.003  0.003  0.031  0.032 2734 2169 -0.000  0.000    0  16.815212179 -21.458364211  0  6 59.48 2007  9 10 2454353.50712475    29  filtro desconhecido   targ_cat_global_reduction_sat_gr1                  Pasiphae              2044  4098
  -0.028   0.036  445.82    7.77 1.220    160.86     98.33 24.792 24.723 99.999 17.961 17.917 99.999 99.999 99.999  0.433 99.999 99.999 99.999 99.999  99.999  99.999  99.999  99.999  0.006  0.006  0.003  0.003  0.032  0.034 2734 2160 -0.000  0.000    0  16.815218324 -21.458373249  0  6 59.48 2007  9 10 2454353.50826001    29  filtro desconhecido   targ_cat_global_reduction_sat_gr1                  Pasiphae              2044  4098
  -0.020   0.023  445.82    7.77 1.248    160.86     98.33 24.792 24.723 99.999 18.004 17.948 99.999 99.999 99.999  0.433 99.999 99.999 99.999 99.999  99.999  99.999  99.999  99.999  0.005  0.005  0.003  0.003  0.032  0.032 2734 2325 -0.000  0.000    0  16.815225130 -21.458387504  0  6 59.48 2007  9 10 2454353.50938890    29  filtro desconhecido   targ_cat_global_reduction_sat_gr1                  Pasiphae              2044  4098
  -0.037   0.009  445.82    7.77 1.222    160.86     98.33 24.792 24.723 99.999 17.978 17.936 99.999 99.999 99.999  0.433 99.999 99.999 99.999 99.999  99.999  99.999  99.999  99.999  0.007  0.007  0.003  0.003  0.031  0.032 2734 2220 -0.000  0.000    0  16.815231374 -21.458401722  0  6 59.48 2007  9 10 2454353.51051327    29  filtro desconhecido   targ_cat_global_reduction_sat_gr1                  Pasiphae              2044  4098
  -0.005   0.004  445.82    7.77 1.112    160.86     98.33 24.792 24.723 99.999 18.002 17.971 99.999 99.999 99.999  0.433 99.999 99.999 99.999 99.999  99.999  99.999  99.999  99.999  0.006  0.006  0.002  0.003  0.030  0.033 2734 2380 -0.000  0.000    0  16.815238641 -21.458413532  0  6 59.48 2007  9 10 2454353.51164703    29  filtro desconhecido   targ_cat_global_reduction_sat_gr1                  Pasiphae              2044  4098
  -0.011   0.000  445.82    7.77 1.142    160.86     98.33 24.792 24.723 99.999 18.018 17.965 99.999 99.999 99.999  0.433 99.999 99.999 99.999 99.999  99.999  99.999  99.999  99.999  0.005  0.005  0.003  0.002  0.031  0.029 2734 2372 -0.000  0.000    0  16.815246093 -21.458426323  0  6 59.48 2007  9 10 2454353.51293327    29  filtro desconhecido   targ_cat_global_reduction_sat_gr1                  Pasiphae              2044  4098
   0.002  -0.004  445.82    7.77 1.193    160.86     98.33 24.792 24.723 99.999 17.959 17.975 99.999 99.999 99.999  0.433 99.999 99.999 99.999 99.999  99.999  99.999  99.999  99.999  0.005  0.005  0.003  0.003  0.031  0.033 2734 2179 -0.000  0.000    0  16.815252978 -21.458438190  0  6 59.48 2007  9 10 2454353.51406459    29  filtro desconhecido   targ_cat_global_reduction_sat_gr1                  Pasiphae              2044  4098
   0.039   0.005  443.98   44.51 3.323   -283.59    412.88 17.631 17.572 99.999 16.716 16.899 99.999 99.999 99.999  0.560 99.999 99.999 99.999 99.999  99.999  99.999  99.999  99.999  0.018  0.017  0.003  0.003  0.027  0.026   41  559 -0.000  0.000    0  19.426668406 -21.590690496  4 54 44.31 2008  6  3 2454620.70732523    49  filtro desconhecido   targ_cat_global_reduction_sat_gr1                  Pasiphae              2044  4098
   0.002   0.045  443.98   44.51 2.007   -283.59    412.88 17.631 17.572 99.999 17.071 16.908 99.999 99.999 99.999  0.560 99.999 99.999 99.999 99.999  99.999  99.999  99.999  99.999  0.009  0.009  0.003  0.003  0.022  0.022   41 1415 -0.000  0.000    0  19.426645087 -21.590784117  4 54 44.31 2008  6  3 2454620.71154717    49  filtro desconhecido   targ_cat_global_reduction_sat_gr1                  Pasiphae              2044  4098
   0.049  -0.012  443.98   44.51 2.178   -283.59    412.88 17.631 17.572 99.999 17.000 16.904 99.999 99.999 99.999  0.560 99.999 99.999 99.999 99.999  99.999  99.999  99.999  99.999  0.010  0.010  0.002  0.002  0.023  0.022   41 1294 -0.000  0.000    0  19.426628886 -21.590879620  4 54 44.31 2008  6  3 2454620.71475645    49  filtro desconhecido   targ_cat_global_reduction_sat_gr1                  Pasiphae              2044  4098
   0.182  -0.289 1970.21  113.67 1.088    761.97    412.48 99.999 99.999 99.999 17.693 17.423 99.999 99.999 99.999  0.136 99.999  0.040  0.080  0.100  99.999  99.999  99.999  99.999  0.001  0.001  0.009  0.006  0.030  0.022   98  112  0.001  0.001    0  21.933982792 -13.339306152  9 59 50.99 2009  5 20 2454971.91656241    39  filtro desconhecido   targ_cat_global_reduction_sat_gr1                  Pasiphae              2044  4098
   0.166  -0.263 1970.21  113.67 1.188    761.97    412.48 99.999 99.999 99.999 17.757 17.395 99.999 99.999 99.999  0.136 99.999  0.040  0.080  0.100  99.999  99.999  99.999  99.999  0.016  0.016  0.009  0.010  0.034  0.037   98  135  0.001  0.001    0  21.933987460 -13.339267926  9 59 50.99 2009  5 20 2454971.91773082    39  filtro desconhecido   targ_cat_global_reduction_sat_gr1                  Pasiphae              2044  4098
   0.182  -0.272 1970.21  113.67 0.973    761.97    412.48 99.999 99.999 99.999 17.694 17.317 99.999 99.999 99.999  0.136 99.999  0.040  0.080  0.100  99.999  99.999  99.999  99.999  0.008  0.008  0.008  0.006  0.029  0.023   98  127  0.001  0.001    0  21.933992634 -13.339240395  9 59 50.99 2009  5 20 2454971.91888314    39  filtro desconhecido   targ_cat_global_reduction_sat_gr1                  Pasiphae              2044  4098
   0.145  -0.261 1970.21  113.67 1.027    761.97    412.48 99.999 99.999 99.999 17.724 17.370 99.999 99.999 99.999  0.136 99.999  0.040  0.080  0.100  99.999  99.999  99.999  99.999  0.011  0.011  0.008  0.007  0.034  0.028   98  173  0.001  0.001    0  21.933996844 -13.339206378  9 59 50.99 2009  5 20 2454971.92004507    39  filtro desconhecido   targ_cat_global_reduction_sat_gr1                  Pasiphae              2044  4098
   0.142  -0.232 1970.21  113.67 1.002    761.97    412.48 99.999 99.999 99.999 17.783 17.490 99.999 99.999 99.999  0.136 99.999  0.040  0.080  0.100  99.999  99.999  99.999  99.999  0.009  0.009  0.007  0.008  0.026  0.029   98  138  0.001  0.001    0  21.934006534 -13.339137853  9 59 50.99 2009  5 20 2454971.92234266    39  filtro desconhecido   targ_cat_global_reduction_sat_gr1                  Pasiphae              2044  4098
   0.151  -0.261 1970.21  113.67 1.247    761.97    412.48 99.999 99.999 99.999 17.706 17.248 99.999 99.999 99.999  0.136 99.999  0.040  0.080  0.100  99.999  99.999  99.999  99.999  0.011  0.011  0.009  0.008  0.036  0.032   98  182  0.001  0.001    0  21.934011483 -13.339115880  9 59 50.99 2009  5 20 2454971.92347137    39  filtro desconhecido   targ_cat_global_reduction_sat_gr1                  Pasiphae              2044  4098
   0.178  -0.285 1970.21  113.67 1.101    761.97    412.48 99.999 99.999 99.999 17.743 17.287 99.999 99.999 99.999  0.136 99.999  0.040  0.080  0.100  99.999  99.999  99.999  99.999  0.009  0.009  0.008  0.008  0.034  0.031   98  196  0.001  0.001    0  21.934021773 -13.339061568  9 59 50.99 2009  5 20 2454971.92578064    39  filtro desconhecido   targ_cat_global_reduction_sat_gr1                  Pasiphae              2044  4098
   0.186  -0.254 1970.21  113.67 1.109    761.97    412.48 99.999 99.999 99.999 17.687 17.310 99.999 99.999 99.999  0.136 99.999  0.040  0.080  0.100  99.999  99.999  99.999  99.999  0.006  0.006  0.008  0.006  0.036  0.029   98  224  0.001  0.001    0  21.934026822 -13.339022302  9 59 50.99 2009  5 20 2454971.92694095    39  filtro desconhecido   targ_cat_global_reduction_sat_gr1                  Pasiphae              2044  4098
   0.098  -0.098 1312.48    8.50 0.961     66.18     76.80 24.867 24.396 99.999 17.708 17.312 99.999 99.999 99.999  0.518 99.999 99.999 99.999 99.999  99.999  99.999  99.999  99.999  0.011  0.011  0.009  0.008  0.028  0.024  255  222 -0.000  0.000    0  21.942083367 -13.290328338  7 49 22.35 2009  5 22 2454973.82595317    39  filtro desconhecido   targ_cat_global_reduction_sat_gr1                  Pasiphae              2044  4098
   0.091  -0.083 1312.48    8.50 0.731     66.18     76.80 24.867 24.396 99.999 17.724 17.192 99.999 99.999 99.999  0.518 99.999 99.999 99.999 99.999  99.999  99.999  99.999  99.999  0.006  0.006  0.006  0.006  0.023  0.023  255  253 -0.000  0.000    0  21.942092395 -13.290267409  7 49 22.35 2009  5 22 2454973.82829289    39  filtro desconhecido   targ_cat_global_reduction_sat_gr1                  Pasiphae              2044  4098
   0.099  -0.076 1312.48    8.50 0.787     66.18     76.80 24.867 24.396 99.999 17.720 17.322 99.999 99.999 99.999  0.518 99.999 99.999 99.999 99.999  99.999  99.999  99.999  99.999  0.010  0.010  0.006  0.006  0.025  0.024  255  264 -0.000  0.000    0  21.942097113 -13.290237282  7 49 22.35 2009  5 22 2454973.82945459    39  filtro desconhecido   targ_cat_global_reduction_sat_gr1                  Pasiphae              2044  4098
   0.104  -0.101 1312.48    8.50 0.723     66.18     76.80 24.867 24.396 99.999 17.804 17.310 99.999 99.999 99.999  0.518 99.999 99.999 99.999 99.999  99.999  99.999  99.999  99.999  0.000  0.000  0.004  0.003  0.026  0.021  255  284 -0.000  0.000    0  21.942116197 -13.290126407  7 49 22.35 2009  5 22 2454973.83430395    39  filtro desconhecido   targ_cat_global_reduction_sat_gr1                  Pasiphae              2044  4098
   0.111  -0.106 1312.48    8.50 0.796     66.18     76.80 24.867 24.396 99.999 17.789 17.253 99.999 99.999 99.999  0.518 99.999 99.999 99.999 99.999  99.999  99.999  99.999  99.999  0.013  0.013  0.005  0.004  0.032  0.024  255  279 -0.000  0.000    0  21.942120925 -13.290099047  7 49 22.35 2009  5 22 2454973.83547306    39  filtro desconhecido   targ_cat_global_reduction_sat_gr1                  Pasiphae              2044  4098
   0.105  -0.116 1312.48    8.50 0.693     66.18     76.80 24.867 24.396 99.999 17.744 17.267 99.999 99.999 99.999  0.518 99.999 99.999 99.999 99.999  99.999  99.999  99.999  99.999  0.006  0.008  0.005  0.004  0.029  0.025  255  290 -0.000  0.000    0  21.942125335 -13.290073996  7 49 22.35 2009  5 22 2454973.83662874    39  filtro desconhecido   targ_cat_global_reduction_sat_gr1                  Pasiphae              2044  4098
   0.107  -0.100 1312.48    8.50 0.710     66.18     76.80 24.867 24.396 99.999 17.771 17.197 99.999 99.999 99.999  0.518 99.999 99.999 99.999 99.999  99.999  99.999  99.999  99.999  0.005  0.005  0.005  0.004  0.029  0.026  255  302 -0.000  0.000    0  21.942129899 -13.290041456  7 49 22.35 2009  5 22 2454973.83778396    39  filtro desconhecido   targ_cat_global_reduction_sat_gr1                  Pasiphae              2044  4098
   0.113  -0.102 1312.48    8.50 0.807     66.18     76.80 24.867 24.396 99.999 17.852 17.345 99.999 99.999 99.999  0.518 99.999 99.999 99.999 99.999  99.999  99.999  99.999  99.999  0.014  0.014  0.005  0.003  0.031  0.021  255  312 -0.000  0.000    0  21.942134406 -13.290014631  7 49 22.35 2009  5 22 2454973.83890930    39  filtro desconhecido   targ_cat_global_reduction_sat_gr1                  Pasiphae              2044  4098
   0.113  -0.085 1312.48    8.50 0.676     66.18     76.80 24.867 24.396 99.999 17.730 17.333 99.999 99.999 99.999  0.518 99.999 99.999 99.999 99.999  99.999  99.999  99.999  99.999  0.007  0.007  0.005  0.004  0.033  0.023  255  285 -0.000  0.000    0  21.942138874 -13.289981809  7 49 22.35 2009  5 22 2454973.84005433    39  filtro desconhecido   targ_cat_global_reduction_sat_gr1                  Pasiphae              2044  4098
   0.110  -0.085 1312.48    8.50 0.804     66.18     76.80 24.867 24.396 99.999 17.854 17.391 99.999 99.999 99.999  0.518 99.999 99.999 99.999 99.999  99.999  99.999  99.999  99.999  0.022  0.022  0.005  0.004  0.031  0.026  255  301 -0.000  0.000    0  21.942143373 -13.289953914  7 49 22.35 2009  5 22 2454973.84121349    39  filtro desconhecido   targ_cat_global_reduction_sat_gr1                  Pasiphae              2044  4098
   0.131  -0.111 1813.03   16.02 0.854     89.60    201.04 26.316 25.745 99.999 17.760 17.434 99.999 99.999 99.999  0.361 99.999 99.999 99.999 99.999  99.999  99.999  99.999  99.999  0.010  0.010  0.004  0.004  0.029  0.025  496  388 -0.000  0.001    0  21.942157069 -13.289878354  8 16 15.02 2009  5 22 2454973.84461827    79  filtro desconhecido   targ_cat_global_reduction_sat_gr1                  Pasiphae              2044  4098
   0.138  -0.110 1813.03   16.02 0.789     89.60    201.04 26.316 25.745 99.999 17.735 17.415 99.999 99.999 99.999  0.361 99.999 99.999 99.999 99.999  99.999  99.999  99.999  99.999  0.006  0.006  0.004  0.004  0.026  0.025  496  383 -0.000  0.001    0  21.942164815 -13.289830683  8 16 15.02 2009  5 22 2454973.84656987    79  filtro desconhecido   targ_cat_global_reduction_sat_gr1                  Pasiphae              2044  4098
   0.139  -0.113 1813.03   16.02 0.828     89.60    201.04 26.316 25.745 99.999 17.781 17.391 99.999 99.999 99.999  0.361 99.999 99.999 99.999 99.999  99.999  99.999  99.999  99.999  0.007  0.007  0.004  0.005  0.028  0.029  496  391 -0.000  0.001    0  21.942172395 -13.289784123  8 16 15.02 2009  5 22 2454973.84850306    79  filtro desconhecido   targ_cat_global_reduction_sat_gr1                  Pasiphae              2044  4098
   0.113  -0.114 1813.03   16.02 0.775     89.60    201.04 26.316 25.745 99.999 17.679 17.446 99.999 99.999 99.999  0.361 99.999 99.999 99.999 99.999  99.999  99.999  99.999  99.999  0.009  0.009  0.004  0.004  0.026  0.026  496  403 -0.000  0.001    0  21.942179457 -13.289737317  8 16 15.02 2009  5 22 2454973.85044239    79  filtro desconhecido   targ_cat_global_reduction_sat_gr1                  Pasiphae              2044  4098
   0.136  -0.118 1813.03   16.02 0.845     89.60    201.04 26.316 25.745 99.999 17.777 17.475 99.999 99.999 99.999  0.361 99.999 99.999 99.999 99.999  99.999  99.999  99.999  99.999  0.006  0.006  0.005  0.004  0.029  0.024  496  395 -0.000  0.001    0  21.942187168 -13.289692999  8 16 15.02 2009  5 22 2454973.85230463    79  filtro desconhecido   targ_cat_global_reduction_sat_gr1                  Pasiphae              2044  4098
   0.118  -0.105 1813.03   16.02 0.750     89.60    201.04 26.316 25.745 99.999 17.696 17.407 99.999 99.999 99.999  0.361 99.999 99.999 99.999 99.999  99.999  99.999  99.999  99.999  0.008  0.008  0.004  0.004  0.023  0.024  496  381 -0.000  0.001    0  21.942194356 -13.289642405  8 16 15.02 2009  5 22 2454973.85423852    79  filtro desconhecido   targ_cat_global_reduction_sat_gr1                  Pasiphae              2044  4098
   0.108  -0.101 1813.03   16.02 0.779     89.60    201.04 26.316 25.745 99.999 17.716 17.503 99.999 99.999 99.999  0.361 99.999 99.999 99.999 99.999  99.999  99.999  99.999  99.999  0.014  0.011  0.004  0.004  0.027  0.026  496  409 -0.000  0.001    0  21.942201508 -13.289595441  8 16 15.02 2009  5 22 2454973.85611673    79  filtro desconhecido   targ_cat_global_reduction_sat_gr1                  Pasiphae              2044  4098
   0.112  -0.106 1813.03   16.02 0.708     89.60    201.04 26.316 25.745 99.999 17.661 17.497 99.999 99.999 99.999  0.361 99.999 99.999 99.999 99.999  99.999  99.999  99.999  99.999  0.006  0.006  0.004  0.004  0.026  0.024  496  383 -0.000  0.001    0  21.942209903 -13.289545039  8 16 15.02 2009  5 22 2454973.85825214    79  filtro desconhecido   targ_cat_global_reduction_sat_gr1                  Pasiphae              2044  4098
   0.133  -0.076 1813.03   16.02 0.670     89.60    201.04 26.316 25.745 99.999 17.760 17.396 99.999 99.999 99.999  0.361 99.999 99.999 99.999 99.999  99.999  99.999  99.999  99.999  0.004  0.004  0.005  0.004  0.023  0.022  496  478 -0.000  0.001    0  21.942220453 -13.289472998  8 16 15.02 2009  5 22 2454973.86085995    79  filtro desconhecido   targ_cat_global_reduction_sat_gr1                  Pasiphae              2044  4098
   0.127  -0.107 1813.03   16.02 0.623     89.60    201.04 26.316 25.745 99.999 17.746 17.435 99.999 99.999 99.999  0.361 99.999 99.999 99.999 99.999  99.999  99.999  99.999  99.999  0.004  0.004  0.004  0.005  0.021  0.025  496  495 -0.000  0.001    0  21.942227914 -13.289434100  8 16 15.02 2009  5 22 2454973.86280657    79  filtro desconhecido   targ_cat_global_reduction_sat_gr1                  Pasiphae              2044  4098
   0.135  -0.095 1813.03   16.02 0.563     89.60    201.04 26.316 25.745 99.999 17.609 17.445 99.999 99.999 99.999  0.361 99.999 99.999 99.999 99.999  99.999  99.999  99.999  99.999  0.005  0.005  0.004  0.004  0.024  0.022  496  513 -0.000  0.001    0  21.942235606 -13.289383961  8 16 15.02 2009  5 22 2454973.86474092    79  filtro desconhecido   targ_cat_global_reduction_sat_gr1                  Pasiphae              2044  4098
   0.118  -0.106 1813.03   16.02 0.582     89.60    201.04 26.316 25.745 99.999 17.717 17.474 99.999 99.999 99.999  0.361 99.999 99.999 99.999 99.999  99.999  99.999  99.999  99.999  0.006  0.006  0.005  0.004  0.025  0.021  496  450 -0.000  0.001    0  21.942242829 -13.289339462  8 16 15.02 2009  5 22 2454973.86667956    79  filtro desconhecido   targ_cat_global_reduction_sat_gr1                  Pasiphae              2044  4098
   0.131  -0.088 1813.03   16.02 0.565     89.60    201.04 26.316 25.745 99.999 17.814 17.392 99.999 99.999 99.999  0.361 99.999 99.999 99.999 99.999  99.999  99.999  99.999  99.999  0.005  0.005  0.005  0.004  0.025  0.022  496  480 -0.000  0.001    0  21.942250327 -13.289289070  8 16 15.02 2009  5 22 2454973.86854492    79  filtro desconhecido   targ_cat_global_reduction_sat_gr1                  Pasiphae              2044  4098
   0.137  -0.090 1813.03   16.02 0.570     89.60    201.04 26.316 25.745 99.999 17.692 17.490 99.999 99.999 99.999  0.361 99.999 99.999 99.999 99.999  99.999  99.999  99.999  99.999  0.004  0.004  0.004  0.004  0.024  0.025  496  459 -0.000  0.001    0  21.942257941 -13.289242418  8 16 15.02 2009  5 22 2454973.87047765    79  filtro desconhecido   targ_cat_global_reduction_sat_gr1                  Pasiphae              2044  4098
   0.146  -0.083 1813.03   16.02 0.587     89.60    201.04 26.316 25.745 99.999 17.612 17.455 99.999 99.999 99.999  0.361 99.999 99.999 99.999 99.999  99.999  99.999  99.999  99.999  0.004  0.004  0.003  0.003  0.021  0.021  496  454 -0.000  0.001    0  21.942265417 -13.289194808  8 16 15.02 2009  5 22 2454973.87235355    79  filtro desconhecido   targ_cat_global_reduction_sat_gr1                  Pasiphae              2044  4098
   0.138  -0.090 1813.03   16.02 0.602     89.60    201.04 26.316 25.745 99.999 17.639 17.500 99.999 99.999 99.999  0.361 99.999 99.999 99.999 99.999  99.999  99.999  99.999  99.999  0.004  0.004  0.005  0.004  0.026  0.023  496  472 -0.000  0.001    0  21.942272756 -13.289149545  8 16 15.02 2009  5 22 2454973.87428731    79  filtro desconhecido   targ_cat_global_reduction_sat_gr1                  Pasiphae              2044  4098
   0.155  -0.044    9.86    3.91 1.228     66.20     72.47 24.201 23.383 99.999 17.672 17.289 99.999 99.999 99.999  0.386 99.999 99.999 99.999 99.999  99.999  99.999  99.999  99.999  0.010  0.009  0.010  0.007  0.031  0.022  312  169  0.000  0.001    0  21.949861221 -13.242593445  7 38  0.03 2009  5 24 2454975.83673787    39  filtro desconhecido   targ_cat_global_reduction_sat_gr1                  Pasiphae              2044  4098
   0.138  -0.054    9.86    3.91 0.794     66.20     72.47 24.201 23.383 99.999 18.338 17.957 99.999 99.999 99.999  0.386 99.999 99.999 99.999 99.999  99.999  99.999  99.999  99.999  0.018  0.021  0.008  0.008  0.030  0.030  312  219  0.000  0.001    0  21.949869078 -13.242544456  7 38  0.03 2009  5 24 2454975.83904680    39  filtro desconhecido   targ_cat_global_reduction_sat_gr1                  Pasiphae              2044  4098
   0.138  -0.018    9.86    3.91 1.449     66.20     72.47 24.201 23.383 99.999 17.874 17.548 99.999 99.999 99.999  0.386 99.999 99.999 99.999 99.999  99.999  99.999  99.999  99.999  0.009  0.009  0.007  0.007  0.026  0.027  312  257  0.000  0.001    0  21.949873069 -13.242509070  7 38  0.03 2009  5 24 2454975.84018153    39  filtro desconhecido   targ_cat_global_reduction_sat_gr1                  Pasiphae              2044  4098
   0.145  -0.052    9.86    3.91 1.268     66.20     72.47 24.201 23.383 99.999 17.829 17.501 99.999 99.999 99.999  0.386 99.999 99.999 99.999 99.999  99.999  99.999  99.999  99.999  0.007  0.007  0.006  0.006  0.028  0.027  312  289  0.000  0.001    0  21.949877319 -13.242492394  7 38  0.03 2009  5 24 2454975.84134531    39  filtro desconhecido   targ_cat_global_reduction_sat_gr1                  Pasiphae              2044  4098
   0.072  -0.028    9.86    3.91 1.598     66.20     72.47 24.201 23.383 99.999 17.605 17.234 99.999 99.999 99.999  0.386 99.999 99.999 99.999 99.999  99.999  99.999  99.999  99.999  0.014  0.010  0.008  0.007  0.030  0.028  312  183  0.000  0.001    0  21.949879984 -13.242460018  7 38  0.03 2009  5 24 2454975.84249590    39  filtro desconhecido   targ_cat_global_reduction_sat_gr1                  Pasiphae              2044  4098
   0.175  -0.037    9.86    3.91 1.514     66.20     72.47 24.201 23.383 99.999 17.755 17.429 99.999 99.999 99.999  0.386 99.999 99.999 99.999 99.999  99.999  99.999  99.999  99.999  0.007  0.007  0.008  0.007  0.030  0.026  312  244  0.000  0.001    0  21.949885912 -13.242437347  7 38  0.03 2009  5 24 2454975.84361928    39  filtro desconhecido   targ_cat_global_reduction_sat_gr1                  Pasiphae              2044  4098
   0.181  -0.062    9.86    3.91 1.528     66.20     72.47 24.201 23.383 99.999 17.895 17.547 99.999 99.999 99.999  0.386 99.999 99.999 99.999 99.999  99.999  99.999  99.999  99.999  0.011  0.011  0.007  0.007  0.027  0.030  312  211  0.000  0.001    0  21.949890055 -13.242418689  7 38  0.03 2009  5 24 2454975.84476570    39  filtro desconhecido   targ_cat_global_reduction_sat_gr1                  Pasiphae              2044  4098
  -0.029  -0.107 1181.82    4.55 0.847    484.22    196.25 24.077 23.516 99.999 18.197 17.776 99.999 99.999 99.999  0.226 99.999  0.090  0.170  0.250  99.999  99.999  99.999  99.999  0.015  0.015  0.010  0.010  0.026  0.027  159  146 -0.000 -0.000    0  21.949969983 -13.241895350  8 50 49.97 2009  5 24 2454975.86863389    39  filtro desconhecido   targ_cat_global_reduction_sat_gr1                  Pasiphae              2044  4098
   0.003  -0.085 1181.82    4.55 1.207    484.22    196.25 24.077 23.516 99.999 17.914 17.557 99.999 99.999 99.999  0.226 99.999  0.090  0.170  0.250  99.999  99.999  99.999  99.999  0.008  0.008  0.010  0.012  0.029  0.032  159  179 -0.000 -0.000    0  21.949985826 -13.241791508  8 50 49.97 2009  5 24 2454975.87298587    39  filtro desconhecido   targ_cat_global_reduction_sat_gr1                  Pasiphae              2044  4098
  -0.009  -0.056 1181.82    4.55 1.263    484.22    196.25 24.077 23.516 99.999 17.955 17.517 99.999 99.999 99.999  0.226 99.999  0.090  0.170  0.250  99.999  99.999  99.999  99.999  0.026  0.013  0.009  0.008  0.032  0.028  159  216 -0.000 -0.000    0  21.949989667 -13.241757468  8 50 49.97 2009  5 24 2454975.87414178    39  filtro desconhecido   targ_cat_global_reduction_sat_gr1                  Pasiphae              2044  4098
   0.030  -0.097 1181.82    4.55 1.078    484.22    196.25 24.077 23.516 99.999 18.063 17.701 99.999 99.999 99.999  0.226 99.999  0.090  0.170  0.250  99.999  99.999  99.999  99.999  0.001  0.001  0.008  0.008  0.025  0.023  159  243 -0.000 -0.000    0  21.949994468 -13.241742671  8 50 49.97 2009  5 24 2454975.87529919    39  filtro desconhecido   targ_cat_global_reduction_sat_gr1                  Pasiphae              2044  4098
   0.005  -0.101 1181.82    4.55 0.929    484.22    196.25 24.077 23.516 99.999 17.918 17.507 99.999 99.999 99.999  0.226 99.999  0.090  0.170  0.250  99.999  99.999  99.999  99.999  0.017  0.017  0.009  0.009  0.029  0.028  159  234 -0.000 -0.000    0  21.950005948 -13.241667078  8 50 49.97 2009  5 24 2454975.87871918    39  filtro desconhecido   targ_cat_global_reduction_sat_gr1                  Pasiphae              2044  4098
   0.031  -0.051 1181.82    4.55 1.568    484.22    196.25 24.077 23.516 99.999 17.993 17.490 99.999 99.999 99.999  0.226 99.999  0.090  0.170  0.250  99.999  99.999  99.999  99.999  0.014  0.014  0.011  0.009  0.037  0.028  159  287 -0.000 -0.000    0  21.950013346 -13.241608799  8 50 49.97 2009  5 24 2454975.88068797    39  filtro desconhecido   targ_cat_global_reduction_sat_gr1                  Pasiphae              2044  4098
  -0.001  -0.074 1181.82    4.55 1.202    484.22    196.25 24.077 23.516 99.999 17.876 17.394 99.999 99.999 99.999  0.226 99.999  0.090  0.170  0.250  99.999  99.999  99.999  99.999  0.011  0.008  0.009  0.010  0.028  0.032  159  250 -0.000 -0.000    0  21.950016793 -13.241588789  8 50 49.97 2009  5 24 2454975.88185140    39  filtro desconhecido   targ_cat_global_reduction_sat_gr1                  Pasiphae              2044  4098
  -0.000  -0.066 1181.82    4.55 1.159    484.22    196.25 24.077 23.516 99.999 17.925 17.460 99.999 99.999 99.999  0.226 99.999  0.090  0.170  0.250  99.999  99.999  99.999  99.999  0.008  0.007  0.007  0.008  0.028  0.030  159  264 -0.000 -0.000    0  21.950020856 -13.241560840  8 50 49.97 2009  5 24 2454975.88300789    39  filtro desconhecido   targ_cat_global_reduction_sat_gr1                  Pasiphae              2044  4098
  -0.013  -0.021 1181.82    4.55 1.384    484.22    196.25 24.077 23.516 99.999 17.904 17.445 99.999 99.999 99.999  0.226 99.999  0.090  0.170  0.250  99.999  99.999  99.999  99.999  0.015  0.015  0.008  0.012  0.024  0.036  159  317 -0.000 -0.000    0  21.950024641 -13.241522188  8 50 49.97 2009  5 24 2454975.88416334    39  filtro desconhecido   targ_cat_global_reduction_sat_gr1                  Pasiphae              2044  4098
   0.016  -0.077 1181.82    4.55 1.254    484.22    196.25 24.077 23.516 99.999 17.769 17.365 99.999 99.999 99.999  0.226 99.999  0.090  0.170  0.250  99.999  99.999  99.999  99.999  0.008  0.008  0.008  0.008  0.030  0.030  159  293 -0.000 -0.000    0  21.950029130 -13.241512474  8 50 49.97 2009  5 24 2454975.88528811    39  filtro desconhecido   targ_cat_global_reduction_sat_gr1                  Pasiphae              2044  4098
  -0.023  -0.086 1181.82    4.55 2.166    484.22    196.25 24.077 23.516 99.999 17.083 16.679 99.999 99.999 99.999  0.226 99.999  0.090  0.170  0.250  99.999  99.999  99.999  99.999  0.018  0.018  0.012  0.013  0.033  0.034  159  234 -0.000 -0.000    0  21.950032501 -13.241488490  8 50 49.97 2009  5 24 2454975.88645965    39  filtro desconhecido   targ_cat_global_reduction_sat_gr1                  Pasiphae              2044  4098
   0.012  -0.037 1181.82    4.55 1.467    484.22    196.25 24.077 23.516 99.999 17.874 17.434 99.999 99.999 99.999  0.226 99.999  0.090  0.170  0.250  99.999  99.999  99.999  99.999  0.005  0.005  0.010  0.010  0.033  0.033  159  258 -0.000 -0.000    0  21.950037195 -13.241449213  8 50 49.97 2009  5 24 2454975.88761313    39  filtro desconhecido   targ_cat_global_reduction_sat_gr1                  Pasiphae              2044  4098
   0.026  -0.079 1181.82    4.55 1.317    484.22    196.25 24.077 23.516 99.999 17.908 17.397 99.999 99.999 99.999  0.226 99.999  0.090  0.170  0.250  99.999  99.999  99.999  99.999  0.007  0.007  0.010  0.011  0.028  0.031  159  265 -0.000 -0.000    0  21.950041500 -13.241434763  8 50 49.97 2009  5 24 2454975.88876952    39  filtro desconhecido   targ_cat_global_reduction_sat_gr1                  Pasiphae              2044  4098
