 02 01 2019 22 16 28 16 44 16.8171 -21 14 30.3590 0.343 186.32  40.85  6.07 17.2 175 09:55   5  -3
 03 01 2019 00 22 56 16 44 21.8129 -21 14 39.3810 0.929   6.32  40.83  6.07 15.7 143 09:54   1  -2
 09 01 2019 19 32 07 16 50 43.5569 -21 24 00.9670 0.440   5.72  39.16  6.02 16.7 211 09:34  12 -13
 10 01 2019 07 18 24 16 51 10.6364 -21 24 37.0440 1.153 185.67  39.03  6.01 17.2  34 09:33   4  -1
 10 01 2019 18 46 08 16 51 36.9256 -21 25 13.7530 0.746 185.62  38.90  6.01 15.0 221 09:31   3 -10
 10 01 2019 22 11 32 16 51 44.7541 -21 25 26.0520 0.786   5.62  38.86  6.01 17.2 170 09:31  -5 -13
 11 01 2019 23 30 30 16 52 42.5499 -21 26 43.7670 0.155 185.51  38.57  6.00 17.2 149 09:27   4   5
 14 01 2019 02 05 05 16 54 36.9821 -21 29 17.3910 1.596   5.34  37.97  5.98 17.1 109 09:21   0  -5
 15 01 2019 02 47 16 16 55 32.3941 -21 30 26.1820 1.278 185.25  37.67  5.97 16.9  98 09:18  17  17
 16 01 2019 11 49 47 16 56 45.9415 -21 32 00.4840 0.251 185.13  37.26  5.96 17.0 321 09:14 -32   9
 16 01 2019 12 25 58 16 56 47.2854 -21 32 01.0490 1.368 185.13  37.26  5.96 16.2 312 09:14  -7 -13
 16 01 2019 18 13 50 16 57 00.1200 -21 32 17.9230 0.548 185.11  37.18  5.95 17.0 225 09:13   3  -3
 17 01 2019 20 53 16 16 57 58.9039 -21 33 30.1720 0.993 185.02  36.84  5.94 13.0 184 09:10  -2  -5
 19 01 2019 04 55 48 16 59 08.9985 -21 34 54.8970 1.183 184.91  36.43  5.93 15.7  63 09:05  -2  -1
 19 01 2019 09 06 47 16 59 18.0847 -21 35 08.7980 1.838   4.89  36.37  5.93 16.9 360 09:05  -6  -1
 19 01 2019 17 23 25 16 59 36.0762 -21 35 28.9580 0.579   4.87  36.26  5.93 12.6 235 09:04  -8  -6
 20 01 2019 14 13 41 17 00 21.1549 -21 36 23.2280 1.720   4.80  35.98  5.92 16.2 282 09:01   7  -4
 20 01 2019 19 39 34 17 00 32.8647 -21 36 36.4500 1.272   4.78  35.91  5.91 15.7 200 09:00 -12   4
 21 01 2019 02 23 37 17 00 47.3550 -21 36 53.0840 1.062   4.76  35.82  5.91 15.2  99 09:00   2 -14
 21 01 2019 03 52 02 17 00 50.5179 -21 36 57.3870 1.697   4.75  35.80  5.91 15.8  77 08:59   7 -29
 22 01 2019 02 56 02 17 01 39.9260 -21 37 50.8430 1.599 184.67  35.49  5.90 14.8  90 08:56  12  -8
 22 01 2019 21 03 20 17 02 18.4848 -21 38 34.4190 1.671 184.61  35.24  5.89 14.4 178 08:54 -39   0
 23 01 2019 10 02 22 17 02 45.9587 -21 39 08.6350 1.780   4.57  35.06  5.89 17.1 343 08:52  -1   5
 24 01 2019 01 50 37 17 03 19.2872 -21 39 42.9860 0.777 184.51  34.84  5.88 15.1 105 08:50   1  -1
 24 01 2019 14 13 36 17 03 45.2592 -21 40 13.7200 1.473   4.48  34.66  5.88 16.6 279 08:49   4 -17
 26 01 2019 09 02 23 17 05 14.2828 -21 41 49.8530 1.944   4.34  34.05  5.86 16.8 355 08:43 -10   0
 26 01 2019 17 32 05 17 05 31.7962 -21 42 07.9100 1.536   4.32  33.92  5.85 11.2 228 08:42  -3  -6
 27 01 2019 03 08 56 17 05 51.5511 -21 42 28.8680 1.802   4.28  33.78  5.85 16.8  83 08:41  -1   3
 27 01 2019 08 12 23 17 06 01.9335 -21 42 36.5380 1.334 184.27  33.70  5.85 16.6   7 08:40   2  -9
 27 01 2019 12 14 11 17 06 10.1798 -21 42 45.1740 1.259 184.25  33.65  5.84 16.9 307 08:40   4   2
 28 01 2019 11 24 41 17 06 57.3719 -21 43 33.8170 1.119 184.18  33.30  5.83 16.8 318 08:37  -6   8
 28 01 2019 13 03 40 17 07 00.7017 -21 43 40.0010 1.667   4.18  33.27  5.83 16.2 293 08:36  -7  -5
 29 01 2019 04 44 15 17 07 32.3839 -21 44 11.2400 0.853   4.13  33.04  5.83 16.2  58 08:34  -2  -9
 29 01 2019 07 49 21 17 07 38.6051 -21 44 15.7330 0.898 184.12  32.99  5.82 15.7  11 08:34   0  -5
 30 01 2019 02 39 46 17 08 16.3848 -21 44 53.8620 0.416 184.06  32.70  5.82 16.7  88 08:32  10   5
 30 01 2019 08 40 15 17 08 28.3822 -21 45 04.4240 1.694 184.04  32.61  5.81 15.3 358 08:31  -3  -2
 31 01 2019 05 39 36 17 09 10.0451 -21 45 46.9460 0.107   3.99  32.28  5.80 16.0  42 08:28  -5  -1
 31 01 2019 12 01 50 17 09 22.6182 -21 46 00.4550 1.455   3.96  32.18  5.80 17.0 306 08:27  89  52
 31 01 2019 13 51 17 17 09 26.2257 -21 46 01.7310 0.740 183.95  32.15  5.80 16.9 279 08:27   7  -6
 31 01 2019 21 03 20 17 09 40.3886 -21 46 16.8030 0.718   3.94  32.04  5.80 16.4 171 08:26  -2   5
 01 02 2019 02 23 56 17 09 50.8800 -21 46 26.2970 0.179   3.93  31.95  5.79 17.0  90 08:25  15 -14
 01 02 2019 16 52 56 17 10 19.1960 -21 46 52.7190 0.271 183.87  31.72  5.79 16.9 233 08:23  19 -38
 01 02 2019 21 02 09 17 10 27.2750 -21 47 02.4190 1.810   3.87  31.65  5.78 16.6 170 08:23   2  -4
 02 02 2019 12 07 55 17 10 56.5576 -21 47 29.2790 1.274   3.82  31.41  5.78 16.5 303 08:21  -3  -9
 02 02 2019 13 07 28 17 10 58.4878 -21 47 28.6510 1.143 183.82  31.40  5.78 16.5 288 08:21  -4  -8
 02 02 2019 16 36 21 17 11 05.1986 -21 47 37.4410 1.410   3.81  31.34  5.77 15.7 236 08:20   1   3
 03 02 2019 07 33 43 17 11 33.9796 -21 48 01.4080 1.145 183.76  31.09  5.77 16.5  11 08:18  -2  -5
 07 02 2019 01 49 52 17 14 23.5672 -21 50 34.2650 1.475   3.52  29.58  5.72 14.1  94 08:06 150  -9
 08 02 2019 11 41 49 17 15 25.3558 -21 51 24.4910 0.477 183.42  29.00  5.70 16.9 305 08:02  -8   1
 08 02 2019 21 07 38 17 15 42.3733 -21 51 38.7460 0.359 183.40  28.83  5.70 16.1 163 08:00  -5  11
 09 02 2019 02 10 49 17 15 51.4519 -21 51 47.8090 1.200   3.39  28.74  5.70 16.5  87 08:00   2  -5
 09 02 2019 23 51 58 17 16 30.1750 -21 52 19.6260 1.347   3.33  28.36  5.69 16.7 121 07:57 -16  -6
 10 02 2019 04 33 25 17 16 38.4969 -21 52 25.5740 0.559   3.33  28.28  5.68 14.9  51 07:56   3   6
 10 02 2019 13 22 46 17 16 54.0829 -21 52 39.0490 1.475   3.30  28.12  5.68 16.2 278 07:55   4  -8
 11 02 2019 06 25 23 17 17 23.9923 -21 53 03.0400 1.603   3.26  27.82  5.67 16.4  22 07:53  11   5
 11 02 2019 14 46 12 17 17 38.5461 -21 53 13.0100 0.071   3.25  27.67  5.67 16.6 256 07:52  10  -4
 12 02 2019 00 38 30 17 17 55.6662 -21 53 26.1250 0.250 183.21  27.49  5.66 16.5 108 07:50 -11   1
 12 02 2019 09 17 29 17 18 10.5937 -21 53 36.6560 1.355 183.20  27.34  5.66 16.7 338 07:49  18   9
 12 02 2019 12 17 44 17 18 15.7491 -21 53 43.3170 1.299   3.19  27.28  5.65 16.0 293 07:49 -12   4
 13 02 2019 05 46 26 17 18 45.6441 -21 54 03.2200 1.827 183.15  26.97  5.64 16.6  30 07:46   7 -39
 13 02 2019 07 57 15 17 18 49.3402 -21 54 08.7750 0.897   3.15  26.93  5.64 15.7 357 07:46   0   6
 14 02 2019 17 07 45 17 19 45.1671 -21 54 50.6300 0.586   3.07  26.32  5.63 16.8 219 07:42  -8 -14
 15 02 2019 16 44 45 17 20 24.2428 -21 55 19.4800 0.514   3.02  25.89  5.61 16.2 224 07:38  20   6
 16 02 2019 20 15 02 17 21 09.0475 -21 55 50.6280 0.915 182.96  25.37  5.60 16.3 170 07:35 -13  -3
 17 02 2019 11 16 24 17 21 33.1900 -21 56 08.2440 0.602 182.93  25.10  5.59 16.7 304 07:32   7  13
 17 02 2019 12 48 20 17 21 35.6408 -21 56 09.7280 0.865 182.93  25.06  5.59 10.2 281 07:32  -1   2
 20 02 2019 06 29 14 17 23 18.3441 -21 57 21.5110 0.737 182.81  23.82  5.55 16.2  14 07:23 -11   0
 21 02 2019 21 03 30 17 24 16.5291 -21 57 59.8450 1.724 182.75  23.08  5.53 15.5 154 07:18   0   0
 22 02 2019 06 59 27 17 24 31.2472 -21 58 10.7210 0.661 182.74  22.89  5.53 16.7   4 07:16   4  -4
 22 02 2019 11 15 25 17 24 37.5312 -21 58 16.7190 1.163   2.73  22.81  5.52 16.6 300 07:16 -21  13
 25 02 2019 03 04 37 17 26 09.2224 -21 59 16.6650 1.263   2.64  21.56  5.49 16.5  61 07:07  -6   2
 25 02 2019 20 53 14 17 26 33.9900 -21 59 33.1820 1.924   2.62  21.21  5.48 15.3 153 07:04  -1  -3
 26 02 2019 11 51 50 17 26 54.5474 -21 59 43.2900 1.036 182.61  20.91  5.47 16.2 288 07:02 -15  -4
 27 02 2019 08 50 48 17 27 22.8984 -22 00 01.0590 1.166 182.59  20.49  5.46 15.5 332 06:59  -1  -2
 28 02 2019 17 31 39 17 28 06.0233 -22 00 29.3580 0.155   2.56  19.83  5.44 16.1 201 06:55  13   8
 01 03 2019 06 36 16 17 28 22.9296 -22 00 38.8520 0.851 182.55  19.56  5.43 15.2   4 06:53  -2   1
 01 03 2019 23 47 04 17 28 44.8173 -22 00 54.6480 1.399   2.54  19.21  5.42 14.4 106 06:50  -9   9
 04 03 2019 10 16 40 17 29 56.6751 -22 01 37.9480 0.553   2.52  18.00  5.38 15.5 306 06:42  -8  -5
 05 03 2019 04 32 40 17 30 18.2480 -22 01 51.4610 0.868   2.52  17.62  5.37 16.0  32 06:39   4  -6
 05 03 2019 09 24 11 17 30 23.9223 -22 01 53.0050 1.055 182.52  17.52  5.37 16.2 319 06:39 -19  -2
 06 03 2019 07 52 13 17 30 49.7418 -22 02 10.3280 0.474   2.52  17.05  5.36 13.9 341 06:35   0   0
 06 03 2019 08 07 45 17 30 50.0324 -22 02 11.5070 1.474   2.52  17.05  5.36 14.1 337 06:35   8  -7
 07 03 2019 20 36 34 17 31 30.5916 -22 02 34.7180 0.180 182.53  16.28  5.34 14.9 148 06:30  -2   5
 08 03 2019 16 40 58 17 31 52.1805 -22 02 47.3120 0.886 182.55  15.86  5.32 16.2 207 06:27 -11   7
 08 03 2019 22 27 57 17 31 58.2994 -22 02 52.1140 0.133   2.55  15.73  5.32 15.6 120 06:26   1  -6
 10 03 2019 01 05 41 17 32 25.9285 -22 03 09.1230 0.020 182.56  15.17  5.30 16.0  79 06:22 -154 136
 11 03 2019 06 56 17 17 32 55.7905 -22 03 26.6860 1.216 182.60  14.53  5.29 12.1 351 06:18 -172 173
 11 03 2019 10 05 38 17 32 58.8748 -22 03 29.8720 0.013   2.63  14.47  5.28 15.6 303 06:17   4   7
 11 03 2019 14 11 08 17 33 02.8661 -22 03 30.4680 1.919 182.62  14.38  5.28 16.1 242 06:17 -11 -19
 12 03 2019 00 37 29 17 33 12.9246 -22 03 39.0390 0.240   2.63  14.16  5.28 16.1  85 06:15  17 -19
 13 03 2019 14 05 14 17 33 47.8478 -22 04 01.7050 0.309   2.70  13.36  5.25 15.2 241 06:10  -6  -6
 14 03 2019 17 26 27 17 34 12.1569 -22 04 16.8470 0.678 182.76  12.78  5.24 15.1 190 06:06 -21   2
 16 03 2019 17 14 30 17 34 52.1868 -22 04 44.7830 0.289 182.91  11.75  5.21 15.9 191 05:58  -2  -7
 17 03 2019 02 25 51 17 34 59.5188 -22 04 51.2590 0.972   2.94  11.56  5.20 15.9  53 05:57  -2   3
 17 03 2019 14 21 12 17 35 08.8610 -22 04 58.8660 1.845   2.99  11.30  5.20 15.4 234 05:55  12  -2
 18 03 2019 08 33 41 17 35 22.7616 -22 05 07.0700 0.174 183.07  10.91  5.18 15.3 320 05:52  75  23
 18 03 2019 10 53 37 17 35 24.5041 -22 05 09.3460 0.800   3.08  10.86  5.18 15.4 285 05:52 -18  -3
 18 03 2019 16 18 33 17 35 28.5306 -22 05 12.2220 0.652   3.11  10.74  5.18 15.8 203 05:51   2  -8
 19 03 2019 16 54 39 17 35 46.3111 -22 05 24.3450 0.888 183.23  10.22  5.17 15.2 193 05:47 -14  -4
 20 03 2019 05 41 13 17 35 55.1967 -22 05 34.0830 1.800   3.30   9.94  5.16 15.5   1 05:46 -11  19
 20 03 2019 23 22 02 17 36 07.1347 -22 05 42.5980 0.590   3.41   9.56  5.15 15.6  95 05:43  -4  -3
 21 03 2019 07 08 20 17 36 12.2402 -22 05 46.9990 0.730   3.46   9.40  5.14 14.0 338 05:42  -6 -11
 21 03 2019 08 54 05 17 36 13.3957 -22 05 45.8130 1.426 183.48   9.36  5.14 15.6 312 05:41  11 -20
 21 03 2019 12 04 44 17 36 15.4496 -22 05 47.8540 1.124 183.50   9.29  5.14 14.7 264 05:41  -9 -11
 21 03 2019 21 41 39 17 36 21.5832 -22 05 52.7040 1.535 183.56   9.09  5.13 13.9 120 05:39  -1  -5
 22 03 2019 05 47 02 17 36 26.6290 -22 05 59.6620 1.010   3.63   8.91  5.13 14.0 358 05:38  16 -15
 22 03 2019 17 54 10 17 36 34.0436 -22 06 03.4830 1.785 183.73   8.65  5.12 15.2 176 05:36  -3 -14
 23 03 2019 23 06 38 17 36 51.0025 -22 06 22.8570 1.700   4.00   8.03  5.10 11.8  96 05:32   0   0
 27 03 2019 06 57 54 17 37 31.1223 -22 07 04.9210 0.341   5.05   6.31  5.06 14.2 335 05:19   1 -17
 27 03 2019 15 21 39 17 37 34.7906 -22 07 10.6710 1.519   5.19   6.13  5.05 14.8 209 05:18 -36  61
 27 03 2019 21 03 12 17 37 37.2459 -22 07 10.4480 1.823 185.30   6.01  5.05 14.3 124 05:17  -1   7
 30 03 2019 11 12 50 17 38 00.6728 -22 07 47.4630 1.113   6.84   4.68  5.01 14.2 269 05:07  -1  -5
 31 03 2019 23 31 09 17 38 11.6999 -22 08 07.6280 1.165   8.23   3.90  4.99 14.2  83 05:01 -43  10
 02 04 2019 05 42 58 17 38 19.3729 -22 08 23.6870 0.338   9.93   3.27  4.97 14.2 349 04:57  -1  -8
 03 04 2019 01 40 03 17 38 23.6956 -22 08 33.9970 0.606 191.44   2.85  4.96 14.1  48 04:53  -3   9
 11 04 2019 17 28 24 17 38 32.6704 -22 10 37.3810 0.748 338.94  -1.67  4.85 13.2 163 04:19 -22   0
 14 04 2019 13 42 54 17 38 21.2895 -22 11 17.7400 1.444 168.18  -2.99  4.81 13.4 216 04:08 -14   6
 17 04 2019 01 13 04 17 38 05.7092 -22 11 56.4480 0.789 171.34  -4.14  4.78 14.3  41 03:58  -5   6
 17 04 2019 06 19 36 17 38 04.1337 -22 12 00.6340 0.093 351.53  -4.24  4.78 13.1 325 03:57 -11  -8
 18 04 2019 15 27 33 17 37 52.9231 -22 12 23.2540 1.064 352.57  -4.88  4.76 14.6 186 03:52   0  -3
 19 04 2019 23 23 47 17 37 40.5528 -22 12 42.3200 1.025 173.34  -5.48  4.74 14.7  66 03:46   8 -32
 22 04 2019 19 14 46 17 37 09.3494 -22 13 29.1620 0.144 354.51  -6.74  4.71 15.3 125 03:34 -26   0
 24 04 2019 18 44 55 17 36 43.5022 -22 14 00.2800 1.254 175.10  -7.61  4.69 15.0 130 03:26   6 -14
 25 04 2019 12 17 27 17 36 33.1495 -22 14 14.1490 0.526 355.28  -7.92  4.68 15.5 227 03:23  -2  -3
 27 04 2019 01 06 51 17 36 09.9663 -22 14 39.3990 0.261 355.64  -8.57  4.66 14.4  33 03:17   2   1
 28 04 2019 06 40 06 17 35 49.9723 -22 14 59.4480 0.265 175.88  -9.09  4.65 15.5 308 03:12  -8   7
 28 04 2019 18 34 59 17 35 41.5749 -22 15 09.2550 1.235 355.97  -9.29  4.64 15.6 129 03:09  46  19
 28 04 2019 21 14 43 17 35 39.6603 -22 15 09.2410 0.641 175.99  -9.34  4.64 15.4  89 03:09 -33 -77
 29 04 2019 08 52 31 17 35 31.2209 -22 15 16.9310 1.074 176.08  -9.53  4.64 14.5 274 03:07   3 -14
 29 04 2019 09 48 15 17 35 30.5346 -22 15 16.6970 1.958 176.08  -9.55  4.64 15.2 260 03:07 -75 -26
 29 04 2019 10 54 05 17 35 29.7361 -22 15 19.2000 0.218 176.09  -9.57  4.64 15.4 243 03:07   3 -23
 30 04 2019 06 07 05 17 35 15.3252 -22 15 31.1030 1.748 176.22  -9.89  4.63 15.6 314 03:03 -16  -6
 02 05 2019 18 44 07 17 34 26.6134 -22 16 15.2120 0.001 356.56 -10.89  4.60 15.7 122 02:52  -4   5
 04 05 2019 14 25 27 17 33 48.4752 -22 16 45.8790 0.254 356.82 -11.57  4.58 15.1 185 02:45  52   0
 04 05 2019 14 58 20 17 33 47.9768 -22 16 45.1850 0.821 176.83 -11.58  4.58 14.8 177 02:44 -29  23
 07 05 2019 07 33 08 17 32 47.0862 -22 17 31.3980 0.823 357.13 -12.55  4.56 15.7 285 02:33 -29 -11
 09 05 2019 23 13 03 17 31 42.0462 -22 18 12.3240 1.480 177.38 -13.45  4.54 15.8  47 02:21  -6  -8
 11 05 2019 05 50 49 17 31 09.0812 -22 18 35.3200 1.057 357.50 -13.86  4.53 15.8 306 02:16   6   1
 13 05 2019 07 42 03 17 30 13.1810 -22 19 08.7350 1.738 357.67 -14.49  4.51 15.1 276 02:07  -1   7
 17 05 2019 17 23 08 17 28 06.1255 -22 20 14.3320 0.844 358.00 -15.71  4.48 15.5 126 01:47  -3   3
 17 05 2019 21 49 12 17 28 00.5514 -22 20 15.1240 1.052 178.02 -15.76  4.48 16.0  59 01:46  -8   5
 18 05 2019 18 09 42 17 27 34.7768 -22 20 29.5470 1.160 358.08 -15.97  4.47 14.9 113 01:43  -8   3
 20 05 2019 17 48 08 17 26 32.9471 -22 20 54.7400 1.440 178.22 -16.44  4.46 16.3 117 01:34  -2  12
 20 05 2019 23 31 03 17 26 25.4002 -22 20 58.5220 0.911 178.23 -16.50  4.46 15.2  31 01:33  -9   2
 24 05 2019 01 18 34 17 24 45.5839 -22 21 40.1030 0.361 358.43 -17.16  4.44 16.3   0 01:19  -8   8
 25 05 2019 08 57 54 17 24 01.5064 -22 21 57.1090 1.104 358.52 -17.41  4.44 16.2 244 01:13 -13   1
 25 05 2019 22 22 50 17 23 42.6136 -22 22 02.8730 0.173 358.55 -17.51  4.43 16.3  42 01:10 -13  -7
 26 05 2019 00 15 02 17 23 39.9672 -22 22 01.8310 1.793 178.56 -17.53  4.43 13.5  14 01:10  -2   3
 26 05 2019 15 09 43 17 23 18.8166 -22 22 12.6700 1.767 358.60 -17.64  4.43 16.1 149 01:07  79 -98
 26 05 2019 23 43 28 17 23 06.6034 -22 22 16.9220 1.907 358.62 -17.70  4.43 15.9  21 01:06 -14  -1
 29 05 2019 01 31 46 17 21 54.6751 -22 22 37.2920 0.629 178.75 -18.03  4.42 15.4 351 00:56 -10  -8
 29 05 2019 12 55 10 17 21 38.0289 -22 22 42.8710 0.040 178.78 -18.10  4.42 15.5 180 00:54 -11   6
 29 05 2019 15 02 04 17 21 34.9283 -22 22 42.6210 1.207 178.78 -18.11  4.42 16.2 148 00:54   0   0
 30 05 2019 04 41 02 17 21 14.8751 -22 22 49.2690 0.395 178.81 -18.19  4.42 15.4 303 00:51  -5  -7
 30 05 2019 20 37 22 17 20 51.3353 -22 22 54.5580 1.750 178.85 -18.28  4.42 16.2  63 00:48  -2   1
 31 05 2019 10 15 35 17 20 31.1013 -22 23 00.3410 1.502 178.89 -18.35  4.41 15.3 218 00:46  -3   2
 31 05 2019 17 00 17 17 20 21.0617 -22 23 03.2360 1.294 178.90 -18.38  4.41 16.1 116 00:44  -4  -8
 31 05 2019 21 00 32 17 20 15.0936 -22 23 06.0260 0.083 178.91 -18.40  4.41 16.0  56 00:43  -3  -4
 03 06 2019 05 30 30 17 18 50.1677 -22 23 28.6810 1.550 359.04 -18.65  4.41 16.2 286 00:33  32 -32
 04 06 2019 04 28 44 17 18 15.3133 -22 23 36.2260 1.221 359.09 -18.72  4.41 16.3 300 00:28  -9   1
 04 06 2019 14 24 14 17 18 00.2043 -22 23 39.5070 1.220 359.11 -18.76  4.41 14.3 151 00:27   7 -12
 05 06 2019 03 11 32 17 17 40.6970 -22 23 44.2080 1.797 359.14 -18.79  4.40 15.1 318 00:24   5  -4
 05 06 2019 07 02 09 17 17 34.8221 -22 23 42.4300 1.198 179.15 -18.81  4.40 15.7 260 00:23   1 -23
 05 06 2019 16 55 53 17 17 19.6905 -22 23 46.5780 0.131 179.17 -18.83  4.40 15.7 112 00:22   5  -3
 07 06 2019 08 46 16 17 16 18.5558 -22 23 57.9720 0.443 179.25 -18.92  4.40 16.1 232 00:14 -17 -18
 07 06 2019 17 58 27 17 16 04.3947 -22 24 01.4740 0.513 359.26 -18.93  4.40 16.4  94 00:12 -14 -18
 09 06 2019 20 36 13 17 14 46.3110 -22 24 13.2930 0.642 179.36 -18.98  4.40 13.3  52 00:03  -2   3
 10 06 2019 02 33 41 17 14 37.1104 -22 24 15.8290 0.480 359.37 -18.99  4.40 12.9 322 00:01   3  -5
 10 06 2019 07 57 56 17 14 28.7625 -22 24 16.1330 0.479 179.38 -18.99  4.40 15.3 241 00:00  -3  -6
 10 06 2019 13 29 26 17 14 20.2281 -22 24 18.5090 0.624 359.39 -18.99  4.40 14.4 158 23:59  -1  -4
 10 06 2019 17 16 34 17 14 14.3784 -22 24 17.2970 1.448 179.40 -18.99  4.40 16.2 101 23:59 -10  -2
 14 06 2019 23 13 22 17 11 37.1051 -22 24 36.7750 1.829 179.56 -18.91  4.40 15.6   7 23:39  -3  -5
 15 06 2019 09 38 09 17 11 21.1037 -22 24 40.5060 0.214 359.57 -18.89  4.40 15.0 210 23:37   3  -9
 15 06 2019 12 44 37 17 11 16.3315 -22 24 40.8650 0.080 359.57 -18.89  4.40 13.5 163 23:37 -17 -25
 15 06 2019 15 51 29 17 11 11.5503 -22 24 41.0440 0.228 179.58 -18.88  4.40 16.1 116 23:36   1  -3
 16 06 2019 03 00 21 17 10 54.4527 -22 24 42.5200 0.458 179.60 -18.86  4.40 15.9 309 23:34  -1  -4
 16 06 2019 11 29 30 17 10 41.4548 -22 24 44.8080 0.576 359.61 -18.84  4.40 16.3 181 23:32  -1  -5
 19 06 2019 06 36 21 17 08 59.2751 -22 24 53.6960 0.802 359.69 -18.64  4.41 15.9 251 23:20  15   0
 20 06 2019 07 07 34 17 08 22.2796 -22 24 55.5620 0.014 359.71 -18.55  4.41 14.9 242 23:15 -10  -4
 21 06 2019 06 42 51 17 07 46.8962 -22 24 59.5310 1.663 359.74 -18.45  4.42 15.6 247 23:11  53 -38
 21 06 2019 06 58 55 17 07 46.4945 -22 24 56.0900 1.802 179.74 -18.45  4.42 15.9 243 23:11 -16   6
 21 06 2019 17 22 41 17 07 30.9699 -22 24 58.0520 0.797 179.75 -18.40  4.42 15.2  87 23:09   2   7
 23 06 2019 03 14 27 17 06 40.7232 -22 25 03.0380 1.333 359.78 -18.24  4.42 16.1 297 23:02  -5   1
 23 06 2019 09 11 54 17 06 31.9371 -22 25 02.6730 0.504 359.78 -18.21  4.42 16.2 207 23:01  -8  -3
 23 06 2019 10 20 12 17 06 30.2595 -22 25 00.9410 1.316 179.78 -18.20  4.42 16.0 190 23:01   0 -15
 24 06 2019 09 15 04 17 05 56.6395 -22 25 02.1250 1.823 179.80 -18.07  4.43 16.2 205 22:56   3   5
 24 06 2019 17 49 15 17 05 44.1355 -22 25 05.2670 0.722 359.80 -18.02  4.43 15.5  77 22:55   0   0
 25 06 2019 22 49 50 17 05 02.0993 -22 25 04.5270 1.922 179.82 -17.84  4.43 16.4   0 22:49  -7  -9
 26 06 2019 10 59 55 17 04 44.6095 -22 25 06.7300 0.472 179.82 -17.77  4.44 14.1 177 22:47   6  23
 27 06 2019 04 51 54 17 04 19.0889 -22 25 06.6840 1.583 179.83 -17.64  4.44 16.1 268 22:44   2  -5
 29 06 2019 19 11 42 17 02 51.6681 -22 25 11.0370 0.742 179.84 -17.18  4.45 16.1  50 22:32  17   5
 30 06 2019 23 34 26 17 02 12.7661 -22 25 14.2920 0.918 359.83 -16.94  4.46 14.3 343 22:27  -1  -1
 04 07 2019 13 24 40 17 00 18.9574 -22 25 18.3980 0.484 179.76 -16.14  4.48 15.1 132 22:11   1  -3
 05 07 2019 08 28 10 16 59 54.5397 -22 25 19.9100 0.445 179.74 -15.95  4.48 15.2 205 22:07  -8  -7
 06 07 2019 10 28 17 16 59 21.7580 -22 25 21.1880 1.386 179.70 -15.67  4.49 14.3 174 22:02  -6  -1
 06 07 2019 19 59 31 16 59 09.9126 -22 25 21.5920 1.863 179.68 -15.57  4.50 15.8  30 22:01 -15  -9
 06 07 2019 21 31 57 16 59 08.0050 -22 25 23.9090 0.307 359.68 -15.55  4.50 15.3   7 22:00  -5 -13
 07 07 2019 19 42 21 16 58 40.7871 -22 25 25.6170 0.209 179.64 -15.30  4.50 15.5  34 21:56   0   7
 10 07 2019 01 30 32 16 57 36.7680 -22 25 31.0730 1.216 179.52 -14.68  4.52 15.5 304 21:46  -1  -5
 10 07 2019 11 16 14 16 57 25.4707 -22 25 34.0520 0.409 359.49 -14.56  4.52 15.9 157 21:45  -5 -19
 14 07 2019 09 02 53 16 55 42.1421 -22 25 50.8280 0.814 359.17 -13.36  4.56 13.6 186 21:27   0  -3
 15 07 2019 19 11 56 16 55 06.9472 -22 25 58.9370 1.244 359.02 -12.90  4.57 15.7  32 21:21 -13 -11
 15 07 2019 22 38 09 16 55 03.4768 -22 25 57.5970 0.925 179.01 -12.85  4.57 15.8 341 21:21   2   1
 16 07 2019 00 04 41 16 55 02.0243 -22 25 57.0220 1.852 179.00 -12.83  4.57 15.5 319 21:20   9   1
 19 07 2019 01 23 53 16 53 51.4981 -22 26 20.1050 0.787 358.58 -11.80  4.60 15.4 296 21:07   8  -5
 19 07 2019 08 06 45 16 53 45.3578 -22 26 19.8090 1.651 178.54 -11.70  4.60 15.1 195 21:06   2  -9
 23 07 2019 03 20 59 16 52 27.5452 -22 26 57.0580 1.581 357.79 -10.31  4.64 14.0 262 20:50  13  -9
 23 07 2019 08 42 54 16 52 23.2925 -22 26 57.6870 0.094 177.73 -10.23  4.64 15.6 182 20:49   2  -4
 01 08 2019 04 15 36 16 50 06.2793 -22 29 00.7810 1.292 354.02  -6.70  4.74 12.1 239 20:12  -6 -13
 01 08 2019 09 28 06 16 50 03.6612 -22 29 02.4960 0.831 173.86  -6.61  4.75 14.9 161 20:11  12   1
 03 08 2019 13 07 12 16 49 39.9265 -22 29 43.5820 0.041 172.02  -5.69  4.77 13.4 104 20:02   1   4
 14 08 2019 23 06 19 16 48 37.4350 -22 34 32.6360 0.135 289.46  -1.36  4.92 12.8 302 19:16  11   2
 27 08 2019 16 20 07 16 49 33.0978 -22 42 25.5350 0.273 198.23   5.92  5.10 14.3  32 18:27  -7   0
 01 09 2019 20 45 16 16 50 32.9528 -22 46 22.7100 0.247  14.32   8.42  5.17 11.6 321 18:07  16 -12
 02 09 2019 19 31 50 16 50 46.2068 -22 47 07.6380 0.742 193.84   8.88  5.19 15.5 338 18:04   3  -9
 05 09 2019 01 15 32 16 51 20.1332 -22 49 01.2950 1.766  12.86   9.96  5.22 15.2 250 17:55  -4  -1
 05 09 2019 04 48 36 16 51 22.5599 -22 49 05.9370 1.158 192.80  10.03  5.22 15.3 197 17:55   2 -13
 06 09 2019 18 55 13 16 51 49.1352 -22 50 27.4970 1.084 192.22  10.80  5.25 15.7 344 17:49  -3  -4
 07 09 2019 03 31 15 16 51 55.3791 -22 50 47.1430 0.071 192.10  10.97  5.25 13.5 214 17:48   5  -7
 12 09 2019 10 11 52 16 53 38.5034 -22 55 33.1830 0.693  10.66  13.49  5.33 16.0 109 17:29  -2  -9
 13 09 2019 22 14 38 16 54 11.5491 -22 56 55.7830 1.221 190.33  14.20  5.35 14.6 287 17:23  -1 -11
 17 09 2019 01 50 39 16 55 25.9238 -22 59 59.1710 0.859   9.71  15.67  5.39 15.0 230 17:12   0  -9
 17 09 2019 09 23 46 16 55 33.7567 -23 00 15.7200 1.019 189.66  15.82  5.40 15.7 117 17:11 -10  -2
 19 09 2019 09 15 06 16 56 24.7885 -23 02 16.1140 1.696   9.31  16.75  5.43 14.6 117 17:04  -2  -8
 21 09 2019 00 02 22 16 57 08.1751 -23 03 50.7210 0.442 189.05  17.50  5.45 15.2 254 16:58   2  -3
 21 09 2019 13 47 08 16 57 23.9394 -23 04 27.2040 1.528   8.96  17.76  5.46 15.8  47 16:56  -6  -1
 22 09 2019 06 01 22 16 57 42.8675 -23 05 08.2020 1.567   8.86  18.08  5.47 16.4 163 16:54 -21   4
 23 09 2019 01 16 52 16 58 05.7108 -23 05 56.9210 1.483   8.74  18.44  5.48 15.9 234 16:51 -14   1
 24 09 2019 09 23 21 16 58 44.7689 -23 07 15.4940 1.847 188.55  19.06  5.50 14.5 111 16:47   0   0
 24 09 2019 20 07 49 16 58 58.0798 -23 07 43.3140 1.540 188.49  19.26  5.50 16.2 309 16:45 -19  -2
 25 09 2019 13 45 50 16 59 20.1862 -23 08 31.6220 1.493   8.39  19.59  5.51 15.7  44 16:42 -51  22
 28 09 2019 11 46 57 17 00 51.5219 -23 11 30.6760 0.823 188.01  20.91  5.55 16.5  72 16:32  11 -12
 30 09 2019 21 17 11 17 02 10.4891 -23 14 01.8910 0.108   7.73  21.98  5.59 15.6 287 16:24 -10  -1
 01 10 2019 12 23 39 17 02 31.8158 -23 14 42.0870 0.679   7.64  22.25  5.59 16.4  60 16:22  19 -21
 02 10 2019 20 32 20 17 03 18.0104 -23 16 05.2200 0.663 187.48  22.83  5.61 16.4 296 16:18 -19 -18
 03 10 2019 00 14 00 17 03 23.3701 -23 16 16.6850 1.099   7.46  22.90  5.61 12.4 241 16:17  -4  -4
 03 10 2019 09 38 34 17 03 37.1285 -23 16 41.2020 0.857   7.42  23.07  5.62 16.4  99 16:16  -2  -2
 03 10 2019 20 16 22 17 03 52.7827 -23 17 08.7020 0.375   7.37  23.26  5.62 14.7 300 16:14  -8  -5
 04 10 2019 02 25 13 17 04 01.8965 -23 17 23.7110 0.808 187.33  23.37  5.63 15.9 207 16:14  -8   0
 04 10 2019 08 21 12 17 04 10.7182 -23 17 39.3390 0.801 187.31  23.47  5.63 16.2 118 16:13  -1  -8
 04 10 2019 20 46 06 17 04 29.2847 -23 18 12.8810 0.051   7.28  23.70  5.64 16.7 291 16:11   0   0
 06 10 2019 02 24 41 17 05 14.2708 -23 19 29.5740 1.316 187.11  24.22  5.65 16.7 206 16:07   0   0
 06 10 2019 13 24 11 17 05 31.1650 -23 19 58.8710 0.949 187.06  24.41  5.66 16.1  40 16:05   8  -5
 06 10 2019 23 53 56 17 05 47.4188 -23 20 25.6510 1.795 187.01  24.59  5.66 11.6 243 16:04   1  -5
 07 10 2019 06 39 24 17 05 57.9299 -23 20 44.1110 1.106 186.98  24.71  5.67 16.7 141 16:03  -4  24
 07 10 2019 20 02 58 17 06 18.8859 -23 21 21.4650 1.051   6.92  24.94  5.67 16.4 300 16:01  -6  -4
 08 10 2019 18 17 07 17 06 54.0992 -23 22 19.1170 0.296   6.82  25.32  5.69 16.3 325 15:58   0  -2
 08 10 2019 23 07 08 17 07 01.8078 -23 22 32.6440 1.148   6.80  25.41  5.69 15.5 253 15:57  -8 -11
 10 10 2019 06 33 48 17 07 52.5682 -23 23 52.1750 1.711 186.65  25.94  5.71 16.3 140 15:53 -12  -3
 11 10 2019 04 21 04 17 08 28.2631 -23 24 49.7070 1.089 186.56  26.31  5.72 12.8 172 15:50   4  -5
 11 10 2019 13 39 23 17 08 43.6327 -23 25 15.4260 0.378   6.52  26.46  5.72 14.8  32 15:49  -3  -2
 12 10 2019 06 39 44 17 09 11.9457 -23 26 00.1550 0.854   6.44  26.75  5.73 13.3 137 15:46   0  -4
 12 10 2019 20 50 08 17 09 35.7658 -23 26 34.8560 1.257 186.38  26.98  5.74 16.7 284 15:45   1  -9
 12 10 2019 23 19 54 17 09 39.9781 -23 26 41.1610 1.426 186.37  27.02  5.74 16.4 246 15:44  -8  -1
 13 10 2019 03 40 18 17 09 47.2933 -23 26 54.8540 1.035   6.35  27.09  5.74 16.3 181 15:44 -12  -8
 13 10 2019 05 28 09 17 09 50.3432 -23 26 58.6730 0.191   6.35  27.12  5.74 16.5 154 15:43   1  -4
 13 10 2019 16 29 06 17 10 09.0571 -23 27 27.0010 0.021   6.39  27.30  5.75 16.3 348 15:42   3 -27
 14 10 2019 00 41 52 17 10 23.0896 -23 27 46.9030 1.300 186.25  27.44  5.75 15.1 225 15:41   3  -8
 14 10 2019 01 21 02 17 10 24.1961 -23 27 49.9220 0.031   6.30  27.45  5.75 15.7 215 15:41 -15   3
 14 10 2019 01 59 44 17 10 25.3112 -23 27 50.1950 1.357 186.25  27.46  5.75 15.0 205 15:41  13 -23
 14 10 2019 18 29 29 17 10 53.6588 -23 28 35.0190 0.982   6.18  27.73  5.76 13.7 317 15:38   6 -18
 15 10 2019 07 07 38 17 11 15.5548 -23 29 06.9700 0.471   6.13  27.93  5.77 16.2 127 15:37  -2  -9
 16 10 2019 03 06 04 17 11 50.4483 -23 29 57.9710 0.342   6.04  28.26  5.78 16.9 187 15:34   0   0
 16 10 2019 03 34 27 17 11 51.2705 -23 30 00.2680 1.438   6.04  28.26  5.78 16.9 180 15:34 -18   0
 16 10 2019 18 29 52 17 12 17.5717 -23 30 38.7800 1.906   5.97  28.50  5.78 16.9 316 15:32  -6 -11
 17 10 2019 10 28 16 17 12 45.9621 -23 31 16.5410 0.917 185.90  28.76  5.79 16.9  75 15:30   4  -7
 17 10 2019 11 24 23 17 12 47.6159 -23 31 20.7750 0.956   5.90  28.77  5.79 16.8  61 15:30  -9 -14
 17 10 2019 19 26 44 17 13 01.9939 -23 31 39.7200 0.457 185.86  28.90  5.79 14.1 301 15:28  -6  -2
 18 10 2019 01 04 59 17 13 12.0902 -23 31 55.5950 1.179   5.84  28.99  5.80 16.9 216 15:28   0  -2
 18 10 2019 02 12 32 17 13 14.1104 -23 31 58.6460 1.390   5.84  29.01  5.80 15.8 199 15:28   4  -5
 18 10 2019 03 18 45 17 13 16.1016 -23 32 00.3230 0.275   5.83  29.02  5.80 16.9 182 15:27   2  -3
 18 10 2019 09 07 33 17 13 26.5712 -23 32 14.1100 0.599 185.80  29.11  5.80 16.5  95 15:27  12  -3
 18 10 2019 09 47 05 17 13 27.7416 -23 32 18.1400 1.782   5.80  29.13  5.80 16.3  85 15:27   1  -9
 18 10 2019 23 58 16 17 13 53.4157 -23 32 52.1990 0.164   5.75  29.35  5.81 16.8 232 15:25   0   0
 19 10 2019 17 44 27 17 14 25.8061 -23 33 35.8020 0.702 185.66  29.63  5.82 16.5 325 15:22 -29  -6
 19 10 2019 22 26 35 17 14 34.4184 -23 33 47.8110 0.420 185.64  29.70  5.82 16.5 254 15:22  11 -12
 20 10 2019 19 37 00 17 15 13.4283 -23 34 41.3280 0.506   5.56  30.03  5.83 16.9 296 15:19   3  -3
 22 10 2019 18 48 22 17 16 41.7213 -23 36 36.2290 0.481 185.35  30.75  5.85 16.8 306 15:13  -2  -7
 23 10 2019 05 40 18 17 17 02.2903 -23 37 05.0380 1.931   5.31  30.91  5.85 16.9 143 15:11  -3  -2
 23 10 2019 06 25 08 17 17 03.7250 -23 37 04.5160 0.411 185.30  30.92  5.85 16.9 132 15:11   5   6
 24 10 2019 11 42 30 17 17 59.6897 -23 38 17.2780 1.747   5.18  31.36  5.87 16.9  51 15:07  -6  -4
 25 10 2019 08 09 06 17 18 39.1773 -23 39 04.0900 0.236 185.09  31.66  5.88 15.0 104 15:04   8  -7
 26 10 2019 07 00 09 17 19 23.6736 -23 40 00.1270 1.780   5.00  31.99  5.89 16.4 120 15:01  -2  -7
 26 10 2019 12 23 08 17 19 34.2171 -23 40 12.8630 1.870   4.98  32.07  5.89 15.9  40 15:01   1   3
 27 10 2019 00 51 20 17 19 58.7504 -23 40 38.5150 1.667 184.92  32.25  5.89 16.5 212 14:59 -10  -6
 27 10 2019 04 58 58 17 20 06.8810 -23 40 49.3910 0.404 184.90  32.31  5.89 16.7 150 14:59   1  -6
 27 10 2019 13 57 21 17 20 24.6138 -23 41 11.2720 0.632   4.87  32.44  5.90 16.7  15 14:57  10   1
 27 10 2019 14 46 26 17 20 26.2311 -23 41 13.5640 1.030   4.87  32.45  5.90 17.0   3 14:57   9 -17
 27 10 2019 15 48 44 17 20 28.3033 -23 41 13.5670 1.381 184.86  32.47  5.90 15.9 347 14:57  -1   0
 27 10 2019 16 47 21 17 20 30.2385 -23 41 16.0010 1.209 184.86  32.48  5.90 17.1 333 14:57  -8  20
 28 10 2019 04 30 14 17 20 53.5079 -23 41 43.9770 0.268 184.80  32.65  5.90 16.9 156 14:55  -6  -7
 28 10 2019 14 56 10 17 21 14.3135 -23 42 09.1960 1.008   4.77  32.79  5.91 16.5 360 14:54   7  17
 28 10 2019 20 32 32 17 21 25.5399 -23 42 20.6350 0.372 184.74  32.87  5.91 15.4 275 14:53   6   4
 29 10 2019 02 20 35 17 21 37.1620 -23 42 35.5280 1.306   4.72  32.96  5.91 16.7 188 14:53   2   2
 29 10 2019 12 38 37 17 21 57.8901 -23 42 56.8860 0.717 184.67  33.10  5.92 16.9  33 14:51   6   3
 29 10 2019 22 49 18 17 22 18.4339 -23 43 20.2050 0.365 184.63  33.24  5.92 16.6 240 14:50  41  32
 30 10 2019 04 13 03 17 22 29.3504 -23 43 33.3820 0.690   4.61  33.31  5.92 17.0 159 14:49   1  -1
 30 10 2019 05 54 13 17 22 32.7642 -23 43 37.7750 1.305   4.60  33.34  5.92 17.0 134 14:49 -23   9
 30 10 2019 06 59 49 17 22 34.9943 -23 43 38.0330 0.893 184.60  33.35  5.92 15.1 117 14:49   9  -4
 30 10 2019 08 24 57 17 22 37.8577 -23 43 43.8500 1.754   4.59  33.37  5.93 16.2  96 14:49   3 -11
 30 10 2019 12 26 15 17 22 46.0339 -23 43 51.2090 0.114   4.59  33.43  5.93 16.9  36 14:48  11  -1
 30 10 2019 14 19 39 17 22 49.8693 -23 43 56.5990 1.293   4.57  33.45  5.93 17.1   7 14:48 -26   2
 30 10 2019 14 47 34 17 22 50.8227 -23 43 56.3920 0.033   4.61  33.46  5.93 16.9   0 14:48   5 -10
 30 10 2019 18 06 08 17 22 57.5545 -23 44 04.2250 0.506   4.56  33.50  5.93 15.9 310 14:47 -11 -11
 30 10 2019 22 27 43 17 23 06.4508 -23 44 11.8560 1.559 184.53  33.56  5.93 17.0 245 14:47   4   2
 31 10 2019 09 43 06 17 23 29.4428 -23 44 38.1420 0.174 184.47  33.71  5.94 15.3  76 14:45  20  -6
 31 10 2019 10 29 56 17 23 31.0373 -23 44 40.4890 0.450   4.49  33.72  5.94 16.1  64 14:45   5  -7
 31 10 2019 12 51 22 17 23 35.8577 -23 44 47.1770 1.952   4.47  33.76  5.94 17.0  29 14:45 -10  -5
 31 10 2019 15 07 60 17 23 40.5328 -23 44 51.1100 0.873   4.47  33.79  5.94 16.5 354 14:45   4  -1
 31 10 2019 23 18 37 17 23 57.3328 -23 45 08.2420 0.068   4.45  33.90  5.94 16.7 231 14:44  12  41
 01 11 2019 03 25 06 17 24 05.7957 -23 45 15.8120 1.331 184.41  33.95  5.94 16.9 170 14:43   7  -2
 01 11 2019 05 27 41 17 24 10.0005 -23 45 21.1310 0.463 184.40  33.98  5.94 17.0 139 14:43   0   0
 01 11 2019 13 14 15 17 24 26.0441 -23 45 38.8260 0.333   4.38  34.08  5.95 16.3  22 14:42 -15 -12
 01 11 2019 15 51 18 17 24 31.4470 -23 45 46.0530 1.896   4.36  34.11  5.95 15.3 343 14:41   8  -2
 02 11 2019 17 41 36 17 25 25.1366 -23 46 37.8250 1.793 184.25  34.45  5.96 14.4 314 14:38  -3  -3
 02 11 2019 20 41 60 17 25 31.3995 -23 46 46.3000 0.296   4.24  34.49  5.96 16.9 269 14:38   6  -8
 03 11 2019 13 00 06 17 26 05.5242 -23 47 21.0570 0.636   4.17  34.70  5.96 16.1  24 14:36  -2   0
 08 11 2019 00 33 01 17 29 55.0026 -23 50 57.0000 0.240 183.70  36.03  6.00 15.5 207 14:22  -1  -4
 08 11 2019 20 51 56 17 30 39.1602 -23 51 36.5970 0.517   3.63  36.27  6.01 17.1 262 14:19 -11 -11
 09 11 2019 03 44 29 17 30 54.1611 -23 51 50.0210 0.957   3.60  36.35  6.01 17.0 159 14:18  15   4
 09 11 2019 04 28 55 17 30 55.7880 -23 51 49.3960 1.065 183.59  36.36  6.01 17.1 147 14:18  53  29
 09 11 2019 19 48 59 17 31 29.3503 -23 52 19.4540 0.349   3.53  36.53  6.02 16.9 277 14:16 -31 -10
 09 11 2019 20 07 52 17 31 30.0407 -23 52 20.0510 0.362   3.53  36.54  6.02 17.1 272 14:16 -38  -3
 09 11 2019 22 54 36 17 31 36.1491 -23 52 22.9830 1.853 183.51  36.57  6.02 16.8 230 14:16   3  -3
 10 11 2019 00 28 25 17 31 39.5786 -23 52 26.7490 0.974 183.50  36.59  6.02 17.1 207 14:16 -52 -86
 10 11 2019 16 06 03 17 32 13.9698 -23 52 56.5020 0.141   3.45  36.76  6.02 17.2 332 14:14  -3 -46
 10 11 2019 17 57 18 17 32 18.0663 -23 52 58.5640 1.165 183.43  36.79  6.02 16.9 304 14:13  21 -21
 11 11 2019 07 26 08 17 32 47.8635 -23 53 23.6280 0.405 183.37  36.94  6.03 17.1 102 14:12 -11 -12
 11 11 2019 08 13 13 17 32 49.5956 -23 53 26.2860 0.849   3.37  36.95  6.03 16.8  90 14:12   1   0
 11 11 2019 08 27 53 17 32 50.1336 -23 53 27.5840 1.711   3.37  36.95  6.03 15.9  86 14:12 -26  35
 11 11 2019 09 52 37 17 32 53.2633 -23 53 29.8640 1.466   3.37  36.96  6.03 16.7  65 14:11   5  -5
 11 11 2019 21 36 02 17 33 19.2837 -23 53 50.2340 1.018   3.32  37.09  6.03 16.8 249 14:10 -21   3
 12 11 2019 02 34 06 17 33 30.3334 -23 53 58.7890 0.826   3.29  37.15  6.03 17.1 174 14:09   5  -2
 12 11 2019 08 46 25 17 33 44.1512 -23 54 10.3570 1.536   3.27  37.22  6.03 16.9  81 14:08 -28   8
 12 11 2019 10 13 12 17 33 47.3888 -23 54 09.7960 1.551 183.26  37.23  6.03 16.5  59 14:08  28  71
 12 11 2019 15 02 34 17 33 58.1380 -23 54 20.9330 1.212   3.24  37.29  6.04 16.9 346 14:08  -6   4
 13 11 2019 04 34 13 17 34 28.3957 -23 54 42.9230 0.058 183.16  37.44  6.04 16.7 143 14:06  -3   2
 14 11 2019 05 10 34 17 35 23.6826 -23 55 24.8330 0.413   3.08  37.70  6.05 16.1 133 14:03   5  -5
 14 11 2019 05 18 21 17 35 23.9769 -23 55 24.6480 0.026   3.19  37.70  6.05 17.0 131 14:03   0   0
 14 11 2019 06 03 56 17 35 25.6910 -23 55 25.5280 0.367 183.07  37.71  6.05 16.9 120 14:03 -29   1
 14 11 2019 09 53 16 17 35 34.3072 -23 55 32.7810 0.560   3.06  37.75  6.05 16.7  62 14:02  -6 -12
 15 11 2019 21 59 40 17 36 56.1320 -23 56 30.6990 0.128   2.91  38.13  6.06 17.0 240 13:58 -13  30
 16 11 2019 00 50 59 17 37 02.6311 -23 56 35.5110 0.439   2.89  38.16  6.06 17.0 197 13:57  -1   1
 16 11 2019 13 01 01 17 37 30.3815 -23 56 54.0010 0.078 182.82  38.28  6.06 17.2  14 13:56   0   0
 16 11 2019 14 27 59 17 37 33.6935 -23 56 55.9030 0.426 182.82  38.30  6.06 15.7 352 13:56 -12  -9
 16 11 2019 16 19 16 17 37 37.9261 -23 57 00.3910 1.196   2.82  38.32  6.06 17.0 324 13:55   0   0
 16 11 2019 20 57 26 17 37 48.5265 -23 57 07.8180 1.488   2.80  38.36  6.06 13.4 254 13:55  15 -19
 17 11 2019 03 37 19 17 38 03.7894 -23 57 17.1400 0.627   2.77  38.43  6.07 17.2 154 13:54  -9 -19
 17 11 2019 07 43 09 17 38 13.1844 -23 57 22.8730 0.142   2.77  38.47  6.07 16.1  93 13:53  -6  -8
 17 11 2019 15 13 05 17 38 30.4053 -23 57 32.1120 1.903 182.72  38.55  6.07 16.1 340 13:52  -2   4
 17 11 2019 17 17 58 17 38 35.1770 -23 57 38.3950 1.270   2.72  38.57  6.07 15.9 309 13:52 -10  -3
 17 11 2019 19 38 43 17 38 40.5687 -23 57 42.3350 1.715   2.70  38.59  6.07 16.8 273 13:52 -35 -13
 17 11 2019 21 07 40 17 38 43.9887 -23 57 41.6270 1.200 182.70  38.61  6.07 17.0 251 13:52   9  -5
 17 11 2019 22 39 42 17 38 47.5135 -23 57 45.2490 0.145   2.70  38.62  6.07 17.1 228 13:51 -13  -8
 18 11 2019 11 26 06 17 39 16.9456 -23 58 05.2260 1.362   2.64  38.75  6.07 17.0  36 13:50   1  -1
 18 11 2019 11 49 26 17 39 17.8453 -23 58 05.1910 0.761   2.63  38.76  6.07 16.4  30 13:50   2   4
 18 11 2019 12 26 54 17 39 19.2881 -23 58 05.5930 0.252   2.64  38.76  6.07 17.2  21 13:50   0   0
 18 11 2019 12 52 58 17 39 20.2975 -23 58 04.3650 1.607 182.63  38.77  6.07 17.2  14 13:50 -27  56
 18 11 2019 17 08 41 17 39 30.1303 -23 58 13.6640 1.523   2.61  38.81  6.08 17.1 310 13:49 -12  20
