 03 01 2019 16 49 49 16 46 35.8570 -21 40 12.6060 1.066 188.23  41.12  6.08 16.6 256 09:54   0 -11
 04 01 2019 01 41 46 16 46 56.9625 -21 40 56.1530 0.038 188.08  41.03  6.08 17.0 123 09:53 -11   1
 05 01 2019 01 27 37 16 47 53.4215 -21 42 47.2480 1.782 188.12  40.80  6.07 17.0 126 09:50  -7   6
 05 01 2019 04 56 42 16 48 01.6770 -21 43 03.8330 1.599 188.10  40.76  6.07 16.5  73 09:50  -3  -6
 08 01 2019 05 08 13 16 50 51.5496 -21 48 35.9990 1.128 187.85  40.01  6.04 14.8  68 09:40   3   7
 08 01 2019 12 41 53 16 51 09.1779 -21 49 12.7940 1.847   7.83  39.93  6.04 12.2 315 09:40   9 -10
 11 01 2019 17 42 19 16 54 07.4863 -21 54 45.3570 0.714 187.55  39.06  6.02 15.5 237 09:30  -2  -8
 14 01 2019 05 45 54 16 56 24.4484 -21 58 56.2300 0.880   7.35  38.35  5.99 16.0  54 09:22  -6  -8
 14 01 2019 10 13 15 16 56 34.5451 -21 59 13.2210 0.210 187.32  38.30  5.99 17.0 347 09:22  -8  -5
 15 01 2019 04 30 19 16 57 15.8318 -22 00 25.6890 1.333 187.27  38.07  5.98 16.9  72 09:19  -3  -8
 15 01 2019 11 15 04 16 57 31.0104 -22 00 53.0070 0.915 187.25  37.99  5.98 17.0 331 09:19   1  -1
 16 01 2019 21 09 45 16 58 46.9260 -22 03 08.6960 1.525   7.14  37.57  5.97 17.2 181 09:14  -8  -9
 18 01 2019 07 51 08 17 00 03.9341 -22 05 21.0600 0.943   7.03  37.12  5.95 16.6  20 09:10  -2 -12
 19 01 2019 06 32 50 17 00 53.9395 -22 06 45.2570 0.042 186.28  36.83  5.95 15.2  39 09:07  -3   2
 21 01 2019 09 54 40 17 02 45.9563 -22 09 51.9520 0.712 186.78  36.15  5.92 14.5 347 09:00  -1 -11
 22 01 2019 19 39 41 17 03 58.6785 -22 11 49.9160 1.952 186.68  35.69  5.91 15.4 199 08:56  -2   0
 25 01 2019 08 13 32 17 06 07.3138 -22 15 17.0420 1.024 186.49  34.84  5.88 16.4   9 08:48   3   0
 25 01 2019 08 52 07 17 06 08.6699 -22 15 18.7900 1.416 186.49  34.83  5.88 16.5 359 08:48  -5  -9
 26 01 2019 16 13 14 17 07 14.2690 -22 17 04.3060 1.242   6.40  34.38  5.87 17.0 248 08:44 -13  -4
 26 01 2019 19 59 17 17 07 22.1182 -22 17 15.4150 0.150   6.40  34.33  5.87 14.5 191 08:44   1  -8
 27 01 2019 13 43 48 17 07 58.8924 -22 18 14.0650 1.911   6.33  34.07  5.86 16.5 284 08:41 -11 -19
 27 01 2019 16 35 13 17 08 04.8004 -22 18 22.5540 1.308   6.33  34.03  5.86 15.6 242 08:41   0   0
 29 01 2019 07 27 47 17 09 24.5678 -22 20 22.1870 0.635 186.21  33.45  5.84 12.3  17 08:36  -1  -4
 29 01 2019 09 31 40 17 09 28.7620 -22 20 29.9240 0.760   6.21  33.42  5.84 16.6 346 08:36  17  -1
 31 01 2019 04 37 18 17 10 55.8297 -22 22 37.4360 1.779 186.08  32.76  5.82 16.1  58 08:30   3   0
 01 02 2019 01 22 40 17 11 37.2330 -22 23 41.6760 1.505   6.03  32.44  5.81 15.1 106 08:27  16  -6
 01 02 2019 21 15 25 17 12 16.6079 -22 24 37.9650 0.393   5.98  32.12  5.80 16.7 167 08:25  -7  -5
 02 02 2019 09 25 14 17 12 40.5361 -22 25 13.6280 1.420   5.94  31.93  5.79 15.5 345 08:23   3   4
 02 02 2019 22 30 19 17 13 06.1700 -22 25 48.3400 0.739 185.90  31.72  5.79 16.5 148 08:21  -3   1
 03 02 2019 04 43 10 17 13 18.2757 -22 26 07.4060 0.975   5.89  31.62  5.78 15.5  54 08:20  -9  -1
 03 02 2019 09 33 58 17 13 27.7097 -22 26 20.3500 0.440   5.88  31.54  5.78 16.7 342 08:20   6 -11
 03 02 2019 13 30 38 17 13 35.3676 -22 26 31.7380 0.906   5.87  31.48  5.78 16.8 282 08:19 -16 -27
 03 02 2019 13 46 46 17 13 35.8965 -22 26 31.5300 0.039 185.83  31.48  5.78 16.1 278 08:19  43  13
 03 02 2019 20 52 35 17 13 49.6328 -22 26 52.9740 1.846   5.85  31.36  5.77 15.3 172 08:18   0  -6
 06 02 2019 23 59 29 17 16 12.6258 -22 30 12.4480 1.640   5.66  30.12  5.74 15.0 122 08:08  -2   9
 07 02 2019 22 15 25 17 16 54.0983 -22 31 08.7050 1.230   5.61  29.75  5.72 16.6 148 08:05  -6  -4
 08 02 2019 15 34 56 17 17 26.0862 -22 31 49.7000 1.098 185.56  29.46  5.71 16.5 247 08:03 -13  -1
 08 02 2019 19 26 51 17 17 33.1702 -22 32 01.0510 0.690   5.56  29.39  5.71 16.9 189 08:03  -3  -6
 08 02 2019 20 48 59 17 17 35.6767 -22 32 04.9800 1.241   5.55  29.37  5.71 16.9 168 08:02  -9  -4
 09 02 2019 11 02 16 17 18 01.6798 -22 32 36.7040 1.929 185.52  29.12  5.70 16.8 315 08:01  -7   5
 09 02 2019 12 08 49 17 18 03.6930 -22 32 40.2170 1.114 185.51  29.10  5.70 15.4 298 08:00   1   0
 10 02 2019 06 23 10 17 18 36.7334 -22 33 24.1310 1.233 185.47  28.79  5.69 16.6  24 07:58  -1  -4
 10 02 2019 20 24 19 17 19 01.9188 -22 33 58.4960 0.209 185.44  28.55  5.69 15.2 173 07:56  -2 -14
 11 02 2019 17 43 10 17 19 39.8732 -22 34 49.2170 0.631   5.40  28.17  5.68 16.8 213 07:53  16  -8
 11 02 2019 20 37 43 17 19 45.0333 -22 34 54.3200 1.005 185.39  28.12  5.67 15.3 169 07:53   3 -15
 12 02 2019 09 28 08 17 20 07.6510 -22 35 26.0180 1.203   5.36  27.90  5.67 16.8 336 07:51 -19  -9
 12 02 2019 16 21 26 17 20 19.7423 -22 35 39.8990 0.605 185.35  27.78  5.66 15.8 232 07:50   4   4
 12 02 2019 17 17 54 17 20 21.3797 -22 35 43.3960 0.764   5.35  27.76  5.66 15.7 218 07:50   6  -4
 13 02 2019 04 09 44 17 20 40.3354 -22 36 07.2420 0.097   5.34  27.57  5.66 16.6  55 07:49  32  85
 13 02 2019 07 35 50 17 20 46.2967 -22 36 16.0850 1.251   5.32  27.51  5.65 15.4   3 07:48 -78  14
 13 02 2019 07 56 31 17 20 46.8934 -22 36 17.1290 1.525   5.32  27.50  5.65 12.6 358 07:48  17 -21
 13 02 2019 10 53 03 17 20 52.0011 -22 36 22.9760 0.797   5.31  27.45  5.65 16.9 314 07:48  -6  10
 13 02 2019 15 10 15 17 20 59.4264 -22 36 31.7730 0.043   5.33  27.37  5.65 16.1 249 07:47   3  -3
 14 02 2019 01 06 32 17 21 16.5729 -22 36 52.2860 1.418 185.28  27.20  5.65 16.7 100 07:46  -3  -2
 14 02 2019 02 33 52 17 21 19.0713 -22 36 56.0210 0.883 185.28  27.17  5.64 16.7  78 07:45   7   9
 14 02 2019 04 12 35 17 21 21.8928 -22 37 00.2950 0.217 185.27  27.14  5.64 15.3  53 07:45  -1  -4
 14 02 2019 19 56 20 17 21 48.7804 -22 37 34.1410 0.640 185.24  26.86  5.63 14.3 177 07:43  -1   4
 14 02 2019 22 28 01 17 21 53.0649 -22 37 41.7860 1.553   5.24  26.81  5.63 16.8 139 07:43  -4  -6
 15 02 2019 01 29 56 17 21 58.2281 -22 37 45.9900 0.784 185.23  26.76  5.63 15.5  93 07:42  -7  -3
 15 02 2019 02 25 58 17 21 59.8164 -22 37 47.3720 1.413 185.23  26.74  5.63 15.9  79 07:42  -5 -14
 15 02 2019 23 05 39 17 22 34.6398 -22 38 31.9380 0.825 185.19  26.37  5.62 16.0 129 07:39  17  -4
 16 02 2019 02 31 15 17 22 40.3651 -22 38 40.8050 0.837   5.19  26.31  5.62 16.5  77 07:39  -9  -4
 16 02 2019 03 23 45 17 22 41.8388 -22 38 41.0300 0.782 185.18  26.29  5.62 10.2  64 07:39  12  -5
 16 02 2019 06 43 14 17 22 47.3836 -22 38 49.0420 0.264   5.18  26.23  5.62 15.2  14 07:38  -2  -5
 16 02 2019 11 11 15 17 22 54.8161 -22 38 59.9460 1.845   5.17  26.15  5.61 15.6 307 07:38   3   0
 16 02 2019 15 55 45 17 23 02.7183 -22 39 06.2300 1.744 185.16  26.07  5.61 16.0 235 07:37  -3  -3
 16 02 2019 17 21 55 17 23 05.0866 -22 39 11.3170 0.371   5.16  26.04  5.61 15.3 214 07:37 -13 -36
 17 02 2019 01 01 51 17 23 17.7574 -22 39 28.5740 1.809   5.15  25.90  5.61 16.4  99 07:36  -2 -12
 17 02 2019 10 26 45 17 23 33.2663 -22 39 45.7550 0.299 185.12  25.73  5.60 16.0 317 07:35  -6 -11
 19 02 2019 01 15 06 17 24 36.1970 -22 41 05.1380 1.397   5.07  25.02  5.58 16.4  94 07:29   2   5
 22 02 2019 13 26 19 17 26 47.5198 -22 43 43.1220 0.322   4.95  23.46  5.53 16.7 268 07:18  15  11
 24 02 2019 17 04 38 17 28 04.4034 -22 45 15.6150 1.367   4.89  22.48  5.50 16.3 212 07:10 -14  -3
 25 02 2019 10 46 41 17 28 30.1010 -22 45 46.0810 1.506   4.87  22.14  5.49 16.6 305 07:08   0   0
 27 02 2019 20 46 32 17 29 51.9065 -22 47 19.6870 0.739 184.82  21.02  5.45 16.0 153 07:00   1  -7
 01 03 2019 10 09 18 17 30 42.6306 -22 48 17.5960 1.842 184.80  20.28  5.43 15.6 311 06:54  -2  93
 01 03 2019 10 54 50 17 30 43.6282 -22 48 21.3250 0.720   4.80  20.27  5.43 16.5 300 06:54  -3  -3
 02 03 2019 03 14 57 17 31 05.2809 -22 48 45.8100 0.089   4.80  19.95  5.42 16.0  54 06:52  -7  -9
 06 03 2019 15 09 37 17 33 20.4341 -22 51 20.6260 1.460 184.79  17.78  5.36 15.8 232 06:37  -1 -13
 07 03 2019 12 03 13 17 33 44.9660 -22 51 52.3010 1.772   4.80  17.36  5.34 14.8 278 06:34  -3  -3
 07 03 2019 22 45 56 17 33 57.3500 -22 52 06.0170 1.115   4.80  17.14  5.34 13.2 117 06:32 -20 -31
 08 03 2019 03 19 38 17 34 02.5945 -22 52 09.6050 1.381 184.81  17.05  5.34 14.1  48 06:31   0   0
 09 03 2019 01 50 17 17 34 28.0203 -22 52 39.6430 0.940 184.82  16.59  5.32 15.3  70 06:28   0   0
 10 03 2019 18 47 57 17 35 12.6689 -22 53 31.9890 0.867 184.87  15.75  5.30 15.9 174 06:22  18   6
 12 03 2019 14 43 06 17 35 58.1742 -22 54 28.1150 1.398   4.93  14.85  5.27 15.7 233 06:16  -9  -5
 13 03 2019 12 45 36 17 36 20.1076 -22 54 51.4560 1.492 184.97  14.39  5.26 15.8 262 06:12  -9  -1
 13 03 2019 18 36 26 17 36 25.7969 -22 55 01.4480 1.644   4.98  14.27  5.25 15.8 174 06:12  13  -2
 14 03 2019 12 10 44 17 36 42.6873 -22 55 21.7170 1.493   5.02  13.91  5.24 14.6 270 06:09  -5   3
 15 03 2019 00 22 11 17 36 54.1713 -22 55 35.3950 1.194   5.05  13.66  5.23 16.1  86 06:07  12 -13
 16 03 2019 11 36 44 17 37 26.2884 -22 56 12.6960 1.069 185.15  12.93  5.21 16.0 276 06:02  -2  -6
 18 03 2019 06 49 26 17 38 03.4099 -22 57 00.9970 0.391   5.29  12.04  5.19 13.7 347 05:55   4   7
 18 03 2019 22 21 43 17 38 16.1691 -22 57 15.4780 1.555 185.36  11.72  5.18 15.7 113 05:53   5  12
 21 03 2019 11 16 42 17 39 03.0044 -22 58 19.7020 0.360   5.66  10.46  5.14 15.7 277 05:44   2   4
 21 03 2019 12 26 57 17 39 03.8631 -22 58 19.8610 0.654 185.68  10.44  5.14 15.1 259 05:44   0   0
 21 03 2019 13 45 46 17 39 04.8143 -22 58 21.4260 0.395 185.68  10.41  5.14 15.5 240 05:43  14 -16
 21 03 2019 15 14 26 17 39 05.8770 -22 58 23.7780 0.492   5.69  10.38  5.14 13.0 217 05:43   9   6
 22 03 2019 04 06 52 17 39 15.0636 -22 58 36.8860 0.877   5.77  10.11  5.13 14.7  24 05:41   4  -5
 22 03 2019 13 56 39 17 39 21.9466 -22 58 43.9340 1.715 185.83   9.91  5.12 15.7 236 05:40   6 -13
 24 03 2019 08 11 10 17 39 49.9131 -22 59 27.2460 1.119   6.15   9.03  5.10 15.5 321 05:33  13  -3
 24 03 2019 23 57 15 17 39 59.7243 -22 59 42.4390 1.553   6.29   8.71  5.09 15.4  84 05:31  17   6
 27 03 2019 04 42 60 17 40 30.0371 -23 00 30.6990 1.765   6.85   7.61  5.06 15.0  10 05:23 -15 -10
 02 04 2019 03 04 17 17 41 32.0791 -23 02 29.1970 0.266   9.83   4.67  4.97 14.4  29 05:00 -13  -2
 10 04 2019 07 59 46 17 42 09.1471 -23 04 54.8810 1.519  48.35   0.89  4.86 12.8 307 04:29  38 -18
 14 04 2019 04 03 02 17 42 07.0176 -23 05 53.4920 0.401 153.60  -1.36  4.81 13.1   3 04:13  -3   0
 17 04 2019 01 18 41 17 41 57.2196 -23 06 36.5000 0.712 347.53  -2.61  4.77 14.3  41 04:02  -9   7
 20 04 2019 05 29 24 17 41 38.3919 -23 07 20.3590 1.622 352.60  -4.00  4.73 14.8 335 03:49  -5 -10
 20 04 2019 23 14 04 17 41 32.7846 -23 07 27.5950 0.666 173.30  -4.33  4.72 14.8  68 03:46  -1   1
 21 04 2019 07 50 09 17 41 29.9077 -23 07 31.3080 1.496 173.62  -4.48  4.72 14.1 299 03:45  -4   1
 22 04 2019 14 37 57 17 41 18.7855 -23 07 50.1810 1.525 354.55  -5.04  4.70 15.0 195 03:39 -21  -8
 23 04 2019 06 59 25 17 41 12.3162 -23 07 58.4990 1.660 354.96  -5.33  4.69 10.0 309 03:37   1   9
 25 04 2019 22 10 29 17 40 43.7630 -23 08 27.5170 0.739 356.22  -6.44  4.66 15.1  79 03:26  -4 -11
 29 04 2019 21 18 22 17 39 50.2744 -23 09 05.0260 1.452 177.48  -8.06  4.62 14.9  88 03:09   2   5
 01 05 2019 18 50 20 17 39 20.3123 -23 09 21.3160 1.687 177.92  -8.80  4.60 15.1 123 03:01   1  11
 02 05 2019 06 32 54 17 39 12.1638 -23 09 26.7870 0.190 178.03  -8.99  4.60 15.4 307 02:59  -5  12
 02 05 2019 08 52 42 17 39 10.5228 -23 09 28.6680 0.914 358.04  -9.03  4.59 15.5 272 02:59 -20  -2
 02 05 2019 19 04 47 17 39 03.2436 -23 09 32.9540 1.852 358.13  -9.19  4.59 13.8 118 02:57 -11 -10
 06 05 2019 07 11 44 17 37 58.0817 -23 09 56.9900 1.736 358.75 -10.48  4.56 14.1 293 02:42  -3  -7
 06 05 2019 15 22 36 17 37 51.2632 -23 09 56.6700 0.593 178.80 -10.60  4.55 15.5 170 02:41   2   7
 08 05 2019 13 40 29 17 37 11.1543 -23 10 05.6420 1.793 179.08 -11.27  4.54 13.9 193 02:32   0   0
 09 05 2019 22 12 27 17 36 41.4415 -23 10 13.1570 0.189 179.26 -11.72  4.52 13.3  64 02:26   2  -5
 10 05 2019 16 34 48 17 36 24.1177 -23 10 16.7070 0.487 359.36 -11.97  4.52 15.2 147 02:23   0   0
 11 05 2019 12 40 55 17 36 04.7230 -23 10 19.5400 0.565 359.46 -12.23  4.51 15.3 205 02:20 -16  -5
 11 05 2019 19 37 22 17 35 57.9208 -23 10 19.5710 0.260 179.49 -12.33  4.51 16.0 100 02:18   5   1
 13 05 2019 10 00 30 17 35 19.3503 -23 10 23.1610 0.502 179.68 -12.81  4.50 16.0 243 02:11  20  -9
 15 05 2019 14 27 55 17 34 24.1145 -23 10 27.9920 1.619 359.91 -13.44  4.48 14.5 174 02:02  -3  -4
 16 05 2019 10 54 22 17 34 01.8310 -23 10 24.7530 1.866 180.00 -13.68  4.48 16.0 226 01:58   1   2
 16 05 2019 19 40 26 17 33 52.1466 -23 10 25.4710 1.112 180.03 -13.78  4.47 14.9  94 01:56   6   3
 16 05 2019 21 09 51 17 33 50.4928 -23 10 27.4230 0.855   0.04 -13.79  4.47 15.8  72 01:56  -4   3
 17 05 2019 04 50 47 17 33 41.9344 -23 10 28.3900 1.938   0.07 -13.88  4.47 15.9 316 01:55  -5   0
 17 05 2019 05 35 11 17 33 41.1074 -23 10 26.4960 0.058   0.08 -13.89  4.47 15.6 305 01:55  -8 -13
 22 05 2019 12 13 31 17 31 12.1443 -23 10 13.3580 1.204 180.57 -15.18  4.44 15.8 200 01:31 -13   2
 22 05 2019 13 42 53 17 31 10.3082 -23 10 15.9010 1.593   0.58 -15.19  4.44 16.2 177 01:31  14  18
 22 05 2019 20 41 27 17 31 01.6935 -23 10 14.3060 1.222   0.60 -15.26  4.44 16.2  72 01:30 -20  29
 22 05 2019 23 45 25 17 30 57.8961 -23 10 12.2600 0.268 180.61 -15.28  4.44 16.1  26 01:29  -1 -12
 23 05 2019 14 37 07 17 30 39.3788 -23 10 08.6810 0.983 180.67 -15.42  4.43 16.2 162 01:26   7   3
 24 05 2019 22 35 03 17 29 58.9760 -23 10 01.8110 0.767 180.79 -15.69  4.43 16.2  41 01:21  17  -5
 25 05 2019 06 20 26 17 29 49.0582 -23 09 59.9440 0.722 180.81 -15.76  4.43 16.0 285 01:19 -24  15
 25 05 2019 21 04 58 17 29 30.0863 -23 09 58.3120 1.489   0.87 -15.88  4.42 13.9  63 01:16 -49 -158
 26 05 2019 08 41 23 17 29 15.0458 -23 09 53.3900 0.215 180.91 -15.97  4.42 16.2 248 01:14  -3  -3
 28 05 2019 09 35 43 17 28 10.6845 -23 09 37.5730 0.595 181.08 -16.33  4.41 16.2 232 01:05  -2 -28
 29 05 2019 12 16 57 17 27 34.9355 -23 09 29.2330 0.772   1.18 -16.51  4.41 16.3 191 01:00 -13  -7
 30 05 2019 07 16 54 17 27 09.2421 -23 09 19.2290 1.768 181.24 -16.63  4.41 16.2 265 00:57  16  17
 31 05 2019 10 34 02 17 26 31.9963 -23 09 10.6310 1.158   1.33 -16.79  4.40 14.6 214 00:51   1   7
 31 05 2019 12 18 15 17 26 29.6159 -23 09 07.8720 0.837 181.34 -16.80  4.40 15.2 188 00:51   2   5
 02 06 2019 10 39 10 17 25 25.4984 -23 08 45.0210 1.855 181.49 -17.04  4.40 16.2 211 00:42  18  -2
 04 06 2019 10 04 36 17 24 18.9741 -23 08 20.8110 0.955 181.64 -17.24  4.39 16.4 217 00:34 -17 -34
 04 06 2019 16 12 14 17 24 10.3172 -23 08 19.3100 0.989   1.66 -17.26  4.39 15.1 125 00:32  -2   0
 04 06 2019 20 53 42 17 24 03.6886 -23 08 14.5580 1.095 181.68 -17.28  4.39 16.4  55 00:32  29  42
 05 06 2019 02 32 49 17 23 55.6848 -23 08 12.7750 0.372   1.70 -17.30  4.39 14.8 330 00:30   9   5
 05 06 2019 09 29 17 17 23 45.8447 -23 08 09.4280 1.068   1.72 -17.32  4.39 16.1 225 00:29 -10  15
 05 06 2019 12 35 55 17 23 41.4341 -23 08 06.2970 0.232 181.73 -17.33  4.39 16.3 178 00:29  46 -21
 06 06 2019 01 17 59 17 23 23.3868 -23 07 57.6790 1.256 181.77 -17.37  4.39 16.3 347 00:26  -7  -9
 06 06 2019 02 43 41 17 23 21.3543 -23 07 56.9040 1.165 181.77 -17.38  4.39 16.1 326 00:26  -2  -2
 06 06 2019 17 28 46 17 23 00.3345 -23 07 47.3080 1.678 181.82 -17.42  4.39 11.8 104 00:23   0   0
 06 06 2019 19 17 18 17 22 57.7487 -23 07 48.1630 0.309   1.83 -17.42  4.39 16.1  77 00:23  -4  -6
 06 06 2019 20 04 48 17 22 56.6198 -23 07 47.1820 0.176 181.82 -17.43  4.39 13.8  65 00:23   2  -2
 07 06 2019 04 11 16 17 22 45.0416 -23 07 41.1810 1.052 181.85 -17.45  4.39 15.7 303 00:21   0   1
 07 06 2019 23 22 13 17 22 17.5838 -23 07 31.0790 1.272   1.91 -17.49  4.39 16.3  14 00:18 -21  -5
 08 06 2019 00 19 43 17 22 16.2100 -23 07 30.6420 1.467   1.91 -17.49  4.39 15.9 360 00:17  30 -21
 08 06 2019 02 06 38 17 22 13.6562 -23 07 29.3060 1.308   1.92 -17.50  4.39 16.3 333 00:17  -2 -10
 08 06 2019 04 15 52 17 22 10.5751 -23 07 25.0840 1.489 181.92 -17.50  4.39 16.2 300 00:17   0   0
 08 06 2019 06 04 42 17 22 07.9729 -23 07 24.4150 0.950 181.93 -17.51  4.39 16.3 273 00:16  -7 -23
 09 06 2019 09 05 08 17 21 29.1829 -23 07 06.9970 0.030   2.02 -17.55  4.39 15.1 227 00:11  -1  -9
 09 06 2019 14 50 43 17 21 20.8983 -23 07 03.0290 0.086   2.03 -17.56  4.39 16.0 140 00:10   3  -4
 09 06 2019 16 15 33 17 21 18.8614 -23 07 03.0260 1.077   2.03 -17.57  4.39 14.3 119 00:10   4  11
 10 06 2019 11 38 42 17 20 50.9521 -23 06 48.0200 0.087 182.08 -17.59  4.39 14.9 187 00:06 -22 -12
 10 06 2019 18 11 36 17 20 41.5112 -23 06 45.2120 1.873   2.11 -17.60  4.39 16.3  88 00:05  -4   2
 11 06 2019 05 32 29 17 20 25.1593 -23 06 34.6000 0.375 182.14 -17.60  4.39 16.2 278 00:03  -7  -5
 11 06 2019 19 35 00 17 20 04.9089 -23 06 24.4650 0.029   2.20 -17.61  4.39 15.8  66 00:00   7  -9
 12 06 2019 00 11 56 17 19 58.2541 -23 06 20.1430 0.790 182.19 -17.61  4.39 16.2 357 23:59   3 -10
 12 06 2019 11 10 15 17 19 42.4282 -23 06 11.6340 0.877 182.22 -17.62  4.39 15.7 192 23:57   7 -10
 13 06 2019 05 48 23 17 19 15.5504 -23 05 56.6950 1.240 182.28 -17.62  4.39 16.3 271 23:54   0   5
 13 06 2019 15 39 51 17 19 01.3350 -23 05 49.2720 0.815 182.31 -17.62  4.39 16.3 123 23:52  -3   0
 14 06 2019 21 35 43 17 18 18.2127 -23 05 24.0490 1.649 182.39 -17.60  4.39 16.4  33 23:46   2  -3
 14 06 2019 22 42 41 17 18 16.6052 -23 05 23.4680 1.304 182.39 -17.60  4.39 15.7  16 23:46  23 -21
 15 06 2019 03 19 22 17 18 09.9618 -23 05 21.6510 0.717   2.41 -17.59  4.39 15.3 307 23:45 -127 -34
 15 06 2019 03 31 44 17 18 09.6680 -23 05 20.5760 0.188 182.40 -17.59  4.39 16.3 303 23:45  -8  -2
 15 06 2019 14 54 25 17 17 53.3048 -23 05 10.2000 1.017 182.44 -17.58  4.39 16.1 132 23:43  -2   3
 16 06 2019 15 13 13 17 17 18.3890 -23 04 49.3170 1.114 182.50 -17.55  4.40 14.9 126 23:38  -3   2
 17 06 2019 13 15 37 17 16 46.8110 -23 04 32.6860 1.534   2.56 -17.51  4.40 16.1 155 23:34  -5  -8
 17 06 2019 21 00 16 17 16 35.7429 -23 04 24.8470 0.562   2.59 -17.49  4.40 16.3  38 23:33   5  -1
 18 06 2019 15 58 45 17 16 08.6781 -23 04 05.5760 1.683 182.64 -17.45  4.40 16.3 113 23:29  25  -4
 18 06 2019 16 22 11 17 16 08.1165 -23 04 06.7880 0.117 182.63 -17.45  4.40 16.4 107 23:29 -12  20
 18 06 2019 17 52 07 17 16 05.9793 -23 04 06.1250 0.579   2.64 -17.45  4.40 15.8  84 23:29  -6   0
 18 06 2019 23 53 00 17 15 57.4142 -23 04 01.6990 1.620   2.66 -17.43  4.40 16.3 354 23:28  -9  -1
 19 06 2019 04 58 37 17 15 50.1760 -23 03 55.5610 0.130   2.67 -17.42  4.40 15.9 277 23:27 -10 -14
 19 06 2019 16 12 22 17 15 34.2287 -23 03 46.0660 0.953   2.70 -17.39  4.40 15.3 108 23:25   2  -2
 21 06 2019 21 25 37 17 14 19.1736 -23 02 54.1280 0.887 182.84 -17.21  4.41 16.0  27 23:15 -15  23
 23 06 2019 22 20 31 17 13 11.0647 -23 02 08.2430 0.839   2.96 -17.01  4.42 15.7  11 23:06  -8 -33
 24 06 2019 07 14 37 17 12 58.7857 -23 01 57.1480 1.455 182.98 -16.97  4.42 16.1 237 23:04   0   0
 24 06 2019 07 27 51 17 12 58.4824 -23 01 56.7030 1.681 182.98 -16.97  4.42 16.1 234 23:04 -38   0
 25 06 2019 08 51 20 17 12 23.6312 -23 01 32.1010 0.952 183.04 -16.84  4.42 15.7 212 22:59 -15   2
 25 06 2019 12 24 17 17 12 18.7840 -23 01 28.7310 0.758 183.05 -16.82  4.43 16.3 159 22:58 -11  -8
 25 06 2019 15 15 28 17 12 14.8863 -23 01 27.4320 0.815   3.06 -16.81  4.43 16.3 116 22:58 -27  -7
 26 06 2019 02 16 37 17 11 59.8982 -23 01 15.2530 0.254 183.09 -16.75  4.43 15.6 310 22:56  -2 -10
 26 06 2019 07 21 28 17 11 53.0026 -23 01 11.0120 0.647   3.10 -16.72  4.43 16.3 233 22:55   0   0
 26 06 2019 22 30 46 17 11 32.5256 -23 00 55.6860 0.712   3.13 -16.63  4.43 15.8   5 22:52   4 -10
 28 06 2019 08 42 09 17 10 46.7930 -23 00 21.4370 1.468   3.21 -16.42  4.44 15.4 211 22:46  -2  -7
 29 06 2019 15 37 57 17 10 06.0310 -22 59 46.8940 1.147 183.28 -16.21  4.45 15.9 106 22:40  -2  -8
 29 06 2019 19 16 12 17 10 01.2708 -22 59 44.2590 0.018 183.24 -16.19  4.45 16.1  51 22:39   4   0
 30 06 2019 16 20 18 17 09 33.8973 -22 59 22.1990 0.206 183.33 -16.04  4.45 16.1  94 22:35 -13  -2
 01 07 2019 08 40 11 17 09 12.8766 -22 59 06.9970 1.582   3.37 -15.91  4.46 16.2 208 22:32 -19 -17
 01 07 2019 11 51 36 17 09 08.7963 -22 59 02.9430 0.847   3.37 -15.89  4.46 15.8 160 22:32  11 -29
 02 07 2019 13 39 53 17 08 36.0391 -22 58 35.6690 0.444   3.43 -15.68  4.46 15.5 132 22:27 -18 -10
 03 07 2019 21 22 24 17 07 56.4721 -22 58 01.0180 1.211 183.49 -15.41  4.47 15.9  15 22:21  -7   8
 03 07 2019 22 01 32 17 07 55.6566 -22 58 02.4630 0.917   3.49 -15.40  4.47 15.2   5 22:21 -14  -7
 05 07 2019 21 04 50 17 06 58.4307 -22 57 12.6160 0.195 183.57 -14.97  4.49 16.0  17 22:12  -8 -18
 06 07 2019 01 55 52 17 06 52.6433 -22 57 06.0080 1.808 183.57 -14.93  4.49 14.8 304 22:11 -21   3
 07 07 2019 20 16 59 17 06 02.9152 -22 56 23.1370 1.332 183.64 -14.51  4.50 15.2  27 22:04  21  -6
 08 07 2019 20 46 49 17 05 34.8878 -22 55 58.6060 1.085 183.68 -14.25  4.51 15.8  18 21:59  -9   2
 09 07 2019 18 46 33 17 05 10.1929 -22 55 38.0530 0.390   3.71 -14.01  4.52 15.9  47 21:55  25 -25
 09 07 2019 21 35 43 17 05 07.0557 -22 55 36.5290 1.675   3.72 -13.98  4.52 12.3   5 21:54  -1  -6
 13 07 2019 10 22 21 17 03 36.5718 -22 54 10.8580 1.737 183.81 -13.01  4.55 15.6 169 21:39   3 -13
 15 07 2019 06 10 52 17 02 52.6927 -22 53 30.0720 1.909 183.85 -12.47  4.57 16.0 230 21:31 -24  10
 17 07 2019 11 55 53 17 02 01.6635 -22 52 44.8520 0.580   3.89 -11.78  4.59 14.5 142 21:21   4  -4
 19 07 2019 05 25 28 17 01 24.4774 -22 52 09.8120 0.560   3.90 -11.22  4.61 13.3 237 21:14 -23   5
 19 07 2019 13 45 46 17 01 17.2465 -22 52 01.8410 0.581 183.91 -11.11  4.61 13.6 112 21:13   3  -4
 21 07 2019 15 51 39 17 00 35.4745 -22 51 21.0880 1.836 183.91 -10.41  4.63 15.1  78 21:04  13  -7
 24 07 2019 03 06 27 16 59 49.9026 -22 50 40.2270 0.335   3.90  -9.54  4.66 15.4 267 20:53   2   4
 26 07 2019 21 41 05 16 59 03.8362 -22 49 56.3770 0.429 183.84  -8.52  4.69 13.1 345 20:41   3   2
 28 07 2019 06 04 15 16 58 43.4350 -22 49 37.9750 0.046 183.78  -8.01  4.71 14.7 218 20:36 -11 -20
 28 07 2019 12 14 22 16 58 39.6975 -22 49 35.3140 0.703   3.77  -7.91  4.71 15.4 125 20:35   1  -4
 29 07 2019 02 18 08 16 58 31.3734 -22 49 26.5480 0.502 183.74  -7.69  4.72 14.6 274 20:32  -6  -7
 29 07 2019 22 54 23 16 58 19.6304 -22 49 15.8600 0.638 183.70  -7.35  4.73 13.6 324 20:29  -2  -1
 01 08 2019 07 01 16 16 57 50.4468 -22 48 52.2020 1.147   3.51  -6.42  4.76 15.2 200 20:19  -5  -2
 01 08 2019 18 44 52 16 57 44.8845 -22 48 45.0420 1.331 183.45  -6.22  4.77 15.2  23 20:17   0   0
 02 08 2019 06 39 21 16 57 39.4092 -22 48 41.1160 0.723 183.40  -6.02  4.78 12.3 204 20:15   2 -11
 22 08 2019 00 46 31 16 56 36.5010 -22 49 04.1260 1.772  10.30   2.66  5.06 14.2 272 18:56  -6   7
 31 08 2019 05 32 08 16 57 49.5753 -22 51 27.7470 0.339   7.33   6.94  5.20 15.3 192 18:21 -12  -4
 02 09 2019 14 07 55 16 58 18.4998 -22 52 18.6870 0.942   7.04   8.05  5.24 15.3  61 18:12   9 -10
 04 09 2019 02 13 20 16 58 39.0789 -22 52 52.5410 0.050   6.90   8.75  5.26 15.6 238 18:06  16 -11
 06 09 2019 09 52 05 16 59 13.9962 -22 53 48.6620 1.257 186.69   9.83  5.30 15.7 122 17:58   1   1
 08 09 2019 17 19 37 16 59 52.5493 -22 54 52.6970 1.146   6.51  10.90  5.34 13.6   8 17:49  -3  -4
 11 09 2019 00 09 22 17 00 34.3387 -22 55 56.1490 0.432 186.35  11.96  5.37 15.1 263 17:41   5 -11
 11 09 2019 17 10 35 17 00 48.0204 -22 56 18.6040 1.068   6.30  12.28  5.39 14.6   7 17:39   6  30
 12 09 2019 22 13 56 17 01 12.1826 -22 56 55.1280 0.985   6.22  12.84  5.40 15.6 290 17:34   0   0
 13 09 2019 01 12 02 17 01 14.7038 -22 56 59.2500 1.312   6.21  12.89  5.41 15.4 246 17:34  10  -8
 13 09 2019 15 41 11 17 01 27.1802 -22 57 16.1590 0.463 186.17  13.17  5.42 13.5  28 17:32  -6   9
 16 09 2019 12 23 27 17 02 29.5682 -22 58 47.7530 0.636 185.99  14.47  5.46 14.1  75 17:21  12  -4
 17 09 2019 01 24 51 17 02 41.9883 -22 59 06.9730 0.629   5.96  14.71  5.47 15.7 239 17:19  -2   2
 17 09 2019 11 59 27 17 02 52.2191 -22 59 22.1660 1.112   5.93  14.91  5.48 15.9  80 17:18  10  -3
 17 09 2019 19 23 46 17 02 59.4733 -22 59 30.6580 0.773 185.91  15.05  5.48 14.7 328 17:17  -5  -4
 19 09 2019 18 43 54 17 03 47.1830 -23 00 39.2960 0.359   5.79  15.94  5.51 15.8 337 17:10  -9  -5
 20 09 2019 11 16 39 17 04 04.4507 -23 01 02.5090 0.513 185.75  16.25  5.52 15.0  88 17:07   2  -2
 23 09 2019 08 25 60 17 05 19.8176 -23 02 44.6790 1.497 185.58  17.53  5.57 15.4 128 16:57   6   2
 25 09 2019 09 44 49 17 06 16.6619 -23 04 02.2060 0.251   5.46  18.44  5.60 15.4 106 16:50  -2   6
 25 09 2019 12 15 06 17 06 19.6077 -23 04 07.6190 1.777   5.45  18.48  5.60 14.3  69 16:50   2  -9
 25 09 2019 23 38 19 17 06 33.1493 -23 04 22.4640 1.147 185.42  18.69  5.61 14.0 258 16:48   2  -2
 26 09 2019 16 49 55 17 06 53.8175 -23 04 50.0150 0.561 185.38  19.00  5.62 15.1 359 16:46 -13 -23
 26 09 2019 20 14 15 17 06 57.9428 -23 04 56.2300 0.293   5.37  19.07  5.62 15.9 308 16:45   7  -4
 28 09 2019 20 11 31 17 07 57.3789 -23 06 11.7520 0.420 185.25  19.93  5.65 16.2 307 16:38 -11  -3
 29 09 2019 03 04 57 17 08 06.0984 -23 06 24.6290 1.410   5.23  20.06  5.66 15.8 203 16:37  -5  -6
 02 10 2019 05 20 43 17 09 43.2002 -23 08 25.5300 1.807   5.05  21.38  5.70 15.9 167 16:27  -7  -4
 02 10 2019 15 23 37 17 09 56.7593 -23 08 41.1690 0.974   5.02  21.55  5.71 13.1  16 16:25 -12 -20
 03 10 2019 04 06 48 17 10 14.0513 -23 09 02.6620 1.578   4.99  21.78  5.72 14.0 184 16:23  -5 -21
 03 10 2019 07 33 22 17 10 18.7778 -23 09 05.4220 1.335 184.98  21.84  5.72 16.4 133 16:23   3   2
 03 10 2019 08 23 33 17 10 19.9197 -23 09 07.3770 0.755 184.98  21.85  5.72 16.4 120 16:23   0  -9
 03 10 2019 13 43 04 17 10 27.2204 -23 09 17.4270 0.532   4.97  21.94  5.72 16.6  40 16:22  -5  -1
 03 10 2019 14 19 47 17 10 28.0752 -23 09 16.3260 1.584 184.96  21.95  5.72 16.6  31 16:22   9  -6
 04 10 2019 06 56 29 17 10 51.0408 -23 09 46.3190 1.021   4.92  22.24  5.73 14.8 141 16:20   3  -4
 05 10 2019 09 54 18 17 11 28.9088 -23 10 28.8000 1.107 184.85  22.70  5.75 15.2  96 16:16  -7  -4
 06 10 2019 01 07 57 17 11 50.5697 -23 10 56.6310 1.487   4.81  22.96  5.76 15.1 227 16:14 -19 -14
 06 10 2019 11 57 35 17 12 06.1095 -23 11 15.0250 1.912   4.78  23.14  5.76 16.3  64 16:12   3 -13
 06 10 2019 19 36 35 17 12 17.1585 -23 11 27.2570 1.437   4.76  23.27  5.77 16.3 309 16:11 -43 -24
 06 10 2019 22 38 01 17 12 21.5555 -23 11 29.6440 1.209 184.75  23.32  5.77 16.6 263 16:11  -2 -13
 06 10 2019 23 15 45 17 12 22.4502 -23 11 33.5960 1.708   4.75  23.33  5.77 15.8 254 16:11  -1  -3
 07 10 2019 00 14 44 17 12 23.8944 -23 11 32.3360 1.195 184.75  23.35  5.77 16.1 239 16:10  -2  -7
 07 10 2019 12 03 38 17 12 41.1105 -23 11 51.6430 1.528 184.71  23.55  5.78 14.0  61 16:09 -12   0
 08 10 2019 00 53 27 17 12 59.9287 -23 12 15.9440 1.448   4.68  23.76  5.79 16.0 229 16:07  -1 -12
 08 10 2019 11 08 45 17 13 15.0918 -23 12 32.7370 1.182   4.65  23.93  5.79 15.7  74 16:06 -10  -7
 08 10 2019 16 46 60 17 13 23.4681 -23 12 41.7740 0.840   4.64  24.03  5.79 15.1 350 16:05  14  -3
 08 10 2019 18 10 18 17 13 25.5363 -23 12 43.8260 0.581   4.64  24.05  5.80 13.8 329 16:05  10  -1
 10 10 2019 09 28 43 17 14 24.7616 -23 13 47.8150 0.799 184.52  24.70  5.82 16.5  98 15:59 -20  -4
 10 10 2019 11 22 49 17 14 27.6664 -23 13 50.0070 1.772 184.52  24.73  5.82 16.1  69 15:59  32  30
 10 10 2019 19 49 40 17 14 40.5648 -23 14 07.1270 1.325   4.49  24.87  5.82 16.1 302 15:58   2  -3
 11 10 2019 00 43 53 17 14 48.0950 -23 14 14.5400 0.592   4.48  24.95  5.83 16.0 228 15:57   2   2
 11 10 2019 17 03 50 17 15 13.3069 -23 14 42.3200 1.272   4.44  25.21  5.84 16.4 343 15:55  -4   0
 12 10 2019 07 27 24 17 15 35.7248 -23 15 04.6420 0.261 184.39  25.44  5.84 16.8 126 15:53  -5  -5
 12 10 2019 12 40 52 17 15 43.8927 -23 15 15.0890 1.541   4.38  25.52  5.85 16.3  48 15:52   2 -23
 15 10 2019 09 06 53 17 17 33.1334 -23 17 04.4610 1.814 184.19  26.61  5.89 15.0  99 15:43  -3  -1
 15 10 2019 11 42 56 17 17 37.3486 -23 17 10.9590 0.431   4.18  26.65  5.89 16.7  60 15:42  -1 -11
 16 10 2019 11 44 53 17 18 16.6600 -23 17 51.5420 1.779   4.11  27.02  5.90 16.8  59 15:39   0 -13
 17 10 2019 15 04 55 17 19 01.9549 -23 18 33.6270 0.511 184.03  27.44  5.92 16.5   8 15:35  -8  -3
 18 10 2019 08 51 55 17 19 31.7347 -23 19 02.2530 0.586 183.97  27.72  5.92 16.5 100 15:33   2  -2
 19 10 2019 07 07 33 17 20 09.3651 -23 19 37.0100 1.554 183.91  28.05  5.94 16.6 126 15:30   9 -13
 19 10 2019 22 23 44 17 20 35.3897 -23 20 02.8640 0.057 183.85  28.28  5.94 16.9 256 15:28  -4   0
 20 10 2019 06 43 30 17 20 49.6724 -23 20 14.6700 1.497 183.84  28.41  5.95 16.8 131 15:27  15 -15
 20 10 2019 11 22 09 17 20 57.6547 -23 20 22.1210 1.412 183.83  28.48  5.95 16.9  61 15:26   2 -12
 20 10 2019 12 20 16 17 20 59.3093 -23 20 26.2530 1.191   3.82  28.49  5.95 16.7  47 15:26  -3 -45
 20 10 2019 16 12 35 17 21 05.9820 -23 20 32.0220 0.830   3.81  28.55  5.95 16.2 348 15:25 -20  16
 21 10 2019 05 24 35 17 21 28.8147 -23 20 51.7610 0.267 183.77  28.75  5.96 15.3 150 15:23  21 -11
 22 10 2019 01 56 09 17 22 04.5813 -23 21 22.3300 1.900 183.71  29.05  5.97 16.8 201 15:21  -4   3
 22 10 2019 04 35 34 17 22 09.2210 -23 21 29.0670 0.694   3.70  29.09  5.97 16.9 161 15:20  50  -8
 22 10 2019 04 57 40 17 22 09.8713 -23 21 28.5730 0.377 183.70  29.10  5.97 14.6 156 15:20   6  -4
 22 10 2019 12 15 21 17 22 22.6714 -23 21 40.0620 0.254 183.67  29.20  5.98 16.8  46 15:19  -9  -5
 22 10 2019 16 30 40 17 22 30.1575 -23 21 46.5540 0.378 183.66  29.26  5.98 15.5 342 15:19   2  -6
 22 10 2019 17 40 60 17 22 32.2156 -23 21 49.7460 0.995   3.66  29.28  5.98 16.1 325 15:19   3  -6
 22 10 2019 18 28 15 17 22 33.6070 -23 21 50.1120 0.136   3.67  29.29  5.98 16.1 313 15:18   2   6
 23 10 2019 21 15 29 17 23 21.0810 -23 22 30.0710 1.245 183.58  29.68  5.99 15.7 270 15:15  -3   3
 24 10 2019 07 35 33 17 23 39.5376 -23 22 45.2780 1.857 183.55  29.83  6.00 15.5 115 15:13   4   8
 25 10 2019 02 34 08 17 24 13.6147 -23 23 16.2540 0.277   3.49  30.10  6.01 17.0 189 15:11   3  -6
 25 10 2019 04 17 59 17 24 16.7449 -23 23 16.9780 1.619 183.48  30.13  6.01 16.7 163 15:11  -7   0
 25 10 2019 09 39 39 17 24 26.4214 -23 23 26.7230 0.026   3.50  30.21  6.01 16.3  83 15:10  -4  -4
 25 10 2019 10 13 11 17 24 27.4365 -23 23 26.4710 1.062 183.46  30.21  6.01 16.7  74 15:10  -3  -1
 25 10 2019 11 12 57 17 24 29.2396 -23 23 27.6860 1.349 183.46  30.23  6.01 17.0  59 15:10   3  -8
 25 10 2019 12 17 01 17 24 31.1633 -23 23 31.2950 0.655   3.46  30.24  6.01 15.0  43 15:10  -2   1
 25 10 2019 16 21 18 17 24 38.5425 -23 23 36.5120 0.253 183.44  30.30  6.01 14.5 342 15:09  -2   1
 25 10 2019 17 51 11 17 24 41.2580 -23 23 39.0850 0.065   3.46  30.32  6.02 16.9 320 15:09  14   4
 25 10 2019 22 02 41 17 24 48.8661 -23 23 45.7330 0.429   3.43  30.38  6.02 16.9 257 15:08 -16   3
 26 10 2019 00 36 55 17 24 53.5455 -23 23 48.2220 0.931 183.42  30.42  6.02 13.9 218 15:08 -10   2
 26 10 2019 05 28 06 17 25 02.3742 -23 23 56.9130 0.509   3.41  30.48  6.02 16.6 145 15:07  -1   2
 26 10 2019 12 59 23 17 25 16.1084 -23 24 06.1500 1.460 183.38  30.59  6.02 16.8  32 15:06  -1   1
 27 10 2019 23 01 06 17 26 18.6925 -23 24 57.7220 0.018   3.36  31.06  6.04 17.0 240 15:02   0   0
 28 10 2019 04 32 14 17 26 28.9152 -23 25 06.7400 1.000   3.26  31.14  6.04 16.8 157 15:01 -31  24
 28 10 2019 07 06 09 17 26 33.6861 -23 25 07.8710 1.597 183.25  31.17  6.05 17.0 119 15:01   9  -7
 28 10 2019 17 02 05 17 26 52.1552 -23 25 23.3750 0.456 183.22  31.31  6.05 15.4 329 14:59  -4 -13
 29 10 2019 06 16 57 17 27 16.8899 -23 25 44.7270 1.879   3.17  31.49  6.06 17.0 130 14:58  -3   1
 30 10 2019 19 30 34 17 28 27.0594 -23 26 33.8260 1.586 183.05  31.98  6.07 16.8 291 14:53  -7  -1
 31 10 2019 02 58 01 17 28 41.2138 -23 26 46.4810 0.707   3.03  32.08  6.08 17.0 179 14:52 -12  -9
 01 11 2019 02 36 06 17 29 26.3337 -23 27 19.3790 1.135   2.96  32.39  6.09 16.3 183 14:49   2  -2
 01 11 2019 05 12 42 17 29 31.3434 -23 27 21.5260 0.268 182.94  32.42  6.09 13.0 144 14:48 -22   5
 01 11 2019 08 49 16 17 29 38.2649 -23 27 28.1290 1.439   2.94  32.46  6.09 15.7  90 14:48   6  -9
 02 11 2019 07 29 47 17 30 21.9865 -23 27 55.3310 1.804 182.86  32.75  6.10 17.0 109 14:45   1   5
 02 11 2019 13 49 02 17 30 34.2264 -23 28 03.9560 1.563 182.84  32.83  6.10 17.1  14 14:44  -7   6
 04 11 2019 09 25 54 17 31 59.3454 -23 29 02.4550 0.336   2.70  33.37  6.12 15.5  78 14:38   1   1
 05 11 2019 17 31 05 17 33 02.6892 -23 29 43.7020 1.399   2.59  33.76  6.13 15.7 316 14:34 -41  19
 05 11 2019 17 40 31 17 33 03.0027 -23 29 43.3840 0.887   2.59  33.76  6.13 15.7 313 14:34  21  -6
 05 11 2019 19 28 57 17 33 06.5956 -23 29 43.4700 1.253 182.58  33.78  6.14 16.2 286 14:34   3   3
 05 11 2019 20 43 34 17 33 09.0647 -23 29 44.9170 1.336 182.58  33.79  6.14 16.5 268 14:33   5  -8
 06 11 2019 02 54 51 17 33 21.3561 -23 29 54.1010 0.271   2.56  33.87  6.14 16.7 175 14:33   9   1
 06 11 2019 08 22 43 17 33 32.2324 -23 30 01.0800 0.600   2.54  33.93  6.14 15.1  92 14:32   9  -2
 06 11 2019 11 30 56 17 33 38.4888 -23 30 03.5840 0.697 182.52  33.97  6.14 17.1  45 14:32 -13  -5
 07 11 2019 00 45 37 17 34 04.9408 -23 30 21.5230 1.336   2.48  34.13  6.15 16.0 206 14:30  41  12
 07 11 2019 22 07 35 17 34 47.8297 -23 30 46.8530 1.491   2.41  34.37  6.16 16.6 245 14:27  -9   4
 07 11 2019 22 29 40 17 34 48.5766 -23 30 45.3220 0.469 182.40  34.38  6.16 16.7 239 14:27  34  20
 08 11 2019 12 27 21 17 35 16.7444 -23 31 00.4400 1.466 182.36  34.54  6.16 17.0  30 14:25  70  17
 08 11 2019 13 58 02 17 35 19.7930 -23 31 04.4480 0.816   2.35  34.55  6.16 15.3   7 14:25  -4   9
 08 11 2019 20 44 47 17 35 33.5174 -23 31 10.4720 0.875 182.33  34.63  6.16 16.9 265 14:24 -16 -15
 09 11 2019 21 25 08 17 36 23.6580 -23 31 38.5580 0.323 182.24  34.90  6.17 17.0 254 14:21 -161  50
 13 11 2019 02 33 14 17 39 02.4722 -23 33 01.0790 1.777   1.97  35.74  6.20 17.1 175 14:11   0   0
 13 11 2019 14 23 55 17 39 27.1285 -23 33 12.4840 1.622   1.93  35.86  6.21 16.9 356 14:09   0   0
 13 11 2019 19 30 55 17 39 37.8078 -23 33 14.3910 1.400 181.91  35.91  6.21 17.0 280 14:09  10 -27
 13 11 2019 21 07 17 17 39 41.1578 -23 33 17.2140 0.112 181.90  35.93  6.21 15.3 255 14:08 -15  10
 13 11 2019 23 00 55 17 39 45.1119 -23 33 19.2250 0.086   1.91  35.95  6.21 16.3 227 14:08 -104 -44
 14 11 2019 02 36 38 17 39 52.6271 -23 33 21.6310 0.925 181.89  35.98  6.21 17.1 173 14:08   0   0
 14 11 2019 10 09 58 17 40 08.4384 -23 33 27.9440 1.730 181.86  36.06  6.21 16.6  59 14:07   4  -8
 14 11 2019 10 39 45 17 40 09.4730 -23 33 30.5190 0.381   1.86  36.07  6.21 16.1  52 14:07 -69 -18
 14 11 2019 14 52 22 17 40 18.2997 -23 33 32.6360 1.426 181.85  36.11  6.21 15.9 349 14:06   9  -1
 14 11 2019 16 20 01 17 40 21.3579 -23 33 36.0520 0.635   1.84  36.12  6.21 17.0 327 14:06 -13  -2
 15 11 2019 07 56 41 17 40 54.1598 -23 33 48.8770 0.810 181.78  36.28  6.22 16.8  92 14:04  34 -32
 15 11 2019 21 35 21 17 41 22.9164 -23 34 03.5960 1.756   1.73  36.42  6.22 17.2 247 14:02 -61 -151
 15 11 2019 21 48 17 17 41 23.3795 -23 34 00.1830 1.847 181.74  36.42  6.22 16.7 244 14:02   0   0
 16 11 2019 00 08 19 17 41 28.3023 -23 34 05.0690 0.991   1.73  36.44  6.23 17.1 208 14:02   0   0
 16 11 2019 00 52 33 17 41 29.8605 -23 34 05.2510 0.528   1.73  36.45  6.23 16.9 197 14:02   0   0
 16 11 2019 04 24 59 17 41 37.3417 -23 34 09.4800 1.672   1.71  36.49  6.23 17.0 144 14:01   0   0
 16 11 2019 15 08 11 17 42 00.0384 -23 34 17.2200 0.191   1.68  36.59  6.23 17.1 343 14:00 -11   7
 16 11 2019 15 34 13 17 42 00.9543 -23 34 19.2380 1.842   1.67  36.60  6.23 16.9 337 14:00   0 -14
 17 11 2019 11 46 40 17 42 43.8874 -23 34 33.6460 0.602 181.60  36.79  6.24 17.1  33 13:57   8 -13
 17 11 2019 14 35 45 17 42 49.8906 -23 34 34.9720 1.573 181.59  36.82  6.24 16.3 350 13:57  -1   3
 17 11 2019 19 25 03 17 43 00.1617 -23 34 41.8860 1.443   1.57  36.87  6.24 17.1 278 13:56   0   0
 18 11 2019 07 18 14 17 43 25.5470 -23 34 48.3450 1.543 181.53  36.98  6.24 17.0  99 13:55   0   0
 19 11 2019 00 33 37 17 44 02.5016 -23 35 03.8650 0.690   1.47  37.14  6.25 16.6 200 13:52 -27  -4
 19 11 2019 01 17 13 17 44 04.0616 -23 35 04.1270 0.404   1.47  37.15  6.25 17.1 189 13:52   0   0
 19 11 2019 03 00 17 17 44 07.7505 -23 35 04.3790 0.636 181.46  37.17  6.25 16.5 163 13:52 -13 -15
 19 11 2019 11 36 08 17 44 26.2219 -23 35 11.1250 0.284 181.42  37.25  6.25 17.1  34 13:51  -8 -41
 19 11 2019 11 51 05 17 44 26.7582 -23 35 11.3340 0.259 181.42  37.25  6.25 17.1  30 13:51   0   0
 19 11 2019 15 11 48 17 44 33.9537 -23 35 14.1890 0.142   1.42  37.28  6.25 15.8 340 13:51 -11 -14
 19 11 2019 15 32 47 17 44 34.7093 -23 35 12.9070 1.394 181.41  37.28  6.25 17.0 335 13:51   3 -14
 19 11 2019 19 15 54 17 44 42.7147 -23 35 15.9980 1.005 181.40  37.32  6.25 16.4 279 13:50  -5  -8
 19 11 2019 19 50 40 17 44 43.9622 -23 35 16.8650 0.556 181.40  37.32  6.25 16.7 270 13:50  12 -15
