 05 01 2019 08 16 27 16 41 34.3158 -21 18 52.4710 1.517   6.12  37.14  6.10 17.0  22 09:43   21   17
 05 01 2019 15 09 10 16 41 49.1129 -21 19 11.7900 1.260 186.09  37.08  6.10 16.2 278 09:42    2    3
 07 01 2019 13 52 53 16 43 29.0568 -21 21 40.3490 0.113 185.94  36.69  6.09 13.7 296 09:36    3   -3
 14 01 2019 17 08 47 16 49 28.3638 -21 30 01.9360 1.194 185.49  35.09  6.02 16.5 241 09:13    5   -6
 15 01 2019 11 20 56 16 50 05.8385 -21 30 51.8810 1.305 185.44  34.91  6.02 15.9 328 09:11  -21    1
 18 01 2019 09 24 24 16 52 28.6678 -21 34 00.0330 0.027 185.22  34.18  5.99 16.6 355 09:02   -3   -5
 20 01 2019 12 05 31 16 54 10.5671 -21 36 10.6190 0.849   5.16  33.63  5.97 15.3 313 08:55   -3   -8
 21 01 2019 07 54 23 16 54 50.0664 -21 36 59.8180 0.556   5.12  33.42  5.96 16.6  15 08:53    3    2
 21 01 2019 22 27 58 16 55 18.9634 -21 37 36.0450 0.843   5.08  33.26  5.95 13.7 156 08:51  -11   -6
 22 01 2019 05 38 30 16 55 33.1769 -21 37 51.9390 0.852 185.06  33.18  5.95 15.2  48 08:50    8    0
 23 01 2019 17 55 12 16 56 44.5662 -21 39 21.8890 1.509   4.99  32.76  5.93 15.8 223 08:45   -7   -7
 24 01 2019 01 22 28 16 56 59.1533 -21 39 39.7190 1.602   4.98  32.68  5.93 15.3 111 08:44   -6  -12
 25 01 2019 20 12 04 16 58 22.4065 -21 41 16.8640 1.459 184.90  32.18  5.91 14.9 187 08:38   -7  -10
 25 01 2019 22 16 11 16 58 26.3857 -21 41 24.2320 1.151   4.89  32.16  5.91 15.5 156 08:38  -10   -4
 28 01 2019 00 38 12 17 00 02.9308 -21 43 18.1630 0.989   4.81  31.55  5.89 12.6 118 08:32    3   -8
 28 01 2019 14 27 47 17 00 29.1805 -21 43 48.9770 1.138   4.78  31.38  5.88 15.4 271 08:30   -4   -6
 28 01 2019 19 57 07 17 00 39.5803 -21 43 59.6020 0.338 184.77  31.31  5.88 16.0 188 08:29   -3  -19
 28 01 2019 23 58 50 17 00 47.2042 -21 44 06.9890 1.809 184.76  31.26  5.88 13.5 128 08:28   11   -1
 29 01 2019 16 06 35 17 01 17.5810 -21 44 44.8690 0.871   4.74  31.06  5.87 16.4 245 08:26   -1   -2
 29 01 2019 19 44 56 17 01 24.4165 -21 44 52.8360 0.945   4.74  31.02  5.87 15.7 190 08:26   21    9
 30 01 2019 01 50 48 17 01 35.8597 -21 45 04.9220 0.155 184.72  30.94  5.86 14.8  99 08:25   -4   -7
 30 01 2019 21 03 03 17 02 11.7224 -21 45 47.9730 1.710   4.70  30.70  5.85 16.0 170 08:22    7   -3
 30 01 2019 23 52 48 17 02 16.9912 -21 45 53.5400 1.248   4.69  30.66  5.85 15.1 127 08:22   -9  -17
 31 01 2019 10 32 51 17 02 36.8096 -21 46 15.0380 0.116   4.69  30.52  5.85 13.8 327 08:21   -3   -8
 01 02 2019 02 57 31 17 03 07.1560 -21 46 48.7760 0.654 184.65  30.31  5.84 15.2  80 08:18    1   -2
 01 02 2019 07 52 56 17 03 16.2165 -21 47 00.7660 1.056   4.65  30.25  5.84 15.8   6 08:18   -9    2
 03 02 2019 09 02 36 17 04 45.9416 -21 48 41.9880 1.284   4.59  29.60  5.81 15.7 347 08:11   10  -13
 03 02 2019 13 39 49 17 04 54.2931 -21 48 51.5270 1.486   4.59  29.54  5.81 16.3 278 08:11   20  -12
 04 02 2019 00 57 42 17 05 14.6657 -21 49 13.2390 0.468   4.58  29.39  5.80 16.5 108 08:09   -4   -6
 04 02 2019 13 13 11 17 05 36.6688 -21 49 37.6430 0.387   4.57  29.22  5.80 16.3 284 08:07    4   -6
 04 02 2019 15 16 52 17 05 40.3529 -21 49 42.8640 1.512   4.56  29.19  5.80 15.6 253 08:07   -6   -3
 06 02 2019 07 00 03 17 06 50.9060 -21 51 00.4190 1.004   4.53  28.65  5.78 16.1  16 08:02  -12   -7
 07 02 2019 19 04 01 17 07 54.0366 -21 52 09.6440 0.839   4.50  28.15  5.76 15.3 193 07:57   -3   -6
 09 02 2019 09 03 24 17 08 59.5452 -21 53 22.2130 1.754   4.49  27.61  5.74 13.8 342 07:52  -21  -10
 09 02 2019 13 23 53 17 09 06.9702 -21 53 29.7000 1.139   4.48  27.55  5.74 15.4 277 07:51    5   -8
 10 02 2019 03 35 02 17 09 31.1280 -21 53 55.7290 0.821   4.48  27.35  5.73 16.5  64 07:49   -8   12
 11 02 2019 18 53 16 17 10 37.3036 -21 55 05.9360 1.037 184.47  26.78  5.71 15.6 193 07:44    8    1
 11 02 2019 20 57 49 17 10 40.7579 -21 55 11.2460 0.507   4.47  26.75  5.71 16.5 162 07:44    1   -6
 11 02 2019 23 17 08 17 10 44.6334 -21 55 14.4530 0.500 184.47  26.72  5.70 14.8 127 07:43    3   -2
 12 02 2019 20 22 19 17 11 19.5903 -21 55 53.0520 0.041   4.50  26.41  5.69 15.1 170 07:40  -10  -22
 13 02 2019 22 05 30 17 12 01.7776 -21 56 39.8240 0.864   4.48  26.04  5.68 15.4 143 07:37   -7   -2
 14 02 2019 01 32 04 17 12 07.3954 -21 56 44.4520 0.627 184.48  25.99  5.68 16.4  91 07:36   -1  -10
 17 02 2019 18 06 30 17 14 28.5975 -21 59 18.2540 1.569 184.54  24.67  5.63 16.7 200 07:24   13    6
 18 02 2019 12 05 09 17 14 56.5072 -21 59 49.3660 1.337 184.56  24.40  5.62 15.6 289 07:22   -9  -11
 18 02 2019 22 19 38 17 15 12.2824 -22 00 08.6140 0.390   4.57  24.25  5.61 16.7 135 07:20   -8   -3
 19 02 2019 05 01 31 17 15 22.5702 -22 00 18.4910 1.176 184.58  24.15  5.61 16.7  35 07:19   -3  -22
 19 02 2019 05 26 29 17 15 23.2045 -22 00 19.7180 0.656 184.58  24.14  5.61 16.2  28 07:19   -5    4
 20 02 2019 01 02 21 17 15 53.0728 -22 00 51.8510 1.888 184.61  23.84  5.60 16.3  94 07:17   -6   -5
 20 02 2019 08 40 21 17 16 04.6145 -22 01 05.6850 1.004 184.61  23.73  5.59 16.0 339 07:16    5   -2
 20 02 2019 10 06 18 17 16 06.7673 -22 01 09.6770 0.563   4.62  23.70  5.59 15.9 317 07:15   -1    0
 20 02 2019 17 53 00 17 16 18.4712 -22 01 23.6720 1.385   4.63  23.59  5.59 16.5 200 07:14  -18   11
 21 02 2019 04 33 21 17 16 34.4552 -22 01 41.8720 1.539   4.65  23.42  5.58 16.2  40 07:13    0    0
 21 02 2019 04 51 49 17 16 34.9292 -22 01 39.9190 0.942 184.65  23.42  5.58 14.0  35 07:13   16    8
 21 02 2019 15 39 07 17 16 50.9839 -22 01 59.1720 0.108   4.68  23.25  5.57 15.2 233 07:11   -5   -2
 21 02 2019 18 13 03 17 16 54.7868 -22 02 03.9040 0.517   4.68  23.21  5.57 15.8 195 07:11   -5   -7
 22 02 2019 17 59 44 17 17 29.8100 -22 02 41.5050 1.890 184.72  22.85  5.56 16.3 197 07:08  -16   11
 23 02 2019 04 21 25 17 17 44.9139 -22 02 59.5560 1.227 184.75  22.69  5.55 16.4  41 07:06   -4   -4
 23 02 2019 12 14 19 17 17 56.3284 -22 03 15.6720 1.686   4.76  22.57  5.55 16.1 283 07:05  -16    4
 24 02 2019 04 59 57 17 18 20.4665 -22 03 43.2910 1.241   4.80  22.31  5.54 15.6  31 07:03    8  -56
 24 02 2019 09 50 19 17 18 27.4054 -22 03 48.9320 1.220 184.81  22.23  5.54 16.1 318 07:02   -5  -30
 24 02 2019 22 07 21 17 18 44.8767 -22 04 11.9250 1.250   4.84  22.04  5.53 15.9 133 07:00  -12   -2
 25 02 2019 00 08 30 17 18 47.7492 -22 04 13.5950 0.460 184.85  22.00  5.53 15.9 103 07:00   -4   -6
 25 02 2019 18 56 09 17 19 14.2155 -22 04 45.4300 0.018 183.25  21.71  5.52 16.6 180 06:57    9  -13
 26 02 2019 22 33 35 17 19 52.5688 -22 05 30.4700 1.043 184.98  21.27  5.50 15.6 125 06:53    2  -13
 27 02 2019 11 11 31 17 20 09.8814 -22 05 51.4480 1.131 185.02  21.07  5.49 16.4 295 06:52    9   -8
 28 02 2019 23 49 43 17 20 59.2728 -22 06 54.4910 0.801   5.16  20.48  5.47 16.6 104 06:46   11   25
 01 03 2019 09 57 26 17 21 12.7343 -22 07 08.8050 1.808 185.19  20.32  5.46 15.2 312 06:45   -3   -8
 02 03 2019 19 11 44 17 21 56.1726 -22 08 08.0600 1.876   5.33  19.78  5.44 16.3 172 06:40    1   -6
 10 03 2019 06 50 58 17 25 33.0168 -22 13 12.2660 0.641   6.37  16.81  5.33 16.1 351 06:14   -3   -2
 12 03 2019 06 13 45 17 26 24.9382 -22 14 33.8270 0.602 186.75  16.01  5.31 15.9 359 06:07  -16    1
 14 03 2019 12 10 18 17 27 21.2720 -22 16 08.8760 1.387 187.24  15.11  5.27 14.3 267 06:00   -8    0
 14 03 2019 22 34 00 17 27 31.7658 -22 16 29.3920 0.468   7.35  14.93  5.27 16.2 111 05:58   -2   -5
 21 03 2019 23 40 24 17 30 06.7445 -22 21 43.9810 0.337   9.55  12.07  5.16 13.9  88 05:33   -4    2
 26 03 2019 23 56 19 17 31 37.9024 -22 25 41.0060 0.005 191.87  10.00  5.08 15.7  80 05:15   -8   16
 29 03 2019 03 32 41 17 32 11.9348 -22 27 24.6920 1.627 193.29   9.11  5.05 13.8  24 05:07   -6   -7
 02 04 2019 08 33 45 17 33 09.2236 -22 30 57.0910 0.503 196.86   7.35  4.99 15.3 304 04:51    5  -12
 03 04 2019 05 11 02 17 33 19.3705 -22 31 41.2390 0.221 197.80   6.99  4.98 14.5 354 04:48   -8  -32
 03 04 2019 18 33 28 17 33 25.6532 -22 32 10.4960 0.499  18.46   6.76  4.97 13.0 153 04:46    0    0
 04 04 2019 00 02 03 17 33 28.1801 -22 32 21.6930 0.057 198.75   6.67  4.96 15.0  71 04:45    0    0
 04 04 2019 03 58 23 17 33 30.0072 -22 32 28.4270 1.863 198.95   6.60  4.96 14.2  12 04:44   -9    0
 04 04 2019 12 19 41 17 33 33.6637 -22 32 48.9240 0.855  19.40   6.45  4.96 14.9 246 04:43   19  -67
 04 04 2019 15 27 57 17 33 35.0821 -22 32 53.9420 0.973 199.58   6.40  4.95 14.7 199 04:42  -16    3
 05 04 2019 07 09 44 17 33 41.7378 -22 33 28.9110 0.286  20.51   6.13  4.94 15.2 323 04:40   10   -5
 05 04 2019 18 40 37 17 33 46.4744 -22 33 52.6010 0.953 201.24   5.93  4.94 14.7 150 04:38  -12  -26
 06 04 2019 03 44 46 17 33 50.0531 -22 34 12.4470 0.695 201.85   5.77  4.93 14.7  13 04:37   -8   -8
 06 04 2019 20 54 11 17 33 56.5651 -22 34 48.9650 1.398 203.10   5.48  4.92 14.7 115 04:34  -37   20
 10 04 2019 02 36 56 17 34 21.0996 -22 37 39.4060 0.013 210.75   4.19  4.87 13.5  26 04:22  -10   -3
 14 04 2019 00 21 43 17 34 39.9256 -22 41 04.7150 1.394  48.69   2.81  4.82 14.1  56 04:07   23    2
 17 04 2019 06 14 12 17 34 46.6605 -22 43 51.5880 1.533 259.06   2.09  4.77 12.9 325 03:54   -1   -5
 23 04 2019 04 05 34 17 34 36.4932 -22 48 47.3430 0.172 139.93  -2.95  4.69 13.5 351 03:30   38   34
 26 04 2019 02 50 31 17 34 20.6214 -22 51 06.9990 0.572 333.42  -4.00  4.65 11.2   7 03:19    5   -9
 28 04 2019 16 46 37 17 34 00.6481 -22 53 02.4100 0.627 340.45  -5.02  4.61 12.5 155 03:08  114   75
 09 05 2019 04 44 32 17 31 41.1821 -22 59 25.9310 1.299 173.21  -9.23  4.48 15.2 325 02:24   -9   -7
 10 05 2019 20 36 08 17 31 10.7819 -23 00 13.1400 0.013 174.30  -9.87  4.47 15.4  85 02:17   -7   -6
 11 05 2019 14 40 15 17 30 56.2736 -23 00 32.1460 0.297 174.72 -10.15  4.46 15.7 174 02:14   32  -20
 11 05 2019 17 11 12 17 30 54.2126 -23 00 33.8440 1.211 174.78 -10.19  4.46 15.7 136 02:14  -16  -23
 12 05 2019 02 04 26 17 30 46.8943 -23 00 44.4520 0.344 354.99 -10.32  4.45 15.7   2 02:12    0    0
 12 05 2019 13 52 57 17 30 36.9825 -23 00 54.4860 1.294 175.26 -10.51  4.45 15.7 184 02:10    8   -3
 12 05 2019 23 10 23 17 30 29.0694 -23 01 04.8710 0.218 355.46 -10.65  4.44 15.4  45 02:08    0   -5
 13 05 2019 22 56 20 17 30 08.2886 -23 01 27.4010 1.260 355.96 -11.00  4.43 15.8  47 02:04    2    0
 16 05 2019 12 55 13 17 29 10.6152 -23 02 13.0450 0.690 177.15 -11.90  4.41 15.7 195 01:53   -7    4
 17 05 2019 08 16 16 17 28 51.6150 -23 02 25.4700 0.555 177.48 -12.17  4.40 16.0 263 01:49   12    0
 17 05 2019 08 47 01 17 28 51.1035 -23 02 25.1320 1.202 177.49 -12.18  4.40 15.8 256 01:49   24   14
 17 05 2019 19 59 34 17 28 39.8852 -23 02 34.0010 1.140 357.68 -12.33  4.39 15.1  87 01:47    0    0
 18 05 2019 19 13 03 17 28 16.1360 -23 02 45.3450 0.299 358.06 -12.65  4.39 15.1  98 01:43    0    2
 19 05 2019 02 49 10 17 28 08.2201 -23 02 48.1010 0.535 178.17 -12.75  4.38 11.2 343 01:42   -2    2
 20 05 2019 02 26 46 17 27 43.1893 -23 02 59.8090 1.277 358.54 -13.06  4.37 16.1 348 01:37  -12    1
 24 05 2019 03 24 24 17 25 53.8012 -23 03 19.8890 1.144 359.87 -14.25  4.34 16.0 329 01:20    3   -2
 26 05 2019 18 07 51 17 24 37.7313 -23 03 15.2890 1.281   0.63 -14.94  4.32 16.2 105 01:08    2  -23
 26 05 2019 22 16 21 17 24 32.5741 -23 03 12.4620 0.736 180.68 -14.99  4.32 16.2  43 01:07   34    6
 27 05 2019 22 40 36 17 24 01.8494 -23 03 05.9870 1.178 180.95 -15.24  4.31 14.6  36 01:03    8   -6
 28 05 2019 02 04 30 17 23 57.5270 -23 03 05.5510 0.604 180.99 -15.27  4.31 15.6 345 01:02   -6    8
 28 05 2019 15 12 03 17 23 40.7350 -23 03 01.8190 0.044 181.13 -15.40  4.31 15.2 147 01:00   -4   -3
 28 05 2019 17 16 16 17 23 38.0738 -23 03 00.4610 0.668 181.15 -15.42  4.31 16.0 116 00:59    1    0
 29 05 2019 00 03 16 17 23 29.3251 -23 02 57.3450 1.271 181.23 -15.48  4.31 16.2  14 00:58   -6  -15
 29 05 2019 03 09 41 17 23 25.3038 -23 02 56.5110 0.899 181.26 -15.51  4.31 15.9 327 00:57    8   41
 29 05 2019 14 47 17 17 23 10.1813 -23 02 52.8200 0.232   1.39 -15.62  4.30 15.3 152 00:55   21   -7
 30 05 2019 15 20 41 17 22 37.8755 -23 02 40.1850 0.623 181.64 -15.84  4.30 16.2 143 00:51   62   21
 30 05 2019 15 40 07 17 22 37.4434 -23 02 41.4310 0.794   1.64 -15.85  4.30 15.6 138 00:51  -26   -5
 30 05 2019 16 16 32 17 22 36.6377 -23 02 41.4330 1.115   1.65 -15.85  4.30 14.9 129 00:51  -20   12
 31 05 2019 06 40 42 17 22 17.4505 -23 02 34.0900 1.735   1.80 -15.97  4.29 16.2 272 00:48   -2    3
 31 05 2019 21 55 04 17 21 56.9805 -23 02 22.8660 0.258 181.95 -16.10  4.29 15.5  43 00:45    0   -3
 01 06 2019 16 12 50 17 21 32.1658 -23 02 12.6240 1.675   2.13 -16.25  4.28 16.0 127 00:42   -2   -3
 02 06 2019 04 01 37 17 21 16.0246 -23 02 02.3260 0.135 182.24 -16.34  4.28 16.3 310 00:39   -6   -3
 03 06 2019 04 31 11 17 20 42.2439 -23 01 43.4440 0.149   2.47 -16.52  4.28 14.9 301 00:35  -15   -6
 03 06 2019 07 03 07 17 20 38.7309 -23 01 40.7460 0.450 182.49 -16.53  4.28 14.6 263 00:34   -4    1
 03 06 2019 09 44 60 17 20 34.9833 -23 01 37.8660 1.066 182.52 -16.55  4.28 16.3 222 00:34   -3   11
 03 06 2019 20 01 05 17 20 20.6684 -23 01 30.0380 0.050 182.60 -16.62  4.27 15.3  68 00:32   -7   -7
 04 06 2019 13 54 29 17 19 55.5865 -23 01 11.9570 1.850 182.77 -16.74  4.27 16.2 159 00:29    9    4
 04 06 2019 17 17 39 17 19 50.8118 -23 01 10.2260 0.374 182.80 -16.76  4.27 16.0 108 00:28    3   -1
 04 06 2019 20 12 38 17 19 46.6973 -23 01 07.7520 0.057 182.82 -16.78  4.27 16.2  64 00:27   -5   -8
 05 06 2019 10 39 07 17 19 26.2554 -23 00 54.4970 0.945   2.96 -16.87  4.27 15.7 207 00:25   -7    1
 05 06 2019 14 51 56 17 19 20.2685 -23 00 50.7730 1.515   2.99 -16.89  4.27 15.7 143 00:24   -7   -1
 06 06 2019 06 30 49 17 18 57.9706 -23 00 32.2560 0.540 183.13 -16.98  4.26 16.3 268 00:21    7   -3
 06 06 2019 15 19 30 17 18 45.3468 -23 00 24.9440 1.784   3.20 -17.02  4.26 16.3 135 00:19  -10  -29
 07 06 2019 13 57 53 17 18 12.7685 -22 59 59.0220 1.793   3.39 -17.14  4.26 16.2 154 00:15    0  -22
 07 06 2019 14 58 38 17 18 11.3202 -22 59 54.5900 1.447 183.40 -17.14  4.26 16.1 139 00:15    4   -6
 08 06 2019 05 32 02 17 17 50.2424 -22 59 38.4860 0.063   3.53 -17.21  4.26 16.0 280 00:12   -5    0
 08 06 2019 17 08 35 17 17 33.3756 -22 59 24.1620 0.272   3.62 -17.26  4.26 16.2 105 00:10   -1   -7
 09 06 2019 04 48 27 17 17 16.3714 -22 59 10.5730 1.724   3.71 -17.31  4.25 16.2 290 00:08  -13    0
 09 06 2019 09 42 40 17 17 09.2161 -22 59 03.1400 0.741   3.75 -17.32  4.25 12.9 216 00:07    2   -5
 10 06 2019 01 03 01 17 16 46.7782 -22 58 39.9640 1.771 183.88 -17.38  4.25 16.2 345 00:04  -24   13
 10 06 2019 07 28 13 17 16 37.3510 -22 58 32.8320 0.034 183.90 -17.40  4.25 14.3 249 00:03    0   -6
 11 06 2019 22 53 39 17 15 39.2701 -22 57 33.9260 1.700 184.23 -17.52  4.25 15.5  16 23:55   24    3
 12 06 2019 01 15 43 17 15 35.7551 -22 57 32.9590 0.928   4.25 -17.52  4.25 16.0 340 23:55    9    7
 12 06 2019 12 49 55 17 15 18.6312 -22 57 14.9590 0.697   4.34 -17.55  4.25 16.4 166 23:53   11    8
 12 06 2019 16 56 57 17 15 12.5339 -22 57 07.9910 0.146   4.38 -17.56  4.25 16.2 104 23:52   -7   -2
 13 06 2019 19 13 28 17 14 33.5413 -22 56 24.3200 1.407 184.57 -17.61  4.24 16.3  68 23:47  -10    1
 14 06 2019 11 29 59 17 14 09.3196 -22 55 59.6770 1.041   4.69 -17.63  4.24 14.5 184 23:44   -2   -1
 15 06 2019 00 03 22 17 13 50.6334 -22 55 36.6830 0.558 184.78 -17.65  4.24 16.3 355 23:41    6    0
 15 06 2019 00 40 46 17 13 49.7011 -22 55 36.1860 0.029   4.83 -17.65  4.24 15.3 345 23:41   -5    2
 15 06 2019 03 02 60 17 13 46.1627 -22 55 33.3050 1.238   4.81 -17.65  4.24 15.8 310 23:41   -1    2
 16 06 2019 03 14 48 17 13 10.1170 -22 54 47.6230 1.798 184.98 -17.67  4.24 16.0 305 23:36   -2   -4
 16 06 2019 07 48 30 17 13 03.3006 -22 54 41.6880 0.495   5.02 -17.67  4.24 15.4 237 23:35   -6   -2
 18 06 2019 13 27 54 17 11 43.3230 -22 52 59.2190 1.273 185.40 -17.66  4.24 16.3 149 23:25   26   40
 18 06 2019 15 22 25 17 11 40.4636 -22 52 57.9690 1.205   5.41 -17.66  4.24 14.3 121 23:25   -1   -6
 19 06 2019 10 58 29 17 11 11.3075 -22 52 16.8170 1.289 185.55 -17.65  4.24 14.9 186 23:21   -2   -7
 19 06 2019 13 33 10 17 11 07.4747 -22 52 11.5370 1.415 185.57 -17.64  4.24 15.2 147 23:21    0   -6
 19 06 2019 18 43 22 17 10 59.7860 -22 52 01.5820 0.985 185.60 -17.64  4.24 15.0  69 23:20    1   -4
 20 06 2019 02 57 05 17 10 47.5491 -22 51 46.6190 0.716   5.66 -17.62  4.24 16.1 305 23:18   -1    3
 20 06 2019 15 48 03 17 10 28.4859 -22 51 19.5510 0.042 185.71 -17.60  4.24 16.3 112 23:16   -9  -13
 21 06 2019 20 42 29 17 09 45.6923 -22 50 20.2960 1.271   5.95 -17.55  4.24 15.7  37 23:10   -7   -5
 23 06 2019 09 48 01 17 08 51.1113 -22 48 57.0150 1.738 186.20 -17.45  4.25 16.1 199 23:03    0   -9
 23 06 2019 10 56 32 17 08 49.4091 -22 48 57.9660 1.749   6.20 -17.44  4.25 16.3 182 23:03    1    3
 24 06 2019 07 30 52 17 08 19.3342 -22 48 08.8490 1.634 186.34 -17.38  4.25 16.3 232 22:59   -2   -6
 24 06 2019 19 05 02 17 08 02.4566 -22 47 44.3390 0.058 186.40 -17.33  4.25 16.2  58 22:57    6   -8
 25 06 2019 11 36 57 17 07 38.4439 -22 47 06.6650 0.047 186.50 -17.27  4.25 14.8 169 22:54   -6    0
 25 06 2019 21 22 35 17 07 24.3226 -22 46 43.6560 0.581 186.59 -17.23  4.25 15.0  22 22:52   -6   -1
 26 06 2019 07 57 26 17 07 09.0465 -22 46 20.0800 0.393   6.67 -17.18  4.25 16.3 223 22:50   25  -25
 26 06 2019 11 34 53 17 07 03.8409 -22 46 10.1030 1.146 186.69 -17.17  4.25 15.4 169 22:49  -17   -9
 26 06 2019 13 09 21 17 07 01.5527 -22 46 09.1510 1.597   6.70 -17.16  4.25 15.3 145 22:49    3   -8
 27 06 2019 02 49 41 17 06 41.9465 -22 45 35.1000 0.372 186.79 -17.09  4.25 15.9 299 22:46   -3   -8
 29 06 2019 09 09 32 17 05 24.8976 -22 43 24.6310 0.584 187.14 -16.80  4.26 16.3 202 22:36   21    4
 29 06 2019 17 21 20 17 05 13.4223 -22 43 03.7120 1.514 187.20 -16.75  4.26 15.3  78 22:35   -2   -1
 29 06 2019 18 40 35 17 05 11.5756 -22 43 00.4740 1.523 187.21 -16.74  4.26 16.2  59 22:34   -3  -12
 29 06 2019 19 56 37 17 05 09.7863 -22 42 59.4040 0.524   7.22 -16.73  4.26 16.2  40 22:34 -146  -83
 29 06 2019 21 02 10 17 05 08.2671 -22 42 55.9830 0.229 187.22 -16.73  4.26 13.6  23 22:34   39  -17
 29 06 2019 21 32 37 17 05 07.5486 -22 42 55.8100 0.851   7.23 -16.72  4.26 15.3  15 22:34 -110  -19
 29 06 2019 22 10 31 17 05 06.6600 -22 42 54.9860 1.580   7.23 -16.72  4.26 16.3   6 22:34  -12   -6
 29 06 2019 23 52 05 17 05 04.2992 -22 42 50.7760 1.518   7.24 -16.71  4.26 16.3 340 22:33  -13    4
 30 06 2019 07 44 52 17 04 53.3243 -22 42 31.8240 1.929   7.29 -16.66  4.26 12.9 222 22:32   -7   -4
 03 07 2019 06 26 43 17 03 16.7234 -22 39 34.8320 1.485   7.75 -16.15  4.28 16.2 238 22:19   -4   -3
 05 07 2019 02 12 58 17 02 18.7733 -22 37 40.6290 1.420 188.04 -15.78  4.29 14.7 300 22:11   17  -21
 05 07 2019 02 39 21 17 02 18.1840 -22 37 40.9320 0.030   8.10 -15.78  4.29 14.0 293 22:11   -6  -18
 07 07 2019 02 18 03 17 01 16.8653 -22 35 40.4130 1.817   8.36 -15.34  4.30 16.1 296 22:02    7   -8
 07 07 2019 11 01 51 17 01 05.8668 -22 35 16.2630 0.139   8.42 -15.26  4.30 14.3 165 22:00   -5   -8
 07 07 2019 12 26 39 17 01 04.1091 -22 35 10.8270 1.676 188.42 -15.24  4.30 14.6 143 22:00    1    9
 07 07 2019 17 44 15 17 00 57.4612 -22 34 57.9940 0.855 188.46 -15.19  4.30 12.9  64 21:59 -131   21
 07 07 2019 18 11 53 17 00 56.8927 -22 34 56.0650 1.604 188.46 -15.19  4.30 14.4  57 21:59   -1   -8
 08 07 2019 14 36 40 17 00 31.5260 -22 34 04.9030 0.091 188.58 -14.98  4.31 13.7 110 21:55  -12  -13
 10 07 2019 06 56 33 16 59 42.5974 -22 32 22.1490 1.264   8.87 -14.55  4.32 15.9 223 21:48    2   -8
 11 07 2019 18 09 59 16 59 01.2143 -22 30 50.8960 0.746   9.12 -14.16  4.33 15.3  53 21:41    0   -4
 15 07 2019 02 07 41 16 57 32.1620 -22 27 25.8560 0.049 189.67 -13.20  4.35 14.4 290 21:26   -6  -12
 15 07 2019 03 38 33 16 57 30.5515 -22 27 21.3810 0.697 189.70 -13.18  4.36 15.2 267 21:26  -14   -5
 19 07 2019 21 49 06 16 55 36.3118 -22 22 36.8030 1.888 190.63 -11.64  4.40 14.1 349 21:06   -3   -3
 21 07 2019 23 18 51 16 54 51.7258 -22 20 40.5760 0.350  11.08 -10.93  4.42 14.1 325 20:57    1    4
 23 07 2019 22 12 21 16 54 12.4412 -22 18 50.8350 0.352 191.55 -10.22  4.44 15.3 339 20:48    6    2
 25 07 2019 04 37 11 16 53 48.5075 -22 17 42.2620 0.023 191.86  -9.74  4.45 14.5 242 20:43    0    7
 26 07 2019 14 18 22 16 53 23.4622 -22 16 27.9710 0.167  12.31  -9.21  4.47 15.3  95 20:37   -4   -8
 27 07 2019 00 57 40 16 53 15.8846 -22 16 03.6140 1.089 192.44  -9.04  4.47 14.1 294 20:35    0  -10
 30 07 2019 15 54 44 16 52 19.8042 -22 13 04.8300 0.636  13.79  -7.58  4.51 14.1  66 20:20   13  -17
 04 08 2019 23 15 24 16 51 17.3766 -22 09 11.5560 1.660  17.03  -5.31  4.58 14.4 311 19:58   -1   -3
 07 08 2019 08 51 51 16 50 57.1071 -22 07 35.2360 1.953 199.63  -4.25  4.61 12.4 164 19:48    1   -1
 09 08 2019 15 10 33 16 50 42.3716 -22 06 18.7290 1.401  23.65  -3.25  4.64 13.3  67 19:39  -12   -9
 28 08 2019 13 55 59 16 51 31.9789 -22 00 36.3810 1.812 359.03   6.10  4.92 13.1  67 18:25   -6   -2
 29 08 2019 08 22 60 16 51 40.3910 -22 00 32.5960 0.546 179.55   6.49  4.93 14.7 150 18:22   -7   -2
 03 09 2019 00 33 11 16 52 41.9934 -22 00 43.4030 1.642 181.71   8.82  5.01 15.5 263 18:05   -1   -2
 04 09 2019 22 26 39 16 53 12.2785 -22 00 58.9610 0.905 182.29   9.77  5.04 14.8 293 17:58   -1  -10
 06 09 2019 21 02 13 16 53 45.9763 -22 01 20.8810 0.263   2.76  10.73  5.07 15.1 312 17:51  -13   -3
 07 09 2019 01 06 11 16 53 49.0576 -22 01 22.7920 0.095   2.80  10.82  5.07 15.4 251 17:50   -2    2
 07 09 2019 03 52 53 16 53 51.1747 -22 01 24.3910 0.250   2.82  10.87  5.07 15.7 209 17:50  -10  -10
 08 09 2019 02 44 51 16 54 08.9927 -22 01 38.2040 1.429   3.01  11.35  5.09 15.8 225 17:46   30  -54
 08 09 2019 04 10 20 16 54 10.1278 -22 01 38.6490 1.043   3.02  11.38  5.09 14.0 204 17:46    8   -3
 09 09 2019 00 02 01 16 54 26.2212 -22 01 48.3510 1.377 183.17  11.79  5.10 15.6 265 17:43   -4    5
 09 09 2019 14 59 24 16 54 38.6787 -22 01 57.8180 1.682 183.28  12.09  5.11 14.4  40 17:41  -11    3
 11 09 2019 00 09 43 16 55 07.3488 -22 02 22.5410 0.584 183.49  12.77  5.14 13.6 262 17:36  -11   -6
 17 09 2019 18 27 16 16 57 47.9209 -22 04 55.1240 0.354 184.21  16.07  5.25 15.8 341 17:12    1   -3
 18 09 2019 08 30 47 16 58 03.3826 -22 05 09.8200 1.571 184.26  16.35  5.26 13.8 130 17:10   -2   -5
 18 09 2019 10 08 43 16 58 05.1902 -22 05 12.1190 1.144 184.26  16.38  5.26 14.4 105 17:09   -1    2
 20 09 2019 20 38 34 16 59 12.1727 -22 06 25.0970 1.127   4.42  17.56  5.30 16.0 306 17:01  -27    4
 21 09 2019 19 45 52 16 59 39.7895 -22 06 53.7210 0.065 184.46  18.02  5.31 14.7 318 16:58   -7   -7
 22 09 2019 09 26 16 16 59 56.4111 -22 07 12.5440 0.647   4.50  18.29  5.32 15.5 112 16:56    3  -10
 25 09 2019 10 28 28 17 01 28.9120 -22 08 56.1570 1.685   4.62  19.74  5.37 15.2  94 16:45  -11  -11
 27 09 2019 03 19 04 17 02 23.3361 -22 09 54.5990 1.333 184.67  20.54  5.40 14.2 200 16:39   14   13
 27 09 2019 15 14 47 17 02 39.5761 -22 10 14.1100 0.293 184.68  20.77  5.41 14.0  21 16:38  -13    6
 27 09 2019 21 02 42 17 02 47.5383 -22 10 21.9340 1.537 184.69  20.89  5.41 15.5 294 16:37   -6   10
 29 09 2019 09 36 29 17 03 38.5543 -22 11 21.1710 0.677 184.72  21.59  5.43 16.1 104 16:32   -3    0
 03 10 2019 22 59 05 17 06 19.8272 -22 14 28.8680 0.654   4.78  23.67  5.50 16.6 259 16:16  -18    4
 04 10 2019 02 37 48 17 06 25.4164 -22 14 35.9250 1.224   4.78  23.74  5.51 15.8 205 16:16   -1  -19
 04 10 2019 09 39 06 17 06 36.2334 -22 14 47.5450 0.293   4.78  23.88  5.51 14.8  99 16:15    3   -4
 04 10 2019 19 20 33 17 06 51.2447 -22 15 03.7820 0.888 184.78  24.05  5.52 11.7 313 16:14    6    0
 04 10 2019 19 57 38 17 06 52.1980 -22 15 06.0190 0.237   4.78  24.07  5.52 15.8 304 16:13    3  -14
 04 10 2019 20 20 36 17 06 52.8026 -22 15 05.1320 1.345 184.78  24.07  5.52 14.0 298 16:13   22   -9
 04 10 2019 23 45 44 17 06 58.1203 -22 15 11.6460 1.005 184.78  24.14  5.52 14.9 247 16:13    4    0
 06 10 2019 12 11 47 17 07 55.5467 -22 16 19.0280 0.285 184.78  24.81  5.54 16.3  59 16:08  -35   -1
 08 10 2019 22 38 06 17 09 30.4188 -22 18 10.4870 1.207   4.76  25.87  5.58 16.0 261 16:00  -13  -15
 09 10 2019 03 56 52 17 09 39.2196 -22 18 19.1310 0.324 184.76  25.97  5.58 16.2 181 15:59    2   -4
 09 10 2019 20 32 50 17 10 06.8670 -22 18 50.7090 0.699 184.76  26.26  5.59 16.8 291 15:57    1  -16
 09 10 2019 22 53 48 17 10 10.7928 -22 18 56.6440 0.697   4.76  26.31  5.60 16.3 256 15:57  -10   -6
 10 10 2019 11 36 31 17 10 32.1783 -22 19 20.0370 0.582 184.75  26.53  5.60 15.8  65 15:55    7  -10
 10 10 2019 20 15 21 17 10 46.8034 -22 19 37.7450 0.264   4.75  26.68  5.61 16.8 295 15:54    0   -7
 11 10 2019 10 44 58 17 11 11.4824 -22 20 06.4460 0.554   4.74  26.94  5.62 16.0  77 15:52  -20   13
 12 10 2019 00 01 30 17 11 34.2591 -22 20 33.1080 1.038   4.73  27.18  5.63 16.5 237 15:50    0   -9
 12 10 2019 03 59 41 17 11 41.1066 -22 20 40.3540 0.425   4.73  27.24  5.63 15.5 178 15:49   -1   -5
 12 10 2019 05 21 01 17 11 43.4386 -22 20 44.4250 1.816   4.73  27.27  5.63 15.3 157 15:49    1  -10
 12 10 2019 08 27 33 17 11 48.8249 -22 20 48.4600 0.320 184.72  27.32  5.63 16.6 110 15:49    6   -2
 13 10 2019 01 03 50 17 12 17.6874 -22 21 20.0600 1.782 184.72  27.61  5.64 16.1 221 15:47    2    1
 13 10 2019 09 49 23 17 12 33.0073 -22 21 38.1220 1.240 184.71  27.77  5.65 15.9  89 15:45    2    0
 15 10 2019 19 34 39 17 14 15.7848 -22 23 36.1840 0.063 184.64  28.76  5.68 15.4 301 15:38    4   -7
 16 10 2019 21 19 40 17 15 02.5726 -22 24 29.6110 0.553   4.64  29.20  5.70 14.7 274 15:34    0    0
 18 10 2019 16 11 29 17 16 21.7608 -22 25 57.0950 0.686 184.60  29.92  5.72 16.6 349 15:28    3    7
 21 10 2019 00 47 40 17 18 08.7426 -22 27 56.3480 0.072   4.55  30.86  5.76 14.5 218 15:21   12    1
 22 10 2019 04 00 17 17 19 01.1340 -22 28 54.1130 0.434   4.51  31.31  5.77 16.4 169 15:17   -3    0
 22 10 2019 07 16 40 17 19 07.4748 -22 29 01.5610 0.962   4.50  31.36  5.77 16.3 120 15:17   -6   -4
 22 10 2019 08 45 03 17 19 10.3397 -22 29 03.4360 0.282 184.49  31.39  5.77 16.0  98 15:17   -5   -5
 23 10 2019 11 21 03 17 20 02.2569 -22 29 59.4230 0.683 184.46  31.82  5.79 16.9  58 15:13   -7    7
 23 10 2019 12 31 39 17 20 04.5571 -22 30 03.7050 1.105   4.46  31.83  5.79 16.8  40 15:13  -22  -10
 24 10 2019 03 53 05 17 20 34.8154 -22 30 35.0500 0.197 184.43  32.08  5.80 16.9 170 15:11   -7    0
 24 10 2019 07 24 36 17 20 41.7841 -22 30 42.9690 0.218   4.45  32.14  5.80 17.0 117 15:11    4    5
 24 10 2019 09 52 03 17 20 46.6445 -22 30 49.1310 1.154   4.43  32.18  5.80 16.0  80 15:10  -14   -1
 25 10 2019 00 51 27 17 21 16.4309 -22 31 20.4940 0.581   4.42  32.42  5.81 16.8 214 15:08   -2    6
 26 10 2019 05 05 16 17 22 13.0189 -22 32 18.7760 1.392 184.37  32.86  5.83 16.2 150 15:05    7  -14
 26 10 2019 15 06 08 17 22 33.2316 -22 32 41.6750 0.107   4.38  33.02  5.83 16.7 359 15:03    8   12
 26 10 2019 16 50 21 17 22 36.7453 -22 32 45.7350 0.457   4.36  33.05  5.83 16.7 333 15:03    7   -4
 27 10 2019 06 09 04 17 23 03.7768 -22 33 11.8630 1.886 184.34  33.25  5.84 16.8 133 15:01   -1   -3
 28 10 2019 13 43 20 17 24 08.3857 -22 34 22.3650 1.063   4.29  33.74  5.86 16.9  19 14:57    3   -4
 30 10 2019 16 47 19 17 25 54.5183 -22 36 09.7420 0.849 184.21  34.51  5.88 15.8 331 14:51    0    0
 31 10 2019 13 31 38 17 26 38.1689 -22 36 53.1220 1.804 184.18  34.82  5.89 16.9  19 14:48    3   -5
 01 11 2019 00 40 11 17 27 01.7383 -22 37 18.5990 0.116 184.14  34.98  5.90 16.2 212 14:46    0    0
 03 11 2019 02 34 49 17 28 48.4270 -22 39 05.6770 0.635   4.08  35.70  5.92 17.0 181 14:40  -18    7
 03 11 2019 04 24 47 17 28 52.3901 -22 39 07.2750 1.667 184.07  35.72  5.93 17.1 154 14:40  -19   16
 03 11 2019 11 52 48 17 29 08.5014 -22 39 24.8350 0.028   4.10  35.83  5.93 16.7  42 14:39   -9   -4
 03 11 2019 15 38 51 17 29 16.6551 -22 39 31.7960 0.995 184.05  35.88  5.93 16.9 345 14:38   -1  -13
 06 11 2019 22 17 22 17 32 08.9175 -22 42 17.1400 1.510 183.91  36.96  5.97 16.7 243 14:28   -6   -2
 08 11 2019 04 30 22 17 33 16.1669 -22 43 23.1660 1.424   3.85  37.37  5.98 17.1 149 14:24    3    8
 08 11 2019 06 19 54 17 33 20.2599 -22 43 24.7760 0.770 183.84  37.39  5.98 17.2 121 14:24    5   -9
 08 11 2019 08 18 31 17 33 24.6740 -22 43 30.8600 1.205   3.84  37.42  5.98 17.0  91 14:24  -13  -16
 08 11 2019 10 31 42 17 33 29.6585 -22 43 32.3890 1.887 183.84  37.45  5.99 16.9  58 14:24    0    0
 08 11 2019 22 56 32 17 33 57.4920 -22 44 01.4610 1.424   3.82  37.61  5.99 15.9 232 14:22 -159  -55
 09 11 2019 01 14 40 17 34 02.6777 -22 44 04.0240 0.787 183.81  37.64  5.99 15.9 197 14:22   -5   -1
 09 11 2019 03 15 10 17 34 07.1897 -22 44 09.3730 0.404   3.81  37.67  5.99 15.4 167 14:22    0    3
 09 11 2019 13 29 09 17 34 30.2479 -22 44 30.2960 0.162   3.80  37.80  6.00 16.8  13 14:20    4   21
 10 11 2019 11 40 10 17 35 20.4495 -22 45 16.9410 1.124   3.74  38.09  6.01 17.0  39 14:17    8  -15
 10 11 2019 12 25 08 17 35 22.1620 -22 45 16.0560 1.303 183.74  38.10  6.01 17.0  28 14:17    0    0
 10 11 2019 14 28 59 17 35 26.8390 -22 45 22.6440 1.052   3.74  38.12  6.01 17.1 357 14:17   15   17
 10 11 2019 16 19 58 17 35 31.0477 -22 45 25.3030 0.078 183.71  38.14  6.01 17.1 329 14:17   -1   -4
 11 11 2019 08 43 58 17 36 08.4028 -22 45 59.1660 0.216   3.71  38.35  6.02 16.1  83 14:15    1   -7
 11 11 2019 09 55 15 17 36 11.1166 -22 46 01.3500 0.022 183.62  38.37  6.02 16.2  65 14:15  -17    4
 12 11 2019 13 25 41 17 37 14.1540 -22 46 57.6400 0.356   3.65  38.71  6.03 17.1  11 14:11   22   10
 12 11 2019 15 54 55 17 37 19.8703 -22 47 03.9730 1.660   3.64  38.74  6.03 15.7 334 14:11    0   -4
 13 11 2019 01 52 12 17 37 42.8148 -22 47 22.8260 0.407   3.62  38.87  6.03 17.2 184 14:10   -3   -6
 14 11 2019 06 34 37 17 38 49.2832 -22 48 21.9010 1.877   3.56  39.22  6.05 17.0 113 14:06    3   -3
 14 11 2019 16 52 37 17 39 13.2561 -22 48 41.1460 0.586   3.54  39.34  6.05 16.9 318 14:05    7    0
 14 11 2019 22 08 38 17 39 25.5324 -22 48 52.3440 1.315   3.52  39.41  6.05 16.7 239 14:04    5   -3
 16 11 2019 22 31 23 17 41 19.0637 -22 50 25.7870 0.470 183.42  39.98  6.07 15.9 232 13:58   -2   -5
 17 11 2019 02 14 53 17 41 27.8576 -22 50 33.3750 0.139 183.40  40.03  6.07 17.0 176 13:58   -5  -26
 17 11 2019 16 28 09 17 42 01.5060 -22 51 00.7220 0.403 183.38  40.19  6.08 16.4 322 13:56  -17   -5
 17 11 2019 23 09 31 17 42 17.3746 -22 51 13.0390 1.019 183.36  40.27  6.08 15.6 221 13:55  -10    4
 18 11 2019 04 33 37 17 42 30.2013 -22 51 23.9710 0.501 183.35  40.33  6.08 15.9 140 13:54   -2    2
 18 11 2019 05 10 46 17 42 31.6790 -22 51 23.7520 1.916 183.35  40.34  6.08 17.1 131 13:54   11   22
 18 11 2019 05 46 21 17 42 33.0845 -22 51 25.9180 0.889 183.35  40.35  6.08 13.6 122 13:54    5  -14
 18 11 2019 12 43 06 17 42 49.6074 -22 51 39.5960 0.560 183.33  40.43  6.09 16.1  18 13:53    3   -1
 18 11 2019 21 28 10 17 43 10.4685 -22 51 55.3150 1.606 183.32  40.53  6.09 16.5 246 13:52  -12   -7
 18 11 2019 22 14 22 17 43 12.2983 -22 51 58.4580 0.060   3.34  40.54  6.09 17.3 235 13:52   -5    1
 19 11 2019 00 52 29 17 43 18.5947 -22 52 01.9370 1.488 183.31  40.57  6.09 15.1 195 13:52    0    2
