 01 02 2020 19 39 18 18 55 47.0130 -22 43 09.6700 0.677 356.91  40.21  6.09 14.5 218 10:09   -3   -9
 01 02 2020 20 54 59 18 55 49.9873 -22 43 05.4450 1.324 176.91  40.20  6.09 17.1 199 10:09   12    6
 02 02 2020 00 13 14 18 55 57.8032 -22 43 01.7180 0.799 356.90  40.18  6.09 14.9 149 10:09    5   -7
 02 02 2020 09 04 57 18 56 18.7217 -22 42 43.9630 1.195 176.87  40.13  6.09 17.1  16 10:08    8    0
 02 02 2020 11 34 12 18 56 24.5952 -22 42 40.4380 0.273 176.87  40.11  6.09 14.5 338 10:07  -10   -4
 03 02 2020 01 55 17 18 56 58.4339 -22 42 16.5630 1.699 356.82  40.02  6.09 16.7 123 10:06  -11    3
 03 02 2020 23 36 25 18 57 49.4314 -22 41 35.0080 0.213 176.76  39.87  6.08 16.8 157 10:03 -157   30
 05 02 2020 03 52 51 18 58 55.7191 -22 40 42.3600 0.100 176.68  39.67  6.07 15.9  92 09:59   -3   -2
 05 02 2020 05 50 11 18 59 00.2928 -22 40 38.1630 0.599 176.66  39.66  6.07 17.0  62 09:59   -4  -16
 05 02 2020 11 41 32 18 59 13.9909 -22 40 28.0730 0.410 356.64  39.62  6.07 17.2 334 09:58    4   -1
 05 02 2020 23 37 12 18 59 41.8425 -22 40 03.3380 1.574 176.60  39.53  6.06 17.1 155 09:57  -14   -8
 06 02 2020 00 20 49 18 59 43.5448 -22 40 03.2250 0.292 176.61  39.53  6.06 16.7 144 09:57  -10  -20
 06 02 2020 22 04 42 19 00 34.1870 -22 39 22.7840 1.295 356.53  39.37  6.06 16.6 177 09:54   -2   -5
 07 02 2020 00 23 05 19 00 39.5436 -22 39 16.3660 0.628 176.53  39.35  6.06 14.1 143 09:54  -11   -8
 07 02 2020 11 26 16 19 01 05.2368 -22 38 56.4590 1.144 356.49  39.27  6.05 16.4 337 09:52  -24   15
 08 02 2020 08 53 27 19 01 54.9688 -22 38 12.7790 0.044 356.37  39.11  6.05 17.1  14 09:50  -34   16
 08 02 2020 13 13 36 19 02 05.0055 -22 38 04.8540 0.790 356.41  39.07  6.04 15.6 309 09:49   -6   -4
 08 02 2020 13 30 54 19 02 05.6655 -22 38 02.7760 0.715 176.42  39.07  6.04 17.2 305 09:49   -4   -6
 10 02 2020 18 42 41 19 04 08.2201 -22 36 15.2600 0.469 356.25  38.65  6.03 16.1 225 09:42   12  -15
 11 02 2020 04 53 56 19 04 31.5668 -22 35 52.8650 0.671 176.23  38.56  6.02 17.1  72 09:41   -9   -6
 11 02 2020 19 16 55 19 05 04.4699 -22 35 22.6080 0.675 176.18  38.44  6.02 16.7 216 09:39   34    0
 11 02 2020 22 24 11 19 05 11.6101 -22 35 18.2490 1.573 356.17  38.42  6.02 15.3 169 09:39   -1    1
 11 02 2020 22 50 10 19 05 12.5874 -22 35 14.9200 0.846 176.17  38.41  6.02 17.1 162 09:39    5    4
 13 02 2020 01 13 10 19 06 12.7011 -22 34 18.5000 0.934 176.09  38.19  6.01 16.1 126 09:35   -6   -3
 13 02 2020 09 05 53 19 06 30.6093 -22 34 03.4500 1.018 356.06  38.12  6.00 14.4   7 09:34   -3    1
 13 02 2020 10 36 48 19 06 34.0456 -22 33 59.4580 0.304 356.05  38.11  6.00 14.5 345 09:34  -20   12
 13 02 2020 20 43 09 19 06 56.9579 -22 33 36.6790 0.540 176.03  38.02  6.00 17.0 193 09:33    8    9
 13 02 2020 23 23 07 19 07 02.9933 -22 33 30.1880 1.222 176.03  37.99  6.00 17.2 153 09:33   -2   -3
 14 02 2020 01 40 23 19 07 08.1870 -22 33 28.0510 1.641 356.01  37.97  6.00 16.9 118 09:32    1   -1
 14 02 2020 18 21 58 19 07 45.8997 -22 32 48.1390 1.652 175.97  37.82  5.99 13.9 227 09:30   -1   -1
 14 02 2020 20 24 34 19 07 50.5123 -22 32 43.9700 1.313 175.96  37.80  5.99 17.2 196 09:30    0    0
 15 02 2020 05 39 26 19 08 11.3560 -22 32 23.4640 1.355 175.94  37.72  5.99 14.5  57 09:29    8    3
 15 02 2020 21 23 22 19 08 46.7504 -22 31 51.5910 1.838 355.88  37.57  5.98 12.9 181 09:27    0  -13
 16 02 2020 00 05 13 19 08 52.8042 -22 31 45.2540 1.542 355.88  37.55  5.98 16.5 140 09:27  -18    0
 17 02 2020 12 26 24 19 10 14.1007 -22 30 22.8750 1.423 355.77  37.20  5.96 16.6 314 09:22   -1   -1
 17 02 2020 19 50 09 19 10 30.5705 -22 30 06.3010 1.775 355.75  37.13  5.96 17.1 203 09:21  -18    0
 17 02 2020 20 17 51 19 10 31.5966 -22 30 05.1320 1.663 355.74  37.13  5.96 16.6 196 09:21    3   -6
 18 02 2020 01 34 26 19 10 43.3141 -22 29 50.2500 1.111 175.73  37.07  5.96 16.0 117 09:20    5   -4
 18 02 2020 13 33 24 19 11 09.9226 -22 29 24.7490 1.028 355.69  36.96  5.95 17.0 296 09:19   26   40
 19 02 2020 17 58 10 19 12 12.7152 -22 28 17.4860 0.083 175.64  36.67  5.94 15.2 229 09:15    6   11
 19 02 2020 23 04 55 19 12 23.9785 -22 28 06.2520 0.692 355.59  36.62  5.94 16.1 153 09:14    5   -1
 20 02 2020 02 14 07 19 12 30.9137 -22 27 58.2720 0.128 355.57  36.58  5.94 13.4 105 09:14    4   11
 20 02 2020 23 58 51 19 13 18.6341 -22 27 07.7990 1.073 355.52  36.36  5.93 16.1 138 09:11   -6    4
 21 02 2020 10 47 09 19 13 42.2482 -22 26 40.5400 0.460 175.50  36.24  5.92 16.7 336 09:10    1    3
 21 02 2020 17 41 58 19 13 57.3442 -22 26 26.1290 1.664 355.47  36.17  5.92 15.2 232 09:09   -2   -1
 22 02 2020 23 34 06 19 15 02.2172 -22 25 11.1060 1.418 175.39  35.84  5.91 16.8 143 09:05    7    3
 23 02 2020 10 58 13 19 15 26.8809 -22 24 45.7500 0.930 355.35  35.72  5.90 15.6 331 09:04    0   -8
 24 02 2020 01 24 15 19 15 57.9889 -22 24 10.8040 1.220 355.31  35.56  5.90 17.1 115 09:02    0   -1
 24 02 2020 16 07 15 19 16 29.5848 -22 23 33.7530 0.289 355.26  35.39  5.89 14.7 253 09:00  -29   17
 24 02 2020 16 52 30 19 16 31.2100 -22 23 33.3890 1.784 355.26  35.38  5.89 16.6 242 09:00   -3    1
 25 02 2020 00 42 03 19 16 47.9629 -22 23 13.8910 1.579 355.24  35.29  5.89 14.4 124 08:59   15    8
 25 02 2020 09 03 13 19 17 05.7960 -22 22 51.1070 0.561 175.22  35.20  5.88 17.0 359 08:58   19    4
 25 02 2020 23 06 21 19 17 35.7412 -22 22 17.8170 1.035 355.18  35.03  5.88 17.0 148 08:56   -8   -5
 26 02 2020 17 41 18 19 18 15.1519 -22 21 30.2560 0.155 175.14  34.82  5.87 16.6 228 08:54   -6   -2
 26 02 2020 22 44 28 19 18 25.8423 -22 21 18.5490 0.805 355.11  34.76  5.86 16.8 152 08:53   -5  -19
 28 02 2020 05 49 38 19 19 31.2512 -22 19 59.3390 0.084 175.05  34.39  5.85 16.9  45 08:49    9   -4
 28 02 2020 18 54 23 19 19 58.6014 -22 19 25.3570 0.885 174.99  34.23  5.84 15.4 208 08:47   -4    5
 29 02 2020 22 54 11 19 20 56.8141 -22 18 13.5050 1.309 174.91  33.88  5.83 16.4 147 08:44   12   -6
 01 03 2020 05 01 53 19 21 09.5074 -22 17 59.8020 0.705 354.89  33.81  5.83 16.5  55 08:43   -7  -11
 01 03 2020 08 56 17 19 21 17.5787 -22 17 49.6500 0.580 354.88  33.76  5.82 15.3 357 08:42   -3   -2
 01 03 2020 13 23 23 19 21 26.7574 -22 17 37.0130 0.627 174.87  33.70  5.82 15.8 290 08:42  -23  -25
 01 03 2020 21 58 14 19 21 44.4380 -22 17 16.0460 0.496 354.84  33.60  5.82 17.0 161 08:41    8   -1
 03 03 2020 08 58 48 19 22 56.0609 -22 15 43.1870 1.801 174.75  33.15  5.80 16.3 354 08:36   -3    1
 03 03 2020 14 44 54 19 23 07.7942 -22 15 28.6510 1.342 174.73  33.08  5.80 16.4 268 08:35   12  -23
 04 03 2020 05 48 51 19 23 38.3398 -22 14 50.6200 0.125 174.71  32.88  5.79 17.0  41 08:33  -26   -9
 04 03 2020 22 48 22 19 24 12.6068 -22 14 05.9600 0.373 174.65  32.66  5.78 14.3 146 08:31  -12   -9
 06 03 2020 19 52 30 19 25 42.5881 -22 12 06.5090 1.345 174.52  32.07  5.76 17.0 188 08:25    4   -6
 07 03 2020 16 25 05 19 26 23.1802 -22 11 14.8320 1.293 354.47  31.79  5.75 16.5 239 08:22    8  -14
 07 03 2020 17 01 41 19 26 24.3654 -22 11 11.0490 0.886 174.47  31.78  5.75 13.0 230 08:22  -11  -33
 08 03 2020 04 33 01 19 26 47.0091 -22 10 42.7030 1.312 354.43  31.63  5.74 16.8  57 08:21   -4  -12
 08 03 2020 11 28 06 19 27 00.5428 -22 10 22.9100 0.136 174.43  31.53  5.74 15.9 313 08:20    3  -11
 09 03 2020 00 05 31 19 27 25.1711 -22 09 49.2420 0.264 174.39  31.36  5.73 16.4 123 08:18    1   -6
 09 03 2020 05 22 44 19 27 35.4594 -22 09 35.9470 0.509 354.37  31.29  5.73 13.7  44 08:18   13  -15
 09 03 2020 06 06 06 19 27 36.8477 -22 09 31.8110 1.716 174.37  31.28  5.73 16.7  33 08:18    3   24
 10 03 2020 15 54 18 19 28 42.1357 -22 08 03.8230 0.428 354.28  30.81  5.71 14.2 245 08:13   -5   -6
 13 03 2020 21 46 35 19 31 09.4289 -22 04 36.4930 1.712 354.08  29.70  5.66 15.7 154 08:03    5  -10
 14 03 2020 01 22 43 19 31 16.1141 -22 04 23.9990 1.125 174.07  29.65  5.66 16.0 100 08:02  -19    8
 14 03 2020 18 00 27 19 31 46.9472 -22 03 39.4360 1.020 174.03  29.41  5.65 15.5 210 08:00   -2   -8
 14 03 2020 19 48 56 19 31 50.2927 -22 03 35.2760 0.318 174.03  29.38  5.65 15.0 183 08:00    4  -10
 14 03 2020 21 06 16 19 31 52.6613 -22 03 30.4400 1.697 174.02  29.36  5.65 16.8 163 08:00   -7    4
 15 03 2020 20 12 29 19 32 35.1016 -22 02 28.7290 1.314 173.96  29.02  5.64 16.8 176 07:57  -12    0
 16 03 2020 00 06 39 19 32 42.2309 -22 02 18.3450 1.207 173.95  28.96  5.63 16.6 117 07:56   10    1
 16 03 2020 06 12 19 19 32 53.3465 -22 02 02.9310 0.235 173.95  28.87  5.63 14.4  26 07:55  -11  -11
 17 03 2020 23 05 08 19 34 07.1164 -22 00 13.9760 0.674 353.83  28.25  5.61 16.8 131 07:50   13   -4
 20 03 2020 22 39 49 19 36 13.0456 -21 57 02.7130 1.313 353.66  27.14  5.56 16.1 135 07:40    5   -4
 22 03 2020 15 17 29 19 37 22.6111 -21 55 12.3240 0.667 173.56  26.49  5.54 13.8 244 07:35    5   -6
 23 03 2020 18 29 33 19 38 08.4043 -21 53 59.7640 0.932 173.50  26.05  5.52 16.7 195 07:31   -4  -13
 25 03 2020 14 31 48 19 39 21.1662 -21 52 02.9600 1.315 173.39  25.33  5.49 16.7 253 07:25   11   -5
 29 03 2020 05 13 38 19 41 39.3166 -21 48 19.3400 1.417 353.19  23.87  5.44 15.0  30 07:13   -5   -7
 31 03 2020 08 44 41 19 42 58.0616 -21 46 06.7350 1.050 353.06  22.99  5.41 16.2 335 07:06   16   33
 31 03 2020 20 44 26 19 43 16.0365 -21 45 36.6770 1.509 353.04  22.78  5.40 16.5 155 07:04  -11   -6
 31 03 2020 22 11 27 19 43 18.1915 -21 45 32.0710 0.577 353.03  22.75  5.40 16.6 133 07:04    1   -4
 01 04 2020 09 08 43 19 43 34.4587 -21 45 03.6230 0.125 173.02  22.56  5.39 15.7 329 07:02   -5  -18
 03 04 2020 21 19 30 19 45 01.7582 -21 42 33.9370 0.861 352.87  21.51  5.35 16.0 144 06:54   12   -7
 05 04 2020 09 38 05 19 45 52.6530 -21 41 02.4660 1.315 172.79  20.87  5.33 14.6 318 06:49    3    2
 06 04 2020 02 05 38 19 46 15.3012 -21 40 23.6040 0.111 172.76  20.57  5.32 14.2  70 06:46   -2    0
 08 04 2020 06 19 59 19 47 25.2943 -21 38 18.3450 0.103 172.63  19.64  5.28  9.7   5 06:39   20  -17
 11 04 2020 15 40 22 19 49 08.5136 -21 35 08.5540 1.038 172.43  18.15  5.23 10.1 222 06:27   41  -19
 12 04 2020 04 59 30 19 49 24.7378 -21 34 39.0850 0.355 172.40  17.91  5.22 13.2  22 06:25   -9   14
 14 04 2020 07 47 24 19 50 24.7734 -21 32 46.0160 0.608 172.26  16.96  5.18 15.7 338 06:18   -6   22
 15 04 2020 21 12 32 19 51 07.1140 -21 31 24.3440 1.485 172.16  16.25  5.16 13.5 135 06:13   -1   -7
 16 04 2020 16 59 52 19 51 28.8806 -21 30 45.0360 1.136 352.11  15.88  5.14 15.6 198 06:10   -8  -11
 27 04 2020 07 51 09 19 55 26.2170 -21 22 40.2190 1.900 171.23  10.90  4.97 15.5 325 05:32  -24    1
 27 04 2020 13 54 40 19 55 30.8687 -21 22 31.2090 0.875 171.20  10.78  4.97 14.0 234 05:31    7  -15
 29 04 2020 01 14 49 19 55 56.9663 -21 21 33.7610 1.302 171.03  10.07  4.94 13.5  63 05:26   -4    0
 31 05 2020 12 54 57 19 57 57.3208 -21 12 28.5360 0.627 357.77  -5.54  4.45 15.1 216 03:20   -7   -6
 02 06 2020 18 09 35 19 57 31.5720 -21 12 43.3380 0.889 177.11  -6.54  4.42 12.3 135 03:10  -17  -27
 05 06 2020 12 24 13 19 56 53.3679 -21 13 13.9310 0.248 176.54  -7.77  4.38 13.5 219 02:59   22   -6
 08 06 2020 23 37 16 19 55 55.7203 -21 14 05.9020 0.922 176.04  -9.27  4.34 15.6  47 02:44  -14   -6
 10 06 2020 04 00 31 19 55 33.6253 -21 14 29.1420 0.575 355.91  -9.77  4.33 15.4 340 02:39   -6   -3
 11 06 2020 21 20 46 19 54 59.2334 -21 15 02.2840 1.371 175.75 -10.50  4.31 15.4  78 02:32    1   -3
 15 06 2020 11 35 31 19 53 39.2572 -21 16 29.7580 0.056 355.46 -11.94  4.27  9.7 220 02:16   73  -22
 15 06 2020 14 37 50 19 53 36.2494 -21 16 34.8820 1.843 355.46 -11.99  4.27 15.1 175 02:16   13  -12
 21 06 2020 18 15 14 19 50 53.9007 -21 19 38.8210 1.575 175.13 -14.27  4.21 16.1 114 01:49  -13   -1
 22 06 2020 11 58 31 19 50 32.4331 -21 20 05.5520 0.518 175.09 -14.52  4.20 15.7 207 01:46   -4   -6
 24 06 2020 22 44 51 19 49 18.3633 -21 21 35.1190 0.791 174.99 -15.31  4.18 14.7  43 01:35   18  120
 27 06 2020 06 45 30 19 48 03.9067 -21 23 08.3970 0.377 354.89 -16.01  4.16 13.9 280 01:24   29  -22
 28 06 2020 10 19 19 19 47 25.9516 -21 23 55.3500 0.247 174.85 -16.34  4.16 15.9 225 01:19   -2    0
 29 06 2020 00 16 45 19 47 06.4213 -21 24 20.0720 0.166 174.83 -16.50  4.15 15.9  15 01:16   -3   -5
 30 06 2020 15 06 31 19 46 11.0145 -21 25 29.4160 1.287 174.76 -16.92  4.14 14.4 151 01:09    4   -4
 01 07 2020 23 56 59 19 45 23.0071 -21 26 33.2270 0.804 354.71 -17.25  4.13 15.7  17 01:03   -9  -14
 03 07 2020 08 13 45 19 44 34.8332 -21 27 36.3210 1.378 354.66 -17.56  4.13 16.1 251 00:57   15  -19
 04 07 2020 21 42 31 19 43 37.7477 -21 28 49.4710 0.302 174.61 -17.89  4.12 16.1  47 00:50   25   11
 05 07 2020 04 09 59 19 43 27.7986 -21 29 02.7970 0.103 174.61 -17.95  4.12 15.3 310 00:48   -4   -2
 05 07 2020 04 58 21 19 43 26.5540 -21 29 04.4210 0.123 174.60 -17.96  4.12 15.2 298 00:48    1   -7
 06 07 2020 08 42 58 19 42 43.4244 -21 30 02.4330 0.680 354.55 -18.18  4.11 14.7 240 00:43    2    0
 11 07 2020 00 21 47 19 39 44.5823 -21 34 05.6870 1.722 354.36 -18.90  4.10 15.8   0 00:22    8   -3
 11 07 2020 01 17 33 19 39 43.0492 -21 34 05.7860 0.279 174.36 -18.91  4.10 16.2 346 00:22   -1   -2
 11 07 2020 19 32 30 19 39 13.1394 -21 34 47.2600 0.128 174.34 -19.00  4.09 15.8  72 00:18    5    5
 13 07 2020 16 21 08 19 37 59.0861 -21 36 30.6750 0.055 174.27 -19.19  4.09 14.4 117 00:09   -1   -6
 14 07 2020 10 00 36 19 37 29.7073 -21 37 12.7260 0.570 354.21 -19.25  4.09 16.0 211 00:06   -7   -2
 15 07 2020 14 21 19 19 36 42.3504 -21 38 20.2630 0.831 354.15 -19.33  4.09 15.2 145 00:01    6   -7
 16 07 2020 17 02 01 19 35 57.6123 -21 39 25.3380 1.749 354.10 -19.38  4.09 15.3 103 23:55    0    0
 16 07 2020 17 21 13 19 35 57.0500 -21 39 22.7850 1.596 174.10 -19.38  4.09 12.8  99 23:55  -28   22
 18 07 2020 17 54 43 19 34 35.3598 -21 41 24.0780 0.966 353.99 -19.44  4.09 13.7  88 23:46  -12   -3
 22 07 2020 00 36 51 19 32 22.8723 -21 44 41.6680 1.415 353.81 -19.39  4.09 12.5 344 23:31   -2    0
 24 07 2020 10 25 15 19 30 46.1376 -21 47 07.7440 0.378 173.67 -19.25  4.09 16.3 194 23:20  -23    3
 25 07 2020 13 40 26 19 30 00.8761 -21 48 18.0030 0.559 173.59 -19.15  4.10 13.8 144 23:15  -11  -16
 26 07 2020 01 59 57 19 29 40.5027 -21 48 50.4800 0.061 173.57 -19.10  4.10 16.4 318 23:12   -7    1
 31 07 2020 16 10 55 19 26 03.7400 -21 54 43.5010 0.925 353.12 -18.30  4.12 16.2  99 22:47   -4  -16
 31 07 2020 19 58 13 19 25 57.7769 -21 54 52.5700 0.018 173.20 -18.27  4.12 15.7  42 22:46    5    1
 31 07 2020 23 06 12 19 25 52.8647 -21 55 01.3700 0.509 353.10 -18.25  4.12 16.1 355 22:45   16  -25
 02 08 2020 10 55 34 19 24 57.1809 -21 56 35.8700 0.320 352.96 -17.95  4.13 14.4 176 22:38   -6    0
 03 08 2020 06 58 48 19 24 26.4765 -21 57 30.4140 1.848 352.89 -17.78  4.13 15.3 234 22:35   -4   -7
 03 08 2020 15 08 35 19 24 14.0410 -21 57 48.6930 1.484 172.86 -17.70  4.13 15.5 111 22:33   18   16
 04 08 2020 02 22 09 19 23 57.0912 -21 58 20.0710 0.228 352.80 -17.60  4.14 14.6 302 22:31   -4   -4
 04 08 2020 08 41 04 19 23 47.5955 -21 58 36.5530 0.015 352.70 -17.54  4.14 15.1 207 22:30 -141   15
 04 08 2020 14 17 12 19 23 39.2093 -21 58 51.9410 0.607 352.76 -17.49  4.14 15.7 123 22:29    4   -4
 04 08 2020 22 17 03 19 23 27.2861 -21 59 13.6740 1.218 352.73 -17.41  4.14 16.1   3 22:27   -2  -28
 05 08 2020 02 24 59 19 23 21.1226 -21 59 22.0780 1.312 172.71 -17.37  4.14 13.4 300 22:26    3    0
 05 08 2020 02 57 51 19 23 20.3068 -21 59 23.1740 1.665 172.71 -17.36  4.14 16.0 292 22:26  -12   -9
 05 08 2020 18 28 53 19 22 57.4046 -22 00 04.2470 1.549 172.64 -17.21  4.15 16.1  59 22:23    8   -6
 06 08 2020 23 47 18 19 22 14.8286 -22 01 24.6850 1.688 352.51 -16.89  4.16 16.3 338 22:18    4   -7
 08 08 2020 14 31 06 19 21 19.8842 -22 03 05.0410 0.320 352.31 -16.46  4.17 15.0 115 22:11    1    5
 09 08 2020 02 20 27 19 21 03.4557 -22 03 37.3600 1.703 352.26 -16.32  4.17 15.0 297 22:08   -3    0
 13 08 2020 10 05 42 19 18 46.2301 -22 08 02.8320 1.669 171.66 -14.96  4.21 14.7 176 21:49   -3    8
 17 08 2020 01 40 05 19 17 01.2979 -22 11 45.2220 0.820 171.03 -13.66  4.24 16.1 298 21:33   -2   -3
 19 08 2020 02 44 28 19 16 07.2741 -22 13 49.3000 1.953 350.60 -12.87  4.26 14.9 280 21:24    1   -2
 19 08 2020 10 11 56 19 15 59.3327 -22 14 04.3040 1.327 170.53 -12.75  4.26 13.5 168 21:23   -4   -2
 21 08 2020 18 08 07 19 15 02.7899 -22 16 21.2680 0.715 349.95 -11.79  4.29 15.5  46 21:12   -4   -7
 24 08 2020 11 26 47 19 14 02.9290 -22 18 52.0770 1.559 169.12 -10.62  4.32 10.2 144 21:01    5   -5
 24 08 2020 15 06 27 19 13 59.7860 -22 19 01.1000 0.949 169.07 -10.56  4.32 15.5  89 21:00   49   28
 27 08 2020 02 07 40 19 13 12.0264 -22 21 15.0220 0.349 168.13  -9.46  4.35 12.4 281 20:50   -1   -2
 28 08 2020 02 58 46 19 12 53.6292 -22 22 09.2060 0.874 167.66  -8.98  4.37 14.9 267 20:45    5    4
 30 08 2020 08 43 01 19 12 17.4274 -22 24 05.5800 0.380 346.45  -7.94  4.39 14.1 178 20:36   -8    1
 31 08 2020 15 52 08 19 11 58.6273 -22 25 08.1700 1.802 165.59  -7.33  4.41 14.7  70 20:30  -10   -3
 02 09 2020 10 37 32 19 11 35.6099 -22 26 36.4540 0.318 344.13  -6.47  4.44 14.2 146 20:23   -2    7
 03 09 2020 01 23 53 19 11 28.3861 -22 27 06.1860 1.001 343.53  -6.18  4.44 14.2 284 20:20    0   -1
 04 09 2020 19 14 43 19 11 09.9090 -22 28 25.9060 0.400 341.47  -5.33  4.47 13.0  15 20:13    2    7
 22 09 2020 20 54 01 19 10 56.6414 -22 38 46.0470 1.510 191.21   4.58  4.74 14.1 332 19:02    1    4
 23 09 2020 05 42 11 19 10 59.6892 -22 38 54.4850 1.172 190.51   4.77  4.75 12.9 200 19:00   -3   -5
 23 09 2020 16 10 50 19 11 03.4838 -22 39 04.3360 0.703 189.75   5.00  4.76 14.8  42 18:59   11  -11
 26 09 2020 07 59 57 19 11 30.5033 -22 39 57.8530 1.829   6.20   6.40  4.80 11.3 162 18:49   -2    0
 27 09 2020 08 12 41 19 11 42.5060 -22 40 12.3370 0.210 185.21   6.94  4.82 13.6 158 18:45  -16   -5
 28 09 2020 00 38 29 19 11 51.1685 -22 40 23.7080 0.868   4.62   7.31  4.83 14.0 271 18:42    1   -1
 28 09 2020 02 10 02 19 11 51.9960 -22 40 24.4980 0.739   4.56   7.34  4.83 12.9 248 18:42  -28   -8
 01 10 2020 21 29 02 19 12 48.1451 -22 41 08.3050 1.410   2.07   9.36  4.89 14.7 315 18:28    2   -5
 08 10 2020 18 54 14 19 15 02.1719 -22 41 24.7640 1.807 359.31  13.02  5.01 15.9 347 18:03  -10   -2
 11 10 2020 21 55 19 19 16 16.0909 -22 41 00.5440 1.842 178.43  14.66  5.06 14.7 299 17:52    1   -2
 13 10 2020 04 28 43 19 16 48.4703 -22 40 47.6460 1.159 178.11  15.33  5.08 15.5 200 17:48  -10   -9
 19 10 2020 23 30 40 19 20 02.5574 -22 38 44.8870 1.524 356.65  18.83  5.20 15.0 268 17:24    8   10
 20 10 2020 02 04 46 19 20 05.8831 -22 38 39.9240 0.733 176.63  18.88  5.20 16.0 230 17:24    5   -5
 20 10 2020 12 45 45 19 20 19.8480 -22 38 28.7840 0.350 176.55  19.11  5.21 16.2  69 17:22    5   -1
 21 10 2020 06 24 51 19 20 43.2301 -22 38 08.0660 1.145 176.41  19.48  5.22 16.1 164 17:20   -2   -8
 22 10 2020 04 05 37 19 21 12.4832 -22 37 42.3320 0.889 176.25  19.93  5.23 14.4 198 17:16    6   -2
 22 10 2020 14 55 60 19 21 27.3360 -22 37 30.7640 1.175 356.16  20.15  5.24 14.7  35 17:15   -4    0
 22 10 2020 17 52 59 19 21 31.3905 -22 37 25.0090 0.803 176.14  20.21  5.24 15.9 351 17:15   -3   -9
 26 10 2020 01 59 21 19 23 25.7386 -22 35 30.1620 0.859 175.58  21.85  5.30 13.2 226 17:03    5  -22
 26 10 2020 16 30 44 19 23 47.2900 -22 35 09.2440 1.568 355.48  22.14  5.31 14.1   8 17:01   -1   -3
 29 10 2020 21 21 29 19 25 45.2081 -22 32 49.4090 1.660 174.97  23.67  5.36 16.3 292 16:51    7   -6
 01 11 2020 11 58 49 19 27 26.1213 -22 30 44.0950 0.958 354.58  24.89  5.40 16.2  71 16:42   -4   -7
 01 11 2020 13 29 59 19 27 28.6020 -22 30 37.9490 1.910 174.57  24.92  5.40 15.5  48 16:42   -1   -1
 03 11 2020 09 35 24 19 28 42.1913 -22 28 58.4910 1.949 174.30  25.76  5.43 16.6 105 16:36   -2    4
 05 11 2020 03 48 15 19 29 54.5414 -22 27 20.0250 1.936 354.05  26.56  5.45 15.1 191 16:30   -9   -9
 06 11 2020 00 46 23 19 30 31.1251 -22 26 26.1470 1.510 353.92  26.95  5.47 16.6 235 16:27   -7  -11
 08 11 2020 07 25 12 19 32 08.4649 -22 23 55.4210 1.671 173.61  27.96  5.50 16.4 134 16:20   -6  -10
 09 11 2020 04 13 27 19 32 46.2876 -22 22 56.7200 1.026 173.49  28.34  5.51 16.0 181 16:17    6   -2
 10 11 2020 05 24 07 19 33 32.6134 -22 21 44.3700 0.811 353.34  28.79  5.53 16.0 163 16:14   14   -6
 11 11 2020 04 49 60 19 34 16.2303 -22 20 32.2640 0.063 353.17  29.21  5.54 15.5 170 16:11   -3  -11
 12 11 2020 21 49 22 19 35 33.7514 -22 18 23.6730 1.737 352.98  29.94  5.57 13.4 274 16:05  -10   -4
 13 11 2020 00 46 29 19 35 39.3901 -22 18 13.9530 1.666 352.96  29.99  5.57 15.9 230 16:05    5    8
 15 11 2020 15 08 03 19 37 40.2650 -22 14 38.9430 1.036 172.62  31.07  5.61 16.6  12 15:57   -2   -2
 16 11 2020 12 19 39 19 38 22.1259 -22 13 25.4440 1.360 352.50  31.43  5.62 17.0  54 15:54   11   -7
 16 11 2020 16 28 41 19 38 30.3680 -22 13 10.8360 1.837 352.48  31.50  5.62 16.5 351 15:53    5  -16
 17 11 2020 05 41 53 19 38 56.6626 -22 12 18.6130 1.902 172.41  31.72  5.63 13.7 153 15:51   -7   -2
 17 11 2020 16 48 51 19 39 18.9345 -22 11 39.5550 0.430 352.34  31.91  5.63 16.8 345 15:50   -5    5
 18 11 2020 16 35 44 19 40 06.8613 -22 10 08.8200 0.065 172.27  32.30  5.65 15.3 348 15:47    2  -10
 18 11 2020 21 04 07 19 40 15.9296 -22 09 51.8910 0.269 352.18  32.38  5.65 16.9 281 15:46    2  -10
 19 11 2020 07 47 13 19 40 37.7177 -22 09 10.4780 0.526 352.13  32.55  5.66 15.8 120 15:45   -2   -5
 21 11 2020 02 03 42 19 42 04.4915 -22 06 20.3690 0.484 171.91  33.23  5.68 16.8 204 15:39  -11  -10
 21 11 2020 04 44 59 19 42 10.0717 -22 06 10.9430 1.121 351.89  33.27  5.68 14.7 164 15:39  -47  -76
 21 11 2020 11 13 25 19 42 23.4927 -22 05 44.2520 1.075 351.85  33.37  5.68 17.0  66 15:38   10  -33
 21 11 2020 22 40 49 19 42 47.3215 -22 04 56.7720 1.190 351.79  33.55  5.69 17.1 254 15:37    2   -7
 24 11 2020 03 09 35 19 44 37.6805 -22 01 11.9840 1.611 351.51  34.36  5.72 14.8 185 15:30   25  -29
 24 11 2020 14 12 22 19 45 01.1283 -22 00 20.5220 0.970 171.45  34.53  5.72 14.9  19 15:29   -2   -1
 26 11 2020 04 56 39 19 46 24.1184 -21 57 25.5370 0.269 171.26  35.11  5.74 16.0 157 15:24    1   -2
 26 11 2020 07 45 12 19 46 30.1930 -21 57 14.1610 1.370 351.23  35.15  5.75 15.3 115 15:23   -3   -5
 27 11 2020 00 02 30 19 47 05.4200 -21 55 58.6680 1.886 351.14  35.39  5.75 15.5 230 15:21  -16   -8
 27 11 2020 14 13 49 19 47 36.2011 -21 54 47.8790 1.808 171.07  35.59  5.76 15.3  16 15:19    7   -5
 29 11 2020 23 56 34 19 49 42.8981 -21 50 07.0000 0.585 170.77  36.41  5.79 16.4 229 15:12    7    5
 01 12 2020 03 00 53 19 50 43.0569 -21 47 52.0870 1.846 350.62  36.79  5.80 14.8 182 15:08   -4   -6
 02 12 2020 16 09 45 19 52 06.2325 -21 44 35.1240 1.558 170.42  37.29  5.82 16.7 344 15:04   19   -7
 02 12 2020 17 36 45 19 52 09.5182 -21 44 29.2350 0.261 350.40  37.32  5.82 17.0 322 15:04    9   -4
 05 12 2020 01 57 07 19 54 17.2752 -21 39 24.1770 0.682 350.11  38.06  5.85 13.0 195 14:56    5   12
 09 12 2020 08 59 03 19 58 15.2824 -21 29 29.6800 0.745 349.57  39.35  5.89 17.1  86 14:43   -2   -1
 10 12 2020 05 28 06 19 59 03.2044 -21 27 23.6840 1.548 169.48  39.60  5.90 16.5 138 14:41    8   10
 12 12 2020 09 08 28 20 01 05.0830 -21 22 06.4790 1.627 349.20  40.20  5.92 13.9  82 14:34   11   -7
 17 12 2020 04 30 02 20 05 41.1960 -21 09 26.6700 1.060 168.61  41.43  5.96 15.2 148 14:20   -4    0
 19 12 2020 09 10 02 20 07 48.9733 -21 03 22.0230 0.848 168.34  41.95  5.98 15.9  76 14:14   11   -1
 19 12 2020 13 53 37 20 08 00.5178 -21 02 50.7300 1.233 348.30  41.99  5.98 16.4   5 14:13   -3   -6
