 03 01 2019 05 30 24 16 44 43.2186 -21 59 45.9280 0.961 186.24  38.91  6.18 17.1  66 09:54   9 -17
 05 01 2019 00 17 16 16 46 18.4250 -22 02 07.3910 0.989 185.96  38.41  6.16 16.1 143 09:49   3  -1
 08 01 2019 20 40 24 16 49 40.8731 -22 06 47.0230 0.018 185.27  37.26  6.12 16.1 194 09:37  -3   2
 10 01 2019 00 15 38 16 50 40.4424 -22 08 01.5700 1.589 185.16  36.89  6.10 16.8 140 09:33  11  -1
 10 01 2019 23 52 15 16 51 31.0532 -22 09 06.4760 0.788   5.00  36.58  6.09 15.3 145 09:30 -17 -15
 11 01 2019 19 46 58 16 52 13.4979 -22 09 56.8010 0.218   4.87  36.31  6.08 17.0 205 09:28   4  -3
 12 01 2019 00 40 10 16 52 23.8864 -22 10 07.4770 1.339 184.83  36.24  6.08 16.9 132 09:27 -25 -14
 12 01 2019 01 00 46 16 52 24.5974 -22 10 11.1800 1.518   4.83  36.23  6.08 16.2 127 09:27   6 -10
 12 01 2019 03 45 10 16 52 30.4207 -22 10 16.3190 0.155 184.80  36.19  6.08 14.1  85 09:27 -10 -10
 12 01 2019 13 11 00 16 52 50.3898 -22 10 39.8880 0.217   4.76  36.06  6.07 16.9 304 09:25   6 -11
 13 01 2019 04 46 56 16 53 23.3140 -22 11 15.6100 1.596 184.64  35.84  6.07 16.1  69 09:23   6  -5
 13 01 2019 07 24 09 16 53 28.8211 -22 11 22.9290 0.475 184.62  35.81  6.06 15.7  30 09:23  -2 -14
 14 01 2019 15 33 55 16 54 36.1401 -22 12 38.0410 0.860   4.40  35.35  6.05 16.5 266 09:19   4  -9
 14 01 2019 22 43 39 16 54 51.0484 -22 12 52.7190 0.300 184.35  35.24  6.04 16.6 159 09:18   4 -25
 15 01 2019 20 58 22 16 55 37.1153 -22 13 41.0440 0.209   4.21  34.92  6.03 16.7 184 09:15   0  -4
 20 01 2019 03 06 44 16 59 04.3110 -22 16 53.5400 0.570 183.48  33.37  5.98 16.3  89 09:02  -1  -7
 22 01 2019 17 09 43 17 01 06.5164 -22 18 29.2710 1.702 183.05  32.39  5.94 15.0 236 08:54   1   2
 22 01 2019 22 11 22 17 01 16.2809 -22 18 38.9400 0.786   3.02  32.31  5.94 15.1 161 08:53 -12 -16
 25 01 2019 00 57 59 17 02 53.8934 -22 19 47.0100 1.738   2.66  31.48  5.91 16.6 117 08:46  -2   1
 28 01 2019 12 43 26 17 05 30.3608 -22 21 15.9040 1.006   2.07  30.06  5.86 16.3 298 08:35  -6   0
 29 01 2019 02 30 26 17 05 55.5503 -22 21 25.3440 1.868 181.97  29.83  5.86 15.9  91 08:33  -1   0
 29 01 2019 06 40 37 17 06 03.1307 -22 21 31.1060 0.302   1.94  29.75  5.85 16.9  28 08:33  -2  -7
 30 01 2019 04 07 44 17 06 41.9161 -22 21 49.2740 0.953   1.79  29.38  5.84 16.7  66 08:30   1   0
 02 02 2019 01 37 09 17 08 44.7382 -22 22 34.0550 0.235 181.30  28.14  5.80 16.1 101 08:20  -5  -8
 02 02 2019 04 38 05 17 08 49.9675 -22 22 36.0020 0.079   1.28  28.08  5.80 16.5  56 08:20   4  -6
 03 02 2019 05 40 44 17 09 33.0732 -22 22 48.2800 0.064 181.10  27.63  5.78 15.8  39 08:17 -18 -38
 03 02 2019 18 42 22 17 09 55.2629 -22 22 52.9550 1.068 181.01  27.39  5.77 16.9 203 08:15   5   0
 04 02 2019 08 21 54 17 10 18.3518 -22 22 59.7420 0.334   0.92  27.14  5.77 16.6 358 08:13  15  -9
 05 02 2019 18 13 43 17 11 14.8230 -22 23 10.1780 0.134 180.68  26.51  5.75 15.9 209 08:08  -5  -1
 07 02 2019 13 51 43 17 12 25.9243 -22 23 21.0420 1.632   0.38  25.69  5.72 14.0 273 08:02   7  -5
 07 02 2019 14 39 43 17 12 27.2102 -22 23 21.2970 1.772   0.37  25.67  5.72 16.7 261 08:02 -11 -10
 14 02 2019 15 09 24 17 16 43.3696 -22 23 07.0660 0.779 179.24  22.44  5.61 16.4 247 07:39  -7   7
 15 02 2019 10 34 02 17 17 10.9558 -22 23 02.5230 0.153 359.12  22.07  5.60 15.4 316 07:36   2  -3
 15 02 2019 16 37 17 17 17 19.4745 -22 22 58.8690 1.642 179.08  21.95  5.59 15.2 225 07:35 -30   0
 16 02 2019 09 52 04 17 17 43.5316 -22 22 54.9040 0.071 358.97  21.61  5.58 16.3 325 07:33   2 -17
 16 02 2019 14 01 12 17 17 49.2749 -22 22 53.5300 0.147 358.94  21.53  5.58 15.0 263 07:32   6  -2
 18 02 2019 18 32 56 17 19 00.3066 -22 22 32.8590 0.402 358.62  20.51  5.55 16.0 193 07:25  -3  -6
 19 02 2019 02 05 58 17 19 10.2676 -22 22 29.4170 0.339 358.58  20.37  5.54 15.8  80 07:24   7 -10
 19 02 2019 13 37 06 17 19 25.3387 -22 22 22.0050 1.752 178.51  20.14  5.53 14.9 266 07:22   0  -3
 20 02 2019 14 16 25 17 19 57.1176 -22 22 13.1700 1.451 358.36  19.66  5.52 15.7 256 07:19  32 -145
 21 02 2019 11 24 59 17 20 23.8237 -22 22 01.8660 1.127 358.24  19.25  5.50 16.3 298 07:16   3   0
 21 02 2019 14 32 04 17 20 27.7129 -22 21 57.1240 1.949 178.22  19.19  5.50 13.5 251 07:15   4   2
 22 02 2019 08 15 37 17 20 49.6605 -22 21 49.7810 0.416 358.12  18.85  5.49 16.5 344 07:13  20   8
 22 02 2019 21 01 23 17 21 05.2366 -22 21 41.2410 0.909 178.05  18.60  5.48 16.0 152 07:11 -18  -7
 22 02 2019 21 24 35 17 21 05.7084 -22 21 42.1650 0.238 358.05  18.59  5.48 16.3 147 07:11  27 -16
 23 02 2019 09 15 12 17 21 19.9925 -22 21 33.9640 1.103 177.99  18.36  5.47 16.4 329 07:09   8 -14
 24 02 2019 13 57 56 17 21 53.9645 -22 21 16.1610 1.679 177.83  17.80  5.45 16.0 257 07:05   1  -3
 24 02 2019 21 48 24 17 22 03.0818 -22 21 12.3790 0.621 177.79  17.65  5.45 16.4 139 07:04  -1  -5
 25 02 2019 20 53 09 17 22 29.4954 -22 20 56.7680 1.680 177.67  17.19  5.43 15.9 152 07:00  -6  -5
 25 02 2019 21 48 39 17 22 30.5472 -22 20 58.0570 0.203 357.66  17.18  5.43 16.2 138 07:00 -11   2
 26 02 2019 13 53 20 17 22 48.5695 -22 20 47.4870 0.033 357.57  16.86  5.42 16.3 256 06:58   5  -2
 26 02 2019 19 02 00 17 22 54.2758 -22 20 45.0040 0.915 357.55  16.76  5.42 16.3 179 06:57 -16   3
 27 02 2019 01 49 35 17 23 01.7605 -22 20 40.6610 1.046 357.52  16.63  5.41 15.8  77 06:56  -7  -1
 27 02 2019 12 52 10 17 23 13.8121 -22 20 33.2200 0.940 357.46  16.41  5.41 14.2 271 06:54   0   0
 04 03 2019 14 06 51 17 25 16.6990 -22 19 06.8440 1.246 176.88  14.05  5.33 15.4 248 06:37   0   0
 05 03 2019 12 15 04 17 25 37.2620 -22 18 53.5340 1.215 356.79  13.61  5.31 15.8 275 06:33  -2   0
 07 03 2019 02 47 20 17 26 11.6336 -22 18 24.7870 0.066 176.62  12.87  5.29 15.7  55 06:28  -6  -8
 07 03 2019 04 09 30 17 26 12.8308 -22 18 25.7930 1.918 356.62  12.84  5.29 15.8  35 06:27  -6  -8
 07 03 2019 10 34 08 17 26 18.3489 -22 18 17.4380 1.885 176.59  12.71  5.28 15.4 298 06:26  -2   6
 07 03 2019 22 13 09 17 26 28.2954 -22 18 12.7750 1.729 356.54  12.49  5.27 14.9 123 06:25 -15   4
 08 03 2019 15 39 40 17 26 42.8546 -22 17 59.9860 1.275 356.47  12.15  5.26 15.9 221 06:22 -13  -8
 09 03 2019 02 41 04 17 26 51.8674 -22 17 52.2260 1.275 356.43  11.94  5.26 14.7  55 06:20  -3   0
 11 03 2019 01 10 45 17 27 28.2480 -22 17 17.4880 1.146 176.25  11.05  5.23 14.7  76 06:13   0   1
 16 03 2019 08 01 46 17 28 54.1432 -22 15 54.3560 1.582 175.81   8.65  5.14 15.3 328 05:54   5  25
 16 03 2019 11 04 22 17 28 55.9763 -22 15 55.0200 0.941 355.80   8.60  5.14 15.5 282 05:53 107  -3
 18 03 2019 06 31 58 17 29 20.7310 -22 15 29.6220 1.164 355.67   7.79  5.11 14.7 349 05:47   0   0
 25 03 2019 00 48 28 17 30 32.7557 -22 14 10.1350 1.311 355.17   4.85  5.01 14.9  68 05:21  -7  28
 25 03 2019 11 36 59 17 30 36.3866 -22 14 02.8570 1.681 175.12   4.65  5.01 14.6 266 05:20  -4  -5
 25 04 2019 22 36 36 17 28 58.3477 -22 14 52.1910 1.531 356.59  -7.36  4.60 13.3  69 03:14  -1  -1
 28 04 2019 01 04 02 17 28 28.1814 -22 15 15.3030 0.190 176.63  -8.02  4.58 14.6  30 03:05   0   0
 02 05 2019 04 02 52 17 27 21.2719 -22 16 08.8760 0.672 176.72  -9.24  4.54 13.8 341 02:48  -8   0
 03 05 2019 01 20 59 17 27 05.5877 -22 16 23.9140 1.925 356.74  -9.49  4.54 14.6  21 02:44 -10  -2
 03 05 2019 10 56 31 17 26 58.3602 -22 16 25.9720 1.711 176.75  -9.60  4.53 15.7 237 02:42 -61   7
 03 05 2019 16 25 40 17 26 54.1947 -22 16 29.1250 1.834 176.76  -9.67  4.53 15.1 154 02:41   0  -6
 04 05 2019 19 33 00 17 26 33.1848 -22 16 47.2150 0.169 176.80  -9.97  4.52 15.6 106 02:36  -4  16
 05 05 2019 11 03 51 17 26 20.8455 -22 16 55.5990 1.349 176.81 -10.14  4.51 12.7 233 02:34 123 123
 05 05 2019 12 56 45 17 26 19.3381 -22 16 57.7340 0.380 176.82 -10.16  4.51 12.5 204 02:33 -13  -1
 08 05 2019 18 46 50 17 25 14.0219 -22 17 48.3990 0.633 356.92 -10.97  4.49 13.5 113 02:19  -3 -20
 12 05 2019 06 53 09 17 23 57.6456 -22 18 44.5190 0.652 357.02 -11.76  4.46 15.8 288 02:04  10   1
 13 05 2019 04 18 60 17 23 37.2870 -22 18 57.5100 0.966 177.05 -11.94  4.45 15.7 326 02:01  -7  -6
 13 05 2019 13 07 24 17 23 28.8306 -22 19 05.3390 0.832 357.06 -12.02  4.45 15.7 193 01:59   9 -30
 15 05 2019 15 23 49 17 22 39.4497 -22 19 40.2890 1.067 357.13 -12.42  4.44 15.9 157 01:50  17  22
 16 05 2019 00 19 19 17 22 30.4981 -22 19 46.1490 0.723 357.14 -12.49  4.44 16.0  22 01:48   0   7
 16 05 2019 03 33 11 17 22 27.2370 -22 19 46.2950 1.382 177.15 -12.51  4.44 16.0 334 01:48 -24  -8
 16 05 2019 06 08 43 17 22 24.6299 -22 19 50.3510 0.873 357.16 -12.53  4.43 15.5 295 01:47  -3 -14
 16 05 2019 07 17 44 17 22 23.4593 -22 19 48.7280 1.554 177.16 -12.54  4.43 14.1 277 01:47   0   0
 16 05 2019 08 00 30 17 22 22.7480 -22 19 51.8440 1.068 357.16 -12.55  4.43 15.7 267 01:47 -12   9
 16 05 2019 10 03 28 17 22 20.6674 -22 19 51.1740 1.032 177.16 -12.56  4.43 15.9 236 01:47   7  13
 17 05 2019 00 12 58 17 22 06.2719 -22 20 02.0850 0.007 357.12 -12.67  4.43 14.3  23 01:44   0   0
 18 05 2019 09 22 37 17 21 32.0477 -22 20 26.0230 0.755 357.23 -12.90  4.42 15.8 244 01:38   2   3
 19 05 2019 03 27 29 17 21 13.0948 -22 20 37.3700 0.563 177.26 -13.02  4.42 15.8 332 01:35  -3  -8
 24 05 2019 06 03 14 17 18 59.8399 -22 22 01.6720 1.778 177.45 -13.74  4.39 15.5 287 01:12  -1  -8
 25 05 2019 17 03 15 17 18 20.4598 -22 22 26.9450 0.584 177.50 -13.90  4.39 15.9 121 01:06 -13 -29
 27 05 2019 02 30 50 17 17 42.3380 -22 22 48.8880 1.437 177.56 -14.04  4.38 16.0 337 01:00 -11  -2
 30 05 2019 20 25 29 17 15 58.0195 -22 23 48.9690 1.208 177.71 -14.34  4.37 15.9  65 00:43  12 -15
 01 06 2019 19 59 43 17 15 01.9664 -22 24 19.7680 1.103 177.77 -14.45  4.37 13.7  69 00:34 -13 143
 03 06 2019 23 25 26 17 14 00.9323 -22 24 54.2380 1.038 357.85 -14.52  4.36 16.1  15 00:25 147 -76
 04 06 2019 10 15 27 17 13 48.0277 -22 24 58.6980 1.198 177.86 -14.53  4.36 14.1 212 00:23   0   0
 05 06 2019 04 57 21 17 13 25.7441 -22 25 10.2190 1.131 177.89 -14.54  4.36 15.6 291 00:20  -5  -5
 07 06 2019 10 33 01 17 12 21.8076 -22 25 44.5740 1.080 357.96 -14.54  4.36 15.7 204 00:10  21 -17
 07 06 2019 10 50 30 17 12 21.4572 -22 25 43.6570 0.004 177.99 -14.54  4.36 14.1 200 00:10   0   0
 09 06 2019 01 05 06 17 11 35.8619 -22 26 05.7120 0.263 178.00 -14.52  4.36 15.9 345 00:03   2   4
 09 06 2019 21 02 36 17 11 12.1095 -22 26 17.0480 0.363 178.02 -14.49  4.36 16.1  44 23:59  -2 -13
 11 06 2019 05 08 39 17 10 34.0050 -22 26 35.5810 0.074 358.05 -14.44  4.36 15.9 281 23:53  -9 -10
 13 06 2019 05 15 19 17 09 37.2041 -22 27 00.9890 0.962 178.10 -14.33  4.36 16.0 277 23:44  -3   0
 13 06 2019 08 51 38 17 09 32.9697 -22 27 04.2360 0.336 358.10 -14.32  4.36 15.9 223 23:44   4   2
 19 06 2019 05 07 10 17 06 50.9619 -22 28 17.9670 1.738 358.20 -13.82  4.37 16.0 273 23:18   1   8
 19 06 2019 10 47 07 17 06 44.5590 -22 28 20.2680 1.255 358.21 -13.79  4.37 14.1 188 23:17   2  -6
 21 06 2019 15 56 07 17 05 45.1696 -22 28 43.5900 1.024 178.23 -13.52  4.38 15.3 108 23:07  -6   0
 23 06 2019 22 16 42 17 04 45.8435 -22 29 10.4620 0.556 358.24 -13.21  4.39 15.3  10 22:57  -6 -20
 24 06 2019 10 30 52 17 04 32.6999 -22 29 16.6770 1.191 358.25 -13.13  4.39 16.0 186 22:55  -4   6
 24 06 2019 14 26 06 17 04 28.5027 -22 29 17.1190 0.147 178.25 -13.11  4.39 13.5 127 22:54 -72 103
 25 06 2019 01 41 24 17 04 16.5141 -22 29 24.1610 1.808 358.25 -13.04  4.39 15.7 318 22:52  -1  -2
 30 06 2019 01 36 21 17 02 13.6051 -22 30 13.4050 1.404 178.21 -12.14  4.42 15.3 314 22:30  -8  -4
 30 06 2019 09 25 52 17 02 05.9279 -22 30 19.0970 0.955 358.21 -12.08  4.42 13.4 196 22:29 -119 -56
 06 07 2019 12 11 37 16 59 50.7172 -22 31 20.1810 0.410 357.99 -10.70  4.45 15.8 148 22:03  -4   5
 06 07 2019 19 10 37 16 59 44.7384 -22 31 24.3450 1.649 357.97 -10.62  4.46 15.5  43 22:01  -3   2
 07 07 2019 19 24 31 16 59 24.3183 -22 31 33.1070 0.240 357.91 -10.37  4.46 15.1  38 21:57  -5  -6
 09 07 2019 14 38 05 16 58 49.2452 -22 31 52.4630 1.341 357.78  -9.89  4.48 15.6 108 21:49 -10 -38
 09 07 2019 23 36 52 16 58 42.1789 -22 31 56.0580 1.120 357.76  -9.79  4.48 15.6 333 21:48  -2  -3
 11 07 2019 11 06 55 16 58 15.0074 -22 32 11.2320 1.109 357.62  -9.38  4.49 15.3 159 21:41 -11  -4
 15 07 2019 06 36 03 16 57 10.7713 -22 32 50.5910 0.425 357.19  -8.28  4.52 15.3 222 21:25  -7  -7
 16 07 2019 05 40 43 16 56 55.9248 -22 33 00.3870 0.130 177.05  -7.99  4.53 14.0 235 21:21   1  -5
 03 08 2019 19 56 38 16 54 06.6592 -22 36 53.1150 1.510 339.14  -1.61  4.72 13.4   2 20:05  -6 -18
 13 08 2019 23 13 41 16 54 15.2928 -22 39 31.7220 1.452  15.23   2.59  4.84 13.1 303 19:25   1  21
 18 08 2019 19 05 45 16 54 44.8716 -22 40 53.2780 0.247   9.21   4.50  4.90 14.9   0 19:07  20   8
 21 08 2019 16 31 53 16 55 10.3003 -22 41 45.4710 1.293   7.50   5.66  4.94 14.0  36 18:56 -10  -9
 21 08 2019 22 08 29 16 55 12.6360 -22 41 46.4800 1.900 187.40   5.76  4.94 14.0 312 18:55  -8   2
 22 08 2019 18 07 11 16 55 21.1456 -22 42 01.8430 1.444 187.04   6.09  4.95 15.0  11 18:52  -8  -7
 27 08 2019 11 11 47 16 56 18.1771 -22 43 27.8990 0.855 185.51   8.01  5.02 15.2 111 18:34   3  -3
 27 08 2019 18 13 12 16 56 22.1970 -22 43 35.4300 1.331   5.44   8.13  5.02 15.2   5 18:33  -3  -9
 29 08 2019 21 58 41 16 56 53.6938 -22 44 14.0910 0.437   4.95   9.01  5.05 14.2 307 18:25  -5  -1
 30 08 2019 00 58 32 16 56 55.6096 -22 44 16.7340 0.788   4.93   9.06  5.05 14.4 262 18:25  -2  -6
 02 09 2019 18 14 07 16 57 57.4009 -22 45 22.9970 1.272 184.26  10.58  5.10 15.5 359 18:11  -1  -1
 03 09 2019 14 57 07 16 58 13.0052 -22 45 40.4090 0.338   4.12  10.93  5.11 11.6  48 18:08  -4   7
 04 09 2019 07 22 57 16 58 25.7262 -22 45 52.3920 0.189 184.01  11.20  5.12 13.8 161 18:05  -7 -13
 07 09 2019 18 09 18 16 59 34.2417 -22 46 53.8770 1.117 183.54  12.58  5.17 15.9 356 17:53 -11 -21
 08 09 2019 11 39 33 16 59 49.6542 -22 47 08.9060 0.890   3.45  12.86  5.18 15.9  93 17:50   1   1
 09 09 2019 13 16 23 17 00 12.8046 -22 47 25.9430 1.000 183.32  13.28  5.19 15.7  68 17:47 -24  10
 10 09 2019 08 55 29 17 00 31.0222 -22 47 39.6830 1.657 183.22  13.60  5.20 15.2 132 17:44   9  -1
 10 09 2019 22 31 58 17 00 43.8557 -22 47 52.3700 1.134   3.16  13.82  5.21 15.6 288 17:42   0   2
 11 09 2019 02 58 01 17 00 48.0906 -22 47 53.4500 1.002 183.14  13.89  5.21 13.6 221 17:41   0 -28
 11 09 2019 19 06 33 17 01 03.6345 -22 48 07.6230 1.529   3.06  14.16  5.22 14.0 338 17:39  -2   2
 14 09 2019 16 34 40 17 02 13.5488 -22 48 55.4090 0.266   2.75  15.27  5.26 15.0  14 17:28  -7 -13
 15 09 2019 04 15 44 17 02 25.7767 -22 49 02.8310 0.375 182.70  15.45  5.27 14.4 198 17:27  -4   1
 16 09 2019 20 44 57 17 03 09.1642 -22 49 29.6150 1.076 182.54  16.09  5.29 16.3 309 17:21  -4  -9
 16 09 2019 23 35 47 17 03 12.2705 -22 49 32.7740 0.177   2.53  16.14  5.29 15.8 266 17:20  -4 -11
 17 09 2019 09 50 20 17 03 23.5251 -22 49 39.0910 0.329 182.49  16.30  5.30 16.3 112 17:19   5  -1
 18 09 2019 19 04 26 17 04 00.7231 -22 50 00.4280 0.791 182.36  16.82  5.32 16.1 332 17:14  -4  -8
 18 09 2019 20 40 42 17 04 02.5396 -22 50 03.3430 1.087   2.36  16.84  5.32 15.8 308 17:14  -6   2
 20 09 2019 08 21 24 17 04 43.6808 -22 50 24.0930 0.931 182.23  17.40  5.34 16.1 132 17:08  -5  -5
 22 09 2019 03 17 15 17 05 34.7333 -22 50 49.9310 1.618 182.08  18.06  5.36 16.1 206 17:02   5 -14
 22 09 2019 18 39 01 17 05 53.4063 -22 51 00.0310 0.772 182.03  18.29  5.37 16.1 335 17:00 -12  -9
 22 09 2019 20 19 04 17 05 55.4457 -22 51 01.2420 0.557 182.02  18.32  5.37 14.8 310 17:00  -5  -5
 24 09 2019 18 02 01 17 06 52.3398 -22 51 26.7610 1.770 181.88  19.01  5.40 14.9 343 16:53  -6  -4
 25 09 2019 08 59 10 17 07 11.3441 -22 51 37.4210 0.401   1.83  19.24  5.40 15.5 118 16:51  -5  -6
 25 09 2019 18 28 05 17 07 23.4963 -22 51 44.2990 1.960   1.80  19.38  5.41 16.1 336 16:50   2  -1
 25 09 2019 19 03 32 17 07 24.2582 -22 51 43.9640 1.296   1.80  19.39  5.41 15.0 327 16:50  13  -7
 27 09 2019 02 26 32 17 08 05.0681 -22 51 59.8400 0.058 181.70  19.86  5.43 15.7 215 16:45  17 -23
 30 09 2019 09 03 54 17 09 50.9824 -22 52 38.9330 1.624 181.48  21.02  5.47 15.4 113 16:34  -8  -5
 30 09 2019 15 14 38 17 09 59.5177 -22 52 45.3850 1.788   1.47  21.11  5.47 16.5  20 16:33  -5 -16
 30 09 2019 19 55 52 17 10 06.0187 -22 52 47.4000 1.511   1.45  21.18  5.48 16.4 309 16:32  -7  10
 01 10 2019 20 25 40 17 10 40.2877 -22 52 56.1880 1.461 181.39  21.53  5.49 15.9 301 16:29  -9 -10
 02 10 2019 01 37 43 17 10 47.6184 -22 53 02.0270 1.929   1.38  21.60  5.49 14.6 223 16:28  -3  -8
 02 10 2019 13 51 50 17 11 04.9658 -22 53 06.5540 0.756   1.35  21.78  5.50 15.6  39 16:27   0   0
 03 10 2019 12 38 42 17 11 37.5805 -22 53 15.0030 1.166 181.29  22.10  5.51 16.4  56 16:23  -1   0
 04 10 2019 17 53 39 17 12 20.0449 -22 53 28.5330 0.484 181.22  22.51  5.53 16.6 337 16:19   4   1
 05 10 2019 03 36 01 17 12 34.2817 -22 53 33.4900 0.324   1.20  22.65  5.53 16.5 191 16:18  -2  -3
 05 10 2019 05 02 18 17 12 36.3985 -22 53 33.2770 0.498 181.19  22.67  5.53 16.6 169 16:18  -5   2
 05 10 2019 09 47 38 17 12 43.4060 -22 53 35.3070 0.477 181.18  22.73  5.53 14.5  97 16:17 -18  -2
 05 10 2019 11 05 33 17 12 45.3192 -22 53 38.0720 1.744   1.18  22.75  5.53 15.5  78 16:17   0  -9
 05 10 2019 14 36 28 17 12 50.5167 -22 53 37.3020 0.499 181.17  22.80  5.54 15.0  25 16:16   2  -9
 05 10 2019 19 49 44 17 12 58.2467 -22 53 41.1140 1.141   1.16  22.87  5.54 16.0 307 16:16  -1  -7
 06 10 2019 03 10 49 17 13 09.1697 -22 53 43.7470 0.742   1.14  22.97  5.54 16.4 196 16:15   7   5
 06 10 2019 06 56 39 17 13 14.7770 -22 53 45.5330 0.989   1.13  23.03  5.54 15.5 139 16:14   5  -1
 07 10 2019 13 29 18 17 14 00.6781 -22 53 56.9090 0.192   1.07  23.44  5.56 16.2  40 16:10   4   3
 07 10 2019 15 02 57 17 14 03.0421 -22 53 57.4160 0.092   1.07  23.46  5.56 16.0  17 16:10   2  -5
 09 10 2019 14 48 24 17 15 16.2399 -22 54 14.2100 0.985 180.96  24.11  5.59 15.2  19 16:03  -1  -7
 11 10 2019 03 06 02 17 16 12.9604 -22 54 29.3130 1.422   0.89  24.59  5.60 15.1 193 15:58  -3  -4
 12 10 2019 16 41 29 17 17 12.6905 -22 54 39.1330 1.131 180.83  25.08  5.62 15.2 348 15:53  -5 -11
 13 10 2019 05 08 42 17 17 32.6939 -22 54 42.7960 1.399 180.81  25.24  5.63 16.8 161 15:51   4  -6
 14 10 2019 12 08 56 17 18 22.9543 -22 54 51.8880 1.743 180.75  25.64  5.65 14.6  55 15:47   6   0
 16 10 2019 12 38 47 17 19 42.8725 -22 55 05.7350 1.709 180.68  26.26  5.67 16.6  45 15:40  -2  -9
 17 10 2019 07 11 39 17 20 13.8507 -22 55 11.0260 1.415 180.66  26.50  5.68 16.0 127 15:38   0  -3
 17 10 2019 10 47 47 17 20 19.8921 -22 55 13.6250 0.230   0.65  26.54  5.68 16.8  72 15:37  -8  -4
 17 10 2019 19 55 55 17 20 35.2545 -22 55 16.6790 0.890   0.64  26.66  5.69 16.4 295 15:36 -21   3
 18 10 2019 20 26 04 17 21 16.7287 -22 55 22.5330 0.495   0.61  26.97  5.70 16.5 287 15:33   3   4
 19 10 2019 11 38 14 17 21 42.6583 -22 55 25.0590 0.739 180.59  27.16  5.70 16.7  58 15:31  -4  -7
 19 10 2019 20 01 54 17 21 57.0380 -22 55 28.3180 0.481   0.59  27.26  5.71 16.2 292 15:29   3 -27
 20 10 2019 00 52 43 17 22 05.3623 -22 55 29.8360 0.832   0.58  27.32  5.71 16.8 219 15:29   2  -2
 20 10 2019 14 24 59 17 22 28.6925 -22 55 31.9200 0.297 180.56  27.49  5.72 14.9  16 15:27   0   0
 20 10 2019 16 48 55 17 22 32.8382 -22 55 33.1700 0.391   0.56  27.52  5.72 16.0 340 15:27   0   2
 20 10 2019 21 33 17 17 22 41.0408 -22 55 33.4050 0.481 180.56  27.58  5.72 16.9 268 15:26   4   6
 20 10 2019 22 01 10 17 22 41.8456 -22 55 34.5010 0.506   0.56  27.59  5.72 16.7 261 15:26  12  54
 21 10 2019 00 52 08 17 22 46.7849 -22 55 34.8670 0.211   0.56  27.62  5.72 16.0 218 15:26   4   1
 21 10 2019 16 02 51 17 23 13.1825 -22 55 37.7790 0.356 180.54  27.81  5.73 14.8 350 15:23   4  12
 22 10 2019 02 25 21 17 23 31.3088 -22 55 40.7150 0.241   0.53  27.94  5.73 16.6 194 15:22   5   8
 22 10 2019 18 04 00 17 23 58.7701 -22 55 45.2690 1.330   0.52  28.13  5.74 16.3 319 15:20  -2 -24
 23 10 2019 01 07 23 17 24 11.2090 -22 55 43.8960 1.586 180.51  28.22  5.75 15.1 213 15:19  -3  -1
 23 10 2019 06 24 07 17 24 20.5312 -22 55 48.3800 1.753   0.51  28.28  5.75 16.9 134 15:18 -11   4
 23 10 2019 11 06 24 17 24 28.8582 -22 55 46.3750 1.266 180.50  28.34  5.75 16.8  63 15:18  11  -4
 23 10 2019 20 25 36 17 24 45.3888 -22 55 51.2670 1.633   0.50  28.46  5.75 16.9 283 15:16   7  -5
 24 10 2019 19 32 47 17 25 26.6340 -22 55 54.5220 0.029   0.49  28.74  5.77 15.9 295 15:13  -4  -1
 26 10 2019 00 12 32 17 26 18.2237 -22 55 59.9760 0.384 180.46  29.09  5.78 16.9 224 15:09  13   2
 26 10 2019 14 22 05 17 26 43.8933 -22 56 03.6970 0.493   0.45  29.26  5.78 16.9  11 15:08  -2  -8
 27 10 2019 10 27 29 17 27 20.5238 -22 56 07.1470 0.034 180.44  29.50  5.79 15.8  69 15:05   7   8
 28 10 2019 02 19 45 17 27 49.6328 -22 56 10.7230 0.437   0.44  29.69  5.80 16.8 191 15:03 -14  -1
 29 10 2019 05 22 52 17 28 39.5947 -22 56 14.5900 0.915 180.43  30.01  5.81 16.7 144 14:59  -2 -13
 29 10 2019 05 39 36 17 28 40.1110 -22 56 16.1430 0.586   0.43  30.01  5.81 16.9 140 14:59   6   8
 29 10 2019 14 50 18 17 28 57.1609 -22 56 18.6930 1.382   0.43  30.12  5.82 16.6   2 14:58 -40  26
 29 10 2019 22 16 01 17 29 10.9979 -22 56 18.5770 0.146 180.42  30.21  5.82 17.0 250 14:57  54  40
 02 11 2019 00 39 35 17 31 31.3101 -22 56 33.6900 1.016   0.40  31.07  5.85 16.3 212 14:47   9   3
 02 11 2019 04 05 42 17 31 37.8666 -22 56 32.7160 0.596 180.40  31.11  5.85 16.7 160 14:47   3 -16
 02 11 2019 07 14 27 17 31 43.8749 -22 56 33.5210 0.376 180.40  31.15  5.86 16.7 113 14:46  -1   1
 04 11 2019 21 21 22 17 33 43.6439 -22 56 43.7430 1.683 180.40  31.84  5.88 13.6 259 14:38   7  -1
 05 11 2019 02 42 28 17 33 54.0601 -22 56 48.0650 1.644   0.40  31.91  5.88 17.0 179 14:37 -18 -15
 05 11 2019 05 57 38 17 34 00.4002 -22 56 48.0510 1.024   0.40  31.94  5.89 16.5 130 14:37  -5  10
 06 11 2019 05 54 19 17 34 47.2455 -22 56 52.3040 0.813   0.39  32.21  5.90 16.5 130 14:34   0 -11
 06 11 2019 23 08 57 17 35 21.1715 -22 56 56.2350 1.514   0.40  32.39  5.90 15.6 231 14:31   0  -4
 08 11 2019 06 04 24 17 36 22.4130 -22 56 58.6700 1.882 180.40  32.73  5.92 16.9 126 14:27   5   4
 08 11 2019 11 14 11 17 36 32.6860 -22 57 00.4670 1.064 180.40  32.79  5.92 15.0  48 14:27   3 -15
 08 11 2019 22 10 42 17 36 54.5041 -22 57 04.8730 1.262   0.40  32.91  5.92 15.5 244 14:25  -8 -30
 09 11 2019 08 35 18 17 37 15.3219 -22 57 05.6390 0.040   0.40  33.02  5.93 13.6  87 14:24 -12  -8
 09 11 2019 09 06 50 17 37 16.3744 -22 57 06.0310 0.332   0.40  33.03  5.93 17.1  79 14:24 -25  14
 10 11 2019 04 56 13 17 37 56.1767 -22 57 09.5090 0.008   0.43  33.24  5.93 17.1 141 14:21   3   8
 10 11 2019 11 26 02 17 38 09.2662 -22 57 10.3730 0.386 180.40  33.31  5.94 17.0  44 14:20  -6   9
 10 11 2019 16 37 49 17 38 19.7515 -22 57 10.7410 1.023 180.40  33.37  5.94 16.8 326 14:20  -7 -13
 10 11 2019 19 20 19 17 38 25.2217 -22 57 11.0670 1.222 180.40  33.39  5.94 13.9 285 14:19   3  -4
 10 11 2019 20 36 00 17 38 27.7704 -22 57 12.6460 0.112   0.40  33.41  5.94 16.9 266 14:19 -105 -88
 10 11 2019 22 19 08 17 38 31.2460 -22 57 11.0480 1.820 180.40  33.43  5.94 14.9 240 14:19   1  -5
 11 11 2019 09 25 41 17 38 53.7399 -22 57 15.8840 0.855   0.40  33.55  5.95 15.4  73 14:17  -3   1
 11 11 2019 15 12 03 17 39 05.4543 -22 57 16.7580 0.601   0.40  33.61  5.95 17.1 346 14:17   9  35
 11 11 2019 19 01 57 17 39 13.2383 -22 57 18.5240 1.617   0.40  33.65  5.95 16.9 289 14:16  12 -23
 12 11 2019 09 43 18 17 39 43.1537 -22 57 18.2420 1.550 180.40  33.80  5.95 15.9  68 14:14  -2  -6
 13 11 2019 16 36 36 17 40 46.4144 -22 57 24.8160 1.104 180.40  34.13  5.97 16.6 324 14:10  -4  -1
 14 11 2019 02 47 36 17 41 07.3763 -22 57 26.9820 0.975 180.40  34.24  5.97 16.9 170 14:09  -6 -27
 14 11 2019 15 29 31 17 41 33.5890 -22 57 29.3290 1.182 180.40  34.37  5.97 16.3 340 14:07   6  -5
 14 11 2019 18 27 28 17 41 39.7231 -22 57 29.6420 1.467 180.40  34.40  5.98 16.9 295 14:07 -119  87
 15 11 2019 02 49 38 17 41 57.0552 -22 57 33.0960 0.293   0.41  34.49  5.98 16.9 169 14:06  -4   5
 15 11 2019 08 14 05 17 42 08.2719 -22 57 35.4530 1.555   0.41  34.54  5.98 17.1  88 14:05 -24  -5
 15 11 2019 09 19 43 17 42 10.5445 -22 57 32.3830 1.738 180.41  34.56  5.98 16.7  71 14:05  -5  13
 16 11 2019 05 50 45 17 42 53.2489 -22 57 39.5950 1.292   0.41  34.77  5.99 16.7 123 14:02   0   0
 16 11 2019 17 01 49 17 43 16.6179 -22 57 38.8760 1.719 180.41  34.88  5.99 16.1 315 14:01  19  -2
 16 11 2019 17 27 55 17 43 17.5283 -22 57 39.1630 1.521 180.41  34.89  5.99 16.8 308 14:01   5  -6
 16 11 2019 19 54 59 17 43 22.6576 -22 57 39.9280 1.260 180.41  34.91  5.99 16.8 272 14:00   6   4
 16 11 2019 21 09 42 17 43 25.2642 -22 57 42.2930 0.848   0.41  34.93  5.99 16.8 253 14:00   1  -2
 17 11 2019 09 09 07 17 43 50.4087 -22 57 45.0580 1.143   0.41  35.05  6.00 16.6  73 13:59   2 -21
 17 11 2019 14 48 23 17 44 02.2926 -22 57 43.4490 1.635 180.41  35.11  6.00 15.5 348 13:58 -33  -3
 17 11 2019 15 37 56 17 44 04.0277 -22 57 46.4610 1.207   0.41  35.12  6.00 17.0 335 13:58   4  -1
 17 11 2019 16 53 57 17 44 06.6939 -22 57 44.4640 1.052 180.41  35.13  6.00 15.1 316 13:58   0   0
 17 11 2019 19 26 08 17 44 12.0304 -22 57 46.9970 0.955   0.41  35.15  6.00 15.7 278 13:57   3  -3
 18 11 2019 15 54 44 17 44 55.2384 -22 57 50.6210 0.327   0.41  35.36  6.01 15.3 330 13:55  -6  -2
 18 11 2019 17 45 49 17 44 59.1552 -22 57 51.1960 0.517   0.41  35.38  6.01 16.4 302 13:55   9  -1
 19 11 2019 12 31 01 17 45 38.9213 -22 57 55.7360 1.144   0.41  35.57  6.02 17.0  20 13:52 -17 -10
 19 11 2019 14 04 24 17 45 42.2297 -22 57 55.4650 0.548   0.41  35.59  6.02 16.8 357 13:52  -2  -5
 20 11 2019 02 26 56 17 46 08.5746 -22 57 58.3050 0.799   0.41  35.71  6.02 16.5 171 13:50 -38  18
 20 11 2019 03 03 10 17 46 09.8619 -22 57 58.8220 1.189   0.41  35.72  6.02 16.5 162 13:50  79  23
