 05 01 2019 20 26 31 16 47 08.7992 -21 24 22.1890 0.220   7.61  40.49  6.20 17.3 200 09:46   3   3
 05 01 2019 23 15 54 16 47 15.2900 -21 24 34.7700 0.730   7.59  40.46  6.20 17.1 158 09:46 -11   5
 06 01 2019 20 59 11 16 48 05.1666 -21 26 05.1210 1.329 187.53  40.23  6.19 13.6 191 09:43  -1  -1
 08 01 2019 03 06 20 16 49 13.9158 -21 28 14.6710 1.712   7.48  39.88  6.18 16.9  98 09:39   9  -4
 08 01 2019 05 34 39 16 49 19.5530 -21 28 23.8070 0.533   7.48  39.85  6.18 16.5  61 09:39  10  -5
 08 01 2019 16 07 38 16 49 43.5418 -21 29 06.4220 0.691 187.45  39.73  6.17 15.8 263 09:38   0   5
 08 01 2019 21 31 19 16 49 55.7871 -21 29 28.3410 1.105 187.44  39.67  6.17 16.7 182 09:37   0 -12
 09 01 2019 03 43 28 16 50 09.8410 -21 29 54.1760 0.865 187.42  39.59  6.17 17.1  88 09:36  -8   0
 11 01 2019 20 16 23 16 52 34.9800 -21 34 17.5050 0.680   7.31  38.81  6.14 14.8 198 09:28  -1  -1
 12 01 2019 05 54 50 16 52 56.4767 -21 34 55.9390 0.733   7.29  38.69  6.13 15.9  53 09:27   5  -9
 13 01 2019 00 39 32 16 53 38.1468 -21 36 08.6150 0.695 187.25  38.46  6.12 15.8 131 09:24  -1 -10
 13 01 2019 22 00 30 16 54 25.3638 -21 37 32.0080 0.842 187.21  38.18  6.11 16.2 170 09:22  -5 -19
 14 01 2019 00 23 12 16 54 30.6039 -21 37 41.7040 0.389 187.20  38.15  6.11 13.7 135 09:21  -1  -8
 14 01 2019 06 54 25 16 54 44.9725 -21 38 06.2470 1.155 187.19  38.07  6.11 16.2  37 09:20   0  -2
 14 01 2019 21 05 37 16 55 16.1447 -21 39 00.4210 1.746 187.17  37.88  6.10 16.4 183 09:19  -5  -5
 16 01 2019 00 01 06 16 56 14.9771 -21 40 44.0480 0.947 187.12  37.53  6.09 15.1 139 09:15   4  -3
 16 01 2019 08 33 08 16 56 33.5183 -21 41 18.7610 1.487   7.11  37.41  6.08 16.8  10 09:14   4  -3
 16 01 2019 17 56 12 16 56 53.8879 -21 41 53.5680 0.938   7.09  37.28  6.08 16.3 229 09:13   1  -1
 16 01 2019 19 35 46 16 56 57.4976 -21 41 58.2040 0.669 187.08  37.26  6.08 16.8 204 09:13  -1 -11
 17 01 2019 06 33 26 16 57 21.2053 -21 42 39.5260 0.383 187.06  37.11  6.07 14.2  40 09:11  -9  -4
 17 01 2019 16 45 17 16 57 43.1821 -21 43 19.4520 1.587   7.06  36.97  6.07 13.8 246 09:10  27  13
 19 01 2019 12 24 31 16 59 16.6592 -21 45 56.5240 1.641 186.98  36.37  6.05 16.4 310 09:04   5  -4
 19 01 2019 15 36 17 16 59 23.4418 -21 46 09.6100 0.130 186.96  36.32  6.04 16.7 262 09:04  12  -6
 19 01 2019 22 26 01 16 59 37.9303 -21 46 35.5630 1.124   6.97  36.23  6.04 16.7 159 09:03 -12   5
 20 01 2019 06 11 54 16 59 54.3817 -21 47 03.5230 1.104   6.96  36.12  6.04 15.6  43 09:02  -6  -1
 21 01 2019 18 08 14 17 01 10.0231 -21 49 12.2390 1.801   6.90  35.60  6.02 11.4 222 08:57   2  -4
 21 01 2019 19 58 51 17 01 13.8869 -21 49 18.1520 1.206   6.90  35.57  6.02 16.7 195 08:57  -4   5
 24 01 2019 01 35 16 17 03 05.1205 -21 52 22.2410 1.051 186.82  34.78  5.99 17.0 109 08:50  -9  16
 24 01 2019 02 04 58 17 03 06.1337 -21 52 24.4490 0.534 186.82  34.77  5.99 16.7 101 08:50   0  -5
 24 01 2019 03 54 08 17 03 09.8649 -21 52 31.7990 0.591   6.83  34.75  5.99 15.4  74 08:50   2  -6
 24 01 2019 08 13 20 17 03 18.7349 -21 52 46.7400 0.765   6.82  34.68  5.98 13.9   9 08:49   0 -13
 24 01 2019 16 28 15 17 03 35.6440 -21 53 14.4240 0.338   6.81  34.56  5.98 16.1 245 08:48   2 -10
 24 01 2019 17 06 25 17 03 36.9586 -21 53 15.0490 1.207 186.80  34.55  5.98 16.4 236 08:48   1 -14
 25 01 2019 13 22 29 17 04 18.2728 -21 54 25.3460 0.585   6.79  34.24  5.97 16.8 291 08:46 -14   6
 26 01 2019 04 05 59 17 04 48.1123 -21 55 15.4520 1.383   6.76  34.01  5.96 16.8  70 08:44   5  -2
 26 01 2019 16 47 55 17 05 13.7403 -21 55 56.3660 0.056   6.78  33.81  5.95 16.4 239 08:42  13 -80
 26 01 2019 22 41 20 17 05 25.5849 -21 56 15.6410 0.142 186.72  33.72  5.95 16.8 150 08:41   5  -5
 27 01 2019 09 34 16 17 05 47.4060 -21 56 50.5900 1.042 186.73  33.55  5.94 16.6 346 08:40   3  -5
 27 01 2019 21 00 52 17 06 10.2389 -21 57 29.5050 0.418   6.72  33.37  5.94 16.8 174 08:38  -4  -1
 28 01 2019 14 30 13 17 06 44.9628 -21 58 26.8410 0.945   6.70  33.09  5.93 15.6 272 08:36  -1   4
 29 01 2019 05 15 40 17 07 14.0899 -21 59 14.2660 0.845   6.68  32.85  5.92 16.4  50 08:34  -2 -15
 29 01 2019 05 50 15 17 07 15.2220 -21 59 16.3950 1.127   6.69  32.85  5.92 16.8  41 08:34 -20   4
 29 01 2019 07 57 30 17 07 19.3951 -21 59 22.9810 0.915   6.68  32.81  5.92 13.0   9 08:34  -7  -1
 29 01 2019 23 57 28 17 07 50.7708 -22 00 11.9210 1.184 186.66  32.55  5.91 16.5 129 08:32   2 -11
 30 01 2019 08 26 42 17 08 07.3179 -22 00 39.6980 0.287 186.65  32.41  5.90 15.3   1 08:30   9  14
 30 01 2019 19 37 36 17 08 29.0475 -22 01 14.3230 0.904 186.65  32.23  5.89 16.6 193 08:29  -2  -9
 31 01 2019 20 16 47 17 09 16.5917 -22 02 31.9810 0.176 186.61  31.82  5.88 17.0 182 08:26  -2  -4
 04 02 2019 03 53 03 17 11 46.7625 -22 06 32.7040 0.962 186.57  30.45  5.83 16.4  66 08:15   4  -4
 04 02 2019 12 46 11 17 12 03.1905 -22 06 59.4500 0.525 186.57  30.29  5.82 15.5 292 08:14 -10  -9
 05 02 2019 02 25 23 17 12 28.3099 -22 07 39.1590 1.001 186.56  30.05  5.82 16.9  87 08:12  -9  -9
 05 02 2019 07 07 50 17 12 36.9269 -22 07 53.5530 0.387 186.56  29.97  5.81 16.0  16 08:12   2  -6
 05 02 2019 15 42 56 17 12 52.6129 -22 08 17.1050 1.893 186.56  29.82  5.81 16.8 247 08:10   5  -2
 06 02 2019 04 50 37 17 13 16.4320 -22 08 58.1050 1.049   6.56  29.58  5.80 15.6  50 08:09  10 -25
 06 02 2019 20 56 15 17 13 45.4606 -22 09 43.3980 0.011   6.62  29.29  5.79 16.0 168 08:06   4  -6
 07 02 2019 12 56 22 17 14 14.0704 -22 10 30.7090 1.709   6.55  29.00  5.78 12.5 287 08:04  -1  -8
 07 02 2019 15 07 29 17 14 17.9619 -22 10 36.8470 1.645   6.55  28.96  5.78 15.3 254 08:04   4 -18
 08 02 2019 10 13 52 17 14 51.8097 -22 11 28.9380 0.184 186.53  28.61  5.77 15.8 327 08:01   6 -32
 08 02 2019 18 07 06 17 15 05.6690 -22 11 52.1550 0.946   6.54  28.47  5.76 15.9 208 08:00  -3  -9
 09 02 2019 02 11 49 17 15 19.8307 -22 12 12.6520 1.098 186.54  28.32  5.76 16.0  87 07:59   2  -3
 09 02 2019 14 09 38 17 15 40.6649 -22 12 46.0050 0.927 186.54  28.10  5.75 16.0 267 07:58   5 -15
 09 02 2019 14 51 40 17 15 41.8716 -22 12 49.0240 0.160   6.55  28.08  5.75 16.9 257 07:58   1  -6
 09 02 2019 22 56 57 17 15 55.8722 -22 13 11.7610 0.599   6.55  27.93  5.74 13.9 135 07:56   1   0
 10 02 2019 09 46 36 17 16 14.5265 -22 13 41.0040 0.134   6.56  27.73  5.73 15.0 332 07:55   3  -1
 12 02 2019 10 43 44 17 17 37.4294 -22 15 54.1690 1.169   6.56  26.81  5.70 16.0 316 07:48  -4 -45
 12 02 2019 14 09 30 17 17 43.1652 -22 16 01.5120 0.627 186.55  26.74  5.70 16.3 265 07:48 -13   2
 13 02 2019 08 20 04 17 18 13.2796 -22 16 51.0580 0.834   6.57  26.39  5.69 16.0 351 07:45   6  -6
 13 02 2019 13 48 33 17 18 22.2926 -22 17 05.0660 0.445   6.57  26.29  5.68 16.4 269 07:45   4   2
 13 02 2019 14 16 18 17 18 23.0682 -22 17 04.3880 1.458 186.57  26.28  5.68 16.3 262 07:45   2  -9
 13 02 2019 19 45 04 17 18 32.0555 -22 17 18.4340 1.775 186.57  26.17  5.68 16.6 180 07:44  -2   2
 14 02 2019 02 45 23 17 18 43.4857 -22 17 38.2890 0.208 186.57  26.04  5.68 15.4  74 07:43  -9  -1
 15 02 2019 22 29 43 17 19 53.7916 -22 19 32.4290 1.214   6.61  25.19  5.65 15.9 137 07:37   1   4
 16 02 2019 12 03 32 17 20 15.1949 -22 20 07.1160 1.472   6.62  24.92  5.64 16.6 293 07:35 -21 -17
 17 02 2019 02 09 15 17 20 37.2627 -22 20 39.5080 1.680 186.63  24.64  5.63 16.6  81 07:33  -8 -12
 18 02 2019 01 46 01 17 21 13.6963 -22 21 40.9490 0.853   6.66  24.18  5.61 16.6  86 07:30  25  24
 18 02 2019 21 24 34 17 21 43.5868 -22 22 27.3520 1.228 186.68  23.78  5.60 16.7 151 07:27   2   1
 19 02 2019 02 52 05 17 21 51.8082 -22 22 41.5000 0.458 186.69  23.68  5.59 15.1  69 07:26  -7   2
 20 02 2019 00 34 33 17 22 24.2184 -22 23 33.2740 1.544 186.72  23.24  5.58 15.2 102 07:23  -7  -4
 20 02 2019 06 16 34 17 22 32.6312 -22 23 48.2070 0.383 186.73  23.13  5.57 16.7  17 07:22 -10  -8
 20 02 2019 09 21 55 17 22 37.1624 -22 23 57.8650 1.837   6.74  23.06  5.57 15.3 330 07:22  -2  -4
 21 02 2019 05 31 56 17 23 06.6308 -22 24 43.2110 1.199 186.77  22.66  5.56 16.5  27 07:19   2 -25
 22 02 2019 02 27 54 17 23 36.7169 -22 25 32.3140 1.778 186.81  22.23  5.54 16.4  72 07:16 -10  -8
 23 02 2019 06 54 15 17 24 16.7876 -22 26 39.3390 1.408 186.87  21.65  5.52 16.3   5 07:12  -1   7
 23 02 2019 20 26 50 17 24 35.5255 -22 27 13.0220 0.882   6.90  21.37  5.51 14.9 161 07:10  -3   0
 25 02 2019 21 37 50 17 25 41.8467 -22 29 04.9540 0.518   7.03  20.34  5.48 15.9 142 07:03   3   3
 26 02 2019 17 35 57 17 26 07.9631 -22 29 48.4320 0.822 187.09  19.92  5.47 15.6 201 07:01   1  -5
 27 02 2019 08 04 56 17 26 26.5971 -22 30 20.3610 1.116 187.14  19.61  5.45 16.5 344 06:58   1 -26
 27 02 2019 17 12 09 17 26 38.1851 -22 30 42.0030 0.365   7.17  19.41  5.45 16.4 206 06:57  -8   2
 27 02 2019 23 34 05 17 26 46.2147 -22 30 56.7980 1.142   7.19  19.28  5.44 15.8 111 06:56   7  -7
 28 02 2019 15 04 33 17 27 05.5867 -22 31 30.4250 0.786   7.25  18.95  5.43 15.9 237 06:54   0   3
 01 03 2019 17 16 46 17 27 37.6461 -22 32 25.8560 0.615 187.34  18.38  5.41 15.7 203 06:50  -2   4
 08 03 2019 09 07 34 17 30 33.8545 -22 37 58.7120 1.372   8.21  14.86  5.30 16.1 320 06:27  -4 -12
 11 03 2019 14 03 23 17 31 46.3542 -22 40 26.5560 0.666 188.83  13.14  5.24 15.6 243 06:15   6  -7
 11 03 2019 16 41 04 17 31 48.6826 -22 40 31.6190 0.617 188.85  13.08  5.24 15.2 204 06:15 -41 -16
 12 03 2019 10 40 39 17 32 04.3794 -22 41 04.5210 1.868 189.03  12.67  5.23 16.0 293 06:12  -8  -3
 14 03 2019 09 36 01 17 32 43.0909 -22 42 32.0220 1.848 189.55  11.61  5.19 15.9 307 06:05  10  -7
 14 03 2019 11 34 13 17 32 44.6447 -22 42 35.7910 1.701 189.57  11.57  5.19 15.8 278 06:05 -18  -4
 16 03 2019 05 34 18 17 33 16.4201 -22 43 55.2360 1.466  10.12  10.62  5.16 14.1   6 05:59  -6  -5
 16 03 2019 06 26 44 17 33 17.0792 -22 43 54.9080 0.462 190.14  10.60  5.16 15.4 353 05:59  20   7
 17 03 2019 19 07 55 17 33 42.6700 -22 45 01.6080 1.108  10.72   9.77  5.13 15.3 161 05:53   3   1
 18 03 2019 03 37 57 17 33 48.3106 -22 45 17.0780 1.690  10.87   9.58  5.13 15.4  34 05:52 -15 -16
 18 03 2019 20 23 19 17 33 59.1439 -22 45 45.0390 0.479  11.18   9.20  5.12 13.3 142 05:49   0  -3
 19 03 2019 18 03 26 17 34 12.5175 -22 46 21.4800 0.355 191.62   8.71  5.10 15.1 176 05:46  -1 -31
 20 03 2019 10 54 41 17 34 22.4143 -22 46 50.4130 0.052 192.00   8.33  5.09 15.2 282 05:43 130  50
 20 03 2019 23 02 16 17 34 29.2826 -22 47 10.0740 0.826 192.31   8.06  5.08 15.2 100 05:41 -11  11
 21 03 2019 03 08 58 17 34 31.5348 -22 47 18.3250 0.571  12.40   7.96  5.08 14.6  38 05:41  -4  -3
 21 03 2019 19 39 23 17 34 40.4377 -22 47 43.6130 1.656 192.85   7.59  5.06 15.3 150 05:38  -6   3
 22 03 2019 01 19 34 17 34 43.3527 -22 47 55.0380 0.458  13.02   7.46  5.06 15.1  65 05:37  14 -11
 22 03 2019 13 31 28 17 34 49.5694 -22 48 12.7370 1.933 193.38   7.19  5.05 15.2 241 05:35  12  -4
 22 03 2019 14 56 34 17 34 50.2246 -22 48 17.8420 0.933  13.43   7.16  5.05 15.4 220 05:35 -10  14
 22 03 2019 23 10 35 17 34 54.2738 -22 48 29.6290 0.736 193.69   6.97  5.04 15.0  96 05:34 126  47
 24 03 2019 08 01 58 17 35 09.2289 -22 49 24.4940 1.456  14.91   6.24  5.02 13.9 322 05:29   8   2
 24 03 2019 13 58 23 17 35 11.7623 -22 49 33.7280 1.284  15.17   6.10  5.02 15.0 232 05:28  -3   4
 27 03 2019 15 29 10 17 35 38.4907 -22 51 25.0550 0.277 199.48   4.47  4.97 14.1 207 05:16  -9 -11
 28 03 2019 18 18 55 17 35 46.0512 -22 52 05.6810 0.960  21.92   3.88  4.95 14.5 163 05:12   1  -2
 29 03 2019 10 17 19 17 35 50.0414 -22 52 27.9990 0.174  23.74   3.54  4.94 14.3 283 05:09  -7  -2
 31 03 2019 02 15 22 17 35 58.1616 -22 53 24.0420 0.088  30.26   2.70  4.91 14.4  42 05:03  16  -6
 31 03 2019 09 57 10 17 35 59.3726 -22 53 35.7720 1.483  31.99   2.54  4.90 14.2 286 05:02  -5   1
 01 04 2019 13 48 20 17 36 03.1439 -22 54 12.8060 1.120  40.40   2.01  4.88 13.1 227 04:57   0  -3
 02 04 2019 10 38 03 17 36 05.2910 -22 54 37.9250 1.957 230.04   1.65  4.87 13.7 274 04:54   2  -6
 17 04 2019 11 08 51 17 34 46.9540 -23 00 22.1330 0.745 175.46  -6.57  4.64 15.3 251 03:53 -15   0
 17 04 2019 22 38 08 17 34 41.0351 -23 00 29.0660 0.017 175.86  -6.78  4.64 14.5  78 03:51  -2   6
 19 04 2019 05 52 02 17 34 23.8969 -23 00 42.7210 1.491 176.80  -7.37  4.62 14.5 329 03:46  -1   2
 20 04 2019 09 00 32 17 34 07.8056 -23 00 56.2030 0.989 357.51  -7.87  4.60 15.1 280 03:41 -12  20
 21 04 2019 02 09 40 17 33 57.0523 -23 01 00.8290 0.283 177.92  -8.18  4.60 14.3  22 03:38 -23  51
 23 04 2019 01 19 35 17 33 25.2328 -23 01 14.0540 1.106 358.94  -9.02  4.57 14.0  33 03:30  -9  -2
 24 04 2019 10 49 44 17 33 00.6453 -23 01 15.7130 1.595 179.57  -9.60  4.55 15.2 249 03:24   3   2
 26 04 2019 15 53 20 17 32 18.4325 -23 01 15.2300 1.784 180.45 -10.48  4.53 14.0 170 03:14  -7   9
 26 04 2019 20 42 26 17 32 14.4039 -23 01 15.4090 1.128 180.53 -10.56  4.52 15.6  98 03:13   6  21
 28 04 2019 06 59 58 17 31 44.8161 -23 01 12.4150 1.498   1.04 -11.11  4.51 14.6 302 03:07  -5  -5
 30 04 2019 13 57 59 17 30 54.1389 -23 00 53.5800 0.020   1.79 -11.94  4.48 15.9 195 02:57 -32   8
 08 05 2019 21 15 14 17 27 20.1289 -22 58 20.5160 1.215   4.02 -14.49  4.40 16.2  77 02:21  -2  -7
 08 05 2019 22 58 06 17 27 18.1121 -22 58 17.2990 0.039 184.02 -14.51  4.40 14.7  51 02:21  -4 -11
 12 05 2019 00 19 26 17 25 49.0578 -22 56 44.5370 1.782   4.74 -15.23  4.38 16.2  27 02:07   6  -7
 14 05 2019 10 46 40 17 24 34.9998 -22 55 11.5600 1.459 185.27 -15.71  4.36 16.2 228 01:57   3  -5
 14 05 2019 23 35 47 17 24 18.4163 -22 54 51.7230 0.078   5.40 -15.81  4.36 16.3  35 01:54  -6   8
 15 05 2019 02 00 33 17 24 15.2885 -22 54 47.0260 0.536 185.41 -15.83  4.36 15.1 358 01:54   1   1
 15 05 2019 03 28 06 17 24 13.3881 -22 54 45.2030 0.129   5.43 -15.84  4.36 16.2 336 01:53  -3  -4
 16 05 2019 10 18 40 17 23 32.9921 -22 53 51.3630 0.575   5.69 -16.05  4.35 15.9 232 01:48   3   4
 16 05 2019 14 09 08 17 23 27.9299 -22 53 43.0730 0.721 185.72 -16.08  4.35 16.2 175 01:47 -10  10
 16 05 2019 19 59 41 17 23 20.2061 -22 53 31.3560 1.695 185.77 -16.12  4.35 14.6  87 01:46   2   1
 16 05 2019 21 59 28 17 23 17.5417 -22 53 30.1530 0.816   5.79 -16.13  4.35 16.1  57 01:45  -2 -22
 17 05 2019 17 18 25 17 22 51.8183 -22 52 54.1100 1.313   5.95 -16.25  4.34 14.6 126 01:42  -3   0
 18 05 2019 04 18 59 17 22 37.0644 -22 52 33.1060 1.725   6.04 -16.32  4.34 15.1 320 01:40  -6 -11
 19 05 2019 07 46 39 17 22 00.0225 -22 51 35.1780 0.972 186.27 -16.47  4.33 13.0 267 01:35  -6 -14
 19 05 2019 09 26 40 17 21 57.7529 -22 51 32.7040 0.020 185.93 -16.48  4.33 15.4 242 01:34   6  -6
 20 05 2019 06 59 32 17 21 28.4096 -22 50 46.8360 0.597 186.45 -16.59  4.33 16.3 278 01:30  11  -5
 20 05 2019 14 34 25 17 21 18.0228 -22 50 32.1000 0.980   6.52 -16.62  4.33 16.1 164 01:29   8  -5
 20 05 2019 21 05 59 17 21 09.0850 -22 50 16.5930 0.350 186.56 -16.65  4.33 15.3  66 01:28   1  -9
 21 05 2019 04 40 17 17 20 58.6669 -22 50 01.6190 1.323   6.63 -16.68  4.33 16.2 312 01:26   5 -10
 24 05 2019 10 38 20 17 19 10.4068 -22 46 57.9520 0.390 187.22 -16.96  4.31 14.5 218 01:12   2  -2
 24 05 2019 19 56 28 17 18 57.3575 -22 46 36.7450 1.379   7.29 -16.98  4.31 16.1  78 01:10   3 -12
 25 05 2019 01 45 07 17 18 49.2057 -22 46 22.3310 1.438   7.34 -16.99  4.31 15.4 351 01:09  -2  -7
 25 05 2019 03 46 35 17 18 46.3822 -22 46 15.3320 0.513 187.35 -17.00  4.31 16.2 321 01:08  19  15
 25 05 2019 15 54 01 17 18 29.3517 -22 45 44.3610 0.904 187.44 -17.02  4.31 15.6 138 01:06  -3  -5
 25 05 2019 17 29 12 17 18 27.1055 -22 45 41.9220 0.704   7.45 -17.03  4.31 13.7 114 01:06   0   0
 28 05 2019 22 57 04 17 16 37.7423 -22 42 17.6980 1.774   8.00 -17.13  4.30 16.3  29 00:51  -3 -12
 31 05 2019 11 48 16 17 15 11.6522 -22 39 24.7350 0.535   8.40 -17.12  4.30 13.9 193 00:40  -4  -3
 03 06 2019 19 10 29 17 13 19.8314 -22 35 29.2810 0.621   8.89 -17.00  4.29 15.8  79 00:25   2 -11
 04 06 2019 09 02 25 17 13 00.4195 -22 34 46.4350 0.059   9.01 -16.96  4.29 15.3 230 00:22   0 -16
 04 06 2019 14 52 12 17 12 52.2657 -22 34 28.8750 0.365   9.02 -16.95  4.29 15.2 142 00:21  -2 -13
 07 06 2019 04 57 13 17 11 26.0953 -22 31 13.7260 1.665 189.36 -16.74  4.29 15.8 288 00:10   6  -7
 10 06 2019 12 52 30 17 09 37.2041 -22 27 00.9890 0.113   9.79 -16.38  4.30 16.1 166 23:55  -3   0
 11 06 2019 09 52 33 17 09 09.0983 -22 25 51.5890 1.742 189.88 -16.26  4.30 14.5 210 23:51  -3  14
 11 06 2019 12 59 34 17 09 04.9240 -22 25 43.0250 0.240 189.89 -16.25  4.30 15.6 163 23:50  13  -1
 11 06 2019 14 36 34 17 09 02.7747 -22 25 37.4630 0.595 189.90 -16.24  4.30 15.8 138 23:50 -13  -9
 12 06 2019 16 24 02 17 08 28.5765 -22 24 16.3980 1.629  10.03 -16.09  4.30 14.9 110 23:45   4  -2
 12 06 2019 21 05 17 17 08 22.4332 -22 23 59.0330 0.623 190.05 -16.06  4.30 13.9  40 23:44  -9  -3
 13 06 2019 01 17 16 17 08 16.9079 -22 23 45.9380 0.137 190.05 -16.03  4.30 12.3 337 23:43  -3 -10
 13 06 2019 05 52 01 17 08 10.9224 -22 23 29.4950 1.800 190.09 -16.00  4.30 15.5 268 23:43   6   5
 15 06 2019 16 11 19 17 06 55.4845 -22 20 22.3700 0.364 190.34 -15.61  4.31 16.1 110 23:32   1  -6
 16 06 2019 00 11 44 17 06 45.2978 -22 19 56.2540 0.641 190.37 -15.56  4.31 15.5 350 23:30  11  -4
 17 06 2019 18 06 23 17 05 52.6184 -22 17 43.4800 1.498  10.54 -15.25  4.32 16.1  79 23:23  -9 -46
 17 06 2019 19 28 52 17 05 50.9152 -22 17 38.8000 1.223  10.55 -15.24  4.32 15.7  58 23:22  12 -14
 18 06 2019 02 26 12 17 05 42.3277 -22 17 14.3850 0.935 190.57 -15.18  4.32 15.5 314 23:21 -38 -17
 19 06 2019 10 26 54 17 05 03.1050 -22 15 33.0660 0.051 190.66 -14.93  4.32 15.6 192 23:15   1  -4
 19 06 2019 10 53 37 17 05 02.5819 -22 15 30.3910 1.328 190.69 -14.93  4.32 16.2 185 23:15 -25   0
 22 06 2019 11 30 25 17 03 36.4731 -22 11 44.1060 0.854  10.94 -14.30  4.34 16.2 173 23:02  -2   9
 24 06 2019 04 06 52 17 02 50.1601 -22 09 39.4080 1.240  11.07 -13.92  4.35 15.7 282 22:54   4   0
 24 06 2019 09 09 41 17 02 44.5398 -22 09 21.2560 1.579 191.08 -13.87  4.35 15.4 206 22:53   6  11
 25 06 2019 02 23 45 17 02 25.3680 -22 08 29.7190 0.846 191.13 -13.71  4.35 15.1 307 22:50  -5  -6
 25 06 2019 03 09 35 17 02 24.5004 -22 08 29.1160 0.890  11.13 -13.70  4.35 14.6 295 22:50 -13  -5
 01 07 2019 13 37 44 16 59 44.8835 -22 01 05.3860 1.467  11.50 -12.04  4.39 15.3 131 22:22   5 -16
 01 07 2019 19 09 38 16 59 39.5899 -22 00 50.5340 1.602  11.52 -11.98  4.39 15.8  48 22:21  -3   2
 02 07 2019 14 48 41 16 59 21.0836 -21 59 55.0150 1.333 191.55 -11.75  4.40 14.5 112 22:17 -22   4
 03 07 2019 19 43 51 16 58 54.4733 -21 58 41.3830 0.827  11.60 -11.40  4.41 15.8  37 22:12   5   2
 09 07 2019 10 47 15 16 57 02.1214 -21 53 18.4430 1.742  11.79  -9.66  4.45 11.4 165 21:48 -10  -3
 10 07 2019 23 12 17 16 56 35.3237 -21 51 56.9210 1.695 191.83  -9.17  4.47 15.1 337 21:42  -4  -6
 28 07 2019 08 59 57 16 53 18.3687 -21 42 19.9600 1.329 191.81  -2.92  4.65 13.7 173 20:30  -2  -7
 18 08 2019 16 02 48 16 54 08.7985 -21 44 46.8600 0.489  11.41   5.80  4.92 14.4  46 19:07   0  -6
 18 08 2019 22 13 07 16 54 11.3744 -21 44 53.3210 0.275 191.40   5.91  4.92 14.6 313 19:06  -2  -6
 21 08 2019 18 23 39 16 54 42.7209 -21 46 21.4220 0.333  11.26   7.11  4.96 14.7   8 18:55   6 -13
 22 08 2019 21 05 27 16 54 56.4823 -21 47 00.8360 1.652  11.21   7.58  4.98 13.0 326 18:51  -5  -5
 24 08 2019 09 00 40 16 55 16.3560 -21 47 54.8820 1.068  11.12   8.21  5.00 15.4 146 18:45   3  -3
 30 08 2019 17 28 49 16 56 57.4158 -21 52 26.5770 0.479  10.78  10.91  5.09 14.3  13 18:22   4 -16
 01 09 2019 03 32 23 16 57 23.6635 -21 53 34.0700 1.326 190.71  11.51  5.11 15.7 221 18:17  -1  -5
 04 09 2019 07 18 48 16 58 26.6428 -21 56 21.0110 1.361  10.52  12.84  5.15 15.5 162 18:05  -7  -5
 04 09 2019 17 37 33 16 58 35.7225 -21 56 43.5210 0.455  10.50  13.02  5.16 14.8   7 18:04  -1  -4
 06 09 2019 16 45 29 16 59 18.6665 -21 58 31.5650 1.489 190.38  13.84  5.19 14.4  18 17:57  -6  -6
 09 09 2019 11 25 44 17 00 23.4154 -22 01 17.3780 0.844  10.20  14.98  5.23 14.9  95 17:47  -6  -8
 11 09 2019 02 42 24 17 01 03.7731 -22 02 57.3130 0.362  10.10  15.65  5.25 14.6 225 17:41 -25  -3
 12 09 2019 04 00 05 17 01 30.6236 -22 04 01.8960 1.240 190.02  16.08  5.27 14.1 204 17:37   6  -5
 14 09 2019 11 04 59 17 02 31.2778 -22 06 31.8600 0.863   9.87  17.01  5.30 15.1  96 17:29   7   2
 14 09 2019 21 44 12 17 02 43.3890 -22 06 59.2860 0.915 189.84  17.18  5.30 14.1 296 17:28  -5  -5
 15 09 2019 22 59 12 17 03 12.4691 -22 08 11.0100 0.977   9.77  17.60  5.32 14.6 276 17:24  -4   6
 17 09 2019 17 49 55 17 04 03.3046 -22 10 10.6910 0.060 189.62  18.31  5.34 15.5 352 17:18   1  -7
 21 09 2019 06 35 16 17 05 49.0619 -22 14 17.9810 1.185   9.38  19.70  5.39 16.2 158 17:06  -6   2
 21 09 2019 21 36 04 17 06 08.5235 -22 15 01.4320 0.122   9.34  19.94  5.40 16.4 292 17:04  14  18
 25 09 2019 08 34 46 17 07 59.8111 -22 19 11.1050 0.451 189.07  21.28  5.45 16.0 124 16:52  -9  -7
 25 09 2019 20 28 55 17 08 16.2869 -22 19 48.0430 0.051   9.07  21.47  5.46 15.1 305 16:50 -141  91
 27 09 2019 00 05 36 17 08 55.0138 -22 21 12.9740 0.023 188.73  21.90  5.47 14.2 250 16:46   0   0
 28 09 2019 00 51 26 17 09 30.3104 -22 22 31.2480 1.542   8.86  22.29  5.48 14.6 238 16:43   5  -9
 28 09 2019 20 52 40 17 09 59.2559 -22 23 33.7660 1.692   8.80  22.61  5.50 14.6 297 16:40  12 -10
 29 09 2019 00 28 20 17 10 04.4904 -22 23 44.9750 1.674   8.79  22.66  5.50 15.8 243 16:40   2  -4
 29 09 2019 06 45 46 17 10 13.7131 -22 24 01.5310 1.475 188.76  22.76  5.50 15.6 148 16:39   6   0
 01 10 2019 03 15 42 17 11 19.6729 -22 26 22.3910 0.408 188.61  23.44  5.53 16.1 199 16:33   1  -2
 01 10 2019 08 04 35 17 11 26.8980 -22 26 38.8880 0.912   8.60  23.52  5.53 16.0 127 16:32  -7   9
 01 10 2019 14 03 42 17 11 35.9397 -22 26 56.4690 0.423 188.58  23.61  5.53 15.4  37 16:31   2  -5
 05 10 2019 23 33 59 17 14 19.9268 -22 32 32.6630 0.378   8.22  25.17  5.59 15.2 251 16:16  -9  -1
 08 10 2019 16 04 26 17 16 04.5642 -22 35 59.9800 1.505   7.98  26.09  5.62 16.8   1 16:08  18   7
 09 10 2019 06 34 44 17 16 28.5619 -22 36 43.7390 1.144 187.93  26.29  5.63 16.8 143 16:06   9  -6
 10 10 2019 10 41 56 17 17 15.4846 -22 38 13.6300 1.132 187.82  26.68  5.64 16.0  80 16:02 -10 -13
 11 10 2019 02 00 13 17 17 41.2546 -22 39 04.0600 0.433   7.77  26.89  5.65 16.0 210 16:00   1  -5
 11 10 2019 02 45 50 17 17 42.5569 -22 39 04.7850 1.283 187.77  26.90  5.65 16.7 199 16:00 -10 -16
 11 10 2019 07 26 17 17 17 50.4692 -22 39 19.6490 1.339 187.75  26.97  5.65 16.4 128 15:59  -5  -2
 11 10 2019 09 58 16 17 17 54.7688 -22 39 27.2330 1.844 187.74  27.00  5.66 16.5  90 15:59 -22   9
 11 10 2019 10 13 02 17 17 55.1640 -22 39 30.2480 0.405   7.74  27.01  5.66 16.3  87 15:59  49 -32
 11 10 2019 17 51 33 17 18 08.1448 -22 39 55.1600 0.943   7.71  27.11  5.66 16.7 332 15:58  -6  -6
 12 10 2019 02 05 01 17 18 22.1779 -22 40 20.2950 0.150 187.66  27.22  5.66 16.8 208 15:56  21  -5
 12 10 2019 20 33 12 17 18 53.8589 -22 41 17.9110 1.374 187.61  27.47  5.67 16.8 290 15:54   4 -17
 12 10 2019 21 08 34 17 18 54.8447 -22 41 22.7910 1.656   7.61  27.48  5.67 16.7 281 15:54   0   0
 13 10 2019 06 07 23 17 19 10.3547 -22 41 49.2770 0.441 187.57  27.60  5.68 16.2 146 15:53   0  -8
 14 10 2019 09 23 48 17 19 57.7384 -22 43 17.0950 0.791   7.47  27.96  5.69 15.8  96 15:49 -10 -13
 15 10 2019 05 18 00 17 20 32.6734 -22 44 18.1870 1.149 187.39  28.22  5.70 15.2 157 15:46   5 -11
 15 10 2019 07 27 37 17 20 36.4614 -22 44 26.9740 0.824   7.39  28.25  5.70 15.5 125 15:46 -40 -40
 15 10 2019 18 52 02 17 20 56.6240 -22 45 01.8750 0.310 187.34  28.40  5.71 16.8 313 15:44   7 -17
 16 10 2019 17 42 21 17 21 37.2227 -22 46 15.6390 1.522   7.25  28.69  5.72 15.5 330 15:41  -2   6
 16 10 2019 19 25 28 17 21 40.3057 -22 46 19.6950 0.161   7.26  28.72  5.72 16.8 304 15:41   0  -4
 17 10 2019 10 23 04 17 22 07.1130 -22 47 07.4020 0.911   7.19  28.91  5.73 16.6  79 15:39   8   6
 18 10 2019 00 43 39 17 22 32.9783 -22 47 50.4920 0.921 187.13  29.09  5.73 16.3 223 15:37   9 -16
 18 10 2019 08 27 36 17 22 46.9531 -22 48 16.5350 0.977   7.10  29.19  5.74 15.7 107 15:36  -2   0
 18 10 2019 16 03 15 17 23 00.7585 -22 48 37.4830 1.787 187.07  29.28  5.74 16.1 353 15:35  -8   0
 18 10 2019 17 34 50 17 23 03.5252 -22 48 43.0760 0.944 187.06  29.31  5.74 16.9 330 15:35   0  -8
 19 10 2019 13 25 25 17 23 39.7240 -22 49 45.6120 0.101 186.96  29.55  5.75 15.1  32 15:32 112  -8
 19 10 2019 16 01 46 17 23 44.4845 -22 49 55.2260 1.434   6.98  29.59  5.75 16.4 353 15:32   0  -6
 20 10 2019 00 22 09 17 23 59.7896 -22 50 21.3470 1.721   6.95  29.69  5.76 16.5 227 15:31   0  -1
 20 10 2019 03 27 29 17 24 05.4875 -22 50 29.0280 0.166 186.92  29.73  5.76 16.7 181 15:30   1  -5
 20 10 2019 10 16 13 17 24 18.0326 -22 50 50.6970 0.452   6.91  29.81  5.76 16.3  78 15:29 -13  -4
 20 10 2019 18 55 05 17 24 34.0024 -22 51 18.0740 1.160   6.87  29.92  5.77 16.8 308 15:28  -5   0
 21 10 2019 13 09 57 17 25 07.8732 -22 52 13.7430 0.729   6.80  30.14  5.77 17.0  34 15:26   9  -1
 21 10 2019 18 26 52 17 25 17.7109 -22 52 30.4530 1.256   6.78  30.21  5.78 15.6 315 15:25  18  -4
 22 10 2019 03 14 01 17 25 34.1291 -22 52 56.4820 0.402   6.75  30.31  5.78 16.5 183 15:24  -4  -3
 22 10 2019 23 56 19 17 26 13.0130 -22 53 57.2880 1.879 186.65  30.56  5.79 16.7 231 15:21  -3  -4
 23 10 2019 15 37 06 17 26 42.6070 -22 54 46.5150 0.148 186.58  30.75  5.80 16.7 356 15:19  -2   6
 23 10 2019 22 10 13 17 26 55.0179 -22 55 06.9910 0.542   6.57  30.83  5.80 16.7 257 15:18  11  -9
 25 10 2019 06 07 08 17 27 55.9295 -22 56 43.8970 1.574   6.44  31.20  5.81 16.7 137 15:14   2   2
 25 10 2019 06 47 15 17 27 57.2238 -22 56 44.3590 0.014   6.51  31.21  5.81 16.9 127 15:14 -16 -17
 25 10 2019 12 03 21 17 28 07.3289 -22 57 00.2160 0.177   6.42  31.27  5.82 16.5  48 15:13   0  22
 26 10 2019 16 28 28 17 29 02.1345 -22 58 23.5890 0.680 186.29  31.59  5.83 16.9 340 15:09   6  -7
 27 10 2019 05 57 38 17 29 28.3087 -22 59 02.6480 1.284 186.23  31.75  5.83 13.0 138 15:08   0   0
 27 10 2019 14 04 11 17 29 44.0798 -22 59 28.2400 0.570   6.20  31.84  5.84 14.8  16 15:07  -3 -16
 28 10 2019 09 32 12 17 30 22.1357 -23 00 23.8140 0.552 186.11  32.05  5.85 16.2  83 15:04  -6  -7
 28 10 2019 11 18 54 17 30 25.6185 -23 00 29.4310 0.083 186.08  32.07  5.85 17.0  56 15:04   2   0
 28 10 2019 13 53 32 17 30 30.6722 -23 00 37.1400 0.151   6.11  32.10  5.85 16.9  18 15:04   8  -6
 28 10 2019 14 21 53 17 30 31.6081 -23 00 37.4060 0.953 186.10  32.10  5.85 16.9  11 15:03  -6 -13
 28 10 2019 15 03 48 17 30 32.9741 -23 00 40.0980 0.278 186.08  32.11  5.85 17.0   0 15:03 -15  -2
 28 10 2019 19 44 48 17 30 42.1685 -23 00 54.2470 0.333   6.08  32.16  5.85 16.5 290 15:03   3 -14
 28 10 2019 22 55 45 17 30 48.4339 -23 01 02.5460 0.554 186.06  32.20  5.85 16.8 242 15:02   4  -4
 29 10 2019 12 19 46 17 31 14.8540 -23 01 40.0170 1.622 186.00  32.34  5.86 16.6  40 15:01  12 -15
 30 10 2019 05 14 58 17 31 48.3395 -23 02 28.8650 1.095 185.93  32.52  5.86 16.2 146 14:58   1   4
 30 10 2019 15 03 53 17 32 07.8304 -23 02 57.5790 0.234 185.88  32.63  5.87 17.0 358 14:57   5  -2
 31 10 2019 03 53 45 17 32 33.3817 -23 03 35.6420 1.616   5.83  32.76  5.87 16.8 166 14:55   3   5
 31 10 2019 11 49 16 17 32 49.2339 -23 03 55.4510 0.846 185.80  32.84  5.88 15.3  46 14:54   0   6
 31 10 2019 15 31 42 17 32 56.6580 -23 04 04.9700 1.715 185.78  32.88  5.88 15.9 351 14:54   0  -5
 31 10 2019 21 56 39 17 33 09.4951 -23 04 25.2060 0.612   5.76  32.95  5.88 13.9 254 14:53 -12 -10
 01 11 2019 16 20 44 17 33 46.4811 -23 05 16.0270 0.359   5.68  33.13  5.89 16.7 338 14:51   6   3
 02 11 2019 09 43 02 17 34 21.5616 -23 06 02.4560 0.969 185.60  33.31  5.89 15.2  76 14:48 -20  18
 02 11 2019 11 19 22 17 34 24.8103 -23 06 06.8580 0.958 185.59  33.32  5.89 16.6  52 14:48  63 -21
 02 11 2019 14 22 51 17 34 30.9845 -23 06 17.6820 1.526   5.58  33.35  5.90 16.7   6 14:48   0   0
 02 11 2019 21 18 19 17 34 45.0404 -23 06 33.9580 1.068 185.54  33.42  5.90 16.9 262 14:47  -6  13
 02 11 2019 23 31 11 17 34 49.5391 -23 06 39.3090 1.736 185.54  33.44  5.90 15.2 229 14:47  -4   1
 03 11 2019 05 13 02 17 35 01.0931 -23 06 57.5220 1.049   5.51  33.50  5.90 16.9 143 14:46   5   3
 03 11 2019 15 14 38 17 35 21.5185 -23 07 21.8390 1.698 185.47  33.59  5.91 16.2 353 14:44   0  -8
 04 11 2019 11 36 57 17 36 03.1075 -23 08 19.1440 1.155   5.38  33.79  5.91 16.7  46 14:42   7  -9
 04 11 2019 15 14 48 17 36 10.5446 -23 08 28.6460 1.021   5.36  33.82  5.91 16.7 352 14:41  -6  -6
 05 11 2019 00 49 56 17 36 30.2195 -23 08 52.0380 0.930 185.31  33.92  5.92 15.1 208 14:40   0   0
 05 11 2019 00 56 02 17 36 30.4292 -23 08 52.2190 1.018 185.31  33.92  5.92 15.1 206 14:40  13  -2
 05 11 2019 02 09 56 17 36 32.9515 -23 08 56.4620 0.030 185.15  33.93  5.92 16.8 188 14:40 -21   9
 06 11 2019 17 46 32 17 37 54.6657 -23 10 40.2010 0.779   5.13  34.29  5.93 17.0 312 14:35 -129   7
 07 11 2019 06 07 59 17 38 20.3163 -23 11 09.8520 1.133 185.07  34.40  5.94 16.6 126 14:33  10  -3
 07 11 2019 15 11 38 17 38 39.1595 -23 11 32.5480 1.402 185.03  34.48  5.94 14.8 350 14:32   3  -2
 07 11 2019 21 09 60 17 38 51.5977 -23 11 47.7810 1.223 185.00  34.53  5.94 17.0 260 14:31  12   1
 08 11 2019 11 24 23 17 39 21.3070 -23 12 24.9850 0.353   4.94  34.66  5.95 16.6  46 14:29  -1  -3
 08 11 2019 13 58 42 17 39 26.6881 -23 12 30.7150 0.311 184.92  34.68  5.95 17.0   8 14:29  50 -56
 08 11 2019 19 29 03 17 39 38.2115 -23 12 43.8280 0.851 184.90  34.73  5.95 17.1 285 14:28 -99  91
 08 11 2019 21 21 45 17 39 42.1493 -23 12 47.7070 1.618 184.89  34.74  5.95 16.5 257 14:28  -8  10
 09 11 2019 00 55 33 17 39 49.5994 -23 12 58.9830 0.875   4.88  34.78  5.95 16.7 203 14:28  19  -6
 09 11 2019 02 18 34 17 39 52.5129 -23 13 00.2050 1.317 184.87  34.79  5.95 17.1 182 14:27   0   0
 09 11 2019 04 06 11 17 39 56.2753 -23 13 04.3400 1.594 184.86  34.80  5.95 16.8 155 14:27  23  -3
 09 11 2019 06 01 40 17 40 00.2990 -23 13 11.2350 0.582   4.85  34.82  5.95 16.4 126 14:27 -112 -39
 09 11 2019 06 13 28 17 40 00.7261 -23 13 09.3760 1.768 184.85  34.82  5.95 16.2 123 14:27   2  -7
 09 11 2019 06 48 25 17 40 01.9341 -23 13 13.0420 0.476   4.85  34.83  5.95 16.6 115 14:27   5 -13
 10 11 2019 14 48 47 17 41 09.2955 -23 14 31.5130 1.447   4.70  35.09  5.97 15.0 354 14:23  -1   0
 10 11 2019 19 45 38 17 41 19.7532 -23 14 42.2150 0.342   4.68  35.13  5.97 17.1 279 14:22 -88 -18
 10 11 2019 19 58 08 17 41 20.1891 -23 14 43.4240 1.058   4.67  35.14  5.97 16.9 276 14:22   0   0
 10 11 2019 23 56 55 17 41 28.6111 -23 14 51.4720 0.353 184.65  35.17  5.97 17.0 216 14:22  -9   7
 11 11 2019 23 46 38 17 42 19.1235 -23 15 46.8510 0.929 184.54  35.36  5.98 17.0 218 14:18   0   0
 12 11 2019 05 53 54 17 42 32.1331 -23 16 01.2540 0.713 184.51  35.41  5.98 16.1 126 14:18  26   1
 12 11 2019 13 47 33 17 42 48.9268 -23 16 20.6280 0.481   4.48  35.47  5.98 17.1   7 14:17   0   0
 12 11 2019 21 09 34 17 43 04.6278 -23 16 37.3760 0.378   4.44  35.53  5.98 16.6 257 14:16 -60  16
 12 11 2019 21 48 14 17 43 06.0008 -23 16 39.1020 0.636   4.44  35.53  5.98 15.2 247 14:16  -1  -2
 13 11 2019 08 38 24 17 43 29.1432 -23 17 01.9820 1.052 184.38  35.62  5.99 16.7  84 14:14   7   6
 13 11 2019 14 16 05 17 43 41.1693 -23 17 15.7990 0.103   4.37  35.66  5.99 17.1 359 14:14   0   0
 13 11 2019 15 07 53 17 43 43.0129 -23 17 18.2920 0.666   4.35  35.67  5.99 14.3 347 14:13   3  17
 13 11 2019 19 52 02 17 43 53.1478 -23 17 29.0540 0.835   4.33  35.71  5.99 16.9 275 14:13  46 -32
 13 11 2019 23 00 49 17 43 59.8855 -23 17 36.1690 0.940   4.31  35.73  5.99 16.2 228 14:12   0   0
 14 11 2019 00 05 02 17 44 02.1759 -23 17 38.9970 1.389   4.31  35.74  5.99 16.7 212 14:12  15  -9
 14 11 2019 06 09 01 17 44 15.1940 -23 17 49.9700 1.086 184.28  35.78  5.99 16.8 121 14:11   4  -5
 14 11 2019 07 50 38 17 44 18.8291 -23 17 53.4120 1.385 184.27  35.80  5.99 16.3  95 14:11   3  -2
 14 11 2019 14 53 04 17 44 33.9453 -23 18 08.5280 1.746 184.23  35.85  6.00 16.6 349 14:10   7   7
 14 11 2019 15 23 27 17 44 35.0211 -23 18 11.8530 0.475   4.23  35.85  6.00 16.3 342 14:10 -18  -2
 14 11 2019 15 39 24 17 44 35.6003 -23 18 10.9300 1.033 184.23  35.85  6.00 16.8 338 14:10  -6  12
 14 11 2019 15 46 47 17 44 35.8631 -23 18 11.4930 0.738 184.23  35.86  6.00 17.1 336 14:10   0   0
 14 11 2019 16 49 53 17 44 38.1086 -23 18 16.3870 1.862   4.22  35.86  6.00 17.1 320 14:10   0   0
 14 11 2019 21 20 13 17 44 47.7965 -23 18 25.7200 1.365   4.20  35.90  6.00 15.1 252 14:10   3  -1
 14 11 2019 21 48 10 17 44 48.8033 -23 18 25.7990 0.427   4.21  35.90  6.00 17.0 245 14:09 -25 -32
 15 11 2019 01 00 14 17 44 55.6832 -23 18 33.8050 1.485   4.18  35.92  6.00 17.1 197 14:09   0   0
 15 11 2019 02 06 32 17 44 58.0607 -23 18 36.2750 1.561   4.18  35.93  6.00 16.8 181 14:09 -108 -51
 15 11 2019 16 19 03 17 45 28.6750 -23 19 06.8730 1.608   4.11  36.04  6.00 16.8 327 14:07  -7  -4
 15 11 2019 17 44 27 17 45 31.7466 -23 19 09.7230 1.421   4.10  36.05  6.00 16.6 306 14:07 -32 -93
 15 11 2019 19 16 23 17 45 35.0537 -23 19 12.8490 1.285   4.10  36.06  6.01 16.6 283 14:07  -2  19
 16 11 2019 03 15 24 17 45 52.2973 -23 19 29.3040 0.822   4.06  36.12  6.01 16.9 163 14:06   0   0
 16 11 2019 05 54 19 17 45 58.0185 -23 19 35.5630 1.504   4.04  36.13  6.01 16.4 123 14:05  -3  -7
 16 11 2019 08 14 25 17 46 03.0806 -23 19 37.9620 1.010 184.03  36.15  6.01 15.7  88 14:05   4   1
 16 11 2019 13 39 06 17 46 14.7809 -23 19 50.8840 0.593   4.01  36.19  6.01 17.1   6 14:04  16 -21
 16 11 2019 20 27 38 17 46 29.5278 -23 20 04.8690 0.425   3.97  36.24  6.01 16.2 264 14:04  -6  -7
 16 11 2019 20 36 12 17 46 29.8321 -23 20 06.2200 1.483   3.97  36.24  6.01 17.0 262 14:03   0   0
 16 11 2019 23 14 17 17 46 35.5443 -23 20 11.2840 1.099   3.96  36.26  6.01 17.1 222 14:03   4  -5
 17 11 2019 00 49 02 17 46 38.9687 -23 20 14.5080 1.066   3.95  36.27  6.01 15.4 199 14:03   1  -8
 17 11 2019 07 13 11 17 46 52.8720 -23 20 25.0150 1.579 183.91  36.32  6.02 16.7 102 14:02   8  19
 17 11 2019 15 11 15 17 47 10.1685 -23 20 43.0480 0.227   3.88  36.37  6.02 17.0 343 14:01  60  -4
 17 11 2019 20 59 37 17 47 22.7875 -23 20 55.7640 1.215   3.85  36.41  6.02 16.8 255 14:00   0   0
 17 11 2019 23 02 04 17 47 27.2391 -23 20 57.4500 1.209 183.83  36.43  6.02 16.8 225 14:00   9 -33
 18 11 2019 01 30 15 17 47 32.6105 -23 21 03.0610 0.550 183.82  36.44  6.02 17.1 188 14:00   0   0
 18 11 2019 01 50 45 17 47 33.3477 -23 21 05.1480 0.854   3.82  36.45  6.02 16.6 182 14:00  28  30
 18 11 2019 04 18 18 17 47 38.6973 -23 21 11.0220 1.813   3.81  36.46  6.02 17.0 145 13:59   0   0
 18 11 2019 07 58 00 17 47 46.6817 -23 21 16.5760 0.060   3.82  36.49  6.02 17.2  90 13:59   0   0
 18 11 2019 09 37 40 17 47 50.3006 -23 21 20.0040 0.194   3.79  36.50  6.02 16.2  65 13:59   0   0
 18 11 2019 11 06 44 17 47 53.5419 -23 21 21.7470 1.005 183.77  36.51  6.02 16.7  43 13:59  -2  13
 18 11 2019 14 27 32 17 48 00.8276 -23 21 30.7600 1.397   3.76  36.53  6.02 16.7 353 13:58 -44 -23
 18 11 2019 15 16 06 17 48 02.5925 -23 21 32.4580 1.499   3.75  36.54  6.03 16.8 341 13:58  36 -36
 18 11 2019 17 41 53 17 48 07.8961 -23 21 36.5950 0.854   3.74  36.56  6.03 17.1 304 13:58 -10  -9
 18 11 2019 19 47 27 17 48 12.4767 -23 21 37.9280 1.927 183.73  36.57  6.03 16.3 273 13:57 -12  -1
 19 11 2019 13 09 43 17 48 50.4242 -23 22 15.2580 1.724   3.64  36.69  6.03 16.7  11 13:55 -13  -4
 19 11 2019 18 42 21 17 49 02.5719 -23 22 23.3490 0.786 183.61  36.72  6.03 17.2 288 13:55   0   0
 20 11 2019 02 27 20 17 49 19.5445 -23 22 39.9860 1.165   3.58  36.77  6.03 16.9 172 13:54   0 -10
 20 11 2019 08 22 16 17 49 32.5281 -23 22 49.1690 0.768 183.54  36.81  6.04 13.4  83 13:53  -9   1
 20 11 2019 12 10 47 17 49 40.8790 -23 22 58.1220 1.078   3.53  36.84  6.04 17.1  26 13:52  16 -21
 21 11 2019 02 51 06 17 50 13.1333 -23 23 22.9720 1.128 183.45  36.93  6.04 17.1 165 13:50  10  49
 21 11 2019 05 37 25 17 50 19.2313 -23 23 28.4230 0.727 183.43  36.95  6.04 17.0 123 13:50   3 -11
 21 11 2019 07 40 02 17 50 23.7268 -23 23 32.6550 0.203 183.42  36.96  6.04 17.0  93 13:50  22   3
 21 11 2019 08 27 13 17 50 25.4553 -23 23 34.7870 0.500   3.42  36.97  6.04 17.1  81 13:50 131  40
 21 11 2019 09 37 00 17 50 28.0238 -23 23 35.1100 1.283 183.41  36.97  6.04 17.2  63 13:50  -2  -6
