 03 01 2019 20 08 56 16 45 03.0676 -21 57 08.3650 0.590   6.17  40.78  6.22 15.1 206 09:52    7   -6
 05 01 2019 00 31 01 16 46 08.8443 -21 58 43.4550 1.832 186.01  40.48  6.21 16.8 139 09:48   14   22
 05 01 2019 11 39 13 16 46 34.5531 -21 59 22.8990 0.158   5.96  40.36  6.21 16.7 332 09:47    8   -1
 06 01 2019 03 05 06 16 47 10.1066 -22 00 14.3620 0.482   5.87  40.19  6.20 16.2 100 09:45   -6    8
 07 01 2019 20 52 08 16 48 45.8657 -22 02 26.5770 1.360 185.63  39.72  6.18 17.0 192 09:40   -4    2
 08 01 2019 13 41 28 16 49 24.1841 -22 03 19.0890 0.990 185.54  39.53  6.18 15.4 299 09:38   -3   -6
 08 01 2019 20 06 27 16 49 38.7478 -22 03 41.2760 1.594   5.51  39.45  6.17 15.5 203 09:37   -9    3
 09 01 2019 08 39 41 16 50 07.2297 -22 04 17.7990 0.171   5.46  39.31  6.17 13.9  14 09:35    8    3
 09 01 2019 15 45 58 16 50 23.3145 -22 04 38.1670 0.670 185.40  39.22  6.17 17.0 267 09:34   -4   -9
 10 01 2019 01 04 35 16 50 44.3496 -22 05 05.4440 0.910 185.35  39.11  6.16 16.9 127 09:33  -12    0
 10 01 2019 10 46 23 16 51 06.2025 -22 05 35.0160 0.347   5.31  38.99  6.16 16.2 342 09:32   -2    1
 10 01 2019 19 17 45 16 51 25.3807 -22 05 59.1000 0.170 185.24  38.89  6.15 15.3 213 09:31    0    0
 12 01 2019 01 17 25 16 52 32.5655 -22 07 24.0470 0.298   5.09  38.52  6.14 17.2 123 09:27    2  -10
 12 01 2019 04 16 36 16 52 39.2302 -22 07 32.2230 0.242   5.08  38.48  6.14 16.6  78 09:27    9   -5
 12 01 2019 16 55 54 16 53 07.4164 -22 08 06.7240 0.225   5.01  38.32  6.13 16.9 247 09:25   10  -19
 12 01 2019 21 22 58 16 53 17.3195 -22 08 17.1750 1.328 184.98  38.26  6.13 17.2 180 09:24    4    9
 13 01 2019 00 12 44 16 53 23.5872 -22 08 27.3370 1.251   4.96  38.23  6.13 17.2 138 09:24   10    9
 13 01 2019 19 29 53 16 54 06.3053 -22 09 17.4730 0.411   4.86  37.98  6.12 14.2 208 09:22    5   -3
 14 01 2019 00 16 17 16 54 16.8422 -22 09 30.4150 0.948   4.83  37.92  6.12 17.0 136 09:21   -3   -8
 14 01 2019 05 15 13 16 54 27.8249 -22 09 44.1110 1.785   4.80  37.85  6.11 15.5  61 09:20   -8   -5
 14 01 2019 15 41 10 16 54 50.8020 -22 10 08.4030 0.574 184.74  37.72  6.11 16.1 265 09:19   -6  -10
 15 01 2019 05 00 28 16 55 20.0207 -22 10 44.2840 1.861   4.67  37.54  6.10 16.6  64 09:17   -2   -1
 15 01 2019 13 42 40 16 55 39.0814 -22 11 02.8860 1.056 184.62  37.42  6.10 15.8 294 09:16   -8  -19
 17 01 2019 00 25 29 16 56 54.5825 -22 12 28.8280 1.794   4.44  36.95  6.08 16.6 132 09:12    0    0
 17 01 2019 07 20 39 16 57 09.5604 -22 12 43.0350 0.046 184.36  36.86  6.08 17.1  28 09:11   -6   -3
 17 01 2019 08 00 40 16 57 10.9944 -22 12 45.9090 1.283   4.40  36.85  6.08 16.6  18 09:11   -3   -5
 17 01 2019 21 33 40 16 57 40.2272 -22 13 14.6560 0.885 184.32  36.66  6.07 17.0 174 09:09    6    4
 18 01 2019 08 11 10 16 58 03.0624 -22 13 38.3620 0.964 184.26  36.51  6.07 16.1  14 09:08  -12    7
 20 01 2019 17 36 15 17 00 05.2446 -22 15 39.3620 1.670 183.94  35.69  6.04 16.6 231 09:00  -19   -2
 20 01 2019 20 34 05 17 00 11.4824 -22 15 47.7430 0.743   3.93  35.65  6.03 16.4 187 09:00   -3    2
 20 01 2019 21 08 29 17 00 12.6893 -22 15 49.1590 1.009   3.93  35.64  6.03 16.0 178 09:00   -7   -4
 22 01 2019 14 09 13 17 01 38.5712 -22 17 05.8730 1.758 183.70  35.04  6.01 15.9 281 08:55   -1    3
 24 01 2019 05 17 15 17 02 59.4457 -22 18 16.5510 1.609 183.49  34.45  5.99 16.1  53 08:50   -9   -2
 27 01 2019 04 41 24 17 05 24.1944 -22 20 15.3630 1.595   3.10  33.33  5.95 16.5  60 08:40   -7    0
 27 01 2019 10 34 03 17 05 35.9430 -22 20 24.2800 1.736   3.06  33.23  5.95 16.5 331 08:39   -9   -4
 28 01 2019 06 28 23 17 06 15.5488 -22 20 50.1370 1.309 182.96  32.91  5.93 15.1  32 08:37   -4    1
 28 01 2019 08 33 07 17 06 19.6575 -22 20 55.4840 1.096   2.95  32.87  5.93 16.6   1 08:37  -11   -3
 30 01 2019 06 30 29 17 07 49.8229 -22 21 55.2430 0.751 182.69  32.11  5.91 16.3  30 08:30    1    0
 30 01 2019 07 42 50 17 07 52.1606 -22 21 58.3010 0.782   2.69  32.09  5.90 15.7  12 08:30  -17  -79
 30 01 2019 10 46 57 17 07 58.1243 -22 22 00.3130 1.074 182.67  32.04  5.90 16.0 326 08:30  -17  -19
 31 01 2019 22 27 48 17 09 06.8197 -22 22 44.8390 0.645   2.47  31.43  5.88 14.3 149 08:25    9   -6
 02 02 2019 02 39 44 17 10 00.3690 -22 23 13.4910 1.780 182.32  30.94  5.86 16.7  86 08:21   -2  -10
 03 02 2019 19 31 50 17 11 16.7392 -22 23 57.6790 1.605   2.09  30.22  5.84 16.5 191 08:16    5  -10
 03 02 2019 20 42 33 17 11 18.9217 -22 23 58.1470 0.970   2.09  30.19  5.84 16.2 173 08:16   -3   -1
 04 02 2019 08 24 46 17 11 40.5096 -22 24 09.3410 1.427   2.02  29.98  5.83 14.9 358 08:14   -3   -4
 05 02 2019 02 48 41 17 12 14.1983 -22 24 25.5680 1.578   1.92  29.65  5.82 15.5  81 08:12    0    0
 05 02 2019 06 03 58 17 12 20.1293 -22 24 27.0470 0.313   1.90  29.59  5.82 14.8  32 08:11    1   -7
 07 02 2019 17 28 09 17 14 06.5844 -22 25 11.3920 0.125 181.57  28.49  5.78 12.5 219 08:03   10   -7
 10 02 2019 23 27 60 17 16 21.1937 -22 25 54.5510 1.159 181.14  26.99  5.73 16.1 126 07:53   -6   -1
 10 02 2019 23 48 17 17 16 21.7607 -22 25 57.1000 1.233   1.13  26.99  5.73 16.4 121 07:53    3    7
 11 02 2019 03 21 46 17 16 27.7581 -22 25 56.5280 0.972 181.11  26.92  5.72 16.7  68 07:52   -5   -1
 11 02 2019 14 21 28 17 16 46.1977 -22 26 03.4510 1.108   1.05  26.70  5.72 14.7 262 07:51  -37  -16
 14 02 2019 11 55 00 17 18 39.9592 -22 26 27.0160 0.961   0.67  25.32  5.67 14.9 297 07:41   -1   -6
 15 02 2019 00 07 59 17 18 59.4101 -22 26 28.1620 0.863 180.60  25.08  5.66 16.4 113 07:40   -9   -4
 16 02 2019 00 52 12 17 19 38.2973 -22 26 35.9540 1.958   0.46  24.58  5.65 15.7 101 07:36   -7    0
 16 02 2019 18 11 40 17 20 05.1349 -22 26 37.1930 0.531   0.36  24.22  5.63 16.7 201 07:34   -1   -1
 16 02 2019 20 37 11 17 20 08.8662 -22 26 35.4130 1.570 180.35  24.17  5.63 15.8 164 07:33    3   -7
 17 02 2019 00 51 57 17 20 15.3806 -22 26 38.3010 0.788   0.32  24.09  5.63 16.7 100 07:33   -7   -7
 18 02 2019 00 39 18 17 20 51.5118 -22 26 39.9490 0.177   0.19  23.60  5.61 15.9 103 07:30    2   -2
 18 02 2019 03 46 16 17 20 56.1974 -22 26 40.2150 0.235   0.18  23.53  5.61 16.0  56 07:29   -8   -8
 18 02 2019 06 26 04 17 21 00.1933 -22 26 41.3660 1.225   0.16  23.48  5.61 16.3  16 07:29    9  -64
 18 02 2019 08 18 14 17 21 02.9937 -22 26 39.1030 1.144 180.15  23.44  5.61 14.5 348 07:28  -87  137
 18 02 2019 08 55 52 17 21 03.9324 -22 26 38.9890 1.290 180.15  23.43  5.61 15.9 338 07:28   -9   -1
 18 02 2019 19 46 10 17 21 20.0810 -22 26 38.8990 1.832 180.09  23.20  5.60 15.4 175 07:27   -5    2
 19 02 2019 02 06 29 17 21 29.4628 -22 26 41.0400 0.156   0.05  23.07  5.59 15.6  80 07:26   -6  -20
 19 02 2019 04 47 45 17 21 33.4271 -22 26 40.4020 0.523 180.03  23.02  5.59 16.6  40 07:26    4   -6
 19 02 2019 13 19 35 17 21 45.9549 -22 26 42.6550 1.698 359.99  22.84  5.59 16.0 271 07:24   -6    0
 20 02 2019 02 32 25 17 22 05.1944 -22 26 41.2790 0.554 359.91  22.56  5.58 15.8  73 07:23    9  -90
 20 02 2019 17 21 42 17 22 26.5339 -22 26 41.9590 1.895 359.83  22.25  5.57 16.0 210 07:21  -10    3
 21 02 2019 00 10 55 17 22 36.2663 -22 26 38.3850 1.234 179.79  22.11  5.56 16.1 107 07:20   -3    1
 21 02 2019 10 18 25 17 22 50.6143 -22 26 38.0610 0.739 179.74  21.89  5.56 16.2 315 07:18   -4  -18
 22 02 2019 02 46 16 17 23 13.6861 -22 26 35.4740 1.593 179.64  21.55  5.54 14.7  68 07:16  -17    3
 22 02 2019 18 00 39 17 23 34.7552 -22 26 36.9090 1.878 359.56  21.22  5.53 13.7 198 07:14  -14  -24
 27 02 2019 21 52 32 17 26 15.3490 -22 26 03.4250 1.067 178.85  18.52  5.44 16.4 136 06:56    6   -5
 28 02 2019 19 52 16 17 26 41.8262 -22 25 58.1130 1.379 358.72  18.03  5.43 16.3 165 06:53   -6  -15
 01 03 2019 04 56 57 17 26 52.5670 -22 25 54.6970 1.344 358.67  17.83  5.42 13.3  29 06:52    1   -4
 02 03 2019 19 30 49 17 27 36.9697 -22 25 36.5460 1.326 178.44  16.96  5.39 15.7 169 06:46   -4   13
 03 03 2019 13 20 12 17 27 56.8175 -22 25 28.9220 1.224 178.34  16.56  5.38 16.2 261 06:43   -3   -2
 03 03 2019 13 52 38 17 27 57.4159 -22 25 30.2540 0.348 358.33  16.55  5.38 15.9 253 06:43   -8    5
 05 03 2019 17 48 35 17 28 52.7289 -22 25 05.7470 0.213 358.02  15.37  5.34 15.8 192 06:36    3   -1
 06 03 2019 05 02 42 17 29 04.2041 -22 25 00.3940 0.458 357.95  15.11  5.33 16.2  23 06:34  -15   16
 06 03 2019 08 16 29 17 29 07.4735 -22 25 00.1840 1.877 357.93  15.04  5.33 15.8 334 06:33   -1    5
 07 03 2019 20 49 42 17 29 43.4086 -22 24 40.9540 1.648 357.70  14.20  5.30 16.1 145 06:28  -11    1
 14 03 2019 20 29 11 17 32 03.4356 -22 23 04.0480 0.930 356.54  10.32  5.18 15.6 144 06:03    9    1
 15 03 2019 19 06 22 17 32 19.1347 -22 22 50.2180 0.616 356.36   9.79  5.17 15.3 163 05:59   -2    6
 16 03 2019 04 14 27 17 32 25.2613 -22 22 45.8110 1.670 356.28   9.58  5.16 15.2  26 05:58    5   -1
 16 03 2019 12 37 17 17 32 30.7629 -22 22 40.0480 0.911 356.21   9.39  5.15 15.3 260 05:57   61  -26
 17 03 2019 06 24 14 17 32 42.0952 -22 22 30.1290 1.593 356.06   8.98  5.14 14.6 353 05:54   -6   -2
 18 03 2019 01 00 38 17 32 53.4343 -22 22 19.0220 1.529 355.90   8.55  5.13 15.2  73 05:51    1   -3
 18 03 2019 02 19 44 17 32 54.2036 -22 22 15.5360 1.184 175.89   8.52  5.13 15.0  53 05:51   10  -12
 18 03 2019 15 21 30 17 33 01.8070 -22 22 08.5660 0.465 175.76   8.22  5.12 14.0 217 05:49    7   -3
 25 03 2019 07 10 58 17 34 13.7394 -22 20 41.8230 1.285 353.61   4.58  5.00 12.7 333 05:24   -6   -8
 26 03 2019 19 15 42 17 34 24.4538 -22 20 22.9550 0.138 352.73   3.77  4.98 13.8 151 05:18   -7   -2
 04 04 2019 11 41 19 17 34 46.2155 -22 19 04.2120 1.222 196.87  -0.85  4.84 12.7 256 04:44   -1  -10
 08 04 2019 01 04 54 17 34 35.3931 -22 18 50.3810 1.806   3.00  -2.57  4.78 13.6  51 04:30  -21   -8
 13 04 2019 18 47 55 17 33 54.5749 -22 18 43.5340 1.072 359.46  -5.23  4.70 13.6 140 04:07   19    9
 14 04 2019 10 25 36 17 33 48.1654 -22 18 42.4440 1.012 179.27  -5.52  4.69 14.3 265 04:04  -17   11
 17 04 2019 07 54 29 17 33 15.4439 -22 18 52.8110 0.773 358.63  -6.76  4.65 15.3 300 03:52  -25   -9
 18 04 2019 18 38 45 17 32 56.5425 -22 18 59.7030 0.865 358.41  -7.35  4.63 15.1 137 03:46   -7   -4
 19 04 2019 08 03 17 17 32 48.8003 -22 19 01.8110 0.091 178.33  -7.58  4.62 15.0 295 03:44  -18    5
 22 04 2019 13 04 26 17 31 59.6563 -22 19 24.1290 0.091 357.99  -8.83  4.58 15.2 217 03:30   -3   -2
 27 04 2019 12 38 53 17 30 28.1991 -22 20 13.6490 1.260 357.70 -10.61  4.52 15.2 218 03:09   16  -89
 30 04 2019 19 06 01 17 29 18.8069 -22 20 52.4050 0.467 357.61 -11.67  4.49 15.9 117 02:55  -37   11
 01 05 2019 01 52 00 17 29 12.4875 -22 20 53.9910 1.606 177.61 -11.75  4.49 15.3  16 02:54   22   13
 01 05 2019 02 23 07 17 29 12.0031 -22 20 54.7920 1.087 177.61 -11.76  4.49 14.5   8 02:54  -19   -6
 03 05 2019 05 34 15 17 28 22.6020 -22 21 23.1230 1.542 177.58 -12.39  4.46 15.8 318 02:45  -13  -19
 03 05 2019 05 57 47 17 28 22.2228 -22 21 26.6580 1.768 357.59 -12.40  4.46 16.0 312 02:44  -15    3
 06 05 2019 04 01 10 17 27 10.1760 -22 22 06.5470 0.467 177.59 -13.19  4.44 16.0 338 02:32   -5   -4
 06 05 2019 17 39 23 17 26 55.5965 -22 22 15.6060 0.093 357.59 -13.33  4.43 14.4 133 02:29    2   -3
 08 05 2019 16 49 54 17 26 03.8322 -22 22 44.9120 0.605 177.62 -13.81  4.42 15.8 143 02:21  -15   -8
 11 05 2019 03 57 02 17 24 56.2533 -22 23 23.8800 0.251 177.67 -14.35  4.40 15.9 333 02:10   -5    1
 12 05 2019 01 04 37 17 24 31.4239 -22 23 38.2900 0.172 357.68 -14.53  4.39 16.1  15 02:06  -12  -17
 12 05 2019 12 42 10 17 24 17.6165 -22 23 46.3830 0.539 357.70 -14.62  4.39 14.8 201 02:04   -4   10
 13 05 2019 11 42 44 17 23 49.9948 -22 24 01.5340 0.356 357.72 -14.80  4.38 14.5 214 02:00   -8  -10
 13 05 2019 18 23 37 17 23 41.9019 -22 24 05.3380 0.299 177.73 -14.85  4.38 15.2 114 01:58  -20   -1
 14 05 2019 08 25 10 17 23 24.8147 -22 24 14.1050 0.901 177.74 -14.95  4.37 15.9 263 01:56    1    0
 18 05 2019 15 18 37 17 21 15.6752 -22 25 22.0120 1.364 177.89 -15.62  4.35 15.8 155 01:37   -5   10
 19 05 2019 09 03 02 17 20 52.8073 -22 25 36.3810 1.394 357.92 -15.71  4.34 15.4 248 01:33  -17    4
 20 05 2019 07 49 08 17 20 23.2088 -22 25 48.0040 1.763 177.96 -15.83  4.34 15.3 265 01:29  -10    1
 20 05 2019 09 00 46 17 20 21.6527 -22 25 49.7560 0.781 177.96 -15.84  4.34 16.3 247 01:29    2    3
 20 05 2019 19 49 50 17 20 07.4992 -22 25 56.0210 1.475 177.98 -15.89  4.34 15.4  84 01:27   -6   -1
 21 05 2019 07 50 49 17 19 51.7213 -22 26 05.5000 0.322 358.00 -15.95  4.33 16.3 264 01:25   10   -6
 21 05 2019 21 30 14 17 19 33.7094 -22 26 14.8030 0.959 358.02 -16.01  4.33 16.3  58 01:22    1    1
 22 05 2019 23 20 34 17 18 59.4099 -22 26 28.1640 1.868 178.08 -16.11  4.33 15.9  29 01:17   -9   -4
 24 05 2019 16 49 02 17 18 03.8485 -22 26 54.5840 0.781 178.16 -16.26  4.32 15.7 125 01:10    7    5
 29 05 2019 05 00 48 17 15 36.5948 -22 27 57.5220 0.643 358.39 -16.51  4.31 16.1 297 00:49  -11   15
 31 05 2019 11 50 58 17 14 21.1653 -22 28 26.8990 1.798 358.52 -16.57  4.30 15.3 192 00:39   -3   -7
 01 06 2019 19 05 53 17 13 38.0758 -22 28 39.7080 0.494 178.59 -16.57  4.30 16.1  82 00:33    8   22
 02 06 2019 01 33 09 17 13 29.1755 -22 28 44.0110 0.782 358.60 -16.57  4.30 15.9 345 00:32    1   -6
 02 06 2019 23 57 20 17 12 58.2766 -22 28 52.9580 0.534 178.65 -16.56  4.30 14.1   8 00:28    8    0
 04 06 2019 03 12 42 17 12 20.7180 -22 29 07.2610 1.805 358.71 -16.54  4.30 16.2 318 00:23   -4    1
 04 06 2019 08 03 40 17 12 14.0387 -22 29 08.4240 0.900 358.73 -16.53  4.30 15.4 245 00:22    3   -4
 05 06 2019 22 26 50 17 11 21.2721 -22 29 24.3360 1.087 358.81 -16.47  4.30 16.0  27 00:15    0   -5
 07 06 2019 07 01 59 17 10 36.6516 -22 29 34.9150 0.783 178.88 -16.40  4.30 16.0 257 00:09   -4   -5
 07 06 2019 15 28 60 17 10 25.1158 -22 29 38.4570 0.334 178.90 -16.38  4.30 11.2 130 00:07    3   -3
 08 06 2019 07 03 51 17 10 03.8888 -22 29 45.7520 1.401 358.93 -16.34  4.30 15.5 255 00:04   -9    2
 09 06 2019 03 22 01 17 09 36.3130 -22 29 49.9550 1.362 178.98 -16.28  4.30 15.2 310 00:00   -7   -2
 09 06 2019 08 52 25 17 09 28.8556 -22 29 52.8630 0.289 178.99 -16.26  4.30 16.2 227 23:59  -13  -15
 12 06 2019 03 50 34 17 07 58.9159 -22 30 14.4570 0.823 359.13 -16.00  4.31 15.6 299 23:47    3   -6
 14 06 2019 21 47 17 17 06 32.0372 -22 30 29.7340 0.843 179.26 -15.68  4.31 15.8  27 23:34  -11   -8
 17 06 2019 05 32 55 17 05 20.1789 -22 30 41.4790 1.031 179.37 -15.36  4.32 14.2 268 23:24    2  -13
 18 06 2019 05 30 08 17 04 49.8215 -22 30 45.0840 1.908 179.41 -15.21  4.32 14.9 267 23:20    3   -2
 18 06 2019 23 21 29 17 04 27.4090 -22 30 48.8650 1.225 179.44 -15.09  4.32 15.8 359 23:16   -4   -1
 21 06 2019 02 14 52 17 03 24.6116 -22 30 57.1020 0.730 179.54 -14.73  4.33 15.9 313 23:07 -154   77
 28 06 2019 16 06 58 16 59 55.4498 -22 31 12.9480 1.463 179.80 -13.13  4.37 15.6  97 22:34    5   -3
 01 07 2019 09 45 45 16 58 46.7800 -22 31 18.3550 1.021 359.85 -12.44  4.39 15.3 189 22:22   -2   -4
 01 07 2019 18 19 45 16 58 38.1171 -22 31 17.4940 0.150 179.85 -12.35  4.39 16.0  60 22:20    5   -6
 04 07 2019 18 29 49 16 57 28.0299 -22 31 20.1810 0.311 359.88 -11.51  4.41 15.6  54 22:07   -2  -13
 10 07 2019 16 40 57 16 55 26.1382 -22 31 24.7210 0.207 359.77  -9.69  4.46 15.7  75 21:42   -4   -5
 12 07 2019 06 23 30 16 54 57.6416 -22 31 26.4240 0.108 359.70  -9.17  4.48 15.3 228 21:35   -2   -5
 15 07 2019 21 03 11 16 53 58.5304 -22 31 31.8860 0.214 179.46  -7.94  4.51 15.4   4 21:20   31  -85
 17 07 2019 06 18 08 16 53 38.2620 -22 31 33.4790 1.591 179.33  -7.45  4.53 14.2 224 21:14   15   24
 18 07 2019 22 02 04 16 53 15.8323 -22 31 38.4180 0.851 179.12  -6.85  4.54 15.1 346 21:07   -5   -6
 19 07 2019 06 33 20 16 53 11.2768 -22 31 38.4460 1.823 179.07  -6.72  4.55 15.0 218 21:06   -7   -8
 21 07 2019 22 40 37 16 52 39.9424 -22 31 49.2470 0.218 358.58  -5.73  4.58 15.1 334 20:55   -2   -8
 25 07 2019 15 16 59 16 52 05.2909 -22 32 03.3760 1.803 177.39  -4.31  4.62 12.3  81 20:39    0    0
 12 08 2019 21 45 24 16 51 47.0473 -22 34 56.5730 0.988 189.65   3.44  4.85 12.3 326 19:27  -19  -10
 15 08 2019 20 22 39 16 52 07.9950 -22 35 41.2390 0.206 187.83   4.73  4.90 10.8 343 19:16    3   -1
 16 08 2019 21 57 14 16 52 17.1746 -22 35 59.2640 0.850   7.39   5.19  4.91 14.6 319 19:12    8   -3
 22 08 2019 05 41 02 16 53 15.6399 -22 37 30.8310 0.664 185.99   7.53  4.99 14.8 198 18:52    3  -13
 28 08 2019 10 02 51 16 54 49.3063 -22 39 35.3360 0.494 185.10  10.28  5.08 13.0 127 18:29    0   -2
 29 08 2019 07 57 24 16 55 05.4467 -22 39 53.7950 1.768 185.01  10.68  5.09 15.8 157 18:26  -12   -8
 29 08 2019 19 16 52 16 55 13.9910 -22 40 07.7870 1.911   4.95  10.89  5.10 14.3 347 18:24   -2   -8
 30 08 2019 05 38 14 16 55 21.9619 -22 40 17.3280 1.931   4.91  11.08  5.10 12.6 191 18:22    2   -8
 30 08 2019 06 46 08 16 55 22.8588 -22 40 15.4600 0.992 184.91  11.10  5.10 15.3 174 18:22  -18   10
 31 08 2019 07 02 25 16 55 42.0697 -22 40 39.6900 0.633   4.81  11.55  5.12 14.3 169 18:18   -6  -10
 01 09 2019 10 48 07 16 56 04.9118 -22 41 07.2460 1.869   4.71  12.06  5.14 14.9 112 18:14   -6    1
 08 09 2019 01 19 51 16 58 32.6115 -22 43 42.7010 1.186 184.19  14.94  5.23 15.6 248 17:51   -6   -5
 08 09 2019 07 45 36 16 58 39.1951 -22 43 50.6310 0.072   4.18  15.05  5.24 16.0 151 17:50  -12    2
 08 09 2019 18 04 52 16 58 49.8623 -22 44 02.8920 1.591   4.15  15.23  5.24 14.2 356 17:48    0    0
 09 09 2019 23 31 21 16 59 20.9658 -22 44 31.7780 0.390 184.06  15.76  5.26 14.6 273 17:44   -7  -14
 15 09 2019 21 46 19 17 02 04.2319 -22 47 03.3880 1.137 183.67  18.23  5.35 14.9 294 17:23    3   -2
 16 09 2019 03 12 26 17 02 10.8906 -22 47 08.5460 1.875 183.66  18.32  5.35 16.0 213 17:23    0   -1
 18 09 2019 01 55 10 17 03 09.3077 -22 48 01.6100 0.440   3.53  19.12  5.38 16.2 230 17:16   -2    1
 18 09 2019 16 35 19 17 03 28.1056 -22 48 17.7080 0.573   3.50  19.37  5.38 15.9  10 17:14   -1   -5
 19 09 2019 12 38 06 17 03 54.1457 -22 48 37.9490 1.010 183.44  19.71  5.40 16.4  68 17:11   -7   10
 20 09 2019 16 17 33 17 04 30.6984 -22 49 10.5250 1.467   3.37  20.17  5.41 16.5  12 17:07   -1    1
 20 09 2019 17 54 24 17 04 32.8535 -22 49 12.7080 1.895   3.37  20.20  5.41 16.5 348 17:07  -13   -4
 21 09 2019 19 01 25 17 05 06.7423 -22 49 39.3320 1.211   3.30  20.62  5.43 16.3 331 17:03   -3  -10
 21 09 2019 20 36 41 17 05 08.9097 -22 49 39.9450 0.095   3.31  20.64  5.43 15.2 307 17:03   -3  -18
 26 09 2019 15 24 13 17 07 51.5353 -22 51 44.0740 0.376   3.01  22.52  5.50 15.7  21 16:47    5   -4
 27 09 2019 05 46 05 17 08 12.7406 -22 51 59.4460 0.420   2.98  22.75  5.50 16.4 165 16:45  -11  -14
 30 09 2019 09 09 18 17 10 07.0357 -22 53 19.9160 1.390   2.79  23.95  5.55 16.4 111 16:34   -1  -10
 30 09 2019 10 04 38 17 10 08.4675 -22 53 20.1170 0.629   2.79  23.96  5.55 16.7  98 16:34    9   -2
 30 09 2019 12 11 05 17 10 11.7396 -22 53 21.1820 0.503 182.78  23.99  5.55 16.5  66 16:34   -5   -8
 01 10 2019 06 44 33 17 10 40.6859 -22 53 39.5340 1.413 182.73  24.28  5.56 16.3 147 16:31    4   -3
 01 10 2019 07 07 42 17 10 41.2807 -22 53 42.8350 1.491   2.73  24.29  5.56 16.7 141 16:31  -14   19
 01 10 2019 14 37 09 17 10 53.0580 -22 53 47.9670 1.115 182.72  24.40  5.56 16.7  28 16:30   -3    8
 02 10 2019 04 15 34 17 11 14.6076 -22 54 02.1160 0.993 182.68  24.61  5.57 15.7 183 16:28    8   -2
 02 10 2019 18 43 53 17 11 37.6399 -22 54 17.3710 0.533 182.64  24.83  5.58 16.4 326 16:26   -5  -11
 03 10 2019 09 28 28 17 12 01.2811 -22 54 32.9300 0.047   2.62  25.05  5.59 16.5 104 16:24   -8   -3
 03 10 2019 15 20 07 17 12 10.7291 -22 54 38.9380 0.131   2.59  25.14  5.59 16.6  16 16:24  -13   -5
 04 10 2019 02 12 21 17 12 28.3321 -22 54 48.4870 1.265 182.57  25.30  5.59 14.6 213 16:22   18    5
 04 10 2019 04 04 41 17 12 31.3688 -22 54 51.6290 0.016 182.24  25.33  5.60 16.4 184 16:22    6  -17
 04 10 2019 05 52 47 17 12 34.2961 -22 54 53.8720 0.434   2.56  25.36  5.60 15.7 157 16:22   -2   -2
 04 10 2019 18 40 43 17 12 55.1751 -22 55 07.2090 0.983   2.52  25.55  5.60 16.4 325 16:20    0    7
 05 10 2019 04 02 16 17 13 10.5314 -22 55 14.9970 0.526 182.50  25.69  5.61 15.7 184 16:18    5   -7
 05 10 2019 10 45 02 17 13 21.5841 -22 55 21.9000 0.262 182.48  25.79  5.61 16.4  83 16:18   -4   -3
 05 10 2019 14 17 14 17 13 27.4224 -22 55 25.3790 0.271 182.47  25.84  5.61 11.5  30 16:17  -32    0
 05 10 2019 17 14 11 17 13 32.2952 -22 55 29.1060 0.552   2.47  25.88  5.62 13.4 346 16:17    9   -7
 09 10 2019 04 41 39 17 15 53.0493 -22 56 49.6880 1.116   2.25  27.08  5.66 15.8 171 16:05   -4    2
 09 10 2019 10 23 09 17 16 02.8432 -22 56 53.8960 0.021   2.26  27.16  5.66 16.9  85 16:05   10   -6
 11 10 2019 10 12 15 17 17 26.0299 -22 57 37.8050 0.338   2.11  27.82  5.69 15.7  87 15:58  -27    5
 11 10 2019 18 33 19 17 17 40.7252 -22 57 45.7360 0.824   2.09  27.93  5.69 16.3 321 15:57   13   -5
 11 10 2019 23 03 35 17 17 48.6785 -22 57 47.6080 1.300 182.08  27.99  5.69 16.0 253 15:56    5  -20
 12 10 2019 01 44 08 17 17 53.4023 -22 57 51.5450 0.273   2.07  28.03  5.69 16.4 213 15:56  -10   -9
 12 10 2019 13 17 56 17 18 13.8901 -22 58 02.2460 0.815   2.04  28.19  5.70 15.1  39 15:54    5   -2
 12 10 2019 17 23 33 17 18 21.1702 -22 58 04.2570 0.746 182.03  28.24  5.70 16.0 338 15:54  -17   19
 14 10 2019 06 02 01 17 19 26.8091 -22 58 36.5940 0.206   1.94  28.73  5.72 15.6 147 15:49    4  -13
 14 10 2019 09 15 06 17 19 32.6149 -22 58 40.5730 1.481   1.93  28.77  5.72 16.0  98 15:49   -4   -3
 15 10 2019 14 27 35 17 20 25.6621 -22 59 02.5680 0.686 181.85  29.15  5.74 15.4  19 15:45    1   -2
 15 10 2019 15 12 13 17 20 27.0184 -22 59 03.9290 0.068   1.86  29.16  5.74 16.9   8 15:44   -5    2
 16 10 2019 06 20 04 17 20 54.7226 -22 59 17.8700 1.786   1.81  29.36  5.74 15.7 141 15:42   10   -7
 16 10 2019 21 21 58 17 21 22.3985 -22 59 29.5430 1.510   1.77  29.55  5.75 16.5 275 15:40    6   17
 17 10 2019 02 06 26 17 21 31.1604 -22 59 32.1890 0.427   1.76  29.61  5.75 15.3 203 15:40  -10    0
 17 10 2019 05 16 57 17 21 37.0397 -22 59 32.5670 1.682 181.75  29.65  5.76 14.3 156 15:39    0  -11
 17 10 2019 08 22 27 17 21 42.7586 -22 59 38.1500 1.491   1.74  29.69  5.76 16.9 109 15:39  -20  -19
 17 10 2019 15 06 54 17 21 55.2677 -22 59 42.1640 0.276   1.73  29.78  5.76 16.7   8 15:38   11   -3
 17 10 2019 16 32 57 17 21 57.9287 -22 59 44.8470 1.852   1.72  29.79  5.76 17.0 346 15:38   -2  -15
 17 10 2019 19 32 43 17 22 03.5048 -22 59 44.7670 0.537 181.71  29.83  5.76 15.1 301 15:37   -9   -4
 18 10 2019 02 37 53 17 22 16.6996 -22 59 51.6990 0.971   1.70  29.92  5.77 15.8 195 15:37   -1   -3
 18 10 2019 05 09 17 17 22 21.4071 -22 59 53.6400 0.990   1.69  29.95  5.77 16.7 157 15:36    4  -54
 18 10 2019 05 41 30 17 22 22.4102 -22 59 53.5230 0.465   1.69  29.96  5.77 16.1 149 15:36   -5    1
 18 10 2019 05 54 55 17 22 22.8299 -22 59 52.8630 0.365 181.69  29.96  5.77 17.0 145 15:36    0    0
 18 10 2019 11 55 07 17 22 34.0441 -22 59 59.4060 1.635   1.67  30.04  5.77 16.7  55 15:35   -6    1
 18 10 2019 20 05 52 17 22 49.3711 -23 00 03.0540 0.856 181.65  30.14  5.77 16.7 292 15:34   16  -11
 18 10 2019 23 42 52 17 22 56.1570 -23 00 06.8810 0.277   1.64  30.18  5.78 16.9 238 15:34   -7  -11
 19 10 2019 08 43 01 17 23 13.0911 -23 00 13.0010 0.257 181.62  30.30  5.78 16.4 103 15:33    2   18
 19 10 2019 16 51 28 17 23 28.4471 -23 00 18.6140 0.598 181.60  30.40  5.78 16.9 340 15:31  -14  -16
 19 10 2019 20 21 50 17 23 35.0716 -23 00 21.8660 0.108   1.60  30.44  5.78 16.0 287 15:31    4   -2
 20 10 2019 02 33 14 17 23 46.7870 -23 00 26.8840 0.662   1.58  30.51  5.79 17.0 194 15:30   -2   -4
 20 10 2019 14 19 22 17 24 09.1259 -23 00 36.5480 1.935   1.54  30.66  5.79 16.7  17 15:29   -2  -11
 20 10 2019 20 53 25 17 24 21.6316 -23 00 40.3950 1.156   1.53  30.74  5.80 16.7 279 15:28    0   -5
 21 10 2019 05 13 08 17 24 37.5292 -23 00 44.4670 0.579 181.50  30.84  5.80 17.0 154 15:27  -36   10
 21 10 2019 05 37 24 17 24 38.3025 -23 00 44.6010 0.726 181.50  30.84  5.80 16.4 147 15:27   -1    0
 23 10 2019 18 22 18 17 26 35.4973 -23 01 24.8690 0.764 181.35  31.56  5.83 16.8 314 15:19   19   12
 24 10 2019 02 36 07 17 26 51.5405 -23 01 29.8590 0.956 181.33  31.66  5.83 16.2 190 15:17    5    2
 24 10 2019 09 05 43 17 27 04.2264 -23 01 33.1030 1.753 181.31  31.73  5.83 17.0  93 15:17   10   -7
 24 10 2019 09 35 49 17 27 05.2068 -23 01 33.7630 1.403 181.31  31.74  5.83 16.9  85 15:17   17   16
 25 10 2019 00 32 07 17 27 34.4792 -23 01 45.2970 1.005   1.28  31.91  5.84 17.0 221 15:15    2    8
 26 10 2019 14 41 37 17 28 49.8265 -23 02 07.3860 0.813   1.18  32.34  5.86 15.9   7 15:10    7    6
 27 10 2019 01 09 05 17 29 10.6150 -23 02 13.0430 0.625   1.15  32.45  5.86 16.8 210 15:08   -7    4
 28 10 2019 13 18 54 17 30 22.9502 -23 02 31.1460 0.596 181.06  32.84  5.88 16.3  26 15:03    0    0
 28 10 2019 18 29 28 17 30 33.3556 -23 02 36.2510 1.857   1.05  32.90  5.88 16.9 308 15:03  -31  -24
 28 10 2019 23 21 19 17 30 43.1541 -23 02 35.4820 1.378 181.04  32.95  5.88 17.0 235 15:02    4   -9
 29 10 2019 01 12 43 17 30 46.8914 -23 02 39.5910 1.796   1.04  32.97  5.88 16.8 207 15:02   -2  -14
 29 10 2019 02 50 55 17 30 50.1933 -23 02 38.7940 0.178   1.03  32.99  5.88 17.1 183 15:02   -1  -21
 29 10 2019 04 09 58 17 30 52.8510 -23 02 38.9350 0.340 181.03  33.00  5.88 16.6 163 15:02   16    3
 29 10 2019 16 12 34 17 31 17.1827 -23 02 43.5480 1.662 181.00  33.13  5.89 17.0 342 15:00    0    0
 30 10 2019 09 50 34 17 31 52.9338 -23 02 53.7030 0.086   0.96  33.31  5.89 16.8  77 14:58    4   -1
 30 10 2019 11 30 52 17 31 56.3302 -23 02 55.3550 0.961   0.95  33.32  5.89 16.8  52 14:57  -84    7
 30 10 2019 17 10 04 17 32 07.8304 -23 02 57.5790 0.571   0.94  33.38  5.90 17.1 327 14:57    5   -2
 30 10 2019 17 57 16 17 32 09.4321 -23 02 57.4770 0.109   0.94  33.39  5.90 17.0 315 14:57  106  -76
 31 10 2019 14 49 40 17 32 52.0337 -23 03 05.6940 0.998 180.88  33.60  5.91 16.3   1 14:54    7   -2
 31 10 2019 15 29 55 17 32 53.4035 -23 03 08.4360 1.453   0.88  33.61  5.91 16.8 351 14:54  -16   -5
 01 11 2019 20 40 29 17 33 53.3020 -23 03 20.6430 1.458   0.81  33.89  5.92 17.1 273 14:50   10   -8
 02 11 2019 10 01 10 17 34 20.8305 -23 03 24.4490 0.013   1.06  34.02  5.92 16.6  72 14:48   10    4
 03 11 2019 07 52 56 17 35 06.1016 -23 03 31.4270 1.209 180.72  34.22  5.93 16.3 103 14:45   -6    1
 03 11 2019 08 24 21 17 35 07.1859 -23 03 34.0710 1.245   0.72  34.23  5.93 15.4  95 14:45    7  -15
 04 11 2019 14 40 07 17 36 10.2003 -23 03 42.9340 0.314 180.65  34.51  5.94 16.0   0 14:41   -1   -7
 05 11 2019 07 58 28 17 36 46.4086 -23 03 48.8580 0.119   0.61  34.66  5.95 16.8 100 14:39    0    0
 05 11 2019 17 41 53 17 37 06.8059 -23 03 53.5950 1.922   0.59  34.75  5.95 17.1 314 14:38    2    3
 06 11 2019 10 12 30 17 37 41.5311 -23 03 56.4060 0.011 180.45  34.89  5.96 16.8  66 14:36  -14   -7
 06 11 2019 11 30 53 17 37 44.2846 -23 03 54.9440 1.826 180.54  34.90  5.96 16.8  46 14:36    0    0
 08 11 2019 09 10 53 17 39 20.9120 -23 04 06.3890 1.780 180.44  35.28  5.97 17.1  80 14:30   -3   -7
 08 11 2019 13 56 52 17 39 31.0423 -23 04 09.0820 0.139 180.42  35.32  5.97 17.1   8 14:29   -9    0
 08 11 2019 16 54 07 17 39 37.3265 -23 04 09.3150 0.545 180.42  35.35  5.98 17.1 324 14:29  -17  -19
 08 11 2019 17 17 48 17 39 38.1665 -23 04 08.9030 1.041 180.42  35.35  5.98 15.7 318 14:29    5  -13
 09 11 2019 03 28 60 17 39 59.8589 -23 04 12.8760 0.810   0.39  35.43  5.98 15.4 165 14:27    8   -9
 09 11 2019 08 26 35 17 40 10.4351 -23 04 14.1970 1.141   0.38  35.47  5.98 16.1  90 14:27   -1    7
 10 11 2019 21 42 31 17 41 30.1840 -23 04 19.7770 0.185   0.30  35.76  5.99 16.9 250 14:22    2  -25
 11 11 2019 01 38 06 17 41 38.6160 -23 04 18.7310 1.459 180.29  35.80  5.99 17.2 191 14:21   37   21
 11 11 2019 04 29 31 17 41 44.7535 -23 04 19.9650 0.648 180.28  35.82  5.99 17.2 148 14:21  -36   21
 11 11 2019 06 14 26 17 41 48.5112 -23 04 21.6840 0.817   0.28  35.83  6.00 16.2 122 14:21   18    8
 11 11 2019 18 05 10 17 42 13.9986 -23 04 21.7710 0.727 180.25  35.92  6.00 16.6 304 14:19   30    1
 13 11 2019 05 31 04 17 43 30.5151 -23 04 27.2070 0.776   0.17  36.18  6.01 16.8 131 14:15  -13    4
 13 11 2019 05 55 09 17 43 31.3848 -23 04 25.9190 0.548 180.17  36.18  6.01 16.6 125 14:15  -52   72
 13 11 2019 09 05 41 17 43 38.2632 -23 04 25.2290 1.520 180.17  36.21  6.01 13.7  77 14:14   -1    0
 14 11 2019 14 16 34 17 44 41.6227 -23 04 29.7490 0.937   0.10  36.41  6.02 17.0 359 14:11   15    8
 15 11 2019 03 34 38 17 45 10.5914 -23 04 29.4400 0.004   0.10  36.50  6.02 17.1 159 14:09   25  -27
 15 11 2019 05 04 33 17 45 13.8587 -23 04 29.5840 0.086   0.07  36.52  6.02 17.0 136 14:09   26   35
 15 11 2019 09 14 29 17 45 22.9441 -23 04 30.3160 0.669   0.06  36.54  6.02 16.9  74 14:08    0  -14
 15 11 2019 12 01 26 17 45 29.0161 -23 04 31.1680 1.432   0.06  36.56  6.03 17.1  32 14:08   -2   -2
 15 11 2019 12 38 34 17 45 30.3669 -23 04 30.8600 1.106   0.06  36.57  6.03 16.8  22 14:08  -10   -4
 15 11 2019 12 55 43 17 45 30.9905 -23 04 29.5530 0.210 180.06  36.57  6.03 17.1  18 14:08  157   23
 15 11 2019 15 47 27 17 45 37.2400 -23 04 29.7200 0.123 180.05  36.59  6.03 17.1 335 14:07   -4  -15
 15 11 2019 16 13 27 17 45 38.1861 -23 04 30.8030 0.949   0.05  36.59  6.03 16.2 329 14:07  -17  -89
 15 11 2019 18 18 52 17 45 42.7519 -23 04 30.7930 0.887   0.05  36.61  6.03 16.8 297 14:07   13    4
 15 11 2019 21 01 05 17 45 48.6585 -23 04 30.2610 0.295   0.04  36.63  6.03 16.6 257 14:07  -13  -24
 16 11 2019 02 10 21 17 45 59.9263 -23 04 30.9710 0.914   0.03  36.66  6.03 17.2 179 14:06    0    0
 16 11 2019 02 19 50 17 46 00.2723 -23 04 29.0990 0.960 180.03  36.66  6.03 17.1 177 14:06   59   15
 16 11 2019 04 28 41 17 46 04.9691 -23 04 31.2510 1.162   0.02  36.67  6.03 17.0 144 14:06  115 -115
 16 11 2019 07 49 30 17 46 12.2925 -23 04 29.0890 1.035 180.02  36.70  6.03 16.4  94 14:05   27  -22
 16 11 2019 10 38 51 17 46 18.4705 -23 04 30.0570 0.088 180.01  36.72  6.03 14.7  52 14:05   -2    1
 16 11 2019 12 24 07 17 46 22.3122 -23 04 29.4200 0.733 180.01  36.73  6.03 16.9  25 14:05    1    9
 16 11 2019 14 43 13 17 46 27.3898 -23 04 30.5740 0.414   0.00  36.74  6.03 17.0 350 14:04   84  -35
 16 11 2019 19 04 04 17 46 36.9160 -23 04 29.4400 0.715 179.99  36.77  6.03 16.4 285 14:04   12    2
 16 11 2019 21 00 57 17 46 41.1860 -23 04 31.6710 1.524 359.99  36.78  6.03 15.6 256 14:04  -63  -12
 16 11 2019 21 16 14 17 46 41.7445 -23 04 31.5860 1.441 359.99  36.79  6.04 15.6 252 14:04   40  -14
 16 11 2019 23 14 44 17 46 46.0752 -23 04 32.0470 1.916 359.98  36.80  6.04 16.7 222 14:03    9  -24
 17 11 2019 00 59 59 17 46 49.9228 -23 04 30.4140 0.298 359.98  36.81  6.04 16.6 196 14:03  -14   -1
 17 11 2019 01 15 05 17 46 50.4745 -23 04 29.1080 1.005 179.98  36.81  6.04 16.9 192 14:03   17  -22
 17 11 2019 02 48 41 17 46 53.8967 -23 04 29.0940 1.003 179.98  36.82  6.04 16.6 169 14:03   -1   -1
 17 11 2019 04 01 02 17 46 56.5427 -23 04 30.2450 0.163 359.98  36.83  6.04 17.0 151 14:03    5   14
 17 11 2019 04 57 09 17 46 58.5955 -23 04 30.1490 0.079 359.97  36.84  6.04 16.9 136 14:03   -5  -11
 17 11 2019 10 27 38 17 47 10.6880 -23 04 28.9430 1.033 179.96  36.87  6.04 16.6  54 14:02 -104  -32
 17 11 2019 14 21 01 17 47 19.2329 -23 04 28.7250 1.165 179.95  36.90  6.04 17.0 355 14:01  -51  -28
 17 11 2019 17 55 29 17 47 27.0897 -23 04 30.2580 0.460 359.95  36.92  6.04 16.8 301 14:01  -15  -19
 17 11 2019 20 14 17 17 47 32.1757 -23 04 28.3240 1.405 179.94  36.94  6.04 16.3 267 14:01  -21    1
 17 11 2019 20 49 30 17 47 33.4667 -23 04 28.7810 0.931 179.94  36.94  6.04 17.2 258 14:01   18    9
 17 11 2019 23 14 29 17 47 38.7816 -23 04 28.7940 0.839 179.94  36.95  6.04 15.7 222 14:00    4    0
 18 11 2019 08 08 32 17 47 58.3738 -23 04 28.6460 0.646 179.92  37.01  6.04 16.2  88 13:59  -11  -49
 18 11 2019 15 56 58 17 48 15.5768 -23 04 28.0550 0.868 179.90  37.06  6.05 17.2 330 13:58  -24   69
 18 11 2019 22 31 03 17 48 30.0627 -23 04 28.8880 0.325 359.89  37.10  6.05 16.6 232 13:57  -31   16
 18 11 2019 23 32 20 17 48 32.3156 -23 04 27.2830 1.221 179.89  37.11  6.05 16.5 216 13:57   27  -18
 18 11 2019 23 53 11 17 48 33.0827 -23 04 27.5620 0.920 179.89  37.11  6.05 17.2 211 13:57   31   -5
 19 11 2019 00 20 48 17 48 34.0989 -23 04 30.1050 1.650 359.89  37.11  6.05 17.1 204 13:57  -17   -9
 19 11 2019 03 07 39 17 48 40.2364 -23 04 28.4740 0.191 359.88  37.13  6.05 16.5 162 13:57    1    3
 19 11 2019 07 06 51 17 48 49.0402 -23 04 29.3140 1.290 359.87  37.15  6.05 17.1 102 13:56  -20  -68
 19 11 2019 15 36 45 17 49 07.8199 -23 04 28.7710 1.356 359.86  37.20  6.05 17.0 335 13:55  -13    0
 19 11 2019 18 26 56 17 49 14.0922 -23 04 27.2100 0.017 359.85  37.22  6.05 15.8 292 13:55   -3    4
 19 11 2019 18 55 10 17 49 15.1334 -23 04 29.0400 1.883 359.85  37.22  6.05 15.2 285 13:55   -6   -7
 19 11 2019 23 25 22 17 49 25.0961 -23 04 26.2860 0.502 179.84  37.25  6.05 14.4 217 13:54   -3   -8
 20 11 2019 04 18 11 17 49 35.8995 -23 04 25.2470 1.118 179.83  37.28  6.06 15.2 144 13:53    5   -9
 20 11 2019 20 26 59 17 50 11.6870 -23 04 23.9600 0.829 179.80  37.38  6.06 15.8 261 13:51    5    9
 20 11 2019 22 36 07 17 50 16.4625 -23 04 23.4060 1.152 179.80  37.39  6.06 17.0 229 13:51    0   -7
 21 11 2019 00 24 56 17 50 20.4880 -23 04 24.3350 0.026 179.80  37.40  6.06 15.9 202 13:51  -25   -5
 21 11 2019 00 41 56 17 50 21.1168 -23 04 25.6220 1.293 359.79  37.40  6.06 16.9 197 13:51   57  -10
 21 11 2019 02 26 09 17 50 24.9725 -23 04 24.2050 0.069 359.79  37.41  6.06 16.8 171 13:51   -2    5
 21 11 2019 04 12 52 17 50 28.9218 -23 04 25.3530 1.417 359.79  37.42  6.06 16.9 145 13:50   -8   -3
