 04 01 2018 09 57 54 15 09 41.7743 -15 35 12.7940 1.057  14.40  29.33  5.96 16.3 334 08:13   -4   -3
 06 01 2018 18 59 16 15 11 14.0162 -15 40 52.4820 0.920  14.22  28.43  5.93 15.8 197 08:06    2  -11
 11 01 2018 11 05 02 15 14 08.4724 -15 51 19.7840 1.386 193.85  26.59  5.87 16.5 311 07:50   -6   -4
 15 01 2018 01 37 28 15 16 16.4120 -15 58 51.0260 0.541 193.57  25.10  5.82 16.5  90 07:38   -6  -17
 25 01 2018 00 37 46 15 21 36.0961 -16 16 50.7410 1.158  12.74  20.72  5.68 12.7  97 07:04    9   14
 26 01 2018 23 04 19 15 22 32.0766 -16 19 48.7150 1.658 192.56  19.83  5.65 16.3 118 06:57   -1   -8
 28 01 2018 02 49 13 15 23 04.4310 -16 21 35.6040 1.841  12.45  19.30  5.63 16.2  61 06:53   -8    0
 30 01 2018 16 06 52 15 24 13.3069 -16 25 09.7290 0.703 192.21  18.11  5.59 14.5 219 06:44    1    2
 01 02 2018 20 50 14 15 25 09.4135 -16 28 03.6510 0.102  12.00  17.08  5.56 12.9 147 06:37    8    2
 13 02 2018 02 29 40 15 29 08.7130 -16 39 38.0070 1.669  10.59  11.61  5.39 13.0  52 05:56   -8   -1
 19 03 2018 08 37 25 15 31 55.1414 -16 41 17.7380 1.870 198.52  -5.18  4.88 14.5 287 03:44    1   -4
 25 03 2018 06 15 25 15 30 52.6621 -16 36 41.9830 0.580  16.37  -7.73  4.81 15.2 316 03:20   -5    1
 19 04 2018 02 01 39 15 22 10.1390 -16 04 01.5070 0.787  13.86 -16.06  4.58 16.2 353 01:33  -17  -10
 26 04 2018 11 15 24 15 18 31.4933 -15 51 11.3570 0.269 193.56 -17.49  4.54 16.4 206 01:00   11   -6
 26 04 2018 11 44 05 15 18 30.8949 -15 51 08.1840 1.327 193.56 -17.50  4.54 15.3 199 01:00   -7   -7
 26 04 2018 14 29 31 15 18 27.3206 -15 50 57.0040 0.101 193.55 -17.51  4.54 14.6 158 01:00  -30  -15
 30 04 2018 21 07 43 15 16 12.3972 -15 43 10.9580 0.856  13.41 -18.09  4.53 16.4  53 00:41   -9  -23
 01 05 2018 11 32 47 15 15 53.1191 -15 42 02.5920 1.144 193.38 -18.16  4.52 16.3 196 00:38  -11    1
 14 05 2018 12 53 40 15 08 42.2784 -15 17 47.5540 1.709 192.88 -18.67  4.51 16.5 162 23:39  -11    4
 26 05 2018 07 55 14 15 02 21.2785 -14 57 18.1380 1.319 192.17 -17.53  4.55 16.4 223 22:46   -3  -14
 05 06 2018 00 01 42 14 57 38.3479 -14 43 05.1000 1.603 191.21 -15.62  4.61 15.6 331 22:04  -13   -9
 10 06 2018 20 47 54 14 55 06.4299 -14 36 05.8830 0.358 190.32 -14.07  4.65 15.7  13 21:38   -5   -4
 13 06 2018 06 42 07 14 54 09.1128 -14 33 37.7360 0.410 189.85 -13.36  4.68 15.1 221 21:28  -14   -4
 27 06 2018 15 46 27 14 49 39.9205 -14 24 38.1980 1.794 184.36  -8.34  4.83 13.9  70 20:26   -5   -6
 04 08 2018 10 54 47 14 48 57.2110 -14 52 36.6860 1.236 211.09   8.88  5.36 15.2 106 17:57   -3   -5
 07 08 2018 07 40 34 14 49 33.2481 -14 57 39.4470 1.750 209.31  10.18  5.41 13.7 151 17:46    7   -3
 18 08 2018 16 24 57 14 52 46.6903 -15 21 14.5230 1.612 205.09  15.29  5.58 15.0  10 17:04   -3    0
 24 08 2018 22 56 40 14 55 06.3962 -15 36 27.6750 1.949 203.69  18.04  5.66 16.0 266 16:42  -13    8
 31 08 2018 04 32 12 14 57 46.9882 -15 53 00.7280 1.554  22.58  20.72  5.75 16.4 177 16:20    3   -3
 04 09 2018 13 52 00 14 59 52.8198 -16 05 20.9540 0.208  21.91  22.58  5.81 16.1  33 16:05   -9   -4
 12 09 2018 00 15 07 15 03 49.1051 -16 27 31.3180 0.155 200.84  25.69  5.90 15.0 231 15:39  -12   -4
 14 09 2018 16 31 54 15 05 21.1951 -16 35 53.1260 1.631  20.51  26.78  5.93 12.6 345 15:30  -14    1
 15 09 2018 10 43 44 15 05 47.9748 -16 38 15.0430 0.078  20.44  27.09  5.93 16.5  71 15:28  -21  -12
 18 09 2018 16 43 11 15 07 45.8283 -16 48 38.6830 1.090  19.98  28.39  5.97 15.1 339 15:17  -15   -9
 19 09 2018 11 46 36 15 08 15.4166 -16 51 13.3310 1.702  19.87  28.70  5.98 16.7  52 15:14   -8   -4
 03 10 2018 01 09 09 15 17 28.6754 -17 36 33.2410 1.498  18.03  33.97  6.10 16.1 200 14:30   -2   -1
 03 10 2018 23 47 06 15 18 10.5017 -17 39 47.0180 1.445  17.90  34.33  6.11 15.3 220 14:27  -26   -7
 04 10 2018 03 04 14 15 18 16.6341 -17 40 14.0780 0.276  17.89  34.38  6.11 15.7 171 14:27   -9    4
 07 10 2018 15 35 41 15 20 56.8897 -17 52 20.1920 0.599 197.36  35.69  6.13 15.6 340 14:16    7    3
 08 10 2018 02 49 36 15 21 18.5944 -17 53 58.6890 1.119  17.30  35.86  6.14 16.7 171 14:14   -6    4
 10 10 2018 00 36 34 15 22 48.2699 -18 00 34.6070 1.923  17.02  36.55  6.15 15.8 203 14:08  -14  -16
 12 10 2018 12 31 02 15 24 48.2439 -18 09 09.8660 0.286 196.63  37.43  6.16 12.3  22 14:00    0    5
 15 10 2018 15 23 23 15 27 22.1037 -18 19 56.2020 0.284  16.20  38.49  6.18 15.5 337 13:50  -18    2
 18 10 2018 06 52 56 15 29 35.9749 -18 29 00.1200 1.492 195.78  39.34  6.20 17.2 102 13:42  -11   -8
