 01 01 2019 19 52 39 16 35 10.5827 -22 02 38.3670 1.656   8.69  40.30  6.06 15.3 209 09:50 -27  -5
 05 01 2019 05 38 23 16 38 21.5519 -22 09 14.0420 1.021 188.38  39.59  6.03 15.3  60 09:40 -13   2
 11 01 2019 00 09 25 16 43 39.8877 -22 19 45.0920 0.765 187.86  38.25  5.97 16.9 138 09:22   2 -11
 12 01 2019 07 11 08 16 44 50.1824 -22 21 59.4920 0.029 187.64  37.93  5.95 17.2  32 09:18   1  -3
 12 01 2019 08 36 52 16 44 53.4110 -22 22 05.5220 0.083 187.70  37.91  5.95 16.8  10 09:18   7  -4
 12 01 2019 10 19 50 16 44 57.2814 -22 22 13.3670 0.448   7.74  37.89  5.95 15.6 345 09:18  -5  -6
 14 01 2019 05 01 29 16 46 33.2818 -22 25 13.7410 1.852   7.58  37.43  5.93 15.4  63 09:13  -8 -11
 15 01 2019 03 17 36 16 47 23.0721 -22 26 42.0730 1.105 187.49  37.19  5.92 13.7  88 09:10  -4  -4
 15 01 2019 06 06 60 16 47 29.3687 -22 26 53.1980 1.452 187.48  37.15  5.92 17.2  46 09:09 -49   8
 15 01 2019 08 02 31 16 47 33.6364 -22 27 03.3300 0.891   7.48  37.13  5.92 16.2  17 09:09   4  -8
 15 01 2019 17 53 40 16 47 55.5650 -22 27 42.6000 0.368   7.45  37.02  5.91 16.2 229 09:08  -2  -7
 15 01 2019 20 56 10 16 48 02.3434 -22 27 52.7970 1.676 187.43  36.99  5.91 16.5 183 09:07   0   0
 18 01 2019 13 15 18 16 50 24.2445 -22 32 06.3490 0.438 187.19  36.24  5.88 16.9 296 08:59  -1  -4
 19 01 2019 20 24 19 16 51 32.2350 -22 34 05.9610 1.227   7.08  35.87  5.86 16.5 188 08:55   2  -1
 21 01 2019 03 40 16 16 52 39.9946 -22 36 02.0740 1.710   6.97  35.49  5.85 15.2  78 08:51   8  -6
 21 01 2019 10 38 20 16 52 55.0563 -22 36 24.0980 1.683 186.94  35.41  5.84 16.6 333 08:50   4 -13
 23 01 2019 15 59 52 16 54 49.3063 -22 39 35.3350 0.398 186.75  34.74  5.82 14.4 251 08:44   0  -2
 25 01 2019 07 23 19 16 56 12.6467 -22 41 51.1170 0.221   6.63  34.24  5.80 16.2  19 08:38  -2  -8
 25 01 2019 19 48 07 16 56 38.7284 -22 42 32.8150 0.213   6.58  34.07  5.79 17.1 192 08:37 -20 -66
 25 01 2019 21 52 37 16 56 43.0798 -22 42 39.6560 0.120   6.58  34.05  5.79 16.9 161 08:37  -3  -6
 26 01 2019 04 49 11 16 56 57.6086 -22 43 04.1610 1.537   6.54  33.95  5.78 13.3  57 08:36  -1  -2
 26 01 2019 21 05 37 16 57 31.5966 -22 43 55.6650 0.605 186.48  33.74  5.78 15.8 172 08:34   2  -6
 28 01 2019 15 11 58 16 58 58.7438 -22 46 11.5740 0.103 186.31  33.17  5.75 16.7 259 08:28   5 -15
 28 01 2019 20 39 45 16 59 09.9572 -22 46 30.5320 1.642   6.32  33.09  5.75 15.5 177 08:27   0  -7
 31 01 2019 04 23 09 17 01 03.4073 -22 49 19.4280 0.474 186.12  32.31  5.72 15.4  59 08:20  -3  -3
 31 01 2019 05 52 25 17 01 06.3933 -22 49 25.8540 1.510   6.12  32.29  5.72 14.4  37 08:20   7 -37
 31 01 2019 23 50 24 17 01 42.5172 -22 50 18.9390 1.308   6.06  32.04  5.71 16.7 127 08:18   8  -5
 01 02 2019 22 56 23 17 02 28.6572 -22 51 23.9650 0.922 185.98  31.70  5.69 16.4 140 08:15  -8  -1
 02 02 2019 12 29 21 17 02 55.5227 -22 52 05.1570 1.497   5.94  31.50  5.68 17.0 296 08:13   7  -6
 03 02 2019 22 37 34 17 04 02.7005 -22 53 38.4200 0.818 185.82  31.00  5.66 16.7 143 08:08  -4  -6
 04 02 2019 02 33 12 17 04 10.3746 -22 53 49.0510 0.984 185.81  30.94  5.66 15.3  84 08:08   2  -1
 04 02 2019 09 55 00 17 04 24.7144 -22 54 11.5210 1.360   5.79  30.83  5.66 16.1 333 08:07  -1 -11
 04 02 2019 16 56 07 17 04 38.3855 -22 54 27.4520 1.786 185.76  30.72  5.65 15.5 228 08:06  -7  -3
 05 02 2019 04 56 53 17 05 01.6513 -22 55 01.1170 0.441 185.72  30.54  5.65 15.0  47 08:04  -7  -2
 05 02 2019 08 00 27 17 05 07.5574 -22 55 09.9610 0.230   5.72  30.49  5.65 17.0   1 08:04   0   0
 05 02 2019 15 38 16 17 05 22.2826 -22 55 28.4300 1.585 185.68  30.37  5.64 17.0 246 08:03 -24  16
 07 02 2019 18 26 32 17 06 59.1009 -22 57 42.7650 1.573   5.52  29.59  5.61 16.8 203 07:56  -7  -1
 08 02 2019 00 14 55 17 07 10.0637 -22 57 54.3850 1.392 185.50  29.50  5.61 15.2 115 07:55  -6   7
 08 02 2019 03 32 31 17 07 16.2582 -22 58 02.6470 1.357 185.49  29.45  5.60 16.8  66 07:55 -45  15
 08 02 2019 05 27 43 17 07 19.8504 -22 58 09.6420 0.863   5.48  29.42  5.60 13.5  37 07:55 -27 -29
 08 02 2019 07 57 09 17 07 24.5432 -22 58 13.3680 1.614 185.47  29.38  5.60 15.1 359 07:54   3   3
 08 02 2019 15 58 28 17 07 39.5684 -22 58 33.2890 1.527 185.44  29.25  5.60 16.9 239 07:53 -22   9
 09 02 2019 01 11 07 17 07 56.7574 -22 58 56.1040 1.285 185.42  29.10  5.59 16.8 100 07:52 -13  -2
 09 02 2019 06 02 29 17 08 05.7835 -22 59 09.3660 0.165   5.41  29.03  5.59 16.6  27 07:51  -8  -1
 09 02 2019 06 26 40 17 08 06.5347 -22 59 10.0450 0.130 185.39  29.02  5.59 16.3  21 07:51 -77  12
 09 02 2019 06 46 57 17 08 07.1585 -22 59 11.5420 0.547   5.40  29.02  5.59 15.6  16 07:51  66 -20
 09 02 2019 09 13 37 17 08 11.7136 -22 59 15.2690 1.656 185.39  28.98  5.59 15.4 339 07:51  -8  -9
 09 02 2019 20 38 04 17 08 32.8339 -22 59 43.2510 1.102 185.35  28.79  5.58 16.9 168 07:49  -2  -8
 09 02 2019 22 12 28 17 08 35.7188 -22 59 50.0440 1.945   5.35  28.77  5.58 16.7 144 07:49  -3 -14
 10 02 2019 00 14 07 17 08 39.4794 -22 59 51.9760 0.969 185.34  28.74  5.58 16.3 114 07:49  -6  -6
 10 02 2019 22 23 30 17 09 20.1255 -23 00 47.0260 1.942   5.27  28.38  5.56 15.7 141 07:46  -2 -14
 11 02 2019 07 00 44 17 09 35.8600 -23 01 03.9030 1.154 185.24  28.24  5.56 16.7  11 07:45   2  -8
 11 02 2019 08 30 26 17 09 38.5829 -23 01 06.7750 1.728 185.24  28.22  5.56 14.4 349 07:45   8  -5
 11 02 2019 16 51 27 17 09 53.7266 -23 01 27.2800 0.346 185.21  28.08  5.55 15.4 223 07:44   3 -13
 11 02 2019 21 56 10 17 10 02.9105 -23 01 39.4570 0.280   5.20  28.00  5.55 15.1 147 07:43  -6  -2
 13 02 2019 09 57 52 17 11 07.4670 -23 03 00.4150 1.106   5.08  27.41  5.53 15.0 325 07:38  78 -53
 13 02 2019 19 36 41 17 11 24.5694 -23 03 21.1190 0.885   5.05  27.25  5.52 15.8 180 07:37   2  -2
 14 02 2019 05 57 52 17 11 42.8359 -23 03 43.0230 0.582   5.02  27.08  5.51 16.3  24 07:35  -4 -11
 15 02 2019 19 47 34 17 12 48.7898 -23 05 01.3640 0.046 184.88  26.45  5.49 16.1 176 07:30  -6  -8
 16 02 2019 16 43 19 17 13 24.7291 -23 05 45.3400 1.683   4.84  26.10  5.48 15.6 221 07:27   0  -8
 16 02 2019 19 34 46 17 13 29.6108 -23 05 50.4710 1.122   4.83  26.05  5.47 15.8 178 07:27  -5  -7
 16 02 2019 21 39 58 17 13 33.1643 -23 05 55.2800 1.791   4.82  26.02  5.47 16.7 147 07:27 -18   9
 17 02 2019 06 55 04 17 13 48.9075 -23 06 10.8700 0.873 184.79  25.86  5.47 15.8   8 07:25  -5  -2
 17 02 2019 13 28 27 17 14 00.0114 -23 06 22.8690 1.688 184.77  25.75  5.46 16.6 269 07:25  -4  -1
 17 02 2019 14 52 21 17 14 02.3606 -23 06 27.7770 0.507   4.77  25.72  5.46 15.5 248 07:24  -8  -4
 17 02 2019 20 32 17 17 14 11.9058 -23 06 40.0270 1.789   4.75  25.63  5.46 16.6 163 07:24   6   2
 18 02 2019 05 23 06 17 14 26.7642 -23 06 57.1150 1.889   4.73  25.48  5.45 16.3  30 07:22  -7  -5
 19 02 2019 19 36 39 17 15 30.1488 -23 08 08.2060 1.608   4.61  24.82  5.43 12.2 175 07:17  10   4
 20 02 2019 15 49 20 17 16 03.1209 -23 08 43.8420 0.821   4.55  24.48  5.41 16.4 231 07:14 -12 -13
 20 02 2019 20 58 34 17 16 11.4695 -23 08 52.4830 0.316   4.54  24.39  5.41 16.4 154 07:14 -11  -6
 20 02 2019 23 36 37 17 16 15.7210 -23 08 57.9580 1.143   4.53  24.34  5.41 16.7 114 07:13  -8 -11
 21 02 2019 04 50 35 17 16 24.1631 -23 09 05.8330 0.177 184.50  24.25  5.41 15.4  36 07:13   2  -9
 21 02 2019 21 22 19 17 16 50.6389 -23 09 33.9520 0.709 184.46  23.96  5.40 16.7 147 07:10  -9 -12
 22 02 2019 02 35 60 17 16 58.9439 -23 09 45.3430 1.752   4.45  23.87  5.39 15.1  69 07:10   0  -7
 22 02 2019 06 09 25 17 17 04.6037 -23 09 48.7690 0.877 184.43  23.81  5.39 15.9  15 07:09  -6 -24
 22 02 2019 07 13 08 17 17 06.2806 -23 09 51.6390 0.195   4.44  23.79  5.39 16.5 359 07:09   2 -24
 22 02 2019 19 31 34 17 17 25.7158 -23 10 10.6010 1.534 184.40  23.58  5.38 16.1 174 07:07   1  -3
 23 02 2019 16 11 40 17 17 57.9967 -23 10 46.4850 0.343   4.34  23.21  5.37 15.4 223 07:04 -15 -28
 23 02 2019 23 49 33 17 18 09.8225 -23 10 57.2910 1.184 184.31  23.07  5.36 16.7 109 07:03  -8  -6
 24 02 2019 05 09 26 17 18 18.0345 -23 11 07.6120 0.601   4.30  22.98  5.36 16.3  28 07:03  -7  -6
 24 02 2019 19 47 27 17 18 40.4635 -23 11 29.3610 0.787 184.26  22.72  5.35 15.8 168 07:01  -6 -10
 25 02 2019 04 04 03 17 18 53.0422 -23 11 43.8350 0.803   4.24  22.57  5.34 16.1  44 06:59  12  -2
 25 02 2019 23 08 25 17 19 21.7790 -23 12 14.1170 1.932   4.18  22.23  5.33 16.3 117 06:57   1  -4
 26 02 2019 03 21 56 17 19 28.1144 -23 12 17.1330 1.417 184.17  22.15  5.33 16.4  54 06:56  -3  -3
 26 02 2019 09 00 00 17 19 36.4943 -23 12 28.6740 1.711   4.15  22.05  5.32 16.0 329 06:55  -2  -8
 27 02 2019 01 57 16 17 20 01.5786 -23 12 50.6280 1.288 184.10  21.74  5.31 16.6  74 06:53   4  -3
 27 02 2019 02 10 46 17 20 01.9014 -23 12 52.4430 0.202   4.11  21.74  5.31 16.6  71 06:53  71 -17
 27 02 2019 04 50 38 17 20 05.8147 -23 12 56.0870 0.007 184.05  21.69  5.31 16.4  31 06:53   1  -2
 27 02 2019 06 01 59 17 20 07.5485 -23 12 59.7040 1.881   4.09  21.67  5.31 16.6  13 06:52   0   0
 27 02 2019 08 56 03 17 20 11.8068 -23 13 01.8570 0.155 184.08  21.62  5.31 16.0 329 06:52   3  -3
 27 02 2019 14 46 20 17 20 20.3293 -23 13 09.9120 0.473 184.07  21.51  5.30 14.0 241 06:51  20 -22
 27 02 2019 19 30 50 17 20 27.2268 -23 13 16.1770 0.960 184.06  21.43  5.30 16.5 170 06:51  17  -1
 28 02 2019 02 17 51 17 20 37.0494 -23 13 25.8010 0.912 184.04  21.30  5.30 16.3  68 06:50 -55 -16
 28 02 2019 03 45 21 17 20 39.1503 -23 13 28.7930 0.031   4.05  21.27  5.30 16.6  46 06:49   8 -18
 01 03 2019 08 24 52 17 21 20.0716 -23 14 07.7520 0.365 183.95  20.75  5.28 16.6 335 06:45   2   4
 01 03 2019 13 45 25 17 21 27.5967 -23 14 16.2510 0.979   3.94  20.65  5.27 16.3 255 06:45   4 -15
 02 03 2019 00 14 18 17 21 42.2880 -23 14 29.2910 0.138   3.91  20.45  5.27 16.1  97 06:43  -3  -2
 02 03 2019 16 29 43 17 22 04.8374 -23 14 49.6840 0.569 183.86  20.15  5.26 16.4 213 06:41   1  -3
 02 03 2019 17 43 47 17 22 06.5377 -23 14 51.2790 0.555 183.86  20.13  5.25 14.9 194 06:41  -6  -3
 02 03 2019 22 11 40 17 22 12.6739 -23 14 56.8670 0.662 183.84  20.05  5.25 16.1 127 06:40   0   0
 02 03 2019 22 24 36 17 22 12.9706 -23 14 56.9810 0.822 183.85  20.04  5.25 15.9 124 06:40  10  -5
 03 03 2019 14 07 39 17 22 34.3830 -23 15 18.8580 1.327   3.80  19.75  5.24 16.5 248 06:38  -3  -3
 03 03 2019 17 24 00 17 22 38.8074 -23 15 23.2890 1.711   3.79  19.69  5.24 15.9 198 06:37  -3  -8
 03 03 2019 20 09 37 17 22 42.5448 -23 15 23.9000 1.083 183.78  19.64  5.24 16.5 157 06:37  41  -9
 04 03 2019 02 28 57 17 22 51.0352 -23 15 33.3270 0.617   3.77  19.52  5.23 16.3  62 06:36   7 -13
 04 03 2019 17 41 46 17 23 11.3094 -23 15 50.4040 0.596 183.72  19.23  5.22 16.5 193 06:34   5  -7
 05 03 2019 05 30 26 17 23 26.8690 -23 16 03.8520 1.046 183.69  19.01  5.21 12.3  16 06:32 -17  -7
 05 03 2019 14 09 49 17 23 38.1616 -23 16 16.0440 1.132   3.67  18.85  5.21 16.5 245 06:31  -1 -13
 06 03 2019 00 27 22 17 23 51.4929 -23 16 27.2450 0.602   3.64  18.65  5.20 15.3  91 06:30   8  -5
 06 03 2019 09 36 09 17 24 03.2387 -23 16 37.0590 0.157   3.62  18.48  5.20 15.6 313 06:28  -6  11
 06 03 2019 10 14 50 17 24 04.0651 -23 16 37.3010 0.318 183.61  18.47  5.19 15.6 303 06:28  10   0
 07 03 2019 04 23 43 17 24 27.0782 -23 16 55.5590 1.939 183.56  18.12  5.18 16.3  31 06:26 -11   4
 07 03 2019 18 16 13 17 24 44.4038 -23 17 12.1280 0.155 183.52  17.86  5.17 16.2 182 06:24  44  13
 08 03 2019 21 28 18 17 25 17.7409 -23 17 39.4010 0.864 183.45  17.34  5.15 13.8 133 06:20  -1  -2
 09 03 2019 22 13 23 17 25 47.3181 -23 18 04.1340 0.444 183.38  16.86  5.14 16.0 121 06:16 -11  -1
 10 03 2019 21 03 11 17 26 13.9637 -23 18 24.2950 1.757 183.31  16.42  5.12 15.3 138 06:13  -1  -1
 11 03 2019 01 05 57 17 26 18.6202 -23 18 28.0940 1.669 183.31  16.35  5.12 16.1  77 06:12  46 -10
 11 03 2019 11 47 44 17 26 30.8245 -23 18 40.4810 1.049   3.27  16.14  5.11 16.2 276 06:11  19  -5
 12 03 2019 04 24 58 17 26 49.5360 -23 18 54.4360 0.359   3.23  15.82  5.10 14.4  26 06:08  -6   0
 12 03 2019 17 27 33 17 27 03.9812 -23 19 06.3190 1.080   3.19  15.57  5.09 15.0 190 06:06   4   1
 13 03 2019 06 20 52 17 27 18.0600 -23 19 15.8100 0.180 183.15  15.32  5.08 14.7 356 06:04   0   0
 13 03 2019 21 26 04 17 27 34.2688 -23 19 29.9950 1.774   3.11  15.03  5.07 16.0 129 06:02  -1  -4
 16 03 2019 17 13 04 17 28 43.6757 -23 20 17.1830 1.430 182.92  13.71  5.03 16.1 190 05:52   8   6
 18 03 2019 05 29 54 17 29 18.4487 -23 20 44.5020 1.909   2.81  13.01  5.00 15.8   4 05:47   0  -6
 20 03 2019 20 48 07 17 30 15.1419 -23 21 20.6580 0.996   2.62  11.78  4.96 14.2 132 05:37  -2   1
 21 03 2019 03 12 45 17 30 20.5946 -23 21 24.4240 1.340   2.60  11.65  4.96 15.7  36 05:36   5 -13
 22 03 2019 02 23 13 17 30 39.8641 -23 21 36.6250 1.666   2.53  11.20  4.94 15.8  48 05:33   3 -13
 22 03 2019 18 00 58 17 30 52.4685 -23 21 43.1060 0.573   2.47  10.90  4.93 14.5 173 05:31   5  -8
 26 03 2019 16 35 21 17 32 01.8190 -23 22 19.5080 1.523 182.12   9.05  4.87 15.0 190 05:16   9  -3
 27 03 2019 04 02 40 17 32 09.3992 -23 22 24.7010 0.154 182.07   8.83  4.86 15.6  18 05:14  -7   2
 29 03 2019 01 51 55 17 32 37.9450 -23 22 37.8860 0.498 181.86   7.93  4.83 15.5  49 05:07  -8   1
 29 03 2019 21 39 45 17 32 49.3861 -23 22 42.4090 0.951 181.75   7.55  4.82 14.3 111 05:04  12  -8
 31 03 2019 12 30 02 17 33 10.2454 -23 22 53.0170 1.398   1.53   6.79  4.79 14.5 247 04:58 -12 -11
 01 04 2019 03 55 29 17 33 17.9517 -23 22 53.5450 0.807 181.42   6.49  4.78 14.3  15 04:56   0   0
 04 04 2019 12 30 19 17 33 52.7426 -23 23 03.6500 0.021   0.70   4.92  4.73 13.7 243 04:43  18   5
 05 04 2019 02 59 16 17 33 58.0216 -23 23 02.9270 1.489 180.53   4.64  4.72 13.5  26 04:41   0  -5
 07 04 2019 19 13 28 17 34 17.8247 -23 23 03.2630 1.461 179.45   3.41  4.68 13.2 139 04:31   0   0
 08 04 2019 12 34 13 17 34 22.1626 -23 23 03.9430 0.021 359.00   3.08  4.67 13.8 239 04:28  -5  -1
 26 04 2019 19 28 06 17 33 49.8228 -23 20 41.2880 0.155 186.50  -4.70  4.43 14.7 117 03:15   7  -6
 28 04 2019 14 23 55 17 33 32.2775 -23 20 12.8080 1.868 186.17  -5.39  4.41 14.9 191 03:08 -46   4
 04 05 2019 18 48 18 17 32 12.8340 -23 18 22.1050 1.124 185.60  -7.64  4.35 15.1 119 02:42 -12   2
 05 05 2019 11 46 52 17 32 01.9476 -23 18 08.7230 0.160   5.57  -7.88  4.34 14.4 223 02:39  -4   1
 06 05 2019 00 28 19 17 31 53.5786 -23 17 58.3520 1.013   5.55  -8.06  4.33 15.0  32 02:37  23 -13
 06 05 2019 08 19 15 17 31 48.3058 -23 17 51.6170 1.331   5.54  -8.17  4.33 15.5 274 02:36   2  11
 07 05 2019 15 40 06 17 31 26.5367 -23 17 19.7250 1.555 185.50  -8.60  4.32 15.3 163 02:30  -4  -3
 08 05 2019 19 23 10 17 31 06.2868 -23 16 55.1390 0.674   5.48  -8.96  4.31 15.6 106 02:25 -23 -14
 09 05 2019 01 32 24 17 31 01.6792 -23 16 48.2270 0.144 185.48  -9.04  4.31 15.6  13 02:24  -4   3
 11 05 2019 06 33 03 17 30 20.1689 -23 15 52.9580 0.681 185.46  -9.71  4.29 14.6 296 02:15  -3  -4
 13 05 2019 11 18 28 17 29 35.7983 -23 14 56.2010 0.981   5.46 -10.34  4.27 14.2 222 02:05   6  -6
 15 05 2019 18 13 16 17 28 46.5775 -23 13 50.9150 0.682   5.48 -10.96  4.25 14.8 116 01:56   3   0
 16 05 2019 01 23 59 17 28 39.9156 -23 13 43.0630 1.647   5.49 -11.03  4.25 15.9   8 01:54  -2  18
 16 05 2019 04 55 19 17 28 36.6429 -23 13 37.1320 0.061   5.50 -11.07  4.25 15.8 315 01:54   0   0
 18 05 2019 20 08 29 17 27 35.7388 -23 12 14.9900 0.992 185.54 -11.72  4.23 14.7  84 01:42  -1  -1
 20 05 2019 05 19 39 17 27 02.3223 -23 11 30.9070 0.216 185.58 -12.03  4.22 15.9 304 01:36   9 -16
 20 05 2019 06 37 44 17 27 00.9844 -23 11 30.3270 1.001   5.58 -12.04  4.22 15.7 285 01:36   4   1
 20 05 2019 18 37 49 17 26 48.6617 -23 11 12.9750 0.278   5.60 -12.16  4.22 15.8 104 01:34  -1   8
 21 05 2019 18 13 17 17 26 24.0795 -23 10 40.1240 0.723   5.63 -12.37  4.21 15.6 109 01:30  -3  10
 21 05 2019 23 00 02 17 26 19.0422 -23 10 33.6780 1.122   5.63 -12.41  4.21 16.0  37 01:29  -5   7
 26 05 2019 06 20 23 17 24 26.0127 -23 07 55.4950 1.177 185.79 -13.23  4.19 16.0 282 01:10   0  -3
 26 05 2019 23 21 59 17 24 06.6634 -23 07 30.0820 0.551   5.82 -13.35  4.19 16.1  26 01:07   9   6
 27 05 2019 06 12 11 17 23 58.8556 -23 07 18.0140 0.514 185.83 -13.40  4.19 15.5 283 01:05  11  24
 27 05 2019 07 13 17 17 23 57.6799 -23 07 17.6060 0.730   5.84 -13.40  4.19 16.0 268 01:05 -10  12
 27 05 2019 20 23 30 17 23 42.5363 -23 06 55.9520 0.482   5.86 -13.49  4.18 16.1  70 01:03   0 -18
 28 05 2019 01 10 02 17 23 37.0225 -23 06 47.6630 0.018   5.94 -13.52  4.18 15.3 358 01:02   1  -3
 28 05 2019 01 44 52 17 23 36.3434 -23 06 47.6920 0.998   5.87 -13.53  4.18 15.8 349 01:02  -4 -11
 29 05 2019 02 10 15 17 23 07.9211 -23 06 05.9420 0.252 185.92 -13.68  4.18 15.8 342 00:57  11  -6
 29 05 2019 06 53 02 17 23 02.3813 -23 05 59.9950 1.722   5.93 -13.71  4.18 16.1 271 00:56   0   0
 29 05 2019 08 20 48 17 23 00.6792 -23 05 55.5470 0.276 185.93 -13.72  4.18 15.3 249 00:56  -5  -6
 29 05 2019 09 27 03 17 22 59.3706 -23 05 55.2140 1.259   5.93 -13.72  4.18 14.9 232 00:56  -3 -31
 29 05 2019 10 08 19 17 22 58.5691 -23 05 53.1630 0.363   5.94 -13.73  4.18 15.9 222 00:56  21   9
 30 05 2019 08 56 45 17 22 31.6377 -23 05 12.8870 1.121 185.98 -13.86  4.18 14.1 239 00:52   5   2
 30 05 2019 10 07 49 17 22 30.2107 -23 05 13.5550 1.595   5.98 -13.86  4.18 15.9 221 00:51   8 -21
 30 05 2019 18 19 58 17 22 20.4681 -23 04 57.2270 0.609 186.00 -13.91  4.17 15.8  98 00:50  21 -11
 31 05 2019 03 55 04 17 22 09.0110 -23 04 42.1180 0.923   6.02 -13.96  4.17 13.8 313 00:48  -5   2
 31 05 2019 14 06 23 17 21 56.7929 -23 04 24.9190 1.537   6.05 -14.01  4.17 16.1 160 00:46  -2  -9
 02 06 2019 06 27 57 17 21 07.9756 -23 03 11.8830 0.354   6.13 -14.20  4.17 16.1 273 00:39 -15 -27
 03 06 2019 00 44 21 17 20 45.6681 -23 02 37.0810 1.250 186.17 -14.27  4.17 15.8 358 00:35   0   0
 03 06 2019 01 53 22 17 20 44.2610 -23 02 34.7200 1.509 186.18 -14.28  4.17 15.9 341 00:35 -16  12
 03 06 2019 03 15 23 17 20 42.5791 -23 02 33.1150 0.607 186.18 -14.28  4.17 11.9 320 00:35   6  -4
 03 06 2019 23 19 04 17 20 17.9123 -23 01 57.4520 0.723   6.23 -14.36  4.16 16.2  18 00:31  12 -31
 03 06 2019 23 43 20 17 20 17.4258 -23 01 55.1610 0.826 186.22 -14.36  4.16 16.1  12 00:31 -14  -8
 04 06 2019 02 30 58 17 20 13.9688 -23 01 51.5690 0.781   6.23 -14.37  4.16 15.2 330 00:31   0 -10
 04 06 2019 05 11 17 17 20 10.6909 -23 01 44.2500 1.580 186.24 -14.38  4.16 15.9 290 00:30  -3  14
 04 06 2019 13 09 18 17 20 00.8421 -23 01 30.2790 0.671 186.26 -14.40  4.16 16.0 170 00:29  -2 -12
 04 06 2019 19 05 37 17 19 53.4854 -23 01 20.1880 0.381   6.27 -14.42  4.16 15.9  81 00:28  -3  -2
 04 06 2019 22 14 46 17 19 49.5970 -23 01 12.2310 1.662 186.28 -14.43  4.16 14.0  33 00:27   4   3
 05 06 2019 00 35 10 17 19 46.6973 -23 01 07.7520 1.732 186.28 -14.44  4.16 16.0 358 00:27  -5  -8
 05 06 2019 22 19 48 17 19 19.6710 -23 00 27.7310 0.497 186.33 -14.50  4.16 15.5  31 00:23  -6   0
 06 06 2019 20 40 26 17 18 51.7761 -22 59 47.1470 1.865   6.39 -14.56  4.16 15.9  55 00:18  -4  -4
 08 06 2019 00 49 35 17 18 16.5434 -22 58 49.3450 1.115 186.46 -14.61  4.16 15.9 351 00:13   4  -8
 08 06 2019 08 28 06 17 18 06.9480 -22 58 34.7980 0.635 186.48 -14.62  4.16 15.9 236 00:12  22  -1
 08 06 2019 13 14 15 17 18 00.9547 -22 58 25.8190 0.206 186.49 -14.63  4.16 15.8 164 00:11  10 -11
 11 06 2019 20 26 22 17 16 21.2231 -22 55 46.1840 0.549 186.70 -14.70  4.16 16.2  53 23:56  16   5
 14 06 2019 08 37 26 17 15 05.4504 -22 53 40.3650 1.857 186.86 -14.67  4.16 15.9 227 23:45 -12   0
 14 06 2019 20 21 15 17 14 50.6982 -22 53 17.6120 0.029 186.85 -14.66  4.16 15.8  51 23:43   3  25
 15 06 2019 04 54 24 17 14 39.9789 -22 52 58.0640 1.607 186.92 -14.65  4.16 15.3 282 23:41   0   0
 15 06 2019 05 07 51 17 14 39.6707 -22 53 00.6370 1.462   6.92 -14.65  4.16 13.0 278 23:41  -1 -12
 15 06 2019 21 16 45 17 14 19.4358 -22 52 26.3330 1.225   6.97 -14.63  4.17 13.5  36 23:38   7   1
 16 06 2019 13 32 26 17 13 59.1224 -22 51 49.3830 1.275 187.02 -14.60  4.17 15.0 151 23:35  -6  19
 16 06 2019 15 42 45 17 13 56.4153 -22 51 44.1760 1.872 187.02 -14.60  4.17 15.8 118 23:35  18   5
 17 06 2019 20 09 08 17 13 20.9647 -22 50 46.1060 0.751   7.11 -14.54  4.17 15.7  50 23:30  10  -8
 18 06 2019 16 46 43 17 12 55.3903 -22 50 01.6280 0.532   7.17 -14.49  4.17 15.7 100 23:26  17   0
 19 06 2019 03 27 06 17 12 42.2038 -22 49 38.1750 0.058   7.22 -14.46  4.17 15.8 299 23:24   4 -11
 19 06 2019 15 58 46 17 12 26.7533 -22 49 12.1390 1.063   7.24 -14.42  4.17 16.1 111 23:22   0   0
 20 06 2019 02 21 04 17 12 13.9973 -22 48 50.5430 1.904   7.27 -14.39  4.18 15.2 315 23:20  -7 -24
 20 06 2019 14 59 54 17 11 58.5005 -22 48 22.9810 1.745   7.31 -14.35  4.18 16.0 124 23:17   3   2
 20 06 2019 16 46 26 17 11 56.3544 -22 48 16.3840 1.022 187.31 -14.35  4.18 14.6  98 23:17  -4  -5
 20 06 2019 22 33 12 17 11 49.2834 -22 48 04.9120 0.062   7.35 -14.33  4.18 16.0  11 23:16  13  -6
 21 06 2019 03 15 10 17 11 43.5619 -22 47 53.5040 1.150 187.34 -14.31  4.18 15.5 300 23:15  -1 -11
 21 06 2019 12 07 59 17 11 32.7254 -22 47 36.8850 1.562   7.37 -14.28  4.18 15.8 166 23:13 -12  -4
 21 06 2019 13 22 39 17 11 31.2305 -22 47 32.2350 0.396 187.37 -14.27  4.18 16.0 148 23:13   1  43
 21 06 2019 16 46 18 17 11 27.1197 -22 47 23.5630 1.691 187.39 -14.26  4.18 14.5  97 23:13   0   1
 21 06 2019 23 19 52 17 11 19.1392 -22 47 11.9230 0.977   7.41 -14.24  4.18 16.0 358 23:11  16 -15
 22 06 2019 09 57 27 17 11 06.3029 -22 46 47.0060 0.791 187.44 -14.19  4.18 15.6 198 23:09   5   5
 22 06 2019 16 23 31 17 10 58.5340 -22 46 33.8380 0.092   7.48 -14.17  4.18 16.1 101 23:08  -2 -21
 23 06 2019 19 31 04 17 10 26.0082 -22 45 34.8490 0.379   7.56 -14.05  4.19 15.8  53 23:03  -7  -2
 24 06 2019 10 03 54 17 10 08.7148 -22 45 01.6970 0.952 187.60 -13.98  4.19 15.5 194 23:01  -4   0
 25 06 2019 21 26 45 17 09 27.0384 -22 43 45.7690 0.624   7.72 -13.80  4.20 15.8  22 22:54   4   4
 25 06 2019 22 31 45 17 09 25.7674 -22 43 43.9610 1.194   7.72 -13.79  4.20 15.5   6 22:54  -8  -9
 02 07 2019 22 30 33 17 06 18.2310 -22 37 37.7390 0.417   8.33 -12.65  4.24 15.7 358 22:23  -2 -19
 03 07 2019 17 40 44 17 05 58.0908 -22 36 56.4070 0.115   8.42 -12.49  4.25 15.0  70 22:20  -7   3
 07 07 2019 10 20 21 17 04 28.8783 -22 33 49.8280 0.100   8.78 -11.68  4.27 15.9 176 22:04  -8   1
 23 07 2019 19 04 19 16 59 27.4554 -22 21 48.2180 1.638 191.43  -6.94  4.44 14.5  28 20:54   0   0
 31 07 2019 17 21 14 16 58 05.2692 -22 17 30.0100 1.063 195.11  -4.11  4.54 13.0  45 20:21  -9 -15
 01 08 2019 10 27 29 16 58 00.0568 -22 17 13.0470 1.811  15.74  -3.84  4.55 14.3 148 20:19   2  -9
 17 08 2019 18 44 56 16 57 45.6708 -22 12 31.6290 1.519 174.65   2.90  4.79  9.3   7 19:14  -3  -9
 18 08 2019 15 54 15 16 57 50.5145 -22 12 26.0990 1.609 176.02   3.27  4.81 10.5  49 19:10 -10 -12
 20 08 2019 20 03 04 16 58 04.8674 -22 12 16.9750 1.425 178.35   4.17  4.84 12.8 345 19:02  -8  -5
 21 08 2019 08 54 57 16 58 08.9360 -22 12 17.1060 0.111 358.78   4.40  4.85 12.9 151 19:00 -22 -15
 21 08 2019 10 59 42 16 58 09.6127 -22 12 16.9620 0.162 358.84   4.43  4.85 11.4 120 19:00  -1   3
 21 08 2019 18 35 31 16 58 12.1313 -22 12 16.9590 0.792 359.08   4.57  4.86 14.7   6 18:59 -13  -7
 26 08 2019 02 22 50 16 58 53.7261 -22 12 18.9900 0.606 181.24   6.41  4.93 12.7 245 18:42  12  -3
 26 08 2019 06 24 37 16 58 55.6059 -22 12 21.9980 1.822   1.30   6.49  4.93 13.9 184 18:42   0  -3
 27 08 2019 11 19 45 16 59 09.7102 -22 12 26.0880 0.777   1.69   7.00  4.95 13.8 109 18:37 -10  -9
 02 09 2019 01 16 52 17 00 28.2694 -22 13 10.6140 0.038 182.89   9.42  5.04 15.1 255 18:16  -6  -5
 03 09 2019 06 09 09 17 00 48.0005 -22 13 25.5790 0.682   3.06   9.94  5.07 14.7 181 18:12  -1  -5
 04 09 2019 14 08 26 17 01 11.0014 -22 13 42.4430 0.004 183.18  10.51  5.09 14.8  60 18:07  -1   0
 06 09 2019 01 03 26 17 01 37.4471 -22 14 04.1500 0.496   3.38  11.14  5.11 15.3 255 18:02 -11   1
 08 09 2019 01 13 51 17 02 16.2082 -22 14 35.4670 0.841 183.55  11.99  5.15 14.8 250 17:54   6  -5
 08 09 2019 17 51 01 17 02 30.1681 -22 14 50.1740 1.725   3.61  12.29  5.16 14.8   0 17:52  12  -2
 09 09 2019 09 06 22 17 02 43.2765 -22 14 58.4280 1.561 183.65  12.56  5.17 13.4 131 17:50 -15  -8
 09 09 2019 13 14 50 17 02 46.8678 -22 15 03.1340 0.047 183.66  12.63  5.17 15.4  69 17:49  -6  -4
 11 09 2019 13 46 55 17 03 30.4376 -22 15 41.1070 1.464 183.78  13.48  5.21 14.4  59 17:42   2 -16
 13 09 2019 10 34 44 17 04 12.8905 -22 16 20.2360 1.761 183.87  14.26  5.24 16.0 105 17:35  -4 -10
 16 09 2019 13 19 12 17 05 28.4009 -22 17 32.4110 1.484 183.97  15.56  5.29 15.6  61 17:24  -2 -20
 20 09 2019 20 48 23 17 07 22.3226 -22 19 26.0340 1.169   4.05  17.33  5.37 12.2 305 17:09 -10  -4
 22 09 2019 14 30 26 17 08 11.2259 -22 20 14.0010 1.053   4.06  18.03  5.39 16.2  38 17:03  -1  -8
 24 09 2019 11 22 17 17 09 05.7248 -22 21 04.8470 1.785 184.06  18.79  5.43 12.3  84 16:57  -8  -6
 24 09 2019 12 00 16 17 09 06.5002 -22 21 06.9960 0.403 184.06  18.80  5.43 14.8  74 16:56   0  -6
 25 09 2019 06 55 30 17 09 30.0555 -22 21 31.6880 1.075   4.06  19.11  5.44 16.4 150 16:54   0 -15
 25 09 2019 17 12 06 17 09 42.9992 -22 21 43.5640 0.204   4.07  19.29  5.45 15.9 355 16:52  -1 -11
 25 09 2019 21 23 06 17 09 48.2986 -22 21 47.9670 0.609 184.06  19.36  5.45 16.0 292 16:52   4  -4
 26 09 2019 16 11 38 17 10 12.2994 -22 22 13.6120 1.411   4.06  19.67  5.46 15.6   9 16:49  -2  -4
 30 09 2019 09 16 58 17 12 10.4373 -22 24 07.3580 0.556 184.01  21.13  5.52 14.3 110 16:36  -6 -16
 01 10 2019 09 57 03 17 12 44.4042 -22 24 39.7010 1.234 184.00  21.53  5.54 16.0  99 16:33   6   0
 01 10 2019 21 46 25 17 13 00.8590 -22 24 57.9070 1.019   4.00  21.72  5.55 16.4 281 16:31   2  16
 03 10 2019 23 19 56 17 14 11.1942 -22 26 04.2190 0.405 183.95  22.51  5.58 15.0 256 16:24  10   0
 07 10 2019 15 57 55 17 16 22.0710 -22 28 07.3150 1.182 183.85  23.88  5.64 15.8   4 16:12  -4  -1
 07 10 2019 18 59 44 17 16 26.6580 -22 28 11.5450 1.235 183.85  23.92  5.64 16.4 318 16:11  -7  -9
 07 10 2019 22 55 01 17 16 32.5916 -22 28 19.7030 1.381   3.85  23.98  5.64 16.3 259 16:11  -1  -6
 09 10 2019 03 32 36 17 17 16.3681 -22 29 00.0420 1.105   3.81  24.41  5.66 15.7 189 16:07  -5 -40
 09 10 2019 13 52 58 17 17 32.3421 -22 29 13.5370 0.118 183.79  24.57  5.67 14.2  33 16:05 -50 -31
 10 10 2019 12 12 41 17 18 07.0982 -22 29 47.3980 1.895   3.77  24.90  5.68 16.2  58 16:02  -4 -11
 11 10 2019 03 44 49 17 18 31.5219 -22 30 07.5050 0.209 183.74  25.13  5.69 15.9 184 16:00  -8 -12
 11 10 2019 08 45 37 17 18 39.4385 -22 30 14.7750 0.111 183.73  25.20  5.70 15.5 109 16:00  -2  -7
 12 10 2019 06 37 24 17 19 14.1768 -22 30 48.1040 1.908   3.71  25.52  5.71 16.7 140 15:57  -8  -7
 13 10 2019 20 02 05 17 20 14.4721 -22 31 39.0350 0.823 183.64  26.07  5.73 16.8 297 15:51  -5  12
 14 10 2019 10 53 30 17 20 38.6874 -22 32 02.1900 1.021   3.62  26.28  5.74 14.8  74 15:49   1   2
 16 10 2019 04 33 16 17 21 47.4693 -22 33 00.8180 0.081 183.54  26.87  5.77 14.5 168 15:44 -27  21
 16 10 2019 09 14 53 17 21 55.2974 -22 33 06.9560 0.668 183.54  26.94  5.77 16.5  97 15:43  -3 -10
 17 10 2019 00 05 07 17 22 20.1309 -22 33 29.6860 0.834   3.52  27.14  5.78 16.4 234 15:41   2  10
 17 10 2019 10 30 24 17 22 37.6674 -22 33 45.1300 1.384   3.50  27.29  5.79 16.6  77 15:40   6   5
 17 10 2019 18 19 31 17 22 50.8792 -22 33 55.5780 0.666   3.49  27.40  5.79 16.7 320 15:38  -4 -12
 18 10 2019 15 17 13 17 23 26.4974 -22 34 25.8370 1.045   3.45  27.69  5.80 16.6   5 15:36  -1  -6
 23 10 2019 18 26 13 17 27 01.7383 -22 37 18.5990 0.504   3.21  29.36  5.88 16.0 313 15:19   0   0
 23 10 2019 19 03 19 17 27 02.8532 -22 37 17.1360 1.819 183.21  29.36  5.88 16.7 304 15:19 -11   0
 24 10 2019 07 13 44 17 27 24.6720 -22 37 34.3530 1.449 183.18  29.52  5.88 15.5 121 15:17   2  -6
 26 10 2019 01 38 20 17 28 41.4173 -22 38 33.0380 0.945 183.09  30.08  5.91 17.0 203 15:12 -15  -5
 26 10 2019 07 09 34 17 28 51.4942 -22 38 39.6030 1.892 183.08  30.15  5.91 16.8 120 15:11  11  12
 26 10 2019 20 25 27 17 29 15.7698 -22 38 58.5520 0.925 183.05  30.32  5.92 16.9 281 15:09   2 -16
 27 10 2019 02 22 49 17 29 26.7099 -22 39 05.7450 1.777 183.03  30.39  5.92 15.7 191 15:08  -3  -3
 27 10 2019 04 07 48 17 29 29.9241 -22 39 08.8130 1.069 183.03  30.41  5.92 16.6 165 15:08   2   3
 29 10 2019 03 29 56 17 30 57.7140 -22 40 11.7810 1.319 182.92  31.00  5.95 16.8 173 15:02  11   3
 30 10 2019 06 11 25 17 31 47.7577 -22 40 48.1660 0.050   2.88  31.33  5.96 16.8 132 14:58   0  -8
 30 10 2019 07 05 39 17 31 49.4572 -22 40 49.9820 0.694   2.86  31.34  5.96 16.8 118 14:58  -9  -1
 31 10 2019 09 15 46 17 32 38.9412 -22 41 21.9140 1.220 182.80  31.66  5.97 16.9  85 14:55  -5  -7
 31 10 2019 16 34 39 17 32 52.8340 -22 41 33.0010 0.496   2.78  31.74  5.98 16.7 335 14:54   5  -6
 31 10 2019 21 17 52 17 33 01.8191 -22 41 38.8720 0.340   2.77  31.80  5.98 16.6 264 14:53   4  -3
 01 11 2019 11 37 44 17 33 29.1693 -22 41 58.0860 1.358   2.73  31.97  5.99 16.6  48 14:51  -4  -4
 01 11 2019 15 46 08 17 33 37.1009 -22 42 00.8790 1.080 182.72  32.01  5.99 16.4 346 14:51   6   4
 02 11 2019 01 00 58 17 33 54.8239 -22 42 14.7810 1.196   2.70  32.12  5.99 16.1 207 14:49 -28   4
 02 11 2019 05 25 29 17 34 03.2906 -22 42 20.9980 1.894   2.69  32.17  6.00 16.4 141 14:49   2 -20
 02 11 2019 05 42 49 17 34 03.8580 -22 42 17.8230 1.646 182.69  32.18  6.00 16.5 137 14:49   3  12
 02 11 2019 09 37 54 17 34 11.3948 -22 42 22.5340 1.826 182.68  32.22  6.00 14.7  78 14:48  12   2
 02 11 2019 15 59 11 17 34 23.6308 -22 42 31.9320 0.335 182.66  32.29  6.00 16.4 342 14:47  -3  -3
 02 11 2019 18 45 45 17 34 28.9900 -22 42 33.8650 1.847 182.66  32.33  6.00 16.4 300 14:47   6   3
 02 11 2019 20 11 34 17 34 31.7426 -22 42 37.8850 0.402   2.66  32.34  6.00 14.8 279 14:47  -7  -5
 02 11 2019 23 44 39 17 34 38.5977 -22 42 43.2210 1.346   2.65  32.38  6.01 16.1 226 14:46 -56 -15
 03 11 2019 17 40 58 17 35 13.3399 -22 43 05.6000 1.699   2.60  32.59  6.01 16.3 316 14:44  -4  -7
 04 11 2019 04 15 22 17 35 33.9035 -22 43 16.5790 0.175 182.57  32.70  6.02 16.7 157 14:43  -2 -12
 04 11 2019 07 11 31 17 35 39.6261 -22 43 18.6840 1.624 182.57  32.74  6.02 15.7 113 14:42 -54   2
 04 11 2019 07 24 17 17 35 40.0386 -22 43 19.5990 0.966 182.56  32.74  6.02 16.1 110 14:42  49 -15
 04 11 2019 12 51 26 17 35 50.6656 -22 43 27.9810 0.842   2.55  32.80  6.02 16.9  28 14:41   1  -3
 04 11 2019 15 50 43 17 35 56.5001 -22 43 31.1220 0.391   2.55  32.83  6.03 16.9 343 14:41  -1 -25
 04 11 2019 19 21 04 17 36 03.3507 -22 43 35.1680 0.232   2.54  32.87  6.03 16.7 290 14:41  -2   1
 05 11 2019 14 28 45 17 36 40.8326 -22 43 58.4310 0.754   2.49  33.08  6.04 17.0   2 14:38   3 -13
 05 11 2019 19 05 43 17 36 49.9053 -22 44 04.1820 1.068   2.48  33.13  6.04 15.7 293 14:37  -9  -6
 05 11 2019 23 30 37 17 36 58.5913 -22 44 09.9990 1.704   2.46  33.18  6.04 17.0 227 14:37 -21   5
 06 11 2019 11 03 26 17 37 21.3702 -22 44 20.3410 1.422 182.43  33.31  6.05 16.9  53 14:35 -16 -18
 06 11 2019 15 14 55 17 37 29.6452 -22 44 27.2490 0.631   2.42  33.35  6.05 16.6 350 14:35 -13  -8
 07 11 2019 05 15 55 17 37 57.4003 -22 44 43.6380 0.905   2.39  33.50  6.05 15.5 139 14:33  -6  -3
 07 11 2019 21 36 05 17 38 29.8693 -22 45 02.4440 1.175   2.34  33.67  6.06 14.2 254 14:31   5  -3
 08 11 2019 04 51 58 17 38 44.3499 -22 45 10.7830 1.358   2.32  33.75  6.07 16.6 145 14:30  16   4
 08 11 2019 13 41 57 17 39 01.9931 -22 45 19.7130 0.443   2.30  33.84  6.07 17.0  12 14:29  -8   3
 08 11 2019 17 01 07 17 39 08.6311 -22 45 23.6380 0.690   2.29  33.87  6.07 17.0 322 14:28   4 -11
 09 11 2019 16 25 58 17 39 55.6078 -22 45 49.0550 0.488   2.23  34.11  6.08 16.9 330 14:25  -1  -8
 10 11 2019 18 01 51 17 40 47.2590 -22 46 15.4020 0.497 182.16  34.37  6.09 16.7 305 14:22 -11  13
 10 11 2019 19 10 35 17 40 49.5776 -22 46 16.5780 0.528 182.15  34.39  6.09 12.3 288 14:22  27  12
 10 11 2019 19 31 03 17 40 50.2644 -22 46 18.4090 0.944   2.15  34.39  6.09 16.6 283 14:22 -11  10
 10 11 2019 23 36 15 17 40 58.5455 -22 46 20.7690 0.986 182.14  34.43  6.09 16.2 221 14:21 -20 -26
 11 11 2019 19 04 13 17 41 38.0654 -22 46 42.6510 0.719   2.09  34.62  6.10 17.1 289 14:19  23  16
 11 11 2019 22 47 33 17 41 45.6419 -22 46 46.7180 0.977   2.08  34.66  6.10 16.3 233 14:18   6 -32
 12 11 2019 00 04 08 17 41 48.2408 -22 46 48.3920 1.349   2.07  34.67  6.10 17.0 214 14:18  -8   8
 12 11 2019 02 14 55 17 41 52.6860 -22 46 49.1210 0.141 182.06  34.69  6.11 16.8 181 14:18  -6   1
 12 11 2019 07 03 57 17 42 02.5068 -22 46 54.5690 0.419   2.06  34.74  6.11 16.2 108 14:17  31 -11
 12 11 2019 07 33 11 17 42 03.4986 -22 46 55.9550 1.313   2.05  34.74  6.11 17.1 101 14:17 -49 -73
 12 11 2019 11 01 48 17 42 10.5944 -22 46 59.8570 1.707   2.04  34.78  6.11 17.1  49 14:17  -4  -6
 12 11 2019 19 59 59 17 42 28.9317 -22 47 06.9480 0.188 182.01  34.87  6.11 15.9 274 14:15  11   8
 12 11 2019 22 21 11 17 42 33.7452 -22 47 10.1650 0.685   2.01  34.89  6.11 16.0 239 14:15   2  -3
 13 11 2019 00 34 39 17 42 38.2991 -22 47 12.5460 0.859   2.01  34.91  6.11 16.7 205 14:15   6  -3
 13 11 2019 01 51 37 17 42 40.9274 -22 47 13.2050 0.247   2.00  34.92  6.12 16.9 186 14:15  -7  -2
 13 11 2019 10 49 49 17 42 59.3167 -22 47 22.9650 1.178   1.98  35.01  6.12 17.0  51 14:13  -8  -2
 13 11 2019 12 27 59 17 43 02.6793 -22 47 22.6370 0.750 181.97  35.02  6.12 15.7  26 14:13   3  -2
 13 11 2019 15 59 02 17 43 09.9010 -22 47 27.0680 0.251   1.96  35.06  6.12 16.7 334 14:13   6 -10
 13 11 2019 16 28 39 17 43 10.9179 -22 47 26.2960 1.000 181.96  35.06  6.12 16.4 326 14:13  13  -8
 13 11 2019 17 29 26 17 43 13.0006 -22 47 26.9820 1.300 181.96  35.07  6.12 15.7 311 14:13   1  -3
 13 11 2019 18 10 24 17 43 14.3989 -22 47 29.6520 0.709   1.96  35.08  6.12 16.9 301 14:12  -1  -6
 14 11 2019 03 56 51 17 43 34.5074 -22 47 39.8490 1.482   1.93  35.17  6.13 15.5 154 14:11   4   0
 14 11 2019 08 18 03 17 43 43.4802 -22 47 42.7940 0.265   1.92  35.21  6.13 16.7  88 14:11   3   6
 15 11 2019 17 52 38 17 44 52.9293 -22 48 15.5090 1.677   1.82  35.52  6.14 15.1 304 14:06  29 -95
 16 11 2019 20 19 45 17 45 47.9763 -22 48 38.3890 0.893   1.74  35.77  6.15 16.3 266 14:03 -121  22
 17 11 2019 04 16 23 17 46 04.5645 -22 48 44.3780 0.044 181.71  35.84  6.15 16.2 146 14:02  11  -8
 17 11 2019 10 20 19 17 46 17.2492 -22 48 47.9560 1.707 181.70  35.89  6.16 17.1  55 14:01  -6 -13
 17 11 2019 11 05 08 17 46 18.8124 -22 48 48.5270 1.778 181.70  35.90  6.16 16.8  44 14:01  -3  -1
 17 11 2019 16 21 36 17 46 29.8476 -22 48 55.7570 0.944   1.69  35.94  6.16 13.0 325 14:00  -2  -6
 17 11 2019 21 20 53 17 46 40.3013 -22 48 59.0570 0.016   1.73  35.99  6.16 17.1 250 14:00  -9  -2
 18 11 2019 05 16 28 17 46 56.9331 -22 49 04.3120 1.389 181.65  36.06  6.16 16.8 131 13:59   7 -18
 18 11 2019 22 51 08 17 47 33.8985 -22 49 18.7020 1.460 181.59  36.21  6.17 14.9 226 13:56  -5   2
 19 11 2019 01 52 03 17 47 40.2501 -22 49 21.7810 0.820 181.59  36.24  6.17 17.1 181 13:56  -2 -26
 19 11 2019 02 05 26 17 47 40.7169 -22 49 23.6480 0.867   1.59  36.24  6.17 16.5 178 13:56  -7   7
 19 11 2019 03 04 14 17 47 42.7825 -22 49 24.4730 0.902   1.58  36.25  6.17 16.6 163 13:56 -19   0
 19 11 2019 11 58 53 17 48 01.5859 -22 49 29.5750 1.117 181.56  36.33  6.17 17.2  29 13:55  -1  -3
 19 11 2019 12 40 04 17 48 03.0320 -22 49 31.9460 0.710   1.55  36.33  6.17 17.1  19 13:55   5   1
 19 11 2019 14 23 03 17 48 06.6581 -22 49 32.6950 0.100   1.55  36.35  6.18 17.0 353 13:54   1  10
 19 11 2019 17 05 01 17 48 12.3602 -22 49 35.5980 0.877   1.54  36.37  6.18 16.9 312 13:54 -55 -88
 20 11 2019 01 28 13 17 48 30.0985 -22 49 41.8460 0.580   1.52  36.44  6.18 17.2 186 13:53  13 -21
