  -0.082  -0.055  732.07   53.37 1.016     76.83    315.33 24.753 24.047 99.999 19.534 18.796 99.999 99.999 99.999  0.224 99.999 99.999 99.999 99.999  99.999  99.999  99.999  99.999  0.039  0.039  0.005  0.004  0.029  0.024  231  242 -0.000 -0.000    0  21.917232021 -13.079513311  6 22 16.07 2009  5 22 2454973.76546379    39  filtro desconhecido   targ_cat_global_reduction_sat_gr1                  Nereida               2044  4098
   0.016  -0.039  732.07   53.37 0.743     76.83    315.33 24.753 24.047 99.999 19.500 18.648 99.999 99.999 99.999  0.224 99.999 99.999 99.999 99.999  99.999  99.999  99.999  99.999  0.023  0.023  0.005  0.004  0.029  0.024  231  251 -0.000 -0.000    0  21.917234257 -13.079507520  6 22 16.07 2009  5 22 2454973.76663197    39  filtro desconhecido   targ_cat_global_reduction_sat_gr1                  Nereida               2044  4098
  -0.046  -0.027  732.07   53.37 0.904     76.83    315.33 24.753 24.047 99.999 19.552 18.840 99.999 99.999 99.999  0.224 99.999 99.999 99.999 99.999  99.999  99.999  99.999  99.999  0.021  0.022  0.005  0.004  0.029  0.024  231  187 -0.000 -0.000    0  21.917233427 -13.079502520  6 22 16.07 2009  5 22 2454973.76779136    39  filtro desconhecido   targ_cat_global_reduction_sat_gr1                  Nereida               2044  4098
  -0.003  -0.031  732.07   53.37 0.975     76.83    315.33 24.753 24.047 99.999 19.316 18.550 99.999 99.999 99.999  0.224 99.999 99.999 99.999 99.999  99.999  99.999  99.999  99.999  0.024  0.024  0.005  0.004  0.027  0.024  231  232 -0.000 -0.000    0  21.917234606 -13.079502273  6 22 16.07 2009  5 22 2454973.76894426    39  filtro desconhecido   targ_cat_global_reduction_sat_gr1                  Nereida               2044  4098
  -0.079  -0.046  732.07   53.37 1.183     76.83    315.33 24.753 24.047 99.999 19.518 18.704 99.999 99.999 99.999  0.224 99.999 99.999 99.999 99.999  99.999  99.999  99.999  99.999  0.000  0.000  0.005  0.004  0.027  0.024  231  208 -0.000 -0.000    0  21.917233501 -13.079505103  6 22 16.07 2009  5 22 2454973.77006880    39  filtro desconhecido   targ_cat_global_reduction_sat_gr1                  Nereida               2044  4098
  -0.031  -0.052  732.07   53.37 1.128     76.83    315.33 24.753 24.047 99.999 19.385 18.623 99.999 99.999 99.999  0.224 99.999 99.999 99.999 99.999  99.999  99.999  99.999  99.999  0.033  0.034  0.005  0.004  0.029  0.022  231  239 -0.000 -0.000    0  21.917234768 -13.079504995  6 22 16.07 2009  5 22 2454973.77122946    39  filtro desconhecido   targ_cat_global_reduction_sat_gr1                  Nereida               2044  4098
   0.021  -0.057  732.07   53.37 1.500     76.83    315.33 24.753 24.047 99.999 19.334 18.627 99.999 99.999 99.999  0.224 99.999 99.999 99.999 99.999  99.999  99.999  99.999  99.999  0.010  0.009  0.006  0.005  0.030  0.026  231  207 -0.000 -0.000    0  21.917236113 -13.079505042  6 22 16.07 2009  5 22 2454973.77239428    39  filtro desconhecido   targ_cat_global_reduction_sat_gr1                  Nereida               2044  4098
   0.010  -0.033  732.07   53.37 0.991     76.83    315.33 24.753 24.047 99.999 19.467 18.736 99.999 99.999 99.999  0.224 99.999 99.999 99.999 99.999  99.999  99.999  99.999  99.999  0.007  0.007  0.003  0.003  0.020  0.020  231  559 -0.000 -0.000    0  21.917236331 -13.079496515  6 22 16.07 2009  5 22 2454973.77377140    39  filtro desconhecido   targ_cat_global_reduction_sat_gr1                  Nereida               2044  4098
  -0.005  -0.061  732.07   53.37 0.621     76.83    315.33 24.753 24.047 99.999 19.640 18.984 99.999 99.999 99.999  0.224 99.999 99.999 99.999 99.999  99.999  99.999  99.999  99.999  0.016  0.016  0.003  0.003  0.020  0.018  231  557 -0.000 -0.000    0  21.917236407 -13.079502734  6 22 16.07 2009  5 22 2454973.77492164    39  filtro desconhecido   targ_cat_global_reduction_sat_gr1                  Nereida               2044  4098
   0.005  -0.042  732.07   53.37 0.822     76.83    315.33 24.753 24.047 99.999 19.611 18.864 99.999 99.999 99.999  0.224 99.999 99.999 99.999 99.999  99.999  99.999  99.999  99.999  0.014  0.014  0.004  0.003  0.022  0.020  231  560 -0.000 -0.000    0  21.917237288 -13.079494575  6 22 16.07 2009  5 22 2454973.77720811    39  filtro desconhecido   targ_cat_global_reduction_sat_gr1                  Nereida               2044  4098
  -0.029  -0.028  732.07   53.37 0.860     76.83    315.33 24.753 24.047 99.999 19.504 18.761 99.999 99.999 99.999  0.224 99.999 99.999 99.999 99.999  99.999  99.999  99.999  99.999  0.022  0.018  0.003  0.003  0.018  0.018  231  649 -0.000 -0.000    0  21.917237007 -13.079489200  6 22 16.07 2009  5 22 2454973.77836414    39  filtro desconhecido   targ_cat_global_reduction_sat_gr1                  Nereida               2044  4098
  -0.004  -0.049  732.07   53.37 0.981     76.83    315.33 24.753 24.047 99.999 19.485 18.771 99.999 99.999 99.999  0.224 99.999 99.999 99.999 99.999  99.999  99.999  99.999  99.999  0.016  0.016  0.003  0.003  0.019  0.018  231  559 -0.000 -0.000    0  21.917237850 -13.079493267  6 22 16.07 2009  5 22 2454973.77951368    39  filtro desconhecido   targ_cat_global_reduction_sat_gr1                  Nereida               2044  4098
  -0.038  -0.039  732.07   53.37 0.816     76.83    315.33 24.753 24.047 99.999 19.496 18.659 99.999 99.999 99.999  0.224 99.999 99.999 99.999 99.999  99.999  99.999  99.999  99.999  0.015  0.015  0.003  0.002  0.019  0.017  231  627 -0.000 -0.000    0  21.917237554 -13.079489294  6 22 16.07 2009  5 22 2454973.78067943    39  filtro desconhecido   targ_cat_global_reduction_sat_gr1                  Nereida               2044  4098
