  -0.076  -0.164 1240.24    4.21 1.667    198.69    130.63 25.107 24.623 99.999 19.395 18.814 99.999 99.999 99.999  0.407 99.999 99.999 99.999 99.999  99.999  99.999  99.999  99.999  0.013  0.013  0.008  0.008  0.030  0.029  435  362 -0.000 -0.001    0  21.459784118 -15.267524612  3 22 47.57 2007 10  9 2454382.64897740    79  filtro desconhecido   targ_cat_global_reduction_sat_gr1                  Nereida               2044  4098
  -0.031  -0.160 1306.93    8.49 1.071     64.79    178.81 25.998 25.707 99.999 19.327 18.572 99.999 99.999 99.999  0.703 99.999 99.999 99.999 99.999  99.999  99.999  99.999  99.999  0.001  0.001  0.004  0.004  0.030  0.030  545  450 -0.000 -0.000    0  21.459008599 -15.271301082  2 43 59.25 2007 10 10 2454383.62846754    79  filtro desconhecido   targ_cat_global_reduction_sat_gr1                  Nereida               2044  4098
  -0.096  -0.079  323.81   19.26 1.933    210.38    -56.78 24.358 23.877 99.999 19.791 19.320 99.999 99.999 99.999  0.162 99.999 99.999 99.999 99.999  99.999  99.999  99.999  99.999  0.010  0.011  0.005  0.005  0.029  0.026  378  271  0.000  0.000    0  21.457509496 -15.278560078  3 17  2.59 2007 10 12 2454385.63887854    79  filtro desconhecido   targ_cat_global_reduction_sat_gr1                  Nereida               2044  4098
   0.287   1.090  323.81   19.26 0.739    210.38    -56.78 24.358 23.877 99.999 19.762 19.363 99.999 99.999 99.999  0.162 99.999 99.999 99.999 99.999  99.999  99.999  99.999  99.999  0.039  0.046  0.005  0.006  0.024  0.030  378  275  0.000  0.000    0  21.457512408 -15.278255845  3 17  2.59 2007 10 12 2454385.64490010    79  filtro desconhecido   targ_cat_global_reduction_sat_gr1                  Nereida               2044  4098
   0.487   0.991  323.81   19.26 1.901    210.38    -56.78 24.358 23.877 99.999 19.614 19.068 99.999 99.999 99.999  0.162 99.999 99.999 99.999 99.999  99.999  99.999  99.999  99.999  0.022  0.029  0.004  0.005  0.028  0.031  378  275  0.000  0.000    0  21.457509929 -15.278312213  3 17  2.59 2007 10 12 2454385.65347168    79  filtro desconhecido   targ_cat_global_reduction_sat_gr1                  Nereida               2044  4098
  -0.162  -0.033 1343.28    6.31 1.284     17.66    122.93 24.511 24.000 99.999 19.210 18.687 99.999 99.999 99.999  0.144 99.999 99.999 99.999 99.999  99.999  99.999  99.999  99.999  0.010  0.010  0.006  0.006  0.030  0.030  346  370 -0.000 -0.000    0  21.456828276 -15.281859763  2 36 12.04 2007 10 13 2454386.61662683    79  filtro desconhecido   targ_cat_global_reduction_sat_gr1                  Nereida               2044  4098
   0.024  -0.169 1970.21  113.67 2.424    761.97    412.48 99.999 99.999 99.999 18.807 18.326 99.999 99.999 99.999  0.136 99.999  0.040  0.080  0.100  99.999  99.999  99.999  99.999  0.011  0.009  0.016  0.018  0.034  0.037   98  106 -0.001 -0.000    0  21.916570588 -13.082464942  9 59 50.99 2009  5 20 2454971.91656241    39  filtro desconhecido   targ_cat_global_reduction_sat_gr1                  Nereida               2044  4098
   0.000  -0.076  732.07   53.37 1.201     76.83    315.33 24.753 24.047 99.999 19.353 18.580 99.999 99.999 99.999  0.224 99.999 99.999 99.999 99.999  99.999  99.999  99.999  99.999  0.019  0.019  0.003  0.003  0.020  0.018  231  587 -0.000 -0.000    0  21.917236862 -13.079505438  6 22 16.07 2009  5 22 2454973.77605116    39  filtro desconhecido   targ_cat_global_reduction_sat_gr1                  Nereida               2044  4098
   0.207  -0.030   36.07   56.50 2.462     58.54    154.55 24.841 24.295 99.999 18.230 17.674 99.999 99.999 99.999  0.157 99.999 99.999 99.999 99.999  99.999  99.999  99.999  99.999  0.038  0.023  0.010  0.009  0.035  0.034  212  244  0.001 -0.000    0  21.917541460 -13.078214412  6 17 48.28 2009  5 23 2454974.76236432    39  filtro desconhecido   targ_cat_global_reduction_sat_gr1                  Nereida               2044  4098
   0.232   0.050   36.07   56.50 0.873     58.54    154.55 24.841 24.295 99.999 19.535 18.649 99.999 99.999 99.999  0.157 99.999 99.999 99.999 99.999  99.999  99.999  99.999  99.999  0.026  0.056  0.011  0.010  0.034  0.030  212  265  0.001 -0.000    0  21.917542584 -13.078189626  6 17 48.28 2009  5 23 2454974.76468841    39  filtro desconhecido   targ_cat_global_reduction_sat_gr1                  Nereida               2044  4098
   0.346   0.062   36.07   56.50 1.074     58.54    154.55 24.841 24.295 99.999 19.856 19.234 99.999 99.999 99.999  0.157 99.999 99.999 99.999 99.999  99.999  99.999  99.999  99.999  0.004  0.004  0.013  0.010  0.037  0.029  212  242  0.001 -0.000    0  21.917545047 -13.078185362  6 17 48.28 2009  5 23 2454974.76584398    39  filtro desconhecido   targ_cat_global_reduction_sat_gr1                  Nereida               2044  4098
   0.304   0.032   36.07   56.50 0.872     58.54    154.55 24.841 24.295 99.999 19.517 18.760 99.999 99.999 99.999  0.157 99.999 99.999 99.999 99.999  99.999  99.999  99.999  99.999  0.019  0.019  0.010  0.009  0.031  0.030  212  257  0.001 -0.000    0  21.917544588 -13.078192198  6 17 48.28 2009  5 23 2454974.76699885    39  filtro desconhecido   targ_cat_global_reduction_sat_gr1                  Nereida               2044  4098
   0.522   0.107   36.07   56.50 2.071     58.54    154.55 24.841 24.295 99.999 17.895 17.288 99.999 99.999 99.999  0.157 99.999 99.999 99.999 99.999  99.999  99.999  99.999  99.999  0.085  0.061  0.012  0.009  0.035  0.027  212  263  0.001 -0.000    0  21.917549026 -13.078169875  6 17 48.28 2009  5 23 2454974.76815754    39  filtro desconhecido   targ_cat_global_reduction_sat_gr1                  Nereida               2044  4098
   0.296   0.011   36.07   56.50 0.865     58.54    154.55 24.841 24.295 99.999 19.547 19.057 99.999 99.999 99.999  0.157 99.999 99.999 99.999 99.999  99.999  99.999  99.999  99.999  0.007  0.007  0.011  0.012  0.029  0.032  212  268  0.001 -0.000    0  21.917545353 -13.078194055  6 17 48.28 2009  5 23 2454974.77042884    39  filtro desconhecido   targ_cat_global_reduction_sat_gr1                  Nereida               2044  4098
   0.351  -0.051   36.07   56.50 1.086     58.54    154.55 24.841 24.295 99.999 19.430 18.612 99.999 99.999 99.999  0.157 99.999 99.999 99.999 99.999  99.999  99.999  99.999  99.999  0.029  0.029  0.006  0.003  0.040  0.023  212  311  0.001 -0.000    0  21.917548067 -13.078204818  6 17 48.28 2009  5 23 2454974.77653853    39  filtro desconhecido   targ_cat_global_reduction_sat_gr1                  Nereida               2044  4098
   0.842  -0.041 1036.83    9.20 4.717   2075.08    520.53 23.708 23.240 99.999 17.126 16.557 99.999 99.999 99.999  0.199 99.999  0.030  0.050  0.060  99.999  99.999   0.005   0.003  0.004  0.004  0.004  0.004  0.015  0.018  257  280 -0.000  0.000    0  21.917824530 -13.077106854  6 21 35.51 2009  5 24 2454975.77379811    39  filtro desconhecido   targ_cat_global_reduction_sat_gr1                  Nereida               2044  4098
   0.079  -0.151 1036.83    9.20 1.372   2075.08    520.53 23.708 23.240 99.999 19.397 18.780 99.999 99.999 99.999  0.199 99.999  0.030  0.050  0.060  99.999  99.999   0.005   0.003  0.000  0.000  0.012  0.009  0.041  0.031  257  161 -0.000 -0.000    0  21.917810343 -13.077136434  6 21 35.51 2009  5 24 2454975.77505867    39  filtro desconhecido   targ_cat_global_reduction_sat_gr1                  Nereida               2044  4098
   0.120   0.035 1036.83    9.20 1.906   2075.08    520.53 23.708 23.240 99.999 18.687 18.194 99.999 99.999 99.999  0.199 99.999  0.030  0.050  0.060  99.999  99.999   0.005   0.003  0.000  0.000  0.003  0.003  0.018  0.021  257  338 -0.000  0.000    0  21.917817087 -13.077060989  6 21 35.51 2009  5 24 2454975.80092359    39  filtro desconhecido   targ_cat_global_reduction_sat_gr1                  Nereida               2044  4098
   0.150   0.057 1036.83    9.20 0.774   2075.08    520.53 23.708 23.240 99.999 19.580 18.924 99.999 99.999 99.999  0.199 99.999  0.030  0.050  0.060  99.999  99.999   0.005   0.003  0.049  0.055  0.007  0.006  0.032  0.029  257  184 -0.000  0.000    0  21.917820209 -13.077044682  6 21 35.51 2009  5 24 2454975.81214969    39  filtro desconhecido   targ_cat_global_reduction_sat_gr1                  Nereida               2044  4098
  -0.015   0.017 1160.86   31.65 1.573     44.14    275.89 24.366 23.613 99.999 19.138 18.655 99.999 99.999 99.999  0.150 99.999 99.999 99.999 99.999  99.999  99.999  99.999  99.999  0.017  0.017  0.005  0.005  0.025  0.028  168  183 -0.000 -0.000    0  21.917825380 -13.077021356  8 20 58.09 2009  5 24 2454975.84930392    39  filtro desconhecido   targ_cat_global_reduction_sat_gr1                  Nereida               2044  4098
