  -129.5  -205.8  63.3  48.2     4  -129.5  -205.8  63.3  48.2     4   0.00 120.0  2.0   19 09 32.19295 -23 35 13.2861 03 26 41.5000 22 06 1996 2450256.6435358799 1996.474041166  19.1589424875 -23.5870239265 18.1  46.5  50.8    50 Ananke                0.0000 160/LNA              Varios               Altair               PRAIA V.0.1.0        1rd degree           UCAC4                JUP300               23 Sep 2013                                                  
   -93.4  -390.0  98.4 110.6     5   -93.4  -390.0  98.4 110.6     5   0.00 120.0  2.0   18 52 35.27605 -23 51 38.6353 01 57 38.3780 25 07 1996 2450289.5816941899 1996.564220928  18.8764655708 -23.8607320358 18.8  48.4  44.8    83 Ananke                0.0000 160/LNA              Varios               Altair               PRAIA V.0.1.0        1rd degree           UCAC4                JUP300               23 Sep 2013                                                  
    52.7  -172.0  60.0   7.9     3    52.7  -172.0  60.0   7.9     3   0.00 120.0  2.0   18 46 42.24192 -23 26 37.1150 22 54 32.3332 01 10 1996 2450358.4545408934 1996.752784506  18.7784005340 -23.4436430473 20.0  58.0  52.3    53 Ananke                0.0000 160/LNA              Varios               Altair               PRAIA V.0.1.0        1rd degree           UCAC4                JUP300               23 Sep 2013                                                  
   139.3   227.0  30.4   5.6     3   139.3   227.0  30.4   5.6     3   0.00 120.0  2.0   23 41  3.60870 -03 14 26.0801 03 40 40.0002 03 09 1998 2451059.6532407431 1998.672561918  23.6843357503  -3.2405777970 18.0  35.7  71.3     4 Ananke                0.0000 160/LNA              Varios               Altair               PRAIA V.0.1.0        1rd degree           UCAC4                JUP300               23 Sep 2013                                                  
   -24.4  -188.6  26.4  10.0     5   -24.4  -188.6  26.4  10.0     5   0.00 120.0  2.0   19 21 20.78014 -22 50 36.5524 07 05 19.4401 09 07 2008 2454656.7953638900 2008.521000311  19.3557722598 -22.8434867826 18.6  43.6  50.8    40 Ananke                0.0000 160/LNA              Varios               Altair               PRAIA V.0.1.0        1rd degree           UCAC4                JUP300               23 Sep 2013                                                  
   -77.5  -123.3  52.9  35.5     4   103.6  -370.0 407.5 552.6     5  20.00 120.0  2.0   19 02  6.92909 -22 48  0.4771 01 26 59.3326 24 09 2008 2454733.5604089424 2008.731171550  19.0352580815 -22.8001325260 19.9  46.0  49.0    45 Ananke                0.0000 160/LNA              Varios               Altair               PRAIA V.0.1.0        1rd degree           UCAC4                JUP300               23 Sep 2013                                                  
    21.5   -97.0  82.8  65.2    28    23.1  -113.0  84.7 103.6    33  15.15 120.0  2.0   00 10  1.82011 +00 07  4.4545 07 49 15.6071 19 06 2010 2455366.8258750825 2010.464957905   0.1671722520   0.1179040217 18.4  92.7  64.3     4 Ananke                0.0000 160/LNA              Varios               Altair               PRAIA V.0.1.0        1rd degree           UCAC4                JUP300               23 Sep 2013                                                  
    -5.3    81.3  66.6  35.4     9    -9.0    69.8  63.8  49.4    10  10.00 120.0  2.0   00 16 23.68093 -00 06 35.5348 08 05 45.7778 20 06 2010 2455367.8373353910 2010.467727133   0.2732447040  -0.1098707776 21.5   6.2  81.1     3 Callirrhoe            0.0000 IAG/LNA              Varios               Altair               PRAIA V.0.1.1        1rd degree           UCAC4                JUP300               23 Jan 2014                                                  
  -278.0   -46.7  41.7  12.5     3  -278.0   -46.7  41.7  12.5     3   0.00 120.0  2.0   18 57 16.09293 -23 09 10.8277 03 03 04.3335 22 06 1996 2450256.6271334901 1996.473996258  18.9544702570 -23.1530076847 17.4  51.3  47.3    68 Carme                 0.0000 160/LNA              Varios               Altair               PRAIA V.0.1.0        1rd degree           UCAC4                JUP300               23 Sep 2013                                                  
  -127.1  -103.6  30.6  69.5     8  -112.7  -107.6  52.0  66.0     9  11.11 120.0  2.0   18 41 27.08255 -23 23  4.8938 03 42 49.3113 26 07 1996 2450290.6547373990 1996.567158760  18.6908562647 -23.3846927326 17.5  55.8  46.9   102 Carme                 0.0000 160/LNA              Varios               Altair               PRAIA V.0.1.0        1rd degree           UCAC4                JUP300               23 Sep 2013                                                  
   -89.0    21.0  68.8  51.0     3   -89.0    21.0  68.8  51.0     3   0.00 120.0  2.0   18 42 31.30587 -23 09  3.5124 22 50 59.3330 01 10 1996 2450358.4520756132 1996.752777756  18.7086960743 -23.1509756720 18.3  56.0  49.0    55 Carme                 0.0000 160/LNA              Varios               Altair               PRAIA V.0.1.0        1rd degree           UCAC4                JUP300               23 Sep 2013                                                  
    14.9  -120.1  26.0  26.0    26    25.3  -120.8  45.8  29.6    28   7.14  80.0  2.0   16 37 55.44752 -22 01 52.1825 00 48 28.9389 19 08 2007 2454331.5336682741 2007.630482322  16.6320687558 -22.0311618051 17.5  39.8  53.1     5 Carme                 0.0000 160/LNA              varios               Altair               PRAIA V.0.1.1        1rd degree           UCAC4                JUP300               01 Aug 2014          Irregular                               
  -130.3    97.5  20.0  23.3    12  -137.6    98.5  32.6  30.8    15  20.00  80.0  2.0   19 08  4.54509 -22 41 51.8877 06 49 36.7008 11 07 2008 2454658.7844525557 2008.526446139  19.1345958576 -22.6977465920 17.7  53.4  56.6    49 Carme                 0.0000 160/LNA              varios               Altair               PRAIA V.0.1.1        1rd degree           UCAC4                JUP300               01 Aug 2014          Irregular                               
   -35.2   117.9  29.5  16.3    10   -35.2   117.9  29.5  16.3    10   0.00 120.0  2.0   18 54 45.67838 -22 53 19.3996 23 31 16.9981 19 09 2008 2454729.4800578482 2008.720000158  18.9126884384 -22.8887221011 18.2  55.1  50.2    53 Carme                 0.0000 160/LNA              Varios               Altair               PRAIA V.0.1.0        1rd degree           UCAC4                JUP300               23 Sep 2013                                                  
   -24.0   -58.5   6.2   6.3     6   -24.9   -63.3   6.1  13.9     7  14.29  80.0  2.0   07 33 28.02239 +21 07 13.4626 06 13 43.3655 10 11 2013 2456606.7595296935 2013.859711238   7.5577839983  21.1204062848 18.0  39.7  56.8    14 Carme                 0.0000 160/LNA              varios               Altair               PRAIA V.0.1.1        1rd degree           UCAC4                JUP300               01 Aug 2014          Irregular                               
  -115.7   -73.8  13.1   9.2     4  -115.7   -73.8  13.1   9.2     4   0.00 120.0  2.0   19 00  3.47857 -22 24  4.0451 01 17 21.5000 22 06 1996 2450256.5537210652 1996.473795266  19.0009662707 -22.4011236408 16.8  48.8  41.2    57 Elara                 0.0000 160/LNA              Varios               Altair               PRAIA V.0.1.0        1rd degree           UCAC4                JUP300               23 Sep 2013                                                  
  -717.0  -179.8  24.0  10.2     4  -717.0  -179.8  24.0  10.2     4   0.00 120.0  2.0   18 58 46.21780 -22 27 57.4586 01 41 18.4999 25 06 1996 2450259.5703530074 1996.482054354  18.9795049450 -22.4659607250 16.6  59.3  47.5    41 Elara                 0.0000 160/LNA              Varios               Altair               PRAIA V.0.1.0        1rd degree           UCAC4                JUP300               23 Sep 2013                                                  
   -82.0   -31.3  50.1   8.5     4   -82.0   -31.3  50.1   8.5     4   0.00 120.0  2.0   18 58 19.62150 -22 29 20.4508 02 33 36.2500 26 06 1996 2450260.6066695601 1996.484891634  18.9721170823 -22.4890141247 16.8  49.3  45.0    51 Elara                 0.0000 160/LNA              Varios               Altair               PRAIA V.0.1.0        1rd degree           UCAC4                JUP300               23 Sep 2013                                                  
    43.6   -27.7  12.1  14.3    13    43.6   -27.7  12.1  14.3    13   0.00 120.0  2.0   18 46 31.73726 -23 11 58.2983 00 23 14.1323 25 07 1996 2450289.5161357909 1996.564041439  18.7754825731 -23.1995273064 17.1  51.2  45.0    56 Elara                 0.0000 160/LNA              Varios               Altair               PRAIA V.0.1.0        1rd degree           UCAC4                JUP300               23 Sep 2013                                                  
   103.0   -27.3   7.2  11.9     6   103.0   -27.3   7.2  11.9     6   0.00 120.0  2.0   18 45 47.46380 -23 14 51.3886 02 06 33.2052 27 07 1996 2450291.5878843199 1996.569713577  18.7631843900 -23.2476079420 17.1  51.5  56.2    69 Elara                 0.0000 160/LNA              Varios               Altair               PRAIA V.0.1.0        1rd degree           UCAC4                JUP300               23 Sep 2013                                                  
   -81.2  -172.5  61.6  49.9     4   -81.2  -172.5  61.6  49.9     4   0.00 120.0  2.0   21 20 31.78688 -16 52  4.0375 03 36 11.5001 14 08 1997 2450674.6501331022 1997.618480857  21.3421630217 -16.8677882082 16.2  70.0  58.8     5 Elara                 0.0000 160/LNA              Varios               Altair               PRAIA V.0.1.0        1rd degree           UCAC4                JUP300               23 Sep 2013                                                  
    34.0   -52.7  49.1   5.7     3    34.0   -52.7  49.1   5.7     3   0.00 120.0  2.0   18 43 16.91131 -23 48 24.2313 22 27 48.3636 01 10 1996 2450358.4359764298 1996.752733679  18.7213642540 -23.8067309140 17.7  51.7  53.0    81 Elara                 0.0000 160/LNA              Varios               Altair               PRAIA V.0.1.0        1rd degree           UCAC4                JUP300               23 Sep 2013                                                  
   116.5   -94.0  36.6  68.2     4   116.5   -94.0  36.6  68.2     4   0.00 120.0  2.0   21 19 56.09543 -16 54 14.4383 03 32 58.9998 15 08 1997 2450675.6479050899 1997.621212608  21.3322487313 -16.9040106350 15.9  61.8  17.3     5 Elara                 0.0000 160/LNA              Varios               Altair               PRAIA V.0.1.0        1rd degree           UCAC4                JUP300               23 Sep 2013                                                  
    42.6   -44.1   9.5   8.4    14    16.7   -55.9 100.5  46.1    15   6.67  80.0  2.0   22 00  2.46635 -13 40 34.3344 06 19 41.5214 21 06 2009 2455003.7636750159 2009.470947775  22.0006850968 -13.6762040081 17.2  64.6  32.4     5 Elara                 0.0000 160/LNA              varios               Altair               PRAIA V.0.1.1        1rd degree           UCAC4                JUP300               01 Aug 2014          Irregular                               
    97.7   -50.0   9.1  10.8    25    70.8   -46.1  68.6  20.0    35  28.57 120.0  2.0   22 00  3.84686 -13 41  5.4527 06 33 53.4304 22 06 2009 2455004.7735350742 2009.473712621  22.0010685726 -13.6848479772 17.1  66.8  18.8     4 Elara                 0.0000 160/LNA              Varios               Altair               PRAIA V.0.1.0        1rd degree           UCAC4                JUP300               23 Sep 2013                                                  
    57.7   -16.7   7.9   4.7    12    29.0     7.1  59.4  87.2    20  40.00  80.0  2.0   22 00  4.06077 -13 42 18.9412 07 55 00.4466 24 06 2009 2455006.8298662798 2009.479342549  22.0011279910 -13.7052614388 17.2  86.4  37.6     5 Elara                 0.0000 160/LNA              varios               Altair               PRAIA V.0.1.1        1rd degree           UCAC4                JUP300               01 Aug 2014          Irregular                               
  -215.2   295.7  22.2  39.5     6  -142.1   259.8 202.6  93.2     9  33.33 120.0  2.0   23 41  4.16637 -03 57 30.4878 03 21 33.1668 20 10 2010 2455489.6399672083 2010.801204564  23.6844906572  -3.9584688305 16.5  17.7  18.2     3 Elara                 0.0000 160/LNA              Varios               Altair               PRAIA V.0.1.0        1rd degree           UCAC4                JUP300               23 Sep 2013                                                  
    50.7  -108.3  21.1  21.5     3    50.7  -108.3  21.1  21.5     3   0.00 120.0  2.0   16 30 30.04450 -20 47 13.5521 03 51 56.9569 09 06 1995 2449877.6610758901 1995.436443739  16.5083456947 -20.7870978027 14.5  60.3  47.3    13 Himalia               0.0000 160/LNA              Varios               Altair               PRAIA V.0.1.1        1rd degree           UCAC4                JUP300               23 Jan 2014                                                  
  -599.5    -5.8   9.3   5.1     4  -599.5    -5.8   9.3   5.1     4   0.00 120.0  2.0   19 05 46.92643 -22 42 48.9972 01 30 37.7600 21 06 1996 2450255.5629370376 1996.471082647  19.0963684520 -22.7136103405 15.0  51.3  45.0    43 Himalia               0.0000 160/LNA              Varios               Altair               PRAIA V.0.1.1        1rd degree           UCAC4                JUP300               23 Jan 2014                                                  
  -214.0    34.8   2.9   6.8     4  -214.0    34.8   2.9   6.8     4   0.00 120.0  2.0   19 03 58.12432 -22 43 27.7980 01 18 54.9997 24 06 1996 2450258.5548032373 1996.479273930  19.0661456437 -22.7243883213 14.9  43.0  41.0    38 Himalia               0.0000 160/LNA              Varios               Altair               PRAIA V.0.1.1        1rd degree           UCAC4                JUP300               23 Jan 2014                                                  
 -1130.8     0.0  18.3   4.7     4 -1130.8     0.0  18.3   4.7     4   0.00 120.0  2.0   19 03 20.60591 -22 43 40.5136 01 25 14.0000 25 06 1996 2450259.5591898151 1996.482023791  19.0557238635 -22.7279204505 14.7  50.0  40.8    49 Himalia               0.0000 160/LNA              Varios               Altair               PRAIA V.0.1.1        1rd degree           UCAC4                JUP300               23 Jan 2014                                                  
  -201.7    27.7  17.4   4.3     4  -201.7    27.7  17.4   4.3     4   0.00 120.0  2.0   19 02 41.75905 -22 43 53.3645 02 10 46.7502 26 06 1996 2450260.5908188676 1996.484848237  19.0449330697 -22.7314901472 14.7  52.8  48.5    49 Himalia               0.0000 160/LNA              Varios               Altair               PRAIA V.0.1.1        1rd degree           UCAC4                JUP300               23 Jan 2014                                                  
   -79.9   -34.1   7.8  11.8    15   -77.9   -35.2   9.9  17.3    18  16.67 120.0  2.0   18 43 56.93420 -22 48 34.4497 00 05 36.2587 25 07 1996 2450289.5038918825 1996.564007917  18.7324817217 -22.8095693501 15.1  52.7  51.3    87 Himalia               0.0000 160/LNA              Varios               Altair               PRAIA V.0.1.1        1rd degree           UCAC4                JUP300               23 Jan 2014                                                  
    14.9   -48.3   4.7   9.8     9    14.9   -48.3   4.7   9.8     9   0.00 120.0  2.0   18 43 18.06603 -22 48 43.2214 02 33 13.9022 26 07 1996 2450290.6064109057 1996.567026450  18.7216850090 -22.8120059384 15.2  49.3  53.3   100 Himalia               0.0000 160/LNA              Varios               Altair               PRAIA V.0.1.1        1rd degree           UCAC4                JUP300               23 Jan 2014                                                  
   -16.3    -2.5   5.8  26.4     8    90.7    85.6 331.2 286.1    10  20.00 120.0  2.0   18 42 44.42870 -22 48 50.8964 01 53 44.1987 27 07 1996 2450291.5789837814 1996.569689209  18.7123413056 -22.8141378911 15.0  54.4  53.3    81 Himalia               0.0000 160/LNA              Varios               Altair               PRAIA V.0.1.1        1rd degree           UCAC4                JUP300               23 Jan 2014                                                  
    53.0   -15.3  28.6   8.1     3    53.0   -15.3  28.6   8.1     3   0.00 120.0  2.0   18 35 26.80430 -23 01 40.7409 23 20 59.9931 30 09 1996 2450357.4729165868 1996.750096965  18.5907789717 -23.0279835707 15.8  54.3  53.7    92 Himalia               0.0000 160/LNA              Varios               Altair               PRAIA V.0.1.1        1rd degree           UCAC4                JUP300               23 Jan 2014                                                  
    47.0   -16.8   9.3   4.9     4    47.0   -16.8   9.3   4.9     4   0.00 120.0  2.0   21 13 49.45499 -17 19 18.1988 03 24 13.9999 15 08 1997 2450675.6418287028 1997.621195971  21.2304041635 -17.3217218898 14.7  32.3  12.3     3 Himalia               0.0000 160/LNA              Varios               Altair               PRAIA V.0.1.1        1rd degree           UCAC4                JUP300               23 Jan 2014                                                  
    20.5  -140.0  16.0  37.0     4    20.5  -140.0  16.0  37.0     4   0.00 120.0  2.0   21 04 29.15737 -17 54 25.3642 23 58 32.0001 23 10 1997 2450745.4989814823 1997.812454432  21.0747659355 -17.9070456128 16.1  49.8  74.3     7 Himalia               0.0000 160/LNA              Varios               Altair               PRAIA V.0.1.1        1rd degree           UCAC4                JUP300               23 Jan 2014                                                  
   -83.1    27.6  13.5   7.7    32   -82.2    26.3  23.2   8.8    42  23.81  80.0  2.0   19 03  1.25158 -23 13  7.1356 23 23 17.3784 30 07 2008 2454678.4745066948 2008.580354570  19.0503476607 -23.2186487845 15.2  53.2  51.3    58 Himalia               0.0000 160/LNA              varios               Altair               PRAIA V.0.1.1        1rd degree           UCAC4                JUP300               01 Aug 2014          Irregular                               
   -80.8     1.8  14.1   6.5    17   -80.2     2.7  13.9   7.4    18   5.56  80.0  2.0   22 00 39.69330 -13 18 27.4223 08 10 08.6776 21 06 2009 2455003.8403782127 2009.471157777  22.0110259171 -13.3076173049 15.6  51.7  26.4     6 Himalia               0.0000 160/LNA              varios               Altair               PRAIA V.0.1.1        1rd degree           UCAC4                JUP300               01 Aug 2014          Irregular                               
  -110.2   -10.2   3.1   7.5    23  -110.6    -8.6   6.9   7.9    32  28.13 120.0  2.0   22 00 37.42498 -13 18 11.6573 08 38 52.3853 22 06 2009 2455004.8603285332 2009.473950249  22.0103958264 -13.3032381298 15.4  21.8  28.6     6 Himalia               0.0000 160/LNA              Varios               Altair               PRAIA V.0.1.1        1rd degree           UCAC4                JUP300               23 Jan 2014                                                  
   -87.8   -40.7   5.8   3.7    26   -86.4   -39.5  11.3   7.8    43  39.53 120.0  2.0   22 00 34.32687 -13 18  0.3455 08 29 09.7073 23 06 2009 2455005.8535845759 2009.476669636  22.0095352417 -13.3000959758 15.5  37.3  45.2     7 Himalia               0.0000 160/LNA              Varios               Altair               PRAIA V.0.1.1        1rd degree           UCAC4                JUP300               23 Jan 2014                                                  
  -133.0   -21.0   5.4   5.4    27  -133.0   -21.3   5.5   8.4    32  15.63  80.0  2.0   22 00 30.26645 -13 17 52.8954 08 34 56.2181 24 06 2009 2455006.8575951173 2009.479418467  22.0084073480 -13.2980265060 15.6  30.9  41.1     5 Himalia               0.0000 160/LNA              varios               Altair               PRAIA V.0.1.1        1rd degree           UCAC4                JUP300               01 Aug 2014          Irregular                               
     3.9   -32.2  12.2  11.7    25    -1.0   -34.3  28.4  12.4    31  19.35 120.0  2.0   23 44 32.37280 -03 44  0.1842 03 06 06.2800 20 10 2010 2455489.6292393515 2010.801175193  23.7423257772  -3.7333845002 15.0 104.8  25.0     5 Himalia               0.0000 160/LNA              Varios               Altair               PRAIA V.0.1.1        1rd degree           UCAC4                JUP300               23 Jan 2014
    15.3    27.9  11.6  21.6    26    14.0    28.8  12.4  23.5    28   7.14  80.0  2.0   07 32  2.47585 +22 05 40.1642 05 49 32.9155 09 11 2013 2456605.7427420770 2013.856927425   7.5340210708  22.0944900542 15.5  54.6  65.6    19 Himalia               0.0000 160/LNA              varios               Altair               PRAIA V.0.1.1        1rd degree           UCAC4                JUP300               01 Aug 2014          Irregular                                                                                 
  -140.5  -175.0  38.9  25.5     2  -140.5  -175.0  38.9  25.5     2   0.00 120.0  2.0   18 58 49.92939 -22 31  7.7821 03 31 27.5000 24 06 1996 2450258.6468460653 1996.479525930  18.9805359425 -22.5188283610 19.7  30.5  51.0    53 Leda                  0.0000 160/LNA              Varios               Altair               PRAIA V.0.1.0        1rd degree           UCAC4                JUP300               23 Sep 2013                                                  
   152.8   -63.3  46.0  56.3     4   257.6   -91.2 237.8  79.3     5  20.00  80.0  2.0   19 18  2.14710 -21 56 12.7453 06 33 51.2150 09 07 2008 2454656.7735094326 2008.520940477  19.3005964167 -21.9368736912 19.6  54.3  60.0    39 Leda                  0.0000 160/LNA              varios               Altair               PRAIA V.0.1.1        1rd degree           UCAC4                JUP300               01 Aug 2014          Irregular                               
  -133.5   -44.8  16.4   7.8     4  -133.5   -44.8  16.4   7.8     4   0.00 120.0  2.0   19 06 20.71890 -22 28 17.4122 02 38 01.7500 22 06 1996 2450256.6097424775 1996.473948644  19.1057552508 -22.4715034022 18.1  43.3  40.3    48 Lysithea              0.0000 160/LNA              Varios               Altair               PRAIA V.0.1.0        1rd degree           UCAC4                JUP300               23 Sep 2013                                                  
   163.6    28.8  51.7  51.8     5   163.6    28.8  51.7  51.8     5   0.00 120.0  2.0   18 45 37.82035 -22 43  6.8798 01 17 34.1819 25 07 1996 2450289.5538678458 1996.564144744  18.7605056536 -22.7185777146 18.3  49.8  49.4    93 Lysithea              0.0000 160/LNA              Varios               Altair               PRAIA V.0.1.0        1rd degree           UCAC4                JUP300               23 Sep 2013                                                  
   204.0    49.9  63.2  40.0     7   184.2    41.6  98.6  81.4     9  22.22 120.0  2.0   18 44 58.34080 -22 43 45.0998 03 30 24.7743 26 07 1996 2450290.6461200728 1996.567135167  18.7495391116 -22.7291944010 17.8  47.4  43.9    63 Lysithea              0.0000 160/LNA              Varios               Altair               PRAIA V.0.1.0        1rd degree           UCAC4                JUP300               23 Sep 2013                                                  
   176.0  -131.7  56.0  53.0     4   176.0  -131.7  56.0  53.0     4   0.00 120.0  2.0   21 13 25.22830 -17 36 52.9917 04 04 56.5000 14 08 1997 2450674.6700983802 1997.618535519  21.2236745267 -17.6147199042 17.4  75.8  26.5     5 Lysithea              0.0000 160/LNA              Varios               Altair               PRAIA V.0.1.0        1rd degree           UCAC4                JUP300               23 Sep 2013                                                  
    73.8   -79.2  40.0  20.3     4    73.8   -79.2  40.0  20.3     4   0.00 120.0  2.0   21 12 57.97751 -17 39 13.8967 04 10 47.5000 15 08 1997 2450675.6741608800 1997.621284492  21.2161048635 -17.6538601847 18.1  74.5  21.3     5 Lysithea              0.0000 160/LNA              Varios               Altair               PRAIA V.0.1.0        1rd degree           UCAC4                JUP300               23 Sep 2013                                                  
    24.7    46.7  20.5   6.3     7     3.7    49.6  64.6  11.4     9  22.22 120.0  2.0   18 52 26.14612 -22 59 21.1779 23 58 59.6387 19 09 2008 2454729.4993013744 2008.720052844  18.8739294770 -22.9892160969 18.9  55.9  51.6    48 Lysithea              0.0000 160/LNA              Varios               Altair               PRAIA V.0.1.0        1rd degree           UCAC4                JUP300               23 Sep 2013                                                  
    93.6    68.0  22.9  17.1     5    93.6    68.0  22.9  17.1     5   0.00 120.0  2.0   18 52 55.10368 -23 01 13.4649 23 39 54.3141 23 09 2008 2454733.4860453019 2008.730967954  18.8819732434 -23.0204069250 18.4  58.2  55.2    60 Lysithea              0.0000 160/LNA              Varios               Altair               PRAIA V.0.1.0        1rd degree           UCAC4                JUP300               23 Sep 2013                                                  
    79.8  -110.1  14.0  16.3    17    84.0  -109.3  18.2  36.6    20  15.00 120.0  2.0   00 05  4.70109 -01 15  2.6343 07 11 03.8824 20 06 2010 2455367.7993504913 2010.467623136   0.0846391903  -1.2507317475 18.7  47.0 112.1     4 Lysithea              0.0000 160/LNA              Varios               Altair               PRAIA V.0.1.0        1rd degree           UCAC4                JUP300               23 Sep 2013                                                  
   -67.0   -63.0  31.2  41.6     4   -67.0   -63.0  31.2  41.6     4   0.00  80.0  2.0   19 19 20.73885 -21 25 44.0582 07 26 09.4999 09 06 1992 2448782.8098321753 1992.438904400  19.3224274590 -21.4289050625 19.3  52.0  50.5    35 Nereida               0.0000 160/LNA              varios               Altair               PRAIA V.0.1.1        1rd degree           UCAC4                NEP-081              01 Aug 2014          Irregular                               
    44.2   -83.0  11.6  19.6    10    47.5   -86.9  16.3  25.6    12  16.67  80.0  2.0   19 45 19.13508 -20 40 11.2286 04 30 44.7000 07 07 1995 2449905.6880173609 1995.513177323  19.7553152992 -20.6697857167 18.8  62.7  69.9    12 Nereida               0.0000 160/LNA              varios               Altair               PRAIA V.0.1.1        1rd degree           UCAC4                NEP-081              01 Aug 2014          Irregular                               
    62.5  -106.6  20.3  31.8     8    66.0  -118.7  21.7  46.8     9  11.11  80.0  2.0   19 44 54.02837 -20 41 13.5348 04 14 10.2499 11 07 1995 2449909.6765075224 1995.524097214  19.7483412130 -20.6870930030 18.6  65.1  63.1    15 Nereida               0.0000 160/LNA              varios               Altair               PRAIA V.0.1.1        1rd degree           UCAC4                NEP-081              01 Aug 2014          Irregular                               
    56.0   -72.2  28.9   9.4     6    75.1   -70.4  57.1   9.7     7  14.29  80.0  2.0   19 38 38.27851 -20 58  0.8699 23 22 45.8332 11 10 1995 2450002.4741415884 1995.778163289  19.6439662530 -20.9669083147 19.5  59.5  47.0    15 Nereida               0.0000 160/LNA              varios               Altair               PRAIA V.0.1.1        1rd degree           UCAC4                NEP-081              01 Aug 2014          Irregular                               
    79.2   -99.2  53.1  52.3     5    79.2   -99.2  53.1  52.3     5   0.00  80.0  2.0   19 38 39.31374 -20 58  0.0907 22 59 33.5998 12 10 1995 2450003.4580277759 1995.780857023  19.6442538168 -20.9666918522 19.4  49.2  36.8    12 Nereida               0.0000 160/LNA              varios               Altair               PRAIA V.0.1.1        1rd degree           UCAC4                NEP-081              01 Aug 2014          Irregular                               
   444.7   289.7  75.1  70.2    12   270.4   151.0 226.5 201.1    20  40.00  80.0  2.0   20 33 42.40540 -18 37 27.3264 22 35 31.9465 24 10 2001 2452207.4413419734 2001.815034474  20.5617792787 -18.6242573207 18.6  64.3  63.0    10 Nereida               0.0000 160/LNA              varios               Altair               PRAIA V.0.1.1        1rd degree           UCAC4                NEP-081              01 Aug 2014          Irregular                               
   125.0   267.9  59.4  57.1    12   250.7   224.4 374.7 178.3    14  14.29  80.0  2.0   20 33 43.46655 -18 37 24.4314 00 40 14.7224 26 10 2001 2452208.5279481765 2001.818009440  20.5620740412 -18.6234531705 19.3  54.6  55.8    10 Nereida               0.0000 160/LNA              varios               Altair               PRAIA V.0.1.1        1rd degree           UCAC4                NEP-081              01 Aug 2014          Irregular                               
    80.7    40.3  49.5  33.5     6    80.7    40.3  49.5  33.5     6   0.00  80.0  2.0   20 33 44.52601 -18 37 21.7656 22 50 03.5049 26 10 2001 2452209.4514294551 2001.820537794  20.5623683353 -18.6227126543 19.3  64.5  69.3     7 Nereida               0.0000 160/LNA              varios               Altair               PRAIA V.0.1.1        1rd degree           UCAC4                NEP-081              01 Aug 2014          Irregular                               
    61.1    73.6  23.3  21.8     8    61.1    73.6  23.3  21.8     8   0.00  80.0  2.0   20 33 45.82009 -18 37 18.0245 23 14 12.9713 27 10 2001 2452210.4682056862 2001.823321576  20.5627278024 -18.6216734619 19.5  61.8  58.9    10 Nereida               0.0000 160/LNA              varios               Altair               PRAIA V.0.1.1        1rd degree           UCAC4                NEP-081              01 Aug 2014          Irregular                               
    76.6  -251.3  73.0  68.6     9    90.1  -254.4  81.1  65.4    10  10.00  80.0  2.0   20 47 22.77049 -17 49  2.1173 00 01 56.8544 10 08 2002 2452496.5013524820 2002.606437652  20.7896584683 -17.8172548182 18.9  83.7  28.8     4 Nereida               0.0000 160/LNA              varios               Altair               PRAIA V.0.1.1        1rd degree           UCAC4                NEP-081              01 Aug 2014          Irregular                               
  -142.3  -343.4  20.4  36.4     7  -199.3  -462.4 100.7 201.4    15  53.33  80.0  2.0   20 47  9.22931 -17 49 56.4907 02 33 05.1156 12 08 2002 2452498.6063092086 2002.612200709  20.7858970309 -17.8323585367 18.4  59.6  80.4     4 Nereida               0.0000 160/LNA              varios               Altair               PRAIA V.0.1.1        1rd degree           UCAC4                NEP-081              01 Aug 2014          Irregular                               
  -598.6   297.5  16.0   9.1     8  -598.6   297.5  16.0   9.1     8   0.00  80.0  2.0   20 55  6.70003 -17 22 26.4230 01 33 04.0948 24 08 2003 2452875.5646307273 2003.644256347  20.9185277867 -17.3740063808 18.9   0.0   0.0     3 Nereida               0.0000 160/LNA              varios               Altair               PRAIA V.0.1.1        1rd degree           UCAC4                NEP-081              01 Aug 2014          Irregular                               
    17.8   -87.0  39.9  15.7     6    10.3   -69.3  41.5  49.0     7  14.29  80.0  2.0   21 32 24.84679 -14 52 23.7604 06 28 45.5717 14 08 2007 2454326.7699718950 2007.617440032  21.5402352200 -14.8732667737 19.0  25.3  28.2     4 Nereida               0.0000 160/LNA              varios               Altair               PRAIA V.0.1.1        1rd degree           UCAC4                NEP081               01 Aug 2014          Irregular                               
   214.7   -31.0  69.4  33.6     9   170.1   -26.7 265.7 118.9    18  50.00  80.0  2.0   21 31 40.48552 -14 56  3.5282 06 20 02.0534 21 08 2007 2454333.7639126554 2007.636588398  21.5279126444 -14.9343133773 18.8  84.1  42.9     3 Nereida               0.0000 160/LNA              varios               Altair               PRAIA V.0.1.1        1rd degree           UCAC4                NEP081               01 Aug 2014          Irregular                               
   503.6  -257.8  67.2  30.9     9   485.1  -260.7  86.1  30.6    10  10.00  80.0  2.0   21 31 16.25202 -14 58  3.5679 03 11 34.9278 25 08 2007 2454337.6330431453 2007.647181500  21.5211811166 -14.9676577452 18.5   0.0   0.0     3 Nereida               0.0000 160/LNA              varios               Altair               PRAIA V.0.1.1        1rd degree           UCAC4                NEP081               01 Aug 2014          Irregular                               
   -84.9   -16.6  71.7  56.4     8  -118.8   -59.0 101.1 106.7    10  20.00  80.0  2.0   21 44 43.65159 -13 54 55.4713 08 44 45.3774 09 07 2008 2454656.8644140898 2008.521189361  21.7454587753 -13.9154087079 18.9  68.0  71.1     8 Nereida               0.0000 160/LNA              varios               Altair               PRAIA V.0.1.1        1rd degree           UCAC4                NEP081               01 Aug 2014          Irregular                               
    18.0  -107.5  25.9  52.6     8    30.4  -107.4  44.5  49.2     9  11.11  80.0  2.0   21 42 51.38771 -14 04 44.8542 05 22 13.8438 30 07 2008 2454677.7237713402 2008.578299168  21.7142743634 -14.0791261681 19.4  46.9  38.6     7 Nereida               0.0000 160/LNA              varios               Altair               PRAIA V.0.1.1        1rd degree           UCAC4                NEP081               01 Aug 2014          Irregular                               
   -84.5   -52.3  75.9  64.8     4  -162.5   -11.5 144.6 197.5     6  33.33  80.0  2.0   21 37 41.48089 -14 31  7.5659 03 07 05.3223 20 09 2008 2454729.6299227122 2008.720410466  21.6281891362 -14.5187682962 19.6  61.8  48.5     6 Nereida               0.0000 160/LNA              varios               Altair               PRAIA V.0.1.1        1rd degree           UCAC4                NEP-081              01 Aug 2014          Irregular                               
   -78.8   -80.0  31.8  20.0     8  -108.9   -84.6  70.2  20.7    10  20.00  80.0  2.0   21 37 27.25993 -14 32 19.0399 02 24 49.8101 23 09 2008 2454732.6005765060 2008.728543672  21.6242388681 -14.5386222064 19.4  59.5  12.8     7 Nereida               0.0000 160/LNA              varios               Altair               PRAIA V.0.1.1        1rd degree           UCAC4                NEP-081              01 Aug 2014          Irregular                               
   -91.8   -34.8  60.2  71.3     6   -94.4   -63.3  55.4  99.5     7  14.29  80.0  2.0   21 37 22.55641 -14 32 42.5801 02 49 29.8782 24 09 2008 2454733.6177069233 2008.731328424  21.6229323367 -14.5451611470 19.3  64.8  61.5     8 Nereida               0.0000 160/LNA              varios               Altair               PRAIA V.0.1.1        1rd degree           UCAC4                NEP-081              01 Aug 2014          Irregular                               
   -87.0  -109.4  47.6  70.6     7   -37.9  -115.1  97.7  84.7    10  30.00  80.0  2.0   21 54 31.13831 -13 08  8.8237 06 46 54.3814 24 06 2009 2455006.7825738587 2009.479213070  21.9086495304 -13.1357843609 19.2   9.6  10.9     3 Nereida               0.0000 160/LNA              varios               Altair               PRAIA V.0.1.1        1rd degree           UCAC4                NEP081               01 Aug 2014          Irregular                               
    58.9   -25.2  13.5   6.6    18    54.3   -26.0  19.2   7.4    20  10.00  80.0  2.0   22 03 32.98280 -12 23 51.4211 08 03 06.8334 16 06 2010 2455363.8354957565 2010.456770693  22.0591618884 -12.3976169598 19.3  76.1  23.1     5 Nereida               0.0000 160/LNA              varios               Altair               PRAIA V.0.1.1        1rd degree           UCAC4                NEP-081              01 Aug 2014          Irregular                               
    67.7   -16.2  19.0   6.2    13    58.4   -20.8  27.1  11.2    17  23.53  80.0  2.0   22 03 29.41835 -12 24 13.4903 06 55 26.0770 18 06 2010 2455365.7884962610 2010.462117717  22.0581717644 -12.4037473064 19.5  46.5  27.4     6 Nereida               0.0000 160/LNA              varios               Altair               PRAIA V.0.1.1        1rd degree           UCAC4                NEP-081              01 Aug 2014          Irregular                               
   107.9   -91.9  49.2  20.9    20   128.9   -78.1 143.2  92.3    28  28.57  80.0  2.0   22 05 50.20305 -12 17  3.5045 06 12 17.1500 04 09 2011 2455808.7585318284 2011.674903577  22.0972786242 -12.2843068144 19.0  69.1  45.7     7 Nereida               0.0000 160/LNA              varios               Altair               PRAIA V.0.1.1        1rd degree           UCAC4                NEP-081              01 Aug 2014          Irregular                               
  -295.4   -86.8  32.0  26.5     5  -295.4   -86.8  32.0  26.5     5   0.00  80.0  2.0   22 29 20.82943 -10 10 41.0108 08 08 38.7845 09 06 2013 2456452.8393377839 2013.438300719  22.4891192852 -10.1780585500 19.5   0.0   0.0     3 Nereida               0.0000 160/LNA              varios               Altair               PRAIA V.0.1.1        1rd degree           UCAC4                NEP081               01 Aug 2014          Irregular                               
  -202.6    52.5  15.4  10.5     8  -201.0    56.6  31.4  67.7    10  20.00  80.0  2.0   22 23 30.82849 -10 46 25.2251 04 38 11.6362 02 09 2013 2456537.6931902338 2013.670617906  22.3918968020 -10.7736736261 19.1  51.1 129.6     4 Nereida               0.0000 160/LNA              varios               Altair               PRAIA V.0.1.1        1rd degree           UCAC4                NEP081               01 Aug 2014          Irregular                               
   -98.9   -20.8  29.1  37.4    36  -105.1    30.4  38.8 222.9    38   5.26  80.0  2.0   22 23 24.93907 -10 46 59.7177 03 30 13.4946 03 09 2013 2456538.6459895209 2013.673226528  22.3902608514 -10.7832549036 19.1  96.7  46.1     4 Nereida               0.0000 160/LNA              varios               Altair               PRAIA V.0.1.1        1rd degree           UCAC4                NEP081               01 Aug 2014          Irregular                               
    16.5    32.1  24.5  18.9    15    34.3    27.1  55.3  23.5    17  11.76  80.0  2.0   22 37 18.01191 -09 28 42.4696 07 47 35.3595 03 07 2014 2456841.8247148087 2014.503284640  22.6216699754  -9.4784637663 19.2  75.1  66.2     4 Nereida               0.0000 160/LNA              varios               Altair               PRAIA V.0.1.1        1rd degree           UCAC4                NEP081               01 Aug 2014          Irregular                               
   -32.6    19.9  26.2  29.4    14  -124.1    88.9 354.2 273.7    17  17.65  80.0  2.0   22 37 12.93309 -09 29 16.2497 04 51 21.5766 05 07 2014 2456843.7023330629 2014.508425278  22.6202591908  -9.4878471467 19.1  28.1  34.7     5 Nereida               0.0000 160/LNA              varios               Altair               PRAIA V.0.1.1        1rd degree           UCAC4                NEP081               01 Aug 2014          Irregular                               
  -326.5  -111.3  31.9   9.4     4  -326.5  -111.3  31.9   9.4     4   0.00 120.0  2.0   19 04 29.94854 -23 15 47.2368 01 54 12.2501 21 06 1996 2450255.5793084502 1996.471127470  19.0749857050 -23.2631213330 17.2  40.3  41.5    50 Pasiphae              0.0000 160/LNA              Varios               Altair               PRAIA V.0.1.0        1rd degree           UCAC4                JUP300               23 Sep 2013                                                  
   -31.5   -35.0  23.7   6.0     4   -31.5   -35.0  23.7   6.0     4   0.00 120.0  2.0   19 04  3.78884 -23 17 21.4701 01 35 25.2500 22 06 1996 2450256.5662644673 1996.473829608  19.0677191235 -23.2892972550 17.0  46.5  39.5    42 Pasiphae              0.0000 160/LNA              Varios               Altair               PRAIA V.0.1.0        1rd degree           UCAC4                JUP300               23 Sep 2013                                                  
     5.8   -13.8  66.3  16.2     4     5.8   -13.8  66.3  16.2     4   0.00 120.0  2.0   19 02 12.98594 -23 23 46.8063 03 00 38.0000 26 06 1996 2450260.6254398152 1996.484943024  19.0369405383 -23.3963350695 16.8  35.3  49.8    48 Pasiphae              0.0000 160/LNA              Varios               Altair               PRAIA V.0.1.0        1rd degree           UCAC4                JUP300               23 Sep 2013                                                  
   156.1   -53.1   8.4  10.6     8   156.1   -53.1   8.4  10.6     8   0.00 120.0  2.0   18 47 51.76447 -24 05 12.5441 02 20 35.0550 27 07 1996 2450291.5976279513 1996.569740254  18.7977123520 -24.0868177991 17.1  44.5  53.1    36 Pasiphae              0.0000 160/LNA              Varios               Altair               PRAIA V.0.1.0        1rd degree           UCAC4                JUP300               23 Sep 2013                                                  
   138.2   -58.0   4.3  22.2     5   138.2   -58.0   4.3  22.2     5   0.00 120.0  2.0   18 40 18.82641 -24 24 46.0655 01 07 28.4781 26 08 1996 2450321.5468573859 1996.651736775  18.6718962262 -24.4127959604 17.8  51.2  53.2    54 Pasiphae              0.0000 160/LNA              Varios               Altair               PRAIA V.0.1.0        1rd degree           UCAC4                JUP300               23 Sep 2013                                                  
   300.0  -184.5  50.4  15.0     4   300.0  -184.5  50.4  15.0     4   0.00 120.0  2.0   21 14 53.29231 -16 52 49.7773 03 44 38.5000 14 08 1997 2450674.6560011576 1997.618496923  21.2481367535 -16.8804936845 17.0  73.0  79.5     5 Pasiphae              0.0000 160/LNA              Varios               Altair               PRAIA V.0.1.0        1rd degree           UCAC4                JUP300               23 Sep 2013                                                  
   143.3  -157.8  23.7  11.0    31   127.3  -167.9  47.4  48.7    49  36.73  80.0  2.0   16 43 38.22182 -21 19 25.8423 01 56 08.1109 18 08 2007 2454330.5806494318 2007.627873099  16.7272838401 -21.3238450887 17.7  70.2  72.1     6 Pasiphae              0.0000 160/LNA              varios               Altair               PRAIA V.0.1.1        1rd degree           UCAC4                JUP300               01 Aug 2014          Irregular                               
    20.7  -139.8  12.0   8.7    35    19.2  -145.5  15.8  21.6    52  32.69  80.0  2.0   16 43 50.50195 -21 19 39.6605 00 43 01.0554 20 08 2007 2454332.5298733264 2007.633209783  16.7306949869 -21.3276834647 18.0  60.4  91.2     8 Pasiphae              0.0000 160/LNA              varios               Altair               PRAIA V.0.1.1        1rd degree           UCAC4                JUP300               01 Aug 2014          Irregular                               
   -47.3   -81.0  23.4  16.0    12   -25.2  -170.1  71.1 123.9    33  63.64  80.0  2.0   16 48 12.45464 -21 26 22.3344 23 52 27.1259 07 09 2007 2454351.4947584011 2007.685132808  16.8034596228 -21.4395373195 17.3 100.9  83.3     5 Pasiphae              0.0000 160/LNA              varios               Altair               PRAIA V.0.1.1        1rd degree           UCAC4                JUP300               01 Aug 2014          Irregular                               
   174.6  -147.1  24.5   8.1     8   121.1  -134.5 294.0  42.6    10  20.00  80.0  2.0   21 58 32.38074 -13 00 16.2316 07 01 01.9853 21 06 2009 2455003.7923840890 2009.471026376  21.9756613162 -13.0045087831 18.0  46.4  58.8    10 Pasiphae              0.0000 160/LNA              varios               Altair               PRAIA V.0.1.1        1rd degree           UCAC4                JUP300               01 Aug 2014          Irregular                               
   181.9  -232.0  20.8  16.7    10   181.9  -232.0  20.8  16.7    10   0.00  80.0  2.0   21 58  8.42447 -13 01 39.9289 07 19 57.3990 24 06 2009 2455006.8055254510 2009.479275908  21.9690067974 -13.0277580413 17.5  55.4  47.6     7 Pasiphae              0.0000 160/LNA              varios               Altair               PRAIA V.0.1.1        1rd degree           UCAC4                JUP300               01 Aug 2014          Irregular                               
    99.1  -140.4  25.8  20.2     7    57.5  -181.4 120.2 117.3     8  12.50 120.0  2.0   23 48 33.82094 -03 39 25.0521 03 38 45.5715 20 10 2010 2455489.6519163372 2010.801237279  23.8093947054  -3.6569589036 17.2  49.9  38.0     5 Pasiphae              0.0000 160/LNA              Varios               Altair               PRAIA V.0.1.0        1rd degree           UCAC4                JUP300               23 Sep 2013                                                  
   -52.7   131.8  26.4  12.2    12   -52.7   131.8  26.4  12.2    12   0.00  80.0  2.0   07 24 18.46346 +23 11 13.4913 05 25 02.0185 10 11 2013 2456606.7257178067 2013.859618666   7.4051287377  23.1870809188 17.1  66.1  59.7     9 Pasiphae              0.0000 160/LNA              varios               Altair               PRAIA V.0.1.1        1rd degree           UCAC4                JUP300               01 Aug 2014          Irregular                               
   -27.8    44.0   9.7   6.8     8   -58.0    23.8  89.4  33.3    12  33.33 120.0  2.0   00 15 51.70460 -01 08 36.6325 04 09 58.7499 01 10 1996 2450357.6735966424 1996.750646397   0.2643623876  -1.1435090171 16.3 115.5  81.2     4 Phoebe                0.0000 160/LNA              Varios               Altair               PRAIA V.0.1.1        1rd degree           UCAC4                JUP300               23 Jan 2014                                                  
    98.0  -180.4  23.8   6.8     5    98.0  -180.4  23.8   6.8     5   0.00 120.0  2.0   01 20 42.09492 +05 41 49.3691 07 35 21.8001 12 08 1997 2450672.8162245378 1997.613459889   1.3450263676   5.6970469704 16.7  25.6  58.4     4 Phoebe                0.0000 160/LNA              Varios               Altair               PRAIA V.0.1.1        1rd degree           UCAC4                JUP300               23 Jan 2014                                                  
   -44.8   -89.3  10.3  14.7     6   -44.8   -89.3  10.3  14.7     6   0.00 120.0  2.0   02 59 38.90997 +14 26  4.0128 07 32 02.6399 21 08 1999 2451411.8139194432 1999.636725309   2.9941416595  14.4344480042 16.7  30.7  67.8     6 Phoebe                0.0000 160/LNA              Varios               Altair               PRAIA V.0.1.1        1rd degree           UCAC4                JUP300               23 Jan 2014                                                  
   -20.1   -51.8  11.9  14.7    26   -18.6   -54.8  15.4  18.2    30  13.33 120.0  2.0   04 54 38.92441 +20 46 14.4036 05 17 41.1827 25 10 2001 2452207.7206155406 2001.815799084   4.9108123367  20.7706676609 16.3  61.9  68.7    14 Phoebe                0.0000 160/LNA              Varios               Altair               PRAIA V.0.1.1        1rd degree           UCAC4                JUP300               23 Jan 2014                                                  
   -30.3   -42.7  21.7  29.9    23   -25.8   -39.8  26.0  30.4    25   8.00 120.0  2.0   04 54 25.99474 +20 45 48.8553 04 45 01.4769 26 10 2001 2452208.6979337605 2001.818474835   4.9072207613  20.7635709210 16.4  53.8  68.9    16 Phoebe                0.0000 160/LNA              Varios               Altair               PRAIA V.0.1.1        1rd degree           UCAC4                JUP300               23 Jan 2014                                                  
   -74.6   -83.2  21.4  18.4    19   -74.6   -83.2  21.4  18.4    19   0.00 120.0  2.0   04 54 12.87681 +20 45 23.0734 03 53 16.2690 27 10 2001 2452209.6619938537 2001.821114288   4.9035768927  20.7564092822 16.4  37.4  51.7    19 Phoebe                0.0000 160/LNA              Varios               Altair               PRAIA V.0.1.1        1rd degree           UCAC4                JUP300               23 Jan 2014                                                  
   -40.7  -112.7  26.6  25.5    27   -41.6  -111.6  36.4  24.7    30  10.00 120.0  2.0   04 53 59.21703 +20 44 56.4502 03 20 09.9414 28 10 2001 2452210.6390039520 2001.823789196   4.8997825094  20.7490139466 16.4  44.1  65.7    13 Phoebe                0.0000 160/LNA              Varios               Altair               PRAIA V.0.1.1        1rd degree           UCAC4                JUP300               23 Jan 2014                                                  
  -123.1   167.4  61.5  28.2    11  -115.9   168.1  56.4  74.8    14  21.43 120.0  2.0   09 35 11.20495 +15 42  9.5137 01 45 29.3946 17 02 2007 2454148.5732568819 2007.129564016   9.5864458185  15.7026426859 16.2   1.9  17.7     3 Phoebe                0.0000 160/LNA              Varios               Altair               PRAIA V.0.1.1        1rd degree           UCAC4                JUP300               23 Jan 2014                                                  
    -3.9   -72.2  32.8  19.9    14    24.0    -0.1 270.1 258.9    21  33.33 120.0  2.0   11 09 10.91765 +07 42  9.0064 23 08 49.9487 21 06 2009 2455004.4644669984 2009.472866439  11.1530326799   7.7025017696 17.0  26.9  24.1     4 Phoebe                0.0000 160/LNA              Varios               Altair               PRAIA V.0.1.1        1rd degree           UCAC4                JUP300               23 Jan 2014                                                  
   -47.4    35.6   3.7  25.3    35   -31.2     3.7 111.6 135.5    49  28.57 120.0  2.0   11 56 48.82399 +02 59 22.9681 22 35 46.9143 06 06 2010 2455354.4415152119 2010.431051376  11.9468955529   2.9897133545 16.8  45.4  76.8     4 Phoebe                0.0000 160/LNA              Varios               Altair               PRAIA V.0.1.1        1rd degree           UCAC4                JUP300               23 Jan 2014                                                  
   -22.3    -6.8  13.6   9.1    38   -25.4    -6.2  45.5  18.4    50  24.00 120.0  2.0   11 57 11.23605 +02 55 16.3424 22 56 35.5527 14 06 2010 2455362.4559670449 2010.452993749  11.9531211249   2.9212062163 17.0  54.5  37.5     4 Phoebe                0.0000 160/LNA              Varios               Altair               PRAIA V.0.1.1        1rd degree           UCAC4                JUP300               23 Jan 2014                                                  
   -26.9    11.7   3.9   4.3    18   -26.5    11.1   7.8   4.2    22  18.18 120.0  2.0   11 57 15.79716 +02 54 33.5136 23 52 05.6111 15 06 2010 2455363.4945093878 2010.455837123  11.9543880986   2.9093093379 17.0  35.2  42.9     5 Phoebe                0.0000 160/LNA              Varios               Altair               PRAIA V.0.1.1        1rd degree           UCAC4                JUP300               23 Jan 2014                                                  
   -39.1    32.8   7.1   4.4    19   -36.9    33.2  11.9   4.5    20   5.00 120.0  2.0   11 57 25.19003 +02 53  8.6923 21 32 22.9474 17 06 2010 2455365.3974878169 2010.461047194  11.9569972317   2.8857478569 17.0  54.5  26.7     5 Phoebe                0.0000 160/LNA              Varios               Altair               PRAIA V.0.1.1        1rd degree           UCAC4                JUP300               23 Jan 2014                                                  
   -30.6    33.0   8.2   7.3     5   -30.6    33.0   8.2   7.3     5   0.00 120.0  2.0   11 57 30.92585 +02 52 17.9493 22 57 14.6000 18 06 2010 2455366.4564189818 2010.463946390  11.9585905136   2.8716525764 16.9   0.0   0.0     3 Phoebe                0.0000 160/LNA              Varios               Altair               PRAIA V.0.1.1        1rd degree           UCAC4                JUP300               23 Jan 2014                                                  
   180.4  -179.6  19.6   9.1     5   180.4  -179.6  19.6   9.1     5   0.00 120.0  2.0   12 41 36.21270 -01 41 56.8791 23 17 36.0000 05 06 2011 2455718.4705555560 2011.427708571  12.6933924180  -1.6991330734 16.8   0.0   0.0     3 Phoebe                0.0000 160/LNA              Varios               Altair               PRAIA V.0.1.1        1rd degree           UCAC4                JUP300               23 Jan 2014                                                  
    40.0   -38.2   5.6   3.4    35    37.4   -38.4  13.0   4.5    50  30.00  80.0  2.0   14 16 41.97600 -10 54 50.1637 02 07 01.4479 06 06 2013 2456449.5882112025 2013.429399620  14.2783266670 -10.9139343624 16.8  16.3  25.2     5 Phoebe                0.0000 160/LNA              varios               Altair               PRAIA V.0.1.1        1rd degree           UCAC4                SAT359L              01 Aug 2014          Irregular                               
   -92.5  -178.2   6.3   3.6    32   -93.4  -178.7   8.0   5.3    40  20.00  80.0  2.0   14 16 17.54448 -10 53  5.3608 00 21 47.8260 08 06 2013 2456451.5151368752 2013.434675255  14.2715401341 -10.8848224501 16.9   0.0   0.0     3 Phoebe                0.0000 160/LNA              varios               Altair               PRAIA V.0.1.1        1rd degree           UCAC4                SAT359L              01 Aug 2014          Irregular                               
   138.8   170.7   5.8   6.3    27   141.6   172.4  10.8  12.8    30  10.00  80.0  2.0   14 16  5.07728 -10 52 12.0988 00 48 13.3702 09 06 2013 2456452.5334880813 2013.437463348  14.2680770228 -10.8700274491 16.7  44.5  68.4     4 Phoebe                0.0000 160/LNA              varios               Altair               PRAIA V.0.1.1        1rd degree           UCAC4                SAT359L              01 Aug 2014          Irregular                               
    76.3    37.8  27.7  12.2    17    72.1    36.3  32.3  13.6    18   5.56  80.0  2.0   14 20 24.60645 -11 34 37.5965 22 00 51.6962 01 09 2013 2456537.4172650022 2013.669862464  14.3401684593 -11.5771101299 17.5  82.0  51.4     5 Phoebe                0.0000 160/LNA              varios               Altair               PRAIA V.0.1.1        1rd degree           UCAC4                SAT359L              01 Aug 2014          Irregular                               
    22.8    14.4   3.2   6.9    14    23.3    14.7   7.0   6.4    19  26.32  80.0  2.0   15 01  3.27760 -14 43 17.0188 21 51 10.9533 02 07 2014 2456841.4105434408 2014.502150700  15.0175771115 -14.7213941090 17.4  53.0  53.1     6 Phoebe                0.0000 160/LNA              varios               Altair               PRAIA V.0.1.1        1rd degree           UCAC4                SAT359L              01 Aug 2014          Irregular                               
    30.2    10.2   4.3  17.6    13   -43.0   121.6 329.6 360.7    20  35.00  80.0  2.0   15 00 56.96757 -14 43  6.3060 22 31 57.3440 03 07 2014 2456842.4388581486 2014.504966073  15.0158243248 -14.7184183223 17.0  14.6  41.6     5 Phoebe                0.0000 160/LNA              varios               Altair               PRAIA V.0.1.1        1rd degree           UCAC4                SAT359L              01 Aug 2014          Irregular                               
    54.3    20.5  11.4   6.3    13    48.3     7.3  15.9  21.3    20  35.00  80.0  2.0   15 00 50.97667 -14 42 57.1454 23 25 34.0491 04 07 2014 2456843.4760885318 2014.507805855  15.0141601868 -14.7158737227 17.2  43.2  80.2     5 Phoebe                0.0000 160/LNA              varios               Altair               PRAIA V.0.1.1        1rd degree           UCAC4                SAT359L              01 Aug 2014          Irregular                               
    69.5  -106.5  35.0  16.6     4    69.5  -106.5  35.0  16.6     4   0.00 120.0  2.0   19 07 56.38254 -23 10 31.0761 02 05 30.7499 22 06 1996 2450256.5871614572 1996.473886821  19.1323284825 -23.1752989142 17.9  60.8  62.3    18 Sinope                0.0000 160/LNA              Varios               Altair               PRAIA V.0.1.0        1rd degree           UCAC4                JUP300               23 Sep 2013                                                  
   189.6   -99.3  56.1  22.2     7   211.8  -115.6  81.4  50.6     8  12.50 120.0  2.0   18 50 49.55498 -23 44 46.0981 03 17 37.0415 26 07 1996 2450290.6372342771 1996.567110839  18.8470986046 -23.7461383700 17.1  47.7  39.9    67 Sinope                0.0000 160/LNA              Varios               Altair               PRAIA V.0.1.0        1rd degree           UCAC4                JUP300               23 Sep 2013                                                  
   216.0  -115.5  20.5  37.4     4   216.0  -115.5  20.5  37.4     4   0.00 120.0  2.0   18 50 23.57597 -23 45 26.9451 02 32 22.9201 27 07 1996 2450291.6058208351 1996.569762685  18.8398822140 -23.7574847402 18.3  52.8  43.3    46 Sinope                0.0000 160/LNA              Varios               Altair               PRAIA V.0.1.0        1rd degree           UCAC4                JUP300               23 Sep 2013                                                  
   160.0  -120.5  17.2  28.7     4   160.0  -120.5  17.2  28.7     4   0.00 120.0  2.0   18 42  5.77075 -23 56  7.9395 02 02 39.3451 22 08 1996 2450317.5851776050 1996.640890287  18.7016029850 -23.9355387573 18.7  51.8  46.5    77 Sinope                0.0000 160/LNA              Varios               Altair               PRAIA V.0.1.0        1rd degree           UCAC4                JUP300               23 Sep 2013                                                  
   500.8    60.5  60.8  19.3     4   500.8    60.5  60.8  19.3     4   0.00 120.0  2.0   21 08  0.46737 -16 29 23.8305 03 53 49.5000 14 08 1997 2450674.6623784723 1997.618514383  21.1334631588 -16.4899529212 17.2  91.3  56.3     7 Sinope                0.0000 160/LNA              Varios               Altair               PRAIA V.0.1.0        1rd degree           UCAC4                JUP300               23 Sep 2013                                                  
   499.0    49.5  92.3  18.7     4   499.0    49.5  92.3  18.7     4   0.00 120.0  2.0   21 07 31.04064 -16 31 44.7440 03 58 15.7500 15 08 1997 2450675.6654600697 1997.621260671  21.1252890673 -16.5290955678 17.4  69.3  38.5     6 Sinope                0.0000 160/LNA              Varios               Altair               PRAIA V.0.1.0        1rd degree           UCAC4                JUP300               23 Sep 2013                                                  
   242.0  -128.8  88.5  40.0     5   242.0  -128.8  88.5  40.0     5   0.00 120.0  2.0   18 56 14.88430 -23 54 30.2358 00 44 58.8018 20 09 2008 2454729.5312361321 2008.720140276  18.9374678604 -23.9083988464 18.7  55.4  50.2    54 Sinope                0.0000 160/LNA              Varios               Altair               PRAIA V.0.1.0        1rd degree           UCAC4                JUP300               23 Sep 2013                                                  
   268.0   -45.6  43.2  17.9     5   268.0   -45.6  43.2  17.9     5   0.00 120.0  2.0   18 57 15.96318 -23 53 13.8300 00 13 39.5921 24 09 2008 2454733.5094860201 2008.731032131  18.9544342156 -23.8871750036 19.0  62.4  44.4    60 Sinope                0.0000 160/LNA              Varios               Altair               PRAIA V.0.1.0        1rd degree           UCAC4                JUP300               23 Sep 2013                                                  
