   -48.7   -67.0  10.0  13.5     3   -48.7   -67.0  10.0  13.5     3   0.00 120.0  2.0   13 00 44.21866 -04 37 54.7105 02 04 26.1566 03 04 2005 2453463.5864138501 2005.254172248  13.0122829620  -4.6318640143 17.5  74.0  47.0    10 Carme                 0.0000 IAG/LNA              Varios               Altair               PRAIA V.0.1.0        1rd degree           UCAC4                JUP300               23 Sep 2013                                                  
   -97.9   -54.6  14.6   9.1     9  -103.0   -55.8  21.2   9.4    10  10.00 120.0  2.0   13 00 15.96316 -04 35 14.9670 03 19 18.9434 04 04 2005 2453464.6384136965 2005.257052467  13.0044342113  -4.5874908261 17.8  52.4  54.0    12 Carme                 0.0000 IAG/LNA              Varios               Altair               PRAIA V.0.1.0        1rd degree           UCAC4                JUP300               23 Sep 2013                                                  
    10.3   135.0  25.0  33.6     6    10.3   135.0  25.0  33.6     6   0.00 120.0  2.0   18 55  8.65469 -22 56 19.7156 01 09 54.2084 12 08 2008 2454690.5485440781 2008.613411482  18.9190707485 -22.9388098952 17.7  50.8  48.8   145 Carme                 0.0000 IAG/LNA              Varios               Altair               PRAIA V.0.1.0        1rd degree           UCAC4                JUP300               23 Sep 2013                                                  
    59.3  -120.0  57.1  24.5     4    59.3  -120.0  57.1  24.5     4   0.00 120.0  2.0   21 44 38.79189 -15 06  8.3658 07 54 14.0975 20 07 2009 2455032.8293298325 2009.550525201  21.7441088570 -15.1023238370 17.7  59.8  72.8    15 Carme                 0.0000 IAG/LNA              Varios               Altair               PRAIA V.0.1.0        1rd degree           UCAC4                JUP300               23 Sep 2013                                                  
   -53.6   -27.7  63.5  31.8     7   -53.6   -27.7  63.5  31.8     7   0.00 120.0  2.0   12 51 40.62664 -04 21 53.1605 02 34 46.8713 04 04 2005 2453464.6074869358 2005.256967794  12.8612851786  -4.3647668120 16.2  56.6  71.3     8 Elara                 0.0000 IAG/LNA              Varios               Altair               PRAIA V.0.1.0        1rd degree           UCAC4                JUP300               23 Sep 2013                                                  
   -10.3  -118.7  21.5  21.5    17   -17.7  -115.9  28.5  24.2    20  15.00 120.0  2.0   15 03 14.14530 -16 01 17.4334 06 10 31.5436 28 02 2006 2453794.7573095323 2006.160868746  15.0539292502 -16.0215092646 17.3  46.4  42.7    30 Elara                 0.0000 IAG/LNA              Varios               Altair               PRAIA V.0.1.0        1rd degree           UCAC4                JUP300               23 Sep 2013                                                  
   -50.1  -105.4  11.1  10.0    16   -48.4  -105.3  12.7   9.7    17   5.88 120.0  2.0   15 03 15.20529 -16 00 38.1967 06 14 40.6325 01 03 2006 2453795.7601925065 2006.163614490  15.0542236906 -16.0106102020 17.2  47.5  43.4    29 Elara                 0.0000 IAG/LNA              Varios               Altair               PRAIA V.0.1.0        1rd degree           UCAC4                JUP300               23 Sep 2013                                                  
    -8.9  -107.1  19.9  11.5    16    54.2  -113.9 261.2  30.2    17   5.88 120.0  2.0   15 03 15.24016 -15 59 10.7966 06 11 20.1494 03 03 2006 2453797.7578720995 2006.169083838  15.0542333784 -15.9863324009 17.1  44.6  40.8    31 Elara                 0.0000 IAG/LNA              Varios               Altair               PRAIA V.0.1.0        1rd degree           UCAC4                JUP300               23 Sep 2013                                                  
     2.5  -126.0   7.8  14.9     4     2.5  -126.0   7.8  14.9     4   0.00 120.0  2.0   15 02 58.93133 -15 53 37.8925 05 38 23.0576 09 03 2006 2453803.7349890922 2006.185448293  15.0497031485 -15.8938590248 17.1  45.5  63.3    21 Elara                 0.0000 IAG/LNA              Varios               Altair               PRAIA V.0.1.0        1rd degree           UCAC4                JUP300               23 Sep 2013                                                  
    -7.0  -138.5  29.8  34.2    16    -7.0  -143.5  28.8  39.1    17   5.88 120.0  2.0   15 02 53.93946 -15 52 33.2438 05 13 46.7607 10 03 2006 2453804.7179023223 2006.188139363  15.0483165172 -15.8759010605 16.8  45.0  55.8    23 Elara                 0.0000 IAG/LNA              Varios               Altair               PRAIA V.0.1.0        1rd degree           UCAC4                JUP300               23 Sep 2013                                                  
     1.3  -146.5  27.8  16.7    12     0.1  -142.9  27.0  20.6    13   7.69 120.0  2.0   15 02 27.06730 -15 47 43.3527 05 01 30.7916 14 03 2006 2453808.7093841624 2006.199067444  15.0408520279 -15.7953757559 17.0  63.4  51.8    18 Elara                 0.0000 IAG/LNA              Varios               Altair               PRAIA V.0.1.0        1rd degree           UCAC4                JUP300               23 Sep 2013                                                  
    -3.5   -33.8  54.0  22.4    25    21.4   -33.5 146.8  46.4    33  24.24 120.0  2.0   14 33 53.94409 -13 32  3.9008 00 46 47.1136 08 06 2006 2453894.5324897403 2006.434038301  14.5649844706 -13.5344168932 16.6  63.5  44.1    15 Elara                 0.0000 IAG/LNA              Varios               Altair               PRAIA V.0.1.0        1rd degree           UCAC4                JUP300               23 Sep 2013                                                  
    32.6  -109.1  13.7  30.5    24    54.6   -92.7  37.9  48.0    39  38.46 120.0  2.0   14 30 19.29422 -13 42 25.5093 01 17 40.3446 04 07 2006 2453920.5539391739 2006.505281147  14.5053595057 -13.7070859147 17.2  63.5  57.0    16 Elara                 0.0000 IAG/LNA              Varios               Altair               PRAIA V.0.1.0        1rd degree           UCAC4                JUP300               23 Sep 2013                                                  
    75.8   -22.5  34.1  19.9    10    66.0   -23.3  57.6  32.6    13  23.08 120.0  2.0   14 44 21.61068 -15 23 21.3136 22 33 52.4929 30 08 2006 2453978.4401908899 2006.663765067  14.7393362991 -15.3892537807 17.4  60.3  42.6    22 Elara                 0.0000 IAG/LNA              Varios               Altair               PRAIA V.0.1.0        1rd degree           UCAC4                JUP300               23 Sep 2013                                                  
   113.6    -7.5  21.5  12.7    11   120.6    -9.9  51.4  27.8    15  26.67 120.0  2.0   14 44 52.66115 -15 25 51.0083 22 49 09.6401 31 08 2006 2453979.4508060189 2006.666531980  14.7479614317 -15.4308356375 17.6  57.5  53.0    22 Elara                 0.0000 IAG/LNA              Varios               Altair               PRAIA V.0.1.0        1rd degree           UCAC4                JUP300               23 Sep 2013                                                  
   -45.6  -114.8  18.5  23.3    10   -45.6  -114.8  18.5  23.3    10   0.00 120.0  2.0   17 17 42.36288 -22 45 26.9628 04 21 20.3351 18 04 2007 2454208.6814853600 2007.294131376  17.2951008007 -22.7574896726 17.7  61.3  59.7   144 Elara                 0.0000 IAG/LNA              Varios               Altair               PRAIA V.0.1.0        1rd degree           UCAC4                JUP300               23 Sep 2013                                                  
   120.7   -89.6  53.4  22.6    16   120.5   -91.9  50.3  37.4    19  15.79  80.0  2.0   16 31 16.25102 -21 14 36.3053 01 13 07.3213 22 08 2007 2454334.5507791820 2007.638742721  16.5211808386 -21.2434181371 17.5  60.9  55.3    75 Elara                 0.2380 IAG/LNA              varios               Altair               PRAIA V.0.1.1        1rd degree           UCAC4                JUP300               01 Aug 2014          Irregular                               
    76.5   -72.8  60.3  22.1     4    76.5   -72.8  60.3  22.1     4   0.00  80.0  2.0   16 31 26.77132 -21 14 42.0766 00 11 35.1001 23 08 2007 2454335.5080451397 2007.641363573  16.5241031452 -21.2450212773 17.4  60.3  49.5    67 Elara                 0.2380 IAG/LNA              varios               Altair               PRAIA V.0.1.1        1rd degree           UCAC4                JUP300               01 Aug 2014          Irregular                               
   104.6   -78.4  22.5  35.6    11    97.3   -77.5  33.4  34.1    12   8.33  80.0  2.0   16 31 38.64513 -21 14 50.0998 00 22 09.8846 24 08 2007 2454336.5153921829 2007.644121539  16.5274014263 -21.2472499388 17.6  59.1  46.9    71 Elara                 0.2380 IAG/LNA              varios               Altair               PRAIA V.0.1.1        1rd degree           UCAC4                JUP300               01 Aug 2014          Irregular                               
    79.2   -87.6  19.1   7.2    10    81.0   -90.5  19.1  11.7    11   9.09  80.0  2.0   16 31 51.19669 -21 15  0.1256 00 14 31.4129 25 08 2007 2454337.5100857979 2007.646844861  16.5308879706 -21.2500348919 17.5  55.3  49.9    60 Elara                 0.2380 IAG/LNA              varios               Altair               PRAIA V.0.1.1        1rd degree           UCAC4                JUP300               01 Aug 2014          Irregular                               
    93.0  -116.0  33.2  29.2     7    72.1  -121.6  66.6  31.4     8  12.50 120.0  2.0   19 33 50.15568 -21 41 40.3541 06 22 28.4869 18 04 2008 2454574.7656074869 2008.296415078  19.5639321321 -21.6945427973 17.7  55.9  54.4    64 Elara                 0.0000 IAG/LNA              Varios               Altair               PRAIA V.0.1.0        1rd degree           UCAC4                JUP300               23 Sep 2013                                                  
    42.9   -73.0  85.3  20.3    10    54.3   -51.9 187.4  57.4    15  33.33 120.0  2.0   19 32  3.44184 -21 28 43.7468 06 46 13.2071 26 05 2008 2454612.7820973042 2008.400498555  19.5342894011 -21.4788185576 17.1  54.6  50.0   123 Elara                 0.0000 IAG/LNA              Varios               Altair               PRAIA V.0.1.0        1rd degree           UCAC4                JUP300               23 Sep 2013                                                  
    46.3     5.1  41.4  34.0    27    39.1     8.4  63.6  62.1    34  20.59 120.0  2.0   18 58  0.88337 -23 28  3.8496 00 12 38.1992 20 09 2008 2454729.5087754540 2008.720078782  18.9669120480 -23.4677360053 17.8  51.4  54.4   263 Elara                 0.0000 IAG/LNA              Varios               Altair               PRAIA V.0.1.0        1rd degree           UCAC4                JUP300               23 Sep 2013                                                  
   123.5   -56.6  14.2  15.1     8   146.0   -59.9  96.8  15.1    10  20.00 120.0  2.0   21 55 58.67291 -14 12 25.4858 07 39 12.2312 18 07 2009 2455030.8188915648 2009.545020921  21.9329646984 -14.2070793776 16.8  59.9  61.4    18 Elara                 0.0000 IAG/LNA              Varios               Altair               PRAIA V.0.1.0        1rd degree           UCAC4                JUP300               23 Sep 2013                                                  
    50.9   -51.9  14.4  16.0    15    47.2   -54.1  17.1  22.7    18  16.67 120.0  2.0   00 14 38.56547 +00 28 24.7472 07 57 21.9333 06 07 2010 2455383.8315038574 2010.511516779   0.2440459645   0.4735408795 16.6  51.2  39.8     9 Elara                 0.0000 IAG/LNA              Varios               Altair               PRAIA V.0.1.0        1rd degree           UCAC4                JUP300               23 Sep 2013                                                  
    70.1   -50.8  31.7  46.9     8    70.1   -50.8  31.7  46.9     8   0.00 120.0  2.0   00 14 47.04206 +00 29 33.1473 08 06 25.1249 07 07 2010 2455384.8377907975 2010.514271843   0.2464005728   0.4925409054 16.9  79.1  53.4     6 Elara                 0.0000 IAG/LNA              Varios               Altair               PRAIA V.0.1.0        1rd degree           UCAC4                JUP300               23 Sep 2013                                                  
    20.0   -40.3  57.5  40.3    10    20.0   -40.3  57.5  40.3    10   0.00  80.0  2.0   06 52 14.58877 +23 34 24.0972 01 20 26.3256 10 02 2014 2456698.5558602498 2014.111035893   6.8707191018  23.5733603303 16.9  48.9  46.8    77 Elara                 0.2380 IAG/LNA              varios               Altair               PRAIA V.0.1.1        1rd degree           UCAC4                JUP300               01 Aug 2014          Irregular                               
    46.8    21.2  20.6  13.1    10    46.8    21.2  20.6  13.1    10   0.00 120.0  2.0   12 55 29.19493 -04 41 16.6045 00 28 23.7870 03 04 2005 2453463.5197197571 2005.253989650  12.9247763700  -4.6879456982 15.0  58.0  53.7    11 Himalia               0.0000 IAG/LNA              Varios               Altair               PRAIA V.0.1.1        1rd degree           UCAC4                JUP300               23 Jan 2014                                                  
    57.2    33.6  16.9  14.9    13    59.6    31.1  26.2  20.8    17  23.53 120.0  2.0   12 54 55.05442 -04 37 36.9242 01 10 32.8384 04 04 2005 2453464.5489911851 2005.256807641  12.9152928955  -4.6269233774 14.8  37.0  59.8     9 Himalia               0.0000 IAG/LNA              Varios               Altair               PRAIA V.0.1.1        1rd degree           UCAC4                JUP300               23 Jan 2014                                                  
    28.1   -48.5  23.5  17.8    17    30.3   -43.5  34.0  21.1    20  15.00 120.0  2.0   14 33 21.12227 -13 43 48.0632 23 16 47.4478 07 06 2006 2453894.4699936081 2006.433867196  14.5558672961 -13.7300175658 15.3  52.1  46.8    25 Himalia               0.0000 IAG/LNA              Varios               Altair               PRAIA V.0.1.1        1rd degree           UCAC4                JUP300               23 Jan 2014                                                  
     3.4   -73.6  14.0  12.0    34     2.6   -73.9  29.1  24.2    51  33.33 120.0  2.0   14 29 44.34394 -13 46 56.7586 00 44 20.7715 02 07 2006 2453918.5307959667 2006.499742083  14.4956510958 -13.7824329319 15.5  48.8  43.1    19 Himalia               0.0000 IAG/LNA              Varios               Altair               PRAIA V.0.1.1        1rd degree           UCAC4                JUP300               23 Jan 2014                                                  
    22.3    -5.3  35.2  33.6    13    22.3    -5.3  35.2  33.6    13   0.00 120.0  2.0   14 45 32.60367 -15 23 30.2262 00 00 59.0162 31 08 2006 2453978.5006830576 2006.663930686  14.7590565748 -15.3917295001 16.0  49.7  47.8    19 Himalia               0.0000 IAG/LNA              Varios               Altair               PRAIA V.0.1.1        1rd degree           UCAC4                JUP300               23 Jan 2014                                                  
    54.4    14.7   7.3  22.1    10    46.6    17.2  16.5  21.8    13  23.08 120.0  2.0   14 46  3.23631 -15 25 40.2890 23 24 46.4360 31 08 2006 2453979.4755374538 2006.666599691  14.7675656407 -15.4278580580 16.0  55.6  58.0    22 Himalia               0.0000 IAG/LNA              Varios               Altair               PRAIA V.0.1.1        1rd degree           UCAC4                JUP300               23 Jan 2014                                                  
   -98.7   -82.9  17.2  12.1    13   -95.2   -69.7  56.3  44.1    20  35.00 120.0  2.0   16 59 11.56012 -22 00 44.6320 06 43 09.7360 16 02 2007 2454147.7799737961 2007.127392125  16.9865444783 -22.0123977842 15.9  59.4  53.1   101 Himalia               0.0000 IAG/LNA              Varios               Altair               PRAIA V.0.1.1        1rd degree           UCAC4                JUP300               23 Jan 2014                                                  
  -183.4   -88.0  30.8  24.9     5  -183.4   -88.0  30.8  24.9     5   0.00 120.0  2.0   17 17 11.02482 -22 47 19.3951 03 22 03.3700 15 04 2007 2454205.6403167821 2007.285805111  17.2863957824 -22.7887208672 16.1  63.0  59.6    97 Himalia               0.0000 IAG/LNA              Varios               Altair               PRAIA V.0.1.1        1rd degree           UCAC4                JUP300               23 Jan 2014                                                  
   139.2   -73.6  12.6  14.2    11   131.5   -77.4  19.9  18.6    14  21.43  80.0  2.0   16 31 19.26837 -20 57 47.2556 01 41 36.0735 22 08 2007 2454334.5705564064 2007.638796869  16.5220189910 -20.9631265529 15.7  55.4  54.0    77 Himalia               0.0000 IAG/LNA              varios               Altair               PRAIA V.0.1.1        1rd degree           UCAC4                JUP300               01 Aug 2014          Irregular                               
   140.7   -71.4  40.0  28.1     7   140.7   -71.4  40.0  28.1     7   0.00  80.0  2.0   16 31 30.83158 -20 58 35.9411 00 34 03.3000 23 08 2007 2454335.5236493056 2007.641406295  16.5252309953 -20.9766502941 15.6  54.0  53.9    65 Himalia               0.0000 IAG/LNA              varios               Altair               PRAIA V.0.1.1        1rd degree           UCAC4                JUP300               01 Aug 2014          Irregular                               
    93.0   -34.9  20.6  15.9    15   101.2   -43.7  39.9  30.7    19  21.05  80.0  2.0   16 31 43.89924 -20 59 29.7804 00 49 58.4453 24 08 2007 2454336.5347042279 2007.644174412  16.5288609003 -20.9916056802 15.7  55.3  50.0    57 Himalia               0.0000 IAG/LNA              varios               Altair               PRAIA V.0.1.1        1rd degree           UCAC4                JUP300               01 Aug 2014          Irregular                               
    50.4   -15.8   7.0  10.2    16    53.3   -14.7  11.3  12.0    19  15.79  80.0  2.0   16 31 57.03020 -21 00 22.9339 23 43 00.2907 24 08 2007 2454337.4881978086 2007.646784935  16.5325083891 -21.0063705389 15.6  50.2  50.4    63 Himalia               0.0000 IAG/LNA              varios               Altair               PRAIA V.0.1.1        1rd degree           UCAC4                JUP300               01 Aug 2014          Irregular                               
    45.1    32.8  41.8  36.1    17    48.2    26.1  42.7  45.3    18   5.56  80.0  2.0   16 38 46.38451 -21 24 21.4162 23 32 29.2347 12 09 2007 2454356.4808939206 2007.698784103  16.6462179186 -21.4059489366 14.6  59.5  55.1    77 Himalia               0.0000 IAG/LNA              varios               Altair               PRAIA V.0.1.1        1rd degree           UCAC4                JUP300               01 Aug 2014          Irregular                               
  -114.1   -59.6   7.5  12.9     7  -118.5   -63.6  14.2  16.5     8  12.50 120.0  2.0   19 30 42.57283 -21 21 13.5585 05 31 45.9984 18 04 2008 2454574.7303935001 2008.296318668  19.5118257856 -21.3537662560 15.7  50.9  54.1    91 Himalia               0.0000 IAG/LNA              Varios               Altair               PRAIA V.0.1.1        1rd degree           UCAC4                JUP300               23 Jan 2014                                                  
   -72.9   -17.9  17.8  23.0    28   -71.2   -20.7  31.6  30.4    33  15.15 120.0  2.0   19 30  7.21208 -21 33  1.8204 06 22 48.5979 24 05 2008 2454610.7658402538 2008.394978344  19.5020033547 -21.5505056552 15.4  54.0  55.9    90 Himalia               0.0000 IAG/LNA              Varios               Altair               PRAIA V.0.1.1        1rd degree           UCAC4                JUP300               23 Jan 2014                                                  
   -76.0   -56.9  13.1  19.3    26   -76.0   -56.9  13.1  19.3    26   0.00 120.0  2.0   19 29 38.98549 -21 35 13.4506 07 18 07.5597 26 05 2008 2454612.8042541626 2008.400559217  19.4941626370 -21.5870696176 15.3  55.2  54.5   116 Himalia               0.0000 IAG/LNA              Varios               Altair               PRAIA V.0.1.1        1rd degree           UCAC4                JUP300               23 Jan 2014                                                  
   -33.9     8.0   5.4  15.5     9   -30.5    12.9   9.2  19.4    12  25.00 120.0  2.0   18 59 20.87214 -23 24 40.8397 23 46 19.9789 11 08 2008 2454690.4905090146 2008.613252591  18.9891311497 -23.4113443622 15.4  50.7  51.2   133 Himalia               0.0000 IAG/LNA              Varios               Altair               PRAIA V.0.1.1        1rd degree           UCAC4                JUP300               23 Jan 2014                                                  
    -7.8   -20.9  12.2  18.3    31   -13.5   -22.5  22.0  19.3    35  11.43 120.0  2.0   18 58 11.51143 -23 28 31.7549 00 19 03.7248 20 09 2008 2454729.5132375555 2008.720090999  18.9698642855 -23.4754874705 15.9  51.4  54.3   262 Himalia               0.0000 IAG/LNA              Varios               Altair               PRAIA V.0.1.1        1rd degree           UCAC4                JUP300               23 Jan 2014                                                  
    45.8    -8.5  14.4   7.4    13    49.7    -7.0  28.2  10.7    19  31.58 120.0  2.0   21 54 27.07937 -13 35 51.6213 06 22 17.7500 18 07 2009 2455030.7654832178 2009.544874697  21.9075220461 -13.5976725810 15.2  58.5  44.7    16 Himalia               0.0000 IAG/LNA              Varios               Altair               PRAIA V.0.1.1        1rd degree           UCAC4                JUP300               23 Jan 2014                                                  
  -123.0     8.9  11.4  20.4    25  -121.8     9.9  18.6  19.9    30  16.67 120.0  2.0   00 09 28.53513 -00 16 46.3151 07 51 16.2000 05 07 2010 2455382.8272708328 2010.508767339   0.1579264245  -0.2795319652 15.7  51.4  57.0    14 Himalia               0.0000 IAG/LNA              Varios               Altair               PRAIA V.0.1.1        1rd degree           UCAC4                JUP300               23 Jan 2014                                                  
  -141.3    -1.3  29.6  23.4     8  -141.3    -1.3  29.6  23.4     8   0.00 120.0  2.0   00 09 38.91030 -00 16 37.1494 08 27 23.8752 06 07 2010 2455383.8523596665 2010.511573880   0.1608084166  -0.2769859501 15.4  55.5  63.3    10 Himalia               0.0000 IAG/LNA              Varios               Altair               PRAIA V.0.1.1        1rd degree           UCAC4                JUP300               23 Jan 2014                                                  
  -143.5   -18.5  21.0  16.5     8  -143.5   -18.5  21.0  16.5     8   0.00 120.0  2.0   00 09 48.40485 -00 16 32.8636 08 26 43.9999 07 07 2010 2455384.8518981477 2010.514310467   0.1634457911  -0.2757954420 15.4  74.9  46.9     8 Himalia               0.0000 IAG/LNA              Varios               Altair               PRAIA V.0.1.1        1rd degree           UCAC4                JUP300               23 Jan 2014                                                  
    -8.4    11.8  32.5  41.4     5    -8.4    11.8  32.5  41.4     5   0.00 120.0  2.0   02 35 26.05192 +14 14 23.4246 08 24 44.7998 03 09 2011 2455807.8505185158 2011.672417572   2.5905699774  14.2398401746 15.4  49.2  71.6    13 Himalia               0.0000 IAG/LNA              Varios               Altair               PRAIA V.0.1.1        1rd degree           UCAC4                JUP300               23 Jan 2014                                                  
    -0.7    74.4  15.5  27.7    51     0.9    75.8  58.0  35.0    70  27.14 120.0  2.0   02 35 24.08983 +14 14 25.0018 07 32 58.8432 04 09 2011 2455808.8145699441 2011.675057001   2.5900249530  14.2402782738 15.4  57.7  71.3    11 Himalia               0.0000 IAG/LNA              Varios               Altair               PRAIA V.0.1.1        1rd degree           UCAC4                JUP300               23 Jan 2014                                                  
    46.8   -35.6  27.0  17.6    20    46.8   -35.6  27.0  17.6    20   0.00 120.0  2.0   04 56 53.13908 +21 25 56.8653 06 57 47.3706 16 09 2012 2456186.7901316038 2012.709897690   4.9480941899  21.4324625775 15.4  59.3  58.5    51 Himalia               0.0000 IAG/LNA              Varios               Altair               PRAIA V.0.1.1        1rd degree           UCAC4                JUP300               23 Jan 2014                                                  
    31.7   -43.1  28.1  21.9    18    34.0   -46.4  34.8  24.5    20  10.00 120.0  2.0   04 57  3.98406 +21 25 43.3064 07 30 03.5790 17 09 2012 2456187.8125414238 2012.712696896   4.9511066829  21.4286962232 15.4  57.3  62.9    52 Himalia               0.0000 IAG/LNA              Varios               Altair               PRAIA V.0.1.1        1rd degree           UCAC4                JUP300               23 Jan 2014                                                  
    58.4   -36.8  26.9  46.6    19    58.4   -36.8  26.9  46.6    19   0.00 120.0  2.0   04 57 13.49585 +21 25 29.8123 06 39 55.8014 18 09 2012 2456188.7777291825 2012.715339436   4.9537488463  21.4249478603 15.3  56.5  60.4    48 Himalia               0.0000 IAG/LNA              Varios               Altair               PRAIA V.0.1.1        1rd degree           UCAC4                JUP300               23 Jan 2014                                                  
    65.3   -55.1  20.0  12.3    18    64.9   -54.3  26.2  12.4    20  10.00 120.0  2.0   04 57 22.49010 +21 25 15.2826 06 32 38.4528 19 09 2012 2456189.7726672785 2012.718063428   4.9562472506  21.4209118339 15.4  59.6  60.2    57 Himalia               0.0000 IAG/LNA              Varios               Altair               PRAIA V.0.1.1        1rd degree           UCAC4                JUP300               23 Jan 2014                                                  
     7.6   -80.6  69.3  48.5    25   -17.9   -90.1 211.2 128.4    30  16.67 120.0  2.0   04 55 40.27929 +21 15 26.7558 04 48 52.2158 19 10 2012 2456219.7006043494 2012.800001654   4.9278553595  21.2574321755 15.0  57.2  57.3    36 Himalia               0.0000 IAG/LNA              Varios               Altair               PRAIA V.0.1.1        1rd degree           UCAC4                JUP300               23 Jan 2014                                                  
    72.9    71.6  27.2  10.8    28   111.8    59.3 114.8  45.7    46  39.13  80.0  2.0   07 22 43.03358 +22 24 36.8513 07 33 45.6961 06 10 2013 2456571.8151122229 2013.764038637   7.3786204395  22.4102364819 15.9  60.1  54.3    45 Himalia               0.0000 IAG/LNA              varios               Altair               PRAIA V.0.1.1        1rd degree           UCAC4                JUP300               01 Aug 2014          Irregular                               
    55.6   -24.4  14.0  21.0    40    52.5   -24.1  21.5  22.6    47  14.89  80.0  2.0   06 48 22.02620 +22 42  9.1981 00 00 41.5391 09 02 2014 2456697.5004807767 2014.108146422   6.8061183895  22.7025550140 15.2  55.7  55.6    65 Himalia               0.0000 IAG/LNA              varios               Altair               PRAIA V.0.1.1        1rd degree           UCAC4                JUP300               01 Aug 2014          Irregular                               
    49.0   -16.7 108.5  43.8     3   -14.5   -12.0 154.8  37.0     4  25.00 120.0  2.0   19 00 36.99619 -22 34 21.4934 01 50 42.6131 12 08 2008 2454690.5768820965 2008.613489068  19.0102767183 -22.5726370483 18.4  52.7  56.7   106 Lysithea              0.0000 IAG/LNA              Varios               Altair               PRAIA V.0.1.0        1rd degree           UCAC4                JUP300               23 Sep 2013                                                  
    82.5    43.8  85.4  23.2     4   212.6    57.9 419.6  65.3     7  42.86 120.0  2.0   21 48  4.45335 -14 35 30.1505 08 40 26.8375 18 07 2009 2455030.8614217299 2009.545137362  21.8012370407 -14.5917084860 17.8  62.0  71.8    14 Lysithea              0.0000 IAG/LNA              Varios               Altair               PRAIA V.0.1.0        1rd degree           UCAC4                JUP300               23 Sep 2013                                                  
    45.1   -82.2  72.0  26.6     9    45.1   -82.2  72.0  26.6     9   0.00  80.0  2.0   20 36 28.66388 -18 26 26.9636 03 08 25.1334 26 08 2001 2452147.6308464510 2001.651282262  20.6079621896 -18.4408232239 18.8  59.8  58.7    18 Nereida               0.0000 IAG/LNA              varios               Altair               PRAIA V.0.1.1        1rd degree           UCAC4                NEP-081              01 Aug 2014          Irregular                               
    53.8  -155.1  55.5  61.1    16     4.6   -91.5 183.8 110.0    28  42.86  80.0  2.0   20 50  0.84372 -17 38 24.4326 05 29 54.0000 16 07 2002 2452471.7290972224 2002.538614913  20.8335676989 -17.6401201729 18.7  56.3  62.3    13 Nereida               0.0000 IAG/LNA              varios               Altair               PRAIA V.0.1.1        1rd degree           UCAC4                NEP-081              01 Aug 2014          Irregular                               
    80.4   -84.2  52.1  31.1     9    47.4  -100.6 346.6  82.4    16  43.75  80.0  2.0   20 49 54.77405 -17 38 48.9525 05 24 12.3267 17 07 2002 2452472.7251426699 2002.541341937  20.8318816808 -17.6469312634 19.1  55.2  61.6    13 Nereida               0.0000 IAG/LNA              varios               Altair               PRAIA V.0.1.1        1rd degree           UCAC4                NEP-081              01 Aug 2014          Irregular                               
   -30.2    -7.8  62.1  76.7     5   -33.3   -29.3  56.1  86.5     6  16.67  80.0  2.0   20 58 23.48432 -17 08 36.4358 02 53 02.0941 24 07 2003 2452844.6201631259 2003.559535012  20.9731900892 -17.1434543924 19.1  49.2  46.6    24 Nereida               0.0000 IAG/LNA              varios               Altair               PRAIA V.0.1.1        1rd degree           UCAC4                NEP-081              01 Aug 2014          Irregular                               
   -26.9   -37.5  68.5  49.1    11   -68.7   -29.1 356.0  77.3    16  31.25  80.0  2.0   20 58 16.55902 -17 09  5.7920 05 18 37.2646 25 07 2003 2452845.7212646366 2003.562549663  20.9712663933 -17.1516088885 19.0  55.2  51.5    22 Nereida               0.0000 IAG/LNA              varios               Altair               PRAIA V.0.1.1        1rd degree           UCAC4                NEP-081              01 Aug 2014          Irregular                               
    94.5  -112.3  75.0  44.7     4    54.3   -31.5 478.7 121.6    11  63.64  80.0  2.0   20 58  9.89639 -17 09 34.1383 06 39 30.6974 26 07 2003 2452846.7774386276 2003.565441310  20.9694156653 -17.1594828530 18.8  58.8  53.8    25 Nereida               0.0000 IAG/LNA              varios               Altair               PRAIA V.0.1.1        1rd degree           UCAC4                NEP-081              01 Aug 2014          Irregular                               
   146.0     3.0  44.6  31.0     9   146.0     3.0  44.6  31.0     9   0.00  80.0  2.0   20 55 30.68874 -17 20 46.1367 03 57 07.5876 20 08 2003 2452871.6646711533 2003.633578839  20.9251913174 -17.3461490884 19.0  58.8  49.6    24 Nereida               0.0000 IAG/LNA              varios               Altair               PRAIA V.0.1.1        1rd degree           UCAC4                NEP-081              01 Aug 2014          Irregular                               
   -18.6   -60.7  39.9  22.0    26    -8.4   -66.9  93.2  28.1    34  23.53  80.0  2.0   21 04 33.79284 -16 47  4.3786 04 07 06.3088 20 08 2004 2453237.6716007967 2004.635651200  21.0760535666 -16.7845496158 19.0  58.6  62.8    19 Nereida               0.0000 IAG/LNA              varios               Altair               PRAIA V.0.1.1        1rd degree           UCAC4                NEP-081              01 Aug 2014          Irregular                               
    33.9     3.2  58.3  77.2    19    53.6   -16.1 175.6  94.3    30  36.67  80.0  2.0   21 04 27.71181 -16 47 31.0549 03 35 11.1875 21 08 2004 2453238.6494350401 2004.638328364  21.0743643929 -16.7919596846 19.1  47.2  60.6    23 Nereida               0.0000 IAG/LNA              varios               Altair               PRAIA V.0.1.1        1rd degree           UCAC4                NEP-081              01 Aug 2014          Irregular                               
   -24.2   -90.7  50.0  23.1    18    -4.9   -78.3  61.1  52.1    26  30.77  80.0  2.0   21 04 22.09991 -16 47 55.8224 01 21 56.3362 22 08 2004 2453239.5569020389 2004.640812873  21.0728055304 -16.7988395607 19.1  50.9  63.3    23 Nereida               0.0000 IAG/LNA              varios               Altair               PRAIA V.0.1.1        1rd degree           UCAC4                NEP-081              01 Aug 2014          Irregular                               
    18.0   -66.8  66.6  43.6    20     9.0   -90.3  98.1  77.1    25  20.00  80.0  2.0   21 04 15.27891 -16 48 25.6849 03 55 56.7620 23 08 2004 2453240.6638514120 2004.643843535  21.0709108089 -16.8071346918 19.1  49.6  55.9    22 Nereida               0.0000 IAG/LNA              varios               Altair               PRAIA V.0.1.1        1rd degree           UCAC4                NEP-081              01 Aug 2014          Irregular                               
    17.2   -46.1  37.4  42.1    18   -17.9   -55.0 110.4  52.6    26  30.77  80.0  2.0   21 04  9.27012 -16 48 52.0399 03 31 42.3505 24 08 2004 2453241.6470179460 2004.646535299  21.0692416986 -16.8144555254 19.2  50.4  56.9    25 Nereida               0.0000 IAG/LNA              varios               Altair               PRAIA V.0.1.1        1rd degree           UCAC4                NEP-081              01 Aug 2014          Irregular                               
   -71.8    49.5  57.2  23.8     4   -15.0    51.2 136.2  21.0     5  20.00  80.0  2.0   21 01 35.33639 -17 00  5.7160 02 21 02.9800 23 09 2004 2453271.5979511575 2004.728536485  21.0264823307 -17.0015877798 19.3  60.3  50.0    23 Nereida               0.0000 IAG/LNA              varios               Altair               PRAIA V.0.1.1        1rd degree           UCAC4                NEP-081              01 Aug 2014          Irregular                               
    94.2    73.5  50.1  47.0     6    68.3    73.1  82.3  43.0     7  14.29  80.0  2.0   21 00 47.69949 -17 03 36.4856 00 55 19.9599 09 10 2004 2453287.5384254619 2004.772179125  21.0132498578 -17.0601348798 19.4  46.3  62.5    20 Nereida               0.0000 IAG/LNA              varios               Altair               PRAIA V.0.1.1        1rd degree           UCAC4                NEP-081              01 Aug 2014          Irregular                               
   -11.7   -86.7  79.1  66.7    15   -18.5   -65.8 129.9  77.8    19  21.05  80.0  2.0   21 28 45.70193 -15 04 52.7349 08 26 40.0233 08 06 2006 2453894.8518521213 2006.434912668  21.4793616467 -15.0813152546 19.5  49.7  55.1    22 Nereida               0.0000 IAG/LNA              varios               Altair               PRAIA V.0.1.1        1rd degree           UCAC4                NEP-081              01 Aug 2014          Irregular                               
    18.3     2.5  71.2  67.8    15    44.1   -46.9 109.8 132.6    20  25.00  80.0  2.0   21 21 37.69222 -15 39 30.4476 03 09 01.9893 31 08 2006 2453978.6312730238 2006.664288221  21.3604700599 -15.6584576777 18.9  70.2  61.7    17 Nereida               0.0000 IAG/LNA              varios               Altair               PRAIA V.0.1.1        1rd degree           UCAC4                NEP-081              01 Aug 2014          Irregular                               
    63.2   -27.1  58.7  29.6     9    64.8   -41.9  55.6  54.5    10  10.00  80.0  2.0   21 21 31.73306 -15 39 58.7198 03 15 48.2789 01 09 2006 2453979.6359754498 2006.667038947  21.3588147399 -15.6663110538 19.0  52.0  54.2    19 Nereida               0.0000 IAG/LNA              varios               Altair               PRAIA V.0.1.1        1rd degree           UCAC4                NEP-081              01 Aug 2014          Irregular                               
    11.4     4.6  48.9  53.3    16    36.4    11.2  76.1  71.7    19  15.79  80.0  2.0   21 19 50.50198 -15 47 56.4512 03 48 15.4236 20 09 2006 2453998.6585118477 2006.719119813  21.3306949954 -15.7990142284 19.3  46.3  53.6    24 Nereida               0.0000 IAG/LNA              varios               Altair               PRAIA V.0.1.1        1rd degree           UCAC4                NEP-081              01 Aug 2014          Irregular                               
    55.5   -19.9  32.6  64.5    15    -9.1   -10.3 306.6  74.7    19  21.05  80.0  2.0   21 19 41.60328 -15 48 38.4053 03 06 07.2660 22 09 2006 2454000.6292507639 2006.724515402  21.3282231335 -15.8106681431 19.3  47.3  51.3    23 Nereida               0.0000 IAG/LNA              varios               Altair               PRAIA V.0.1.1        1rd degree           UCAC4                NEP-081              01 Aug 2014          Irregular                               
    36.7   -23.2  59.4  31.8    22    48.6   -10.4 100.1 113.3    38  42.11  80.0  2.0   21 19 24.89786 -15 49 57.0763 01 38 48.5118 26 09 2006 2454004.5686170342 2006.735300799  21.3235827380 -15.8325211983 19.0  30.8  42.7    19 Nereida               0.0000 IAG/LNA              varios               Altair               PRAIA V.0.1.1        1rd degree           UCAC4                NEP081               01 Aug 2014          Irregular                               
   -10.8   -18.1  34.2  34.4    13   -75.1   -12.7 215.2  52.0    15  13.33  80.0  2.0   21 18 14.23268 -15 55 32.6762 22 57 37.6491 25 10 2006 2454034.4566857540 2006.817129872  21.3039535222 -15.9257433869 19.4  55.5  63.8    24 Nereida               0.0000 IAG/LNA              varios               Altair               PRAIA V.0.1.1        1rd degree           UCAC4                NEP-081              01 Aug 2014          Irregular                               
    22.1    13.7  57.9  22.7     7    -6.7    16.1 382.3  34.1    11  36.36  80.0  2.0   21 31 34.30375 -14 56 33.9746 05 50 12.9755 22 08 2007 2454334.7432057355 2007.639269557  21.5261954867 -14.9427707343 19.1  50.7  51.0    25 Nereida               0.0000 IAG/LNA              varios               Altair               PRAIA V.0.1.1        1rd degree           UCAC4                NEP081               01 Aug 2014          Irregular                               
    -8.8   -18.5  56.5  24.3    13     2.6   -24.5 108.4  42.5    15  13.33  80.0  2.0   21 31 28.22086 -14 57  4.0544 05 04 34.7839 23 08 2007 2454335.7115137023 2007.641920639  21.5245057943 -14.9511262122 19.2  51.2  48.5    26 Nereida               0.0000 IAG/LNA              varios               Altair               PRAIA V.0.1.1        1rd degree           UCAC4                NEP081               01 Aug 2014          Irregular                               
  -186.4   -62.8  68.0  52.3     5   -82.5   -37.1 336.1  73.9    10  50.00  80.0  2.0   21 31 21.97196 -14 57 34.8760 04 58 46.8160 24 08 2007 2454336.7074862961 2007.644647464  21.5227699878 -14.9596877728 18.8  53.4  56.4    25 Nereida               0.0000 IAG/LNA              varios               Altair               PRAIA V.0.1.1        1rd degree           UCAC4                NEP081               01 Aug 2014          Irregular                               
     3.5    10.2  40.4  25.5     6    22.4    43.8 309.6 127.7    13  53.85  80.0  2.0   21 31 15.92304 -14 58  4.7178 04 18 27.1948 25 08 2007 2454337.6794814216 2007.647308641  21.5210897340 -14.9679771540 18.8  50.2  51.2    25 Nereida               0.0000 IAG/LNA              varios               Altair               PRAIA V.0.1.1        1rd degree           UCAC4                NEP081               01 Aug 2014          Irregular                               
    25.7   -42.1  26.0  29.9    15    53.3   -38.4 121.9  65.7    19  21.05  80.0  2.0   21 29 19.83177 -15 07 34.1881 02 40 39.8127 14 09 2007 2454357.6115719061 2007.701879731  21.4888421596 -15.1261633489 19.5  48.2  53.1    19 Nereida               0.0000 IAG/LNA              varios               Altair               PRAIA V.0.1.1        1rd degree           UCAC4                NEP081               01 Aug 2014          Irregular                               
    12.9   -27.3  24.5   8.9    16    -5.3   -23.0  80.2  33.1    23  30.43  80.0  2.0   21 29 14.74047 -15 07 59.0310 02 02 24.0451 15 09 2007 2454358.5850005215 2007.704544833  21.4874279089 -15.1330641724 19.4  45.8  57.8    18 Nereida               0.0000 IAG/LNA              varios               Altair               PRAIA V.0.1.1        1rd degree           UCAC4                NEP081               01 Aug 2014          Irregular                               
   -17.4   -43.8  24.4  22.1    13   -21.1   -44.5  55.3  26.2    15  13.33  80.0  2.0   21 29  9.44307 -15 08 24.8566 02 39 38.0048 16 09 2007 2454359.6108565368 2007.707353474  21.4859564087 -15.1402379362 19.5  48.9  49.5    21 Nereida               0.0000 IAG/LNA              varios               Altair               PRAIA V.0.1.1        1rd degree           UCAC4                NEP081               01 Aug 2014          Irregular                               
    20.5   -46.9  48.0  30.3    20     2.8   -63.6  75.3 120.7    27  25.93  80.0  2.0   21 29  4.38621 -15 08 49.5294 02 33 12.4700 17 09 2007 2454360.6063943286 2007.710079108  21.4845517258 -15.1470914898 19.3  51.6  50.5    22 Nereida               0.0000 IAG/LNA              varios               Altair               PRAIA V.0.1.1        1rd degree           UCAC4                NEP-081              01 Aug 2014          Irregular                               
    12.8   -52.3  43.8  43.6    12    27.4   -60.9  78.6  52.4    16  25.00  80.0  2.0   21 41 31.48645 -14 11 38.1893 03 59 46.5750 12 08 2008 2454690.6665112842 2008.613734459  21.6920795702 -14.1939414663 19.0  43.5  45.3    14 Nereida               0.0000 IAG/LNA              varios               Altair               PRAIA V.0.1.1        1rd degree           UCAC4                NEP-081              01 Aug 2014          Irregular                               
   -14.7   -78.1  29.9  31.0    14    18.3   -77.1 133.5  47.1    20  30.00  80.0  2.0   21 52 32.32713 -13 19  4.4514 04 12 35.6736 22 07 2009 2455034.6754128886 2009.555579501  21.8756464239 -13.3179031796 19.4  51.9  44.4    24 Nereida               0.0000 IAG/LNA              varios               Altair               PRAIA V.0.1.1        1rd degree           UCAC4                NEP-081              01 Aug 2014          Irregular                               
    99.8    13.7  25.4  27.9    18   103.8    17.7  41.3  27.7    21  14.29  80.0  2.0   22 02 40.20001 -12 29  3.0158 07 17 37.0556 05 07 2010 2455382.8039011061 2010.508703356  22.0445000021 -12.4841710490 19.2  51.4  57.7    20 Nereida               0.0000 IAG/LNA              varios               Altair               PRAIA V.0.1.1        1rd degree           UCAC4                NEP-081              01 Aug 2014          Irregular                               
    74.3    27.5  34.3  24.2    14    74.3    27.5  34.3  24.2    14   0.00  80.0  2.0   22 02 36.39795 -12 29 24.8558 07 04 46.6428 06 07 2010 2455383.7949842922 2010.511416794  22.0434438747 -12.4902377091 19.0  55.0  59.9    19 Nereida               0.0000 IAG/LNA              varios               Altair               PRAIA V.0.1.1        1rd degree           UCAC4                NEP-081              01 Aug 2014          Irregular                               
   130.7    15.6  45.2  35.5    10   116.0    15.7  64.9  33.7    11   9.09  80.0  2.0   22 02 32.47342 -12 29 47.4086 07 03 31.0000 07 07 2010 2455384.7941087969 2010.514152248  22.0423537267 -12.4965023803 19.2  48.9  59.7    17 Nereida               0.0000 IAG/LNA              varios               Altair               PRAIA V.0.1.1        1rd degree           UCAC4                NEP-081              01 Aug 2014          Irregular                               
    89.7    -2.5  61.2  50.1    43    72.3    10.0  88.6  59.7    51  15.69  80.0  2.0   22 07 30.30606 -12 07 44.8818 04 20 27.0233 19 08 2011 2455792.6808683248 2011.630885334  22.1250850158 -12.1291338302 18.7  63.3  66.0    10 Nereida               0.0000 IAG/LNA              varios               Altair               PRAIA V.0.1.1        1rd degree           UCAC4                NEP-081              01 Aug 2014          Irregular                               
   126.7   -12.9  62.2  61.1     7   114.8    16.1  66.8  99.6     8  12.50  80.0  2.0   22 03 42.16840 -12 28 47.1218 02 16 12.4286 27 09 2011 2455831.5945882942 2011.737425293  22.0617134437 -12.4797560503 18.7  60.7  53.1    19 Nereida               0.0000 IAG/LNA              varios               Altair               PRAIA V.0.1.1        1rd degree           UCAC4                NEP-081              01 Aug 2014          Irregular                               
     9.8    -2.6  60.8  70.5     9   165.8   -23.0 292.9 105.3    18  50.00  80.0  2.0   22 10 54.07326 -11 53 28.1666 01 33 05.2886 19 10 2012 2456219.5646445435 2012.799629417  22.1816870160 -11.8911573871 19.1  72.0  66.1    13 Nereida               0.0000 IAG/LNA              varios               Altair               PRAIA V.0.1.1        1rd degree           UCAC4                NEP-081              01 Aug 2014          Irregular                               
    11.2   -27.8  75.7  76.8    13    15.1   -35.2  92.5  75.8    15  13.33  80.0  2.0   22 10 51.29969 -11 53 43.2973 00 33 32.4757 20 10 2012 2456220.5232925424 2012.802254052  22.1809165808 -11.8953603635 19.2  72.0  54.9    13 Nereida               0.0000 IAG/LNA              varios               Altair               PRAIA V.0.1.1        1rd degree           UCAC4                NEP-081              01 Aug 2014          Irregular                               
  -170.6  -161.6  20.5  16.1     8  -157.3  -161.7  44.3  15.1     9  11.11 120.0  2.0   12 57 19.22074 -04 52 17.8297 01 34 48.0113 03 04 2005 2453463.5658334638 2005.254115902  12.9553390953  -4.8716193640 16.9  66.3  48.9    10 Pasiphae              0.0000 IAG/LNA              Varios               Altair               PRAIA V.0.1.0        1rd degree           UCAC4                JUP300               23 Sep 2013                                                  
  -140.4  -171.4  15.8  23.4     9  -140.4  -171.4  15.8  23.4     9   0.00 120.0  2.0   12 56 51.71753 -04 48 57.0197 02 54 56.7499 04 04 2005 2453464.6214901609 2005.257006133  12.9476993141  -4.8158388024 16.9  52.2  56.2    14 Pasiphae              0.0000 IAG/LNA              Varios               Altair               PRAIA V.0.1.0        1rd degree           UCAC4                JUP300               23 Sep 2013                                                  
   -93.5   -22.5  20.6  11.5    10   -93.5   -22.5  20.6  11.5    10   0.00 120.0  2.0   15 11 14.00037 -15 22 54.9704 06 01 36.9950 02 03 2006 2453796.7511226269 2006.166327508  15.1872223261 -15.3819362331 18.0  57.2  49.2    34 Pasiphae              0.0000 IAG/LNA              Varios               Altair               PRAIA V.0.1.0        1rd degree           UCAC4                JUP300               23 Sep 2013                                                  
   -54.7   -61.0  24.0  31.6    12   -75.8   -67.6  75.1  53.5    19  36.84 120.0  2.0   15 10 44.23320 -15 18 39.3871 06 01 22.1459 10 03 2006 2453804.7509507625 2006.188229844  15.1789536673 -15.3109408476 17.7  54.3  48.8    29 Pasiphae              0.0000 IAG/LNA              Varios               Altair               PRAIA V.0.1.0        1rd degree           UCAC4                JUP300               23 Sep 2013                                                  
  -127.6   -24.1  28.9  16.6     8  -127.6   -24.1  28.9  16.6     8   0.00 120.0  2.0   15 10 11.08936 -15 15 28.1557 05 31 59.8913 14 03 2006 2453808.7305542976 2006.199125405  15.1697470455 -15.2578210190 17.8  51.4  60.1    19 Pasiphae              0.0000 IAG/LNA              Varios               Altair               PRAIA V.0.1.0        1rd degree           UCAC4                JUP300               23 Sep 2013                                                  
  -241.0   -26.0  18.9  10.6    21  -243.4   -24.1  37.1  17.8    33  36.36 120.0  2.0   14 24 38.37165 -12 49 56.9137 23 44 06.6023 03 07 2006 2453920.4889653046 2006.505103258  14.4106587927 -12.8324760184 17.8  49.1  44.0    26 Pasiphae              0.0000 IAG/LNA              Varios               Altair               PRAIA V.0.1.0        1rd degree           UCAC4                JUP300               23 Sep 2013                                                  
   -15.1   -70.5 108.9  46.1    11    10.9   -86.9 137.5  71.8    12   8.33 120.0  2.0   14 39 53.57953 -15 02  4.4944 23 15 43.2073 30 08 2006 2453978.4692500844 2006.663844627  14.6648832020 -15.0345817723 17.0  54.0  54.3    21 Pasiphae              0.0000 IAG/LNA              Varios               Altair               PRAIA V.0.1.0        1rd degree           UCAC4                JUP300               23 Sep 2013                                                  
    90.2   -60.8  55.9  40.2     9    90.2   -60.8  55.9  40.2     9   0.00 120.0  2.0   14 40 27.10550 -15 05 23.7331 22 08 48.1453 31 08 2006 2453979.4227794600 2006.666455248  14.6741959718 -15.0899258643 17.0  61.6  52.7    20 Pasiphae              0.0000 IAG/LNA              Varios               Altair               PRAIA V.0.1.0        1rd degree           UCAC4                JUP300               23 Sep 2013                                                  
    45.6    30.9  40.7  23.9     7   113.9    39.2 150.7  34.3     9  22.22 120.0  2.0   19 27 25.82847 -21 05 24.7491 07 05 53.2258 18 04 2008 2454574.7957549286 2008.296497617  19.4571745760 -21.0902080797 17.9  59.3  53.9   102 Pasiphae              0.0000 IAG/LNA              Varios               Altair               PRAIA V.0.1.0        1rd degree           UCAC4                JUP300               23 Sep 2013                                                  
   -58.4    -1.3  90.6  21.2    10  -116.3    13.0 165.6  86.1    12  16.67 120.0  2.0   19 27 43.40146 -21 24 52.2385 05 52 09.0300 26 05 2008 2454612.7445489583 2008.400395753  19.4620559621 -21.4145106984 17.4  53.7  55.8   113 Pasiphae              0.0000 IAG/LNA              Varios               Altair               PRAIA V.0.1.0        1rd degree           UCAC4                JUP300               23 Sep 2013                                                  
   135.5   -62.4  32.7  29.8     8    64.4   -51.0 215.3  44.0     9  11.11 120.0  2.0   18 55 50.17670 -23 32 45.3908 01 03 43.1586 12 08 2008 2454690.5442495211 2008.613399724  18.9306046402 -23.5459418992 16.9  56.3  52.4   157 Pasiphae              0.0000 IAG/LNA              Varios               Altair               PRAIA V.0.1.0        1rd degree           UCAC4                JUP300               23 Sep 2013                                                  
    40.2   -59.6  52.7  52.5    13    28.1   -57.7  59.1  74.1    15  13.33 120.0  2.0   18 55 31.26406 -23 55  7.9167 01 25 43.5691 20 09 2008 2454729.5595320500 2008.720217746  18.9253511275 -23.9188657362 17.8  55.8  54.1   237 Pasiphae              0.0000 IAG/LNA              Varios               Altair               PRAIA V.0.1.0        1rd degree           UCAC4                JUP300               23 Sep 2013                                                  
   210.3  -167.5 106.7  44.9     6   210.3  -167.5 106.7  44.9     6   0.00 120.0  2.0   21 51 16.29796 -13 31 20.6915 07 12 39.8202 18 07 2009 2455030.8004608816 2009.544970461  21.8545272122 -13.5224143172 17.2  61.0  63.7    14 Pasiphae              0.0000 IAG/LNA              Varios               Altair               PRAIA V.0.1.0        1rd degree           UCAC4                JUP300               23 Sep 2013                                                  
    87.9    65.9  31.2  47.9     8    92.0    86.8  31.7  77.1     9  11.11 120.0  2.0   00 09 17.51289 +00 09 14.6590 08 13 50.4999 06 07 2010 2455383.8429456013 2010.511548105   0.1548646905   0.1540719519 17.1  66.4  66.0     7 Pasiphae              0.0000 IAG/LNA              Varios               Altair               PRAIA V.0.1.0        1rd degree           UCAC4                JUP300               23 Sep 2013                                                  
   -55.0   -41.6  10.7  16.0    17   -59.6   -50.3  19.5  22.3    22  22.73 120.0  2.0   04 53 59.60346 +20 52  5.5696 07 24 52.1995 26 08 2001 2452147.8089374942 2001.651769849   4.8998898508  20.8682137681 16.8  48.6  50.7    35 Phoebe                0.0000 IAG/LNA              Varios               Altair               PRAIA V.0.1.1        1rd degree           UCAC4                SAT359               23 Jan 2014                                                  
    11.4   -16.6  24.4  29.2     5    11.4   -16.6  24.4  29.2     5   0.00 120.0  2.0   07 54 35.56775 +20 44 16.8156 07 28 23.3041 09 10 2004 2453287.8113808339 2004.772926436   7.9098799306  20.7380043210 16.5  43.0  48.6    32 Phoebe                0.0000 IAG/LNA              Varios               Altair               PRAIA V.0.1.1        1rd degree           UCAC4                SAT359               23 Jan 2014                                                  
    23.8    -3.1  28.8  27.9    18    22.6    -3.2  32.8  37.0    20  10.00 120.0  2.0   07 26  3.93503 +22 03 29.6642 23 53 14.2522 01 04 2005 2453462.4953038450 2005.251184952   7.4344263959  22.0582400550 16.6  56.9  56.1    51 Phoebe                0.0000 IAG/LNA              Varios               Altair               PRAIA V.0.1.1        1rd degree           UCAC4                SAT359               23 Jan 2014                                                  
     8.9   -25.0  25.1  36.4    31    10.6   -29.5  31.3  47.4    35  11.43 120.0  2.0   07 26 14.49093 +22 03 15.0189 23 17 36.5087 03 04 2005 2453464.4705614434 2005.256592912   7.4373585906  22.0541719190 16.6  52.3  53.2    49 Phoebe                0.0000 IAG/LNA              Varios               Altair               PRAIA V.0.1.1        1rd degree           UCAC4                SAT359               23 Jan 2014                                                  
     9.0    -6.2  17.1  46.1    20    26.5   -17.7  43.2  61.0    27  25.93 120.0  2.0   07 26 20.47369 +22 03  6.2723 23 01 42.0636 04 04 2005 2453465.4595146244 2005.259300519   7.4390204691  22.0517423119 16.6  50.3  54.3    56 Phoebe                0.0000 IAG/LNA              Varios               Altair               PRAIA V.0.1.1        1rd degree           UCAC4                SAT359               23 Jan 2014                                                  
   -74.9   -68.2  25.1  21.9     9   -66.7   -66.3  35.1  21.5    10  10.00 120.0  2.0   08 33 11.67179 +19 36  7.7167 01 21 22.6966 01 03 2006 2453795.5565126920 2006.163056845   8.5532421642  19.6021435356 16.3  46.4  50.0    21 Phoebe                0.0000 IAG/LNA              Varios               Altair               PRAIA V.0.1.1        1rd degree           UCAC4                SAT359               23 Jan 2014                                                  
    -1.7   -40.8  14.8  23.2    10    -1.7   -40.8  14.8  23.2    10   0.00 120.0  2.0   08 30  5.78886 +19 47 32.3882 23 03 59.2461 14 03 2006 2453809.4611023851 2006.201125537   8.5016080166  19.7923300582 16.3  49.5  57.5    16 Phoebe                0.0000 IAG/LNA              Varios               Altair               PRAIA V.0.1.1        1rd degree           UCAC4                SAT359               23 Jan 2014                                                  
    20.1   -70.7  30.1  19.4    34    14.9   -67.8  32.5  27.8    40  15.00 120.0  2.0   09 24 59.30387 +16 33 47.3267 01 09 42.7644 15 04 2007 2454205.5484116250 2007.285553488   9.4164732967  16.5631462955 16.4  58.6  57.6    15 Phoebe                0.0000 IAG/LNA              Varios               Altair               PRAIA V.0.1.1        1rd degree           UCAC4                SAT359               23 Jan 2014                                                  
    29.5   -99.6  19.0   8.5     8    31.2   -96.7  20.3  25.1    10  20.00 120.0  2.0   09 24 58.56764 +16 33 50.5406 01 17 08.6925 16 04 2007 2454206.5535728298 2007.288305469   9.4162687884  16.5640390575 16.6  67.3  57.6    13 Phoebe                0.0000 IAG/LNA              Varios               Altair               PRAIA V.0.1.1        1rd degree           UCAC4                SAT359               23 Jan 2014                                                  
    33.1   -65.4  36.9  28.4    19    27.9   -60.9  42.8  34.3    20   5.00 120.0  2.0   09 24 58.33519 +16 33 50.9427 02 23 07.6126 18 04 2007 2454208.5993936649 2007.293906621   9.4162042207  16.5641507466 16.6  60.2  59.2    15 Phoebe                0.0000 IAG/LNA              Varios               Altair               PRAIA V.0.1.1        1rd degree           UCAC4                SAT359               23 Jan 2014                                                  
    17.5   -85.4  33.2  40.4    15    57.7  -115.1 140.1 164.9    19  21.05  80.0  2.0   09 24 58.83266 +16 33 48.3104 01 25 13.9441 19 04 2007 2454209.5591891673 2007.296534398   9.4163424049  16.5634195547 16.7  61.5  56.8    16 Phoebe                0.0000 IAG/LNA              varios               Altair               PRAIA V.0.1.1        1rd degree           UCAC4                SAT359L              01 Aug 2014          Irregular                               
     3.9   -72.4  26.3  32.3    40    -1.9   -73.6  47.1  48.8    47  14.89 120.0  2.0   09 24 59.68107 +16 33 44.1232 23 28 52.8437 19 04 2007 2454210.4783893954 2007.299051031   9.4165780750  16.5622564582 16.6  58.0  57.6    17 Phoebe                0.0000 IAG/LNA              Varios               Altair               PRAIA V.0.1.1        1rd degree           UCAC4                SAT359               23 Jan 2014                                                  
    45.9   -88.2  24.4  28.2    24    38.6   -67.6  78.5  65.1    33  27.27 120.0  2.0   10 16 40.07214 +12 31  6.2046 23 41 41.8438 24 05 2008 2454611.4872898585 2008.396953565  10.2777978158  12.5183901792 16.9  56.3  52.4    14 Phoebe                0.0000 IAG/LNA              Varios               Altair               PRAIA V.0.1.1        1rd degree           UCAC4                SAT359               23 Jan 2014                                                  
    84.0   -27.5  16.2  28.2    20    77.9   -30.9  26.2  29.2    22   9.09 120.0  2.0   10 16 59.98779 +12 28 59.1527 23 08 05.2304 26 05 2008 2454613.4639494265 2008.402365364  10.2833299425  12.4830979615 17.2  59.9  64.2    16 Phoebe                0.0000 IAG/LNA              Varios               Altair               PRAIA V.0.1.1        1rd degree           UCAC4                SAT359               23 Jan 2014                                                  
    43.7   -65.9  75.3  21.6    12    43.7   -65.9  75.3  21.6    12   0.00 120.0  2.0   10 17 10.23672 +12 27 54.1941 22 14 53.8376 27 05 2008 2454614.4270120091 2008.405002086  10.2861768669  12.4650539298 17.1  65.7  56.9    10 Phoebe                0.0000 IAG/LNA              Varios               Altair               PRAIA V.0.1.1        1rd degree           UCAC4                SAT359               23 Jan 2014                                                  
    13.8   -84.6  70.1  32.5     5    13.8   -84.6  70.1  32.5     5   0.00 120.0  2.0   11 17 39.34898 +06 43 41.3270 22 19 46.7739 21 07 2009 2455034.4304024759 2009.554908699  11.2942636056   6.7281463918 17.1  51.4  62.8     9 Phoebe                0.0000 IAG/LNA              Varios               Altair               PRAIA V.0.1.1        1rd degree           UCAC4                SAT359               23 Jan 2014                                                  
    61.9   -33.9  51.4  11.4    26    66.5   -21.1  58.6  32.8    38  31.58  80.0  2.0   12 16 58.10524 +00 51 30.9671 06 25 19.8793 21 02 2010 2455248.7675911952 2010.141731940  12.2828070113   0.8586019746 16.3  64.3  52.1     6 Phoebe                0.0000 IAG/LNA              varios               Altair               PRAIA V.0.1.1        1rd degree           UCAC4                SAT359L              01 Aug 2014          Irregular                               
    31.6     0.9  25.8  27.8    54    47.3    -4.8  58.9  39.5    86  37.21  80.0  2.0   12 16 46.11172 +00 53  2.2979 05 55 15.3160 22 02 2010 2455249.7467050469 2010.144412607  12.2794754777   0.8839716264 16.4  62.2  61.8     9 Phoebe                0.0000 IAG/LNA              varios               Altair               PRAIA V.0.1.1        1rd degree           UCAC4                SAT359L              01 Aug 2014          Irregular                               
    16.0    -6.0  22.4  17.7    38    38.3   -10.2  68.6  29.9    55  30.91  80.0  2.0   12 16 33.28461 +00 54 39.2449 06 29 33.7866 23 02 2010 2455250.7705299375 2010.147215687  12.2759123913   0.9109013696 16.1  57.6  41.2     9 Phoebe                0.0000 IAG/LNA              varios               Altair               PRAIA V.0.1.1        1rd degree           UCAC4                SAT359L              01 Aug 2014          Irregular                               
    -0.5    44.0  27.3  18.9    30     8.6    27.4  51.4  43.0    38  21.05 120.0  2.0   11 59 23.46318 +02 48 48.1060 23 55 47.5000 03 05 2010 2455320.4970775465 2010.338116571  11.9898508832   2.8133627777 16.7  54.2  56.3    11 Phoebe                0.0000 IAG/LNA              Varios               Altair               PRAIA V.0.1.1        1rd degree           UCAC4                SAT359               23 Jan 2014                                                  
   -64.5    31.2  39.5  13.6    16   -67.4    31.5  38.3  18.8    18  11.11 120.0  2.0   11 59 14.17848 +02 49 40.8012 22 15 47.4375 04 05 2010 2455321.4276323789 2010.340664291  11.9872718006   2.8280003381 16.8  55.1  50.6    14 Phoebe                0.0000 IAG/LNA              Varios               Altair               PRAIA V.0.1.1        1rd degree           UCAC4                SAT359               23 Jan 2014                                                  
   -69.6    40.1  10.4  24.1    19   -64.6    40.1  33.2  30.8    28  32.14 120.0  2.0   11 58 54.05370 +02 51 33.1065 00 44 56.8421 07 05 2010 2455323.5312134507 2010.346423582  11.9816815829   2.8591962415 16.9  72.1  57.1     6 Phoebe                0.0000 IAG/LNA              Varios               Altair               PRAIA V.0.1.1        1rd degree           UCAC4                SAT359               23 Jan 2014                                                  
     3.2    73.2  66.7  11.2    14   -11.2    57.7  66.4  34.9    18  22.22 120.0  2.0   11 58 44.49965 +02 52 25.6723 01 59 46.0714 08 05 2010 2455324.5831721229 2010.349303688  11.9790276808   2.8737978691 16.8  60.9  45.4     7 Phoebe                0.0000 IAG/LNA              Varios               Altair               PRAIA V.0.1.1        1rd degree           UCAC4                SAT359               23 Jan 2014                                                  
    17.1    24.9  22.8  12.4    25    17.1    24.2  27.1  12.3    27   7.41 120.0  2.0   11 59 43.18668 +02 34 42.7161 21 52 51.2000 04 07 2010 2455382.4117037035 2010.507629578  11.9953296339   2.5785322480 17.0  59.7  42.1    14 Phoebe                0.0000 IAG/LNA              Varios               Altair               PRAIA V.0.1.1        1rd degree           UCAC4                SAT359               23 Jan 2014                                                  
    30.8    19.7  28.0  18.9    24    28.6    23.7  31.3  27.4    30  20.00 120.0  2.0   11 59 55.18930 +02 33 11.6898 00 00 36.4583 06 07 2010 2455383.5004219711 2010.510610327  11.9986636937   2.5532471766 17.2  54.9  42.0    13 Phoebe                0.0000 IAG/LNA              Varios               Altair               PRAIA V.0.1.1        1rd degree           UCAC4                SAT359               23 Jan 2014                                                  
     8.1    11.5  26.0  27.4    19    12.6    11.9  32.3  26.8    20   5.00 120.0  2.0   12 00  6.54125 +02 31 46.1751 23 58 31.2632 06 07 2010 2455384.4989729538 2010.513344210  12.0018170138   2.5294930836 17.1  53.0  43.1    12 Phoebe                0.0000 IAG/LNA              Varios               Altair               PRAIA V.0.1.1        1rd degree           UCAC4                SAT359               23 Jan 2014                                                  
    40.7   -55.6  56.2  45.9    29    61.9   -17.6  97.2 174.3    42  30.95 120.0  2.0   12 42 29.25239 -01 44 13.3606 22 49 43.5862 23 05 2011 2455705.4511989146 2011.392063515  12.7081256635  -1.7370446064 16.8  49.2  65.3    12 Phoebe                0.0000 IAG/LNA              Varios               Altair               PRAIA V.0.1.1        1rd degree           UCAC4                SAT359               23 Jan 2014                                                  
    21.5   -48.4  20.0  15.1    25    29.9   -49.8  45.7  20.8    30  16.67 120.0  2.0   13 28 24.57810 -06 18 58.3761 01 48 35.4800 24 05 2012 2456071.5754106478 2012.394456976  13.4734939163  -6.3162155711 16.6  59.6  60.9    15 Phoebe                0.0000 IAG/LNA              Varios               Altair               PRAIA V.0.1.1        1rd degree           UCAC4                SAT359               23 Jan 2014                                                  
   -29.4   -28.6  58.0  19.3     5    81.8   -36.5 440.2  58.4     8  37.50 120.0  2.0   13 28 14.75340 -06 18 12.0715 22 36 39.7999 24 05 2012 2456072.4421273139 2012.396829917  13.4707648336  -6.3033532062 16.9  59.6  48.8    16 Phoebe                0.0000 IAG/LNA              Varios               Altair               PRAIA V.0.1.1        1rd degree           UCAC4                SAT359               23 Jan 2014                                                  
   -48.7   -70.8  16.4  23.7    24   -57.0   -66.0  87.7  24.8    30  20.00 120.0  2.0   13 27 52.31490 -06 16 28.7816 23 48 13.4375 26 05 2012 2456074.4918221938 2012.402441676  13.4645319169  -6.2746615682 16.7  60.4  55.3    15 Phoebe                0.0000 IAG/LNA              Varios               Altair               PRAIA V.0.1.1        1rd degree           UCAC4                SAT359               23 Jan 2014                                                  
   -90.1   -74.8  28.9  25.9    26  -100.8   -73.7  42.1  28.1    30  13.33 120.0  2.0   13 27 42.42295 -06 15 43.9841 22 31 38.6538 27 05 2012 2456075.4386418271 2012.405033927  13.4617841533  -6.2622178121 16.7  62.7  58.9    17 Phoebe                0.0000 IAG/LNA              Varios               Altair               PRAIA V.0.1.1        1rd degree           UCAC4                SAT359               23 Jan 2014                                                  
   -25.0   -39.0  71.8  27.0     9    -2.9   -50.2  97.3  43.6    10  10.00 120.0  2.0   13 27 31.14026 -06 14 53.8518 01 09 37.4444 29 05 2012 2456076.5483500510 2012.408072142  13.4586500720  -6.2482921603 16.7  53.0  48.9    10 Phoebe                0.0000 IAG/LNA              Varios               Altair               PRAIA V.0.1.1        1rd degree           UCAC4                SAT359               23 Jan 2014                                                  
   102.6    46.9  14.2  14.3    17   105.0    45.8  17.2  14.6    18   5.56  80.0  2.0   13 25 56.07576 -06 18  9.7966 22 13 45.7648 10 07 2012 2456119.4262241293 2012.525465363  13.4322432673  -6.3027212779 16.8  46.4  49.7    14 Phoebe                0.0000 IAG/LNA              varios               Altair               PRAIA V.0.1.1        1rd degree           UCAC4                SAT359L              01 Aug 2014          Irregular                               
    84.5   -91.5  18.7  16.2    13    80.3   -88.9  22.5  19.9    15  13.33  80.0  2.0   13 27 13.90621 -06 28 57.4709 00 23 34.8283 21 07 2012 2456129.5163753279 2012.553090692  13.4538628356  -6.4826308034 16.9  63.2  61.9    12 Phoebe                0.0000 IAG/LNA              varios               Altair               PRAIA V.0.1.1        1rd degree           UCAC4                SAT359L              01 Aug 2014          Irregular                               
    60.3  -120.3  27.0  26.2    16    60.3  -120.3  27.0  26.2    16   0.00  80.0  2.0   13 27 22.81702 -06 30  6.6938 22 20 56.0813 21 07 2012 2456130.4312046450 2012.555595358  13.4563380604  -6.5018593893 17.1  47.4  48.3    10 Phoebe                0.0000 IAG/LNA              varios               Altair               PRAIA V.0.1.1        1rd degree           UCAC4                SAT359L              01 Aug 2014          Irregular                               
   -12.2    40.7  41.3  33.7    28   -19.1     4.1 105.2  84.0    40  30.00  80.0  2.0   14 26  4.87378 -11 38 59.1231 01 49 20.7464 03 05 2013 2456415.5759345652 2013.336279081  14.4346871608 -11.6497564129 16.6  53.9  57.7    20 Phoebe                0.0000 IAG/LNA              varios               Altair               PRAIA V.0.1.1        1rd degree           UCAC4                SAT359L              01 Aug 2014          Irregular                               
   -17.4    31.3  28.4  17.5    20    -1.2    27.1  99.1  21.9    29  31.03  80.0  2.0   14 25 48.30659 -11 37 37.0191 23 13 16.7682 03 05 2013 2456416.4675551876 2013.338720205  14.4300851646 -11.6269497389 16.6  53.3  68.8    18 Phoebe                0.0000 IAG/LNA              varios               Altair               PRAIA V.0.1.1        1rd degree           UCAC4                SAT359L              01 Aug 2014          Irregular                               
    16.0    25.8  16.5  16.7    12   -14.5    23.0 105.3  29.1    17  29.41  80.0  2.0   14 25 26.82725 -11 35 51.4590 02 53 13.6836 05 05 2013 2456417.6202972643 2013.341876241  14.4241186800 -11.5976275043 16.7  57.4  57.8    17 Phoebe                0.0000 IAG/LNA              varios               Altair               PRAIA V.0.1.1        1rd degree           UCAC4                SAT359L              01 Aug 2014          Irregular                               
    79.7   -25.7  60.5  20.6     7    60.4   -28.9  92.7  51.2    10  30.00  80.0  2.0   14 24 52.55704 -11 33  2.8967 23 21 26.7683 06 05 2013 2456419.4732264844 2013.346949285  14.4145991789 -11.5508046384 16.7  49.4  49.4    10 Phoebe                0.0000 IAG/LNA              varios               Altair               PRAIA V.0.1.1        1rd degree           UCAC4                SAT359L              01 Aug 2014          Irregular                               
   -23.1   -68.0  42.5  32.5    10   -92.3   -50.8 201.8  58.2    12  16.67  80.0  2.0   14 24 31.77306 -11 31 21.5814 02 20 23.0172 08 05 2013 2456420.5974886250 2013.350027347  14.4088258509 -11.5226614925 16.7  67.9  55.9     8 Phoebe                0.0000 IAG/LNA              varios               Altair               PRAIA V.0.1.1        1rd degree           UCAC4                SAT359L              01 Aug 2014          Irregular                               
    35.8   -34.7  18.1  31.2    10    35.8   -34.7  18.1  31.2    10   0.00  80.0  2.0   14 24 12.82910 -11 29 49.1886 03 04 55.7487 09 05 2013 2456421.6284230170 2013.352849891  14.4035636380 -11.4969968274 16.7  73.1  62.6    15 Phoebe                0.0000 IAG/LNA              varios               Altair               PRAIA V.0.1.1        1rd degree           UCAC4                SAT359L              01 Aug 2014          Irregular                               
    33.4   -84.4  22.4   7.3     7    58.7   -81.6  57.0  13.3    10  30.00  80.0  2.0   14 23 55.08707 -11 28 22.8875 02 22 46.1717 10 05 2013 2456422.5991455056 2013.355507585  14.3986352973 -11.4730243059 16.8  68.4  44.7    18 Phoebe                0.0000 IAG/LNA              varios               Altair               PRAIA V.0.1.1        1rd degree           UCAC4                SAT359L              01 Aug 2014          Irregular                               
   340.5   -25.3  59.7  17.3     4   340.5   -25.3  59.7  17.3     4   0.00 120.0  2.0   21 45 43.15136 -13 55 42.1501 07 22 50.8402 20 07 2009 2455032.8075328725 2009.550465524  21.7619864885 -13.9283750400 18.2  60.8  59.8    22 Sinope                0.0000 IAG/LNA              Varios               Altair               PRAIA V.0.1.0        1rd degree           UCAC4                JUP300               23 Sep 2013                                                  
