OBSERVATORIO (?=LISTA SITIOS, X=PROMPT, G=GEOCENTRICO, H=HELIOCENTRICO, OU CODIGO IAU): NOME/ID DO OBJETO DO SISTEMA SOLAR: EFEMERIDE DE/LE (EX: de421, <ENTER>=CANONICO JPL): Arquivo com datas: Alvo: CARME (    511)     Efemerides: jup300+de421   Sitio: 874 (OPD/LNA) (314°25'02.5"E 22°32'07.8"S  1810.7 m)

     Data Cal. UTC                  JD_UTC         JD_TT (Obs.)      R.A.__(ICRF//J2000.0)__DEC     R.A.__(ap./sem atms.)__DEC            DIST (km)           APmag        S-O-A (°)     X_(sat-primario)_Y      AZ (°)   EL (°)       Hour Angle       AZ__SOL__EL (°)    L-O-A (°)    JD_TT (El. Orb.)    Semi-eixo maior (km)       Excentricidade          Inclinacao (°)      Long. Nodo Ascend. (°)    Arg. Periastro (°)       Anom. Media (°)       Anom. Verdadeira (°)      Per. Orbital (s)       Pass. Periast. (JD_TT)
1996-JUN-22 03:03:04.334      2450256.627133495 2450256.627853218   18 57 16.1131  -23 09 10.781   18 57 04.9903  -23 09 16.576    0.6150590018525355E+09      n.d.       167.8747 G   -4253.627   -1622.776    95.4671  77.5441     -00 54 01.011    342.8672 -89.0601     126.4      2450256.604107422   0.2307259861312778E+08  0.2203011894605807E+00  0.1511970526227646E+03  0.1510114927026458E+03  0.7949955989932820E+02  0.3112804219462108E+03  0.2887506157652003E+03  0.6186704941067984E+08      2450353.509217463
1996-JUL-26 03:42:49.311      2450290.654737396 2450290.655457119   18 41 27.0918  -23 23 04.790   18 41 16.2025  -23 23 06.386    0.6176603259579803E+09      n.d.       156.0220 S   -2346.244    -792.584   261.7020  58.8225     +02 15 42.140    110.0875 -81.4625      36.9      2450290.631610923   0.2349332602284039E+08  0.2242374822936312E+00  0.1511806282087007E+03  0.1509960404098239E+03  0.7455147126973780E+02  0.3321374417385244E+03  0.3164455222205162E+03  0.6356695320657676E+08      2450347.574060037
1996-OCT-01 22:50:59.333      2450358.452075613 2450358.452795336   18 42 31.3119  -23 09 03.536   18 42 19.5950  -23 09 06.906    0.7425149051027637E+09      n.d.        90.6966 S    2295.137     723.013   263.2026  64.6627     +01 50 06.337    254.0291 -25.7514     150.8      2450358.424128874   0.2311743051353214E+08  0.2069068266425453E+00  0.1511511676264118E+03  0.1508951782286109E+03  0.6824391213696629E+02  0.9335704627158128E+01  0.1446822633193716E+02  0.6204745589726562E+08      2450339.800906101
2007-AUG-19 00:48:28.939      2454331.533668275 2454331.534422720   16 37 55.4464  -22 01 52.063   16 38 23.5920  -22 02 55.411    0.7645425735307763E+09      n.d.       105.4558 S    3363.261   -1953.241   261.9512  49.4911     +02 55 45.831    259.6046 -55.9466      38.0      2454331.504905872   0.2400373268333162E+08  0.1625557937721247E+00  0.1437551548819781E+03  0.1673376054019935E+03  0.8243194901967131E+02  0.1637228885753687E+03  0.1680836137073660E+03  0.6564970971580686E+08      2453985.942916777
2008-JUL-11 06:49:36.701      2454658.784452558 2454658.785207002   19 08 04.5543  -22 41 51.986   19 08 37.6501  -22 41 04.544    0.6080668259208435E+09      n.d.       176.4415 S   -5101.850    -561.527   257.5333  35.7273     +03 56 52.432     79.2345 -39.0192      74.9      2454658.761731249   0.2313657811227579E+08  0.2625718360538357E+00  0.1434960352319746E+03  0.1704965071399188E+03  0.1033838969545172E+03  0.3044184585960126E+03  0.2753358799108103E+03  0.6212456042867818E+08      2454769.775711048
2008-SEP-19 23:31:16.998      2454729.480057848 2454729.480812292   18 54 45.6809  -22 53 19.518   18 55 18.5184  -22 52 43.414    0.6994483843933793E+09      n.d.       105.3388 S    -215.211     948.963   264.6507  69.1262     +01 30 35.251    253.9644 -35.9154     135.7      2454729.453808490   0.2348281354272980E+08  0.2548178132481795E+00  0.1437305018166350E+03  0.1708556635878869E+03  0.9675818116147042E+02  0.3436825874304994E+03  0.3320401021988091E+03  0.6352429184156436E+08      2454762.779171085
2013-NOV-10 06:13:43.366      2456606.759529699 2456606.760307292   07 33 28.0242  +21 07 13.522   07 34 18.4574  +21 05 13.288    0.6724752526760352E+09      n.d.       116.0990 G    4712.047   -2836.188    21.0156  43.6197     -01 04 37.428    123.5925 -25.5669     153.7      2456606.734344899   0.2389548503300668E+08  0.1909709059845537E+00  0.1419597901170645E+03  0.1812084713537583E+03  0.1172458178970071E+03  0.1657223704641661E+03  0.1700961533789759E+03  0.6520612814456798E+08      2456259.315552303
2005-APR-03 02:04:26.157      2453463.586413854 2453463.587156725   13 00 44.2219  -04 37 54.643   13 01 01.3319  -04 39 43.752    0.6516441534857402E+09      n.d.       177.0331 G    6146.783   -2131.397    47.2861  64.8997     -01 12 53.553    222.9218 -67.2836     102.5      2453463.561998505   0.2311276963797133E+08  0.3301092996197787E+00  0.1446654172953816E+03  0.1612991804925969E+03  0.7540976893414235E+02  0.9195602187694682E+02  0.1269461492897031E+03  0.6202869207573479E+08      2453280.180061599
2005-APR-04 03:19:18.943      2453464.638413692 2453464.639156563   13 00 15.9697  -04 35 14.913   13 00 33.0912  -04 37 04.154    0.6516542428850015E+09      n.d.       177.8800 S    6174.753   -2160.378   354.6631  72.0114     +00 06 36.332    168.1859 -72.8320     117.7      2453464.613997942   0.2310295584901338E+08  0.3294968998439738E+00  0.1446659390639780E+03  0.1612995630118934E+03  0.7533436652147685E+02  0.9265718000133488E+02  0.1274239130558692E+03  0.6198918976509139E+08      2453279.951462120
2008-AUG-12 01:09:54.208      2454690.548544074 2454690.549298518   18 55 08.6539  -22 56 19.851   18 55 41.9752  -22 55 42.511    0.6283188524501708E+09      n.d.       143.0955 S   -3183.564     256.181   265.5335  81.8460     +00 35 19.628    259.8112 -61.2171      18.9      2454690.525040797   0.2350001340477705E+08  0.2626153679900851E+00  0.1436225684024325E+03  0.1706135264993922E+03  0.9965726046488318E+02  0.3231042322419516E+03  0.2994394318531702E+03  0.6359409666492021E+08      2454765.960773222
2009-JUL-20 07:54:14.098      2455032.829329838 2455032.830095856   21 44 38.7878  -15 06 08.246   21 45 12.3434  -15 03 20.156    0.6382440439294966E+09      n.d.       154.2267 G   -5110.098   -3468.118   271.8640  46.9903     +02 59 38.405     76.6399 -24.2617     130.0      2455032.805455017   0.2376700554929677E+08  0.3060746522833719E+00  0.1442208749945618E+03  0.1717100994313205E+03  0.1081498452951123E+03  0.1155128496772926E+03  0.1417525024908556E+03  0.6468094241556511E+08      2454792.595836375
1998-AUG-14 03:04:35.663      2451039.628190544 2451039.628921840   23 56 27.3392  -02 05 10.696   23 56 23.6182  -02 05 34.458    0.6080575050520304E+09      n.d.       142.7749 G    4912.295    1799.792    64.9848  49.3684     -02 24 46.231    184.2824 -81.8933      44.6      2451039.605446404   0.2292653370653043E+08  0.2627228126518391E+00  0.1487117453280545E+03  0.1499919484480703E+03  0.6590928509501838E+02  0.3445761740843177E+03  0.3330400763671856E+03  0.6128049079055800E+08      2451069.993165732
1998-AUG-18 22:28:01.934      2451044.436133495 2451044.436864791   23 55 00.6076  -02 13 35.146   23 54 56.9808  -02 13 58.147    0.6030221957470710E+09      n.d.       147.7764 G    5018.782    1978.255    96.0384  -8.5709     -06 40 55.968    274.7565 -23.6283     109.6      2451044.413583977   0.2283617515364639E+08  0.2602061912630756E+00  0.1486957937608698E+03  0.1499659150300272E+03  0.6634498047649068E+02  0.3466678681504774E+03  0.3367446170718433E+03  0.6091856797875583E+08      2451070.525157420
1999-OCT-09 03:03:15.663      2451460.627264618 2451460.628007488   01 52 59.7630  +09 28 38.619   01 52 59.4534  +09 28 34.152    0.5795340634345268E+09      n.d.       165.6357 G   -7033.024   -4315.088    19.3109  56.3097     -00 42 52.322    173.0367 -61.2213     161.4      2451460.605633237   0.2297750808291955E+08  0.3098119353125462E+00  0.1470626943229288E+03  0.1514783938127179E+03  0.5219790295614222E+02  0.2153332110497837E+03  0.1999321095870453E+03  0.6148497899481627E+08      2451746.576391977
1999-OCT-12 01:52:37.686      2451463.578213959 2451463.578956829   01 51 38.9439  +09 20 18.196   01 51 38.6559  +09 20 13.781    0.5777859641017740E+09      n.d.       168.8688 G   -6963.793   -4344.662    40.4095  49.7249     -01 40 31.462    206.5270 -57.2424     161.9      2451463.556650084   0.2304475214833942E+08  0.3059249744089610E+00  0.1470812998590039E+03  0.1515873603044687E+03  0.5212006045123595E+02  0.2168608683669032E+03  0.2009773003488909E+03  0.6175508161313232E+08      2451747.750604431
1999-NOV-10 23:29:51.264      2451493.479065556 2451493.479808426   01 37 53.1132  +07 59 12.691   01 37 52.9715  +07 59 08.742    0.5825120426694590E+09      n.d.       157.3822 S   -5930.947   -4390.733    44.9930  49.0278     -01 51 39.074    234.5936 -27.6544     127.6      2451493.457319224   0.2354766986285516E+08  0.2811235459150572E+00  0.1471739522018272E+03  0.1524148331580243E+03  0.5036033520367344E+02  0.2336620021891939E+03  0.2126666341862867E+03  0.6378764157887647E+08      2451752.549491361
1999-NOV-30 21:36:13.533      2451513.400156632 2451513.400899502   01 31 47.7302  +07 27 13.410   01 31 47.5318  +07 27 09.010    0.6068682747286236E+09      n.d.       135.7268 S   -4922.641   -4132.209    52.9889  44.3479     -02 20 38.917    245.7217  -1.5369     145.3      2451513.377469994   0.2386126837636145E+08  0.2651861334524863E+00  0.1471927852554558E+03  0.1530213766522820E+03  0.4912923702419047E+02  0.2442809311129453E+03  0.2209998028626736E+03  0.6506612239892129E+08      2451755.448943119
1999-DEC-02 19:19:53.378      2451515.305478912 2451515.306221782   01 31 26.7001  +07 25 40.178   01 31 26.4700  +07 25 35.619    0.6099388926296896E+09      n.d.       133.7072 G   -4815.336   -4096.323    73.7752  17.7100     -04 29 07.306    256.3761  28.5144     168.5      2451515.282673824   0.2388824534653055E+08  0.2634161805929098E+00  0.1471924948790684E+03  0.1530891063159785E+03  0.4906016937185884E+02  0.2451856679325385E+03  0.2217779086852799E+03  0.6517649684610062E+08      2451755.868963430
1999-DEC-05 19:03:55.271      2451518.294389710 2451518.295132581   01 30 59.1536  +07 23 49.228   01 30 58.8929  +07 23 44.436    0.6149773153625751E+09      n.d.       130.5607 G   -4643.978   -4036.614    74.2349  16.8970     -04 32 50.802    257.0227  32.4703     154.7      2451518.271390107   0.2390238146059006E+08  0.2624863730173537E+00  0.1471916225656695E+03  0.1531529818399880E+03  0.4904557899888734E+02  0.2466090122640540E+03  0.2228760276851648E+03  0.6523435869426446E+08      2451756.086088110
1999-DEC-08 18:59:13.418      2451521.291127523 2451521.291870393   01 30 38.4699  +07 22 41.893   01 30 38.1944  +07 22 36.956    0.6202892793280382E+09      n.d.       127.4338 G   -4468.422   -3972.661    73.3839  18.5602     -04 25 23.053    256.9902  33.8935     119.0      2451521.267922834   0.2396331044377401E+08  0.2593875175755507E+00  0.1471889953949879E+03  0.1532638007564643E+03  0.4874658469097861E+02  0.2482462423853324E+03  0.2243109548116033E+03  0.6548394857329997E+08      2451756.545614338
2000-NOV-28 02:26:08.500      2451876.601487269 2451876.602230139   04 12 42.6540  +20 43 53.974   04 12 46.1334  +20 43 59.890    0.6214927827165890E+09      n.d.       178.8178 S   -4212.983    1085.192     6.7153  46.4637     -00 19 45.774    188.0621 -45.7387     155.2      2451876.578236016   0.2320011492408107E+08  0.2320656931039916E+00  0.1460778991978112E+03  0.1575685940843367E+03  0.6148418836086671E+02  0.4638646065686241E+02  0.6971883348304206E+02  0.6238064228036969E+08      2451783.547847356
2001-NOV-20 03:39:22.114      2452233.652339282 2452233.653082152   07 12 19.6021  +21 47 02.165   07 12 26.0556  +21 46 51.069    0.6430407615857570E+09      n.d.       131.1014 G    5468.414   -2534.326    43.8338  31.2265     -02 38 30.031    162.4532 -45.9495     170.2      2452233.628256178   0.2361812806355949E+08  0.1797433512757280E+00  0.1467804328715296E+03  0.1604610277392139E+03  0.9867111135160609E+02  0.1807917007083637E+03  0.1805595741339659E+03  0.6407414908203233E+08      2452602.796828887
2001-NOV-23 01:18:38.580      2452236.554613194 2452236.555356065   07 11 42.5708  +21 47 59.170   07 11 49.1089  +21 47 48.041    0.6385821092112079E+09      n.d.       134.1752 G    5599.992   -2570.999    62.7558   7.2194     -04 47 10.066    208.8025 -41.8468     135.3      2452236.530702322   0.2358566501829165E+08  0.1813296060433072E+00  0.1467757042895712E+03  0.1605109218182002E+03  0.9915369981061727E+02  0.1815815924286984E+03  0.1811145629967033E+03  0.6394208990190528E+08      2452603.314584044
2001-DEC-19 22:51:04.271      2452263.452132766 2452263.452875637   07 01 08.9335  +22 05 14.041   07 01 16.2288  +22 05 03.286    0.6117697783594013E+09      n.d.       163.9282 G    6585.624   -2746.813    65.6829   0.6502     -05 18 08.690    236.7762 -14.0911     138.2      2452263.429257065   0.2311485579200174E+08  0.2047400756839703E+00  0.1467391010830033E+03  0.1607617932484719E+03  0.1013851375025430E+03  0.1922361846864857E+03  0.1882667425154575E+03  0.6203709031150839E+08      2452598.035062157
2001-DEC-21 22:06:39.518      2452265.421290718 2452265.422033588   07 00 06.9608  +22 06 52.994   07 00 14.2876  +22 06 42.433    0.6110038713740335E+09      n.d.       166.1724 S    6639.248   -2747.286    68.9010  -6.9482     -05 53 45.690    242.0276  -5.0578     114.2      2452265.398444618   0.2307498889374824E+08  0.2065875284344414E+00  0.1467327802596300E+03  0.1607935262709688E+03  0.1017508666815243E+03  0.1927674233632488E+03  0.1885972755538148E+03  0.6187666363587065E+08      2452598.082147470
2002-JAN-09 01:05:24.294      2452283.545420069 2452283.546162940   06 50 03.6690  +22 22 21.671   06 50 11.2948  +22 22 12.720    0.6125211185479466E+09      n.d.       172.9853 S    7006.211   -2679.247    28.4624  39.6545     -01 33 30.545    216.1275 -36.0975     133.7      2452283.522515207   0.2277989852779822E+08  0.2217869280056113E+00  0.1467061266949825E+03  0.1609050606637205E+03  0.1027267986833769E+03  0.2011243000029613E+03  0.1938752090756713E+03  0.6069351857179758E+08      2452593.538116042
2002-FEB-07 22:03:50.744      2452313.419337315 2452313.420080185   06 36 25.7916  +22 42 44.276   06 36 33.4624  +22 42 38.380    0.6478067285442340E+09      n.d.       139.4697 S    7161.402   -2381.102    40.0842  32.8260     -02 23 39.394    251.4414  -4.7565     170.6      2452313.395070205   0.2243665606782031E+08  0.2406781131344412E+00  0.1466604091494519E+03  0.1610429774736862E+03  0.1037814074414465E+03  0.2161593488774442E+03  0.2031896268928961E+03  0.5932692430168919E+08      2452587.752819069
2002-FEB-09 00:35:29.328      2452314.524645000 2452314.525387870   06 36 05.7106  +22 43 18.220   06 36 13.3842  +22 43 12.491    0.6497936537848860E+09      n.d.       138.2718 S    7158.256   -2368.281   355.8895  44.6394     +00 12 40.740    230.3077 -35.7121     174.9      2452314.500301142   0.2242098562359305E+08  0.2410516068442674E+00  0.1466516209367282E+03  0.1610640724568693E+03  0.1040097012844884E+03  0.2164456103903185E+03  0.2033635399292709E+03  0.5926478155806997E+08      2452588.025234974
2002-DEC-29 01:33:58.186      2452637.565256782 2452637.565999653   09 13 53.9852  +17 12 53.314   09 14 04.1023  +17 12 09.974    0.6658476425701532E+09      n.d.       141.4231 G   -4495.712    2793.292    62.8325  16.4715     -04 13 04.278    207.0387 -39.2452      78.8      2452637.540293232   0.2262681670925250E+08  0.2134989060299706E+00  0.1467767578936901E+03  0.1611525316019699E+03  0.8853819508154801E+02  0.3743050766600556E+02  0.5591082349329665E+02  0.6008275328046205E+08      2452565.236796664
2003-JAN-30 00:04:45.294      2452669.503302014 2452669.504044884   09 00 13.0079  +18 16 24.912   09 00 23.9585  +18 15 41.828    0.6330660234626499E+09      n.d.       177.1228 G   -4035.624    2471.239    54.7025  25.8339     -03 22 41.831    233.1048 -28.3349     147.0      2452669.479604024   0.2300146582427714E+08  0.2204236626514352E+00  0.1467581055761602E+03  0.1611669388294286E+03  0.9195413552370954E+02  0.5048740814455044E+02  0.7343193251274066E+02  0.6158116600012252E+08      2452569.522252499
2004-MAR-24 20:49:24.504      2453089.367644722 2453089.368387592   10 58 13.0924  +07 32 50.564   10 58 26.8198  +07 31 28.056    0.6888751513468100E+09      n.d.       158.3677 S    4366.084   -3911.027    77.1797  10.6005     -05 00 44.309    273.4962   3.6858     113.7      2453089.341792175   0.2333751524077094E+08  0.3311234225357532E+00  0.1461707045558024E+03  0.1607575155896244E+03  0.8053419649894710E+02  0.2687816200813592E+03  0.2335245280304892E+03  0.6293562646452727E+08      2453273.912454638
2004-APR-23 21:46:41.557      2453119.407425428 2453119.408168299   10 48 05.7109  +08 36 45.703   10 48 19.3165  +08 35 25.949    0.7347515004033643E+09      n.d.       126.1430 S    3060.965   -2983.439    45.2975  48.0433     -01 54 53.739    277.8108 -15.4051      78.8      2453119.379801597   0.2365707464953470E+08  0.3209761386629648E+00  0.1460547103771374E+03  0.1609270645257051E+03  0.7809778938878679E+02  0.2853183918021559E+03  0.2484173487093153E+03  0.6423270300076608E+08      2453273.604388756
2005-MAR-08 03:30:08.414      2453437.645930718 2453437.646673588   13 10 58.6889  -05 37 34.935   13 11 15.4972  -05 39 21.153    0.6671520129466343E+09      n.d.       149.0318 G    5208.152   -1352.625    58.7136  60.6119     -01 39 41.752    170.8881 -62.2765     119.2      2453437.620916666   0.2343934607764768E+08  0.3223474213252483E+00  0.1448517150601749E+03  0.1613999903615880E+03  0.7803656098095944E+02  0.7694552270366269E+02  0.1137806155220296E+03  0.6334799513729418E+08      2453280.909734886
2005-MAR-10 01:02:46.787      2453439.543597071 2453439.544339942   13 10 22.5506  -05 33 57.267   13 10 39.3774  -05 35 43.744    0.6650375530548326E+09      n.d.       151.0859 G    5292.575   -1412.661    83.2246  30.0366     -03 58 58.367    234.0067 -48.5480     146.4      2453439.518664743   0.2342820304257432E+08  0.3223364599586718E+00  0.1448445643386599E+03  0.1613972895840083E+03  0.7795445263690455E+02  0.7796903989110899E+02  0.1146878488363234E+03  0.6330282717305261E+08      2453280.836159050
2005-APR-14 00:06:41.463      2453474.504646563 2453474.505389433   12 55 52.0835  -04 10 40.618   12 56 09.2208  -04 12 30.293    0.6542489928258137E+09      n.d.       170.2601 S    6399.934   -2419.040    67.3537  50.9283     -02 22 43.406    259.9360 -45.8816     109.6      2453474.480130680   0.2297620087009535E+08  0.3328435523735047E+00  0.1446008057084231E+03  0.1612479184777184E+03  0.7434974393014365E+02  0.9850332260089083E+02  0.1320440833830586E+03  0.6147973215889312E+08      2453279.779838426
2005-MAY-04 21:12:39.710      2453495.383792940 2453495.384535810   12 47 42.7177  -03 27 36.650   12 47 59.8282  -03 29 26.747    0.6738709291813668E+09      n.d.       147.8779 S    6675.550   -2878.716    79.4917  32.0898     -03 46 16.709    283.8090  -9.1802     168.7      2453495.358519574   0.2275386596749339E+08  0.3378090245124525E+00  0.1444989554287034E+03  0.1611473965871020E+03  0.7261267380881623E+02  0.1109954496756586E+03  0.1409844634003126E+03  0.6058950870154726E+08      2453279.143249385
2005-MAY-06 22:52:35.660      2453497.453190509 2453497.453933380   12 47 03.5162  -03 24 25.028   12 47 20.6115  -03 26 15.015    0.6767699194325401E+09      n.d.       145.7053 S    6690.068   -2917.447    60.4229  55.7259     -01 57 32.029    276.2229 -32.1128     163.2      2453497.427805150   0.2274023843147693E+08  0.3389909121193894E+00  0.1444890812430644E+03  0.1611359276891134E+03  0.7255399433653616E+02  0.1120066484189995E+03  0.1417242081015410E+03  0.6053508528579472E+08      2453279.438735750
2005-MAY-08 22:46:40.140      2453499.449075694 2453499.449818565   12 46 27.8058  -03 21 33.901   12 46 44.8904  -03 23 23.824    0.6797159856677221E+09      n.d.       143.6209 S    6702.199   -2953.632    59.6782  56.2055     -01 54 59.693    277.2945 -30.9335     137.2      2453499.423576595   0.2269587284616388E+08  0.3397048252426060E+00  0.1444735353581394E+03  0.1611174800628657E+03  0.7218969233512068E+02  0.1135002946399678E+03  0.1427341489422726E+03  0.6035801826736244E+08      2453279.173677636
2005-MAY-14 21:57:48.035      2453505.415139294 2453505.415882164   12 44 53.9736  -03 14 27.494   12 45 11.0507  -03 16 17.441    0.6893432500789139E+09      n.d.       137.4584 S    6727.989   -3055.005    65.2573  51.2655     -02 18 46.623    282.6489 -20.2903      63.9      2453505.389268528   0.2262929107306478E+08  0.3421621220425984E+00  0.1444436454170002E+03  0.1610795920266685E+03  0.7172877438183801E+02  0.1170083376248719E+03  0.1451119191375445E+03  0.6009260910706825E+08      2453279.330359862
2006-MAY-25 21:25:11.049      2453881.392488993 2453881.393243437   14 31 38.6321  -13 49 31.808   14 32 00.6044  -13 51 23.386    0.6827541023933052E+09      n.d.       155.5356 S   -4860.036     611.801    92.0229  33.6467     -03 55 52.550    287.4413 -13.5878     171.8      2453881.366884244   0.2290727592915627E+08  0.2124426118441511E+00  0.1435609033746090E+03  0.1647475407107790E+03  0.7537552413759559E+02  0.3016855513214643E+03  0.2783138148346353E+03  0.6120329563692985E+08      2453996.112140235
2007-SEP-10 01:29:19.056      2454353.562026111 2454353.562780555   16 42 50.1100  -22 16 05.411   16 43 18.0458  -22 17 05.432    0.8163407211104813E+09      n.d.        85.3249 S    2147.217   -1802.358   253.9735  21.8260     +04 58 32.426    234.7868 -62.1108     102.3      2454353.531264035   0.2415690043780430E+08  0.1577873216364808E+00  0.1438240793066085E+03  0.1677600416715259E+03  0.8680862345200858E+02  0.1687594180454591E+03  0.1717086884881624E+03  0.6627907698752838E+08      2453993.924189028
2008-JUN-04 07:24:06.973      2454621.808414039 2454621.809168484   19 24 14.2595  -22 16 57.591   19 24 46.4036  -22 15 59.197    0.6394555899498121E+09      n.d.       144.5059 G   -6334.464   -1489.561   265.2975  64.7365     +01 49 26.982     76.1141 -29.7140     152.2      2454621.784480827   0.2257441829498563E+08  0.2612652579246924E+00  0.1433479661596890E+03  0.1704557221392321E+03  0.1084693034384931E+03  0.2804765327783174E+03  0.2506044874194997E+03  0.5987416775433947E+08      2454774.864516091
2009-MAY-21 09:28:36.714      2454972.894869375 2454972.895635393   21 51 19.2739  -14 01 46.423   21 51 50.8089  -13 59 04.539    0.7549920989151590E+09      n.d.        95.1130 G   -2071.493   -1573.301   317.9193  78.7125     +00 31 04.593     68.5172  -1.1847      54.6      2454972.866487205   0.2424156277052258E+08  0.2676787302179809E+00  0.1441141266221292E+03  0.1714043110238883E+03  0.1107806766765834E+03  0.8767792902941076E+02  0.1173628785541219E+03  0.6662781305018210E+08      2454785.051779643
2009-MAY-23 08:02:51.092      2454974.835313565 2454974.836079584   21 51 45.6511  -14 00 26.870   21 52 17.2338  -13 57 44.370    0.7503696273645040E+09      n.d.        96.8711 G   -2182.338   -1641.534    54.7378  75.8513     -00 47 28.434     75.2922 -20.1776      81.9      2454974.807109858   0.2421146839903892E+08  0.2685003870763738E+00  0.1441129519821039E+03  0.1714020804159509E+03  0.1105089927158051E+03  0.8880190040077170E+02  0.1184084724369822E+03  0.6650378022240690E+08      2454784.938859228
