  -0.069  -0.007  837.72    9.31 1.275    193.67    184.41 25.061 24.965 99.999 19.099 19.071 99.999 99.999 99.999  0.528 99.999 99.999 99.999 99.999  99.999  99.999  99.999  99.999  0.004  0.004  0.003  0.002  0.030  0.028 2277 2230 -0.000  0.000    0  16.634892570 -21.018574360  0 54  6.54 2007  9 10 2454353.53757570    59  filtro desconhecido   targ_cat_global_reduction_sat_gr1                  Sinope                2044  4098     1  99.999  99.999
  -0.099  -0.022  837.72    9.31 1.316    193.67    184.41 25.061 24.965 99.999 19.034 18.971 99.999 99.999 99.999  0.528 99.999 99.999 99.999 99.999  99.999  99.999  99.999  99.999  0.012  0.012  0.003  0.002  0.030  0.028 2277 2179 -0.000  0.000    0  16.634902545 -21.018607369  0 54  6.54 2007  9 10 2454353.53943321    59  filtro desconhecido   targ_cat_global_reduction_sat_gr1                  Sinope                2044  4098     1  99.999  99.999
  -0.088  -0.021  837.72    9.31 1.296    193.67    184.41 25.061 24.965 99.999 19.022 18.977 99.999 99.999 99.999  0.528 99.999 99.999 99.999 99.999  99.999  99.999  99.999  99.999  0.012  0.012  0.002  0.002  0.029  0.029 2277 2247 -0.000  0.000    0  16.634913005 -21.018635172  0 54  6.54 2007  9 10 2454353.54123585    59  filtro desconhecido   targ_cat_global_reduction_sat_gr1                  Sinope                2044  4098     1  99.999  99.999
  -0.069  -0.006  837.72    9.31 1.589    193.67    184.41 25.061 24.965 99.999 18.961 18.919 99.999 99.999 99.999  0.528 99.999 99.999 99.999 99.999  99.999  99.999  99.999  99.999  0.013  0.014  0.003  0.003  0.029  0.029 2277 2088 -0.000  0.000    0  16.634923974 -21.018660076  0 54  6.54 2007  9 10 2454353.54309522    59  filtro desconhecido   targ_cat_global_reduction_sat_gr1                  Sinope                2044  4098     1  99.999  99.999
  -0.065  -0.028  837.72    9.31 1.412    193.67    184.41 25.061 24.965 99.999 18.943 18.930 99.999 99.999 99.999  0.528 99.999 99.999 99.999 99.999  99.999  99.999  99.999  99.999  0.013  0.013  0.003  0.003  0.031  0.030 2277 1882 -0.000  0.000    0  16.634933984 -21.018693357  0 54  6.54 2007  9 10 2454353.54484182    59  filtro desconhecido   targ_cat_global_reduction_sat_gr1                  Sinope                2044  4098     1  99.999  99.999
  -0.071  -0.005  837.72    9.31 1.366    193.67    184.41 25.061 24.965 99.999 19.019 19.005 99.999 99.999 99.999  0.528 99.999 99.999 99.999 99.999  99.999  99.999  99.999  99.999  0.015  0.015  0.003  0.003  0.031  0.032 2277 1994 -0.000  0.000    0  16.634944283 -21.018715654  0 54  6.54 2007  9 10 2454353.54667131    59  filtro desconhecido   targ_cat_global_reduction_sat_gr1                  Sinope                2044  4098     1  99.999  99.999
  -0.088   0.029  837.72    9.31 1.493    193.67    184.41 25.061 24.965 99.999 19.027 18.974 99.999 99.999 99.999  0.528 99.999 99.999 99.999 99.999  99.999  99.999  99.999  99.999  0.018  0.019  0.003  0.003  0.032  0.031 2277 1969 -0.000  0.000    0  16.634953748 -21.018732724  0 54  6.54 2007  9 10 2454353.54839556    59  filtro desconhecido   targ_cat_global_reduction_sat_gr1                  Sinope                2044  4098     1  99.999  99.999
  -0.122   0.025  837.72    9.31 1.785    193.67    184.41 25.061 24.965 99.999 18.868 18.844 99.999 99.999 99.999  0.528 99.999 99.999 99.999 99.999  99.999  99.999  99.999  99.999  0.007  0.008  0.003  0.003  0.032  0.032 2277 1832 -0.000  0.000    0  16.634963433 -21.018762207  0 54  6.54 2007  9 10 2454353.55021429    59  filtro desconhecido   targ_cat_global_reduction_sat_gr1                  Sinope                2044  4098     1  99.999  99.999
  -0.095  -0.015  837.72    9.31 1.485    193.67    184.41 25.061 24.965 99.999 18.929 18.902 99.999 99.999 99.999  0.528 99.999 99.999 99.999 99.999  99.999  99.999  99.999  99.999  0.012  0.012  0.003  0.003  0.031  0.030 2277 2086 -0.000  0.000    0  16.634973871 -21.018800414  0 54  6.54 2007  9 10 2454353.55195000    59  filtro desconhecido   targ_cat_global_reduction_sat_gr1                  Sinope                2044  4098     1  99.999  99.999
   0.321  -0.062  607.90    4.85 1.440    210.94    493.07 23.352 23.202 99.999 18.272 18.082 99.999 99.999 99.999  0.153 99.999  0.100  0.170  0.170  99.999  99.999  99.999  99.999  0.030  0.030  0.002  0.002  0.017  0.016 1019 1165 -0.000  0.000    0  19.463683948 -22.403670383  5 14 43.21 2008  6  3 2454620.71855566    99  filtro desconhecido   targ_cat_global_reduction_sat_gr1                  Sinope                2044  4098     1  99.999  99.999
   0.468  -0.148  607.90    4.85 2.775    210.94    493.07 23.352 23.202 99.999 17.493 17.484 99.999 99.999 99.999  0.153 99.999  0.100  0.170  0.170  99.999  99.999  99.999  99.999  0.005  0.005  0.002  0.002  0.027  0.023 1019  894 -0.000  0.000    0  19.463673092 -22.403750581  5 14 43.21 2008  6  3 2454620.72141134    99  filtro desconhecido   targ_cat_global_reduction_sat_gr1                  Sinope                2044  4098     1  99.999  99.999
   0.421  -0.200 1036.83    9.20 0.793   2075.08    520.53 23.708 23.240 99.999 19.174 19.057 99.999 99.999 99.999  0.199 99.999  0.030  0.050  0.060  99.999  99.999   0.005   0.003  0.054  0.054  0.001  0.002  0.011  0.013  257  699 -0.000 -0.000    0  21.906948550 -13.370938260  6 21 35.51 2009  5 24 2454975.76499427    39  filtro desconhecido   targ_cat_global_reduction_sat_gr1                  Sinope                2044  4098     1  99.999  99.999
