  -0.205   0.002  439.74  439.01 1.478    161.71    603.40 23.774 23.921 99.999 18.253 18.399 99.999 99.999 99.999  0.313 99.999 99.999 99.999 99.999  99.999  99.999  99.999  99.999  0.016  0.017  0.005  0.006  0.053  0.058  162  106 99.999 99.999   99  19.010362863 -22.572510176  1 34 23.54 2008  8 12 2454690.56555023   120  I                     lysithea0001.fits                                  Lysithea              1020  1020     1   0.000   0.000
  -0.065  -0.023  438.24  436.87 1.281    168.45    618.56 24.028 24.065 99.999 18.462 18.498 99.999 99.999 99.999  0.280 99.999 99.999 99.999 99.999  99.999  99.999  99.999  99.999  0.044  0.045  0.006  0.006  0.055  0.054  132   92 99.999 99.999   99  19.010320055 -22.572578024  1 42 32.96 2008  8 12 2454690.57121481   120  I                     lysithea0004.fits                                  Lysithea              1020  1020     1   0.000   0.000
   0.151  -0.057  435.98  430.91 1.410    147.38    616.84 23.966 24.042 99.999 18.545 18.621 99.999 99.999 99.999  0.301 99.999 99.999 99.999 99.999  99.999  99.999  99.999  99.999  0.074  0.074  0.005  0.005  0.050  0.058  179  117 99.999 99.999   99  19.010263536 -22.572668709  1 53 26.04 2008  8 12 2454690.57877361   120  I                     lysithea0008.fits                                  Lysithea              1020  1020     1   0.000   0.000
   0.061   0.030  435.50  430.10 1.196    207.22    617.68 23.980 24.050 99.999 18.189 18.259 99.999 99.999 99.999  0.332 99.999 99.999 99.999 99.999  99.999  99.999  99.999  99.999  0.026  0.027  0.005  0.006  0.053  0.058  160  109 99.999 99.999   99  19.010246564 -22.572664412  1 56  8.84 2008  8 12 2454690.58065787   120  I                     lysithea0009.fits                                  Lysithea              1020  1020     1   0.000   0.000
  -0.027   0.049   53.97  279.19 0.974     98.36    200.12 22.927 22.811 99.999 17.945 17.829 99.999 99.999 99.999  0.255 99.999 99.999 99.999 99.999  99.999  99.999  99.999  99.999  0.030  0.030  0.037  0.048  0.061  0.078   21   14 99.999 99.999   99  21.801270964 -14.591450839  8 33 14.98 2009  7 18 2455030.85642338    90  Clear                 lysithea0001.fits                                  Lysithea              2045  2050     1   0.000   0.000
   0.614   0.070   54.49  279.78 2.548     74.72    154.19 22.203 22.204 99.999 17.520 17.520 99.999 99.999 99.999  0.266 99.999 99.999 99.999 99.999  99.999  99.999  99.999  99.999  0.094  0.079  0.087  0.067  0.086  0.067   12    9 99.999 99.999   99  21.801272912 -14.591518391  8 35 18.63 2009  7 18 2455030.85785451    90  Clear                 lysithea0002.fits                                  Lysithea              2045  2050     1   0.000   0.000
   0.096   0.015   59.77  279.72 0.889     47.37    214.85 22.363 22.371 99.999 18.174 18.182 99.999 99.999 99.999  0.248 99.999 99.999 99.999 99.999  99.999  99.999  99.999  99.999  0.007  0.006  0.036  0.040  0.059  0.065   22   15 99.999 99.999   99  21.801252705 -14.591606917  8 37 22.07 2009  7 18 2455030.85928322    90  Clear                 lysithea0003.fits                                  Lysithea              2045  2050     1   0.000   0.000
   0.181   0.071   57.95  280.83 1.377     58.09    216.89 22.609 22.563 99.999 18.199 18.152 99.999 99.999 99.999  0.181 99.999 99.999 99.999 99.999  99.999  99.999  99.999  99.999  0.049  0.049  0.040  0.054  0.055  0.074   16   12 99.999 99.999   99  21.801233721 -14.591737875  8 41 29.08 2009  7 18 2455030.86214213    90  Clear                 lysithea0005.fits                                  Lysithea              2045  2050     1   0.000   0.000
  -0.360  -0.025   61.74  281.78 2.672    351.35     15.16 22.401 22.345 99.999 16.037 15.980 99.999 99.999 99.999  0.222 99.999 99.999 99.999 99.999  99.999  99.999  99.999  99.999  0.034  0.035  0.047  0.039  0.076  0.063   18   14 99.999 99.999   99  21.801192562 -14.591983597  8 47 38.63 2009  7 18 2455030.86641933    90  Clear                 lysithea0008.fits                                  Lysithea              2045  2050     1   0.000   0.000
   0.080   0.040   58.83  282.48 4.130    245.88    183.13 22.747 22.727 99.999 16.771 16.750 99.999 99.999 99.999  0.228 99.999 99.999 99.999 99.999  99.999  99.999  99.999  99.999  0.199  0.142  0.054  0.051  0.073  0.070   21   17 99.999 99.999   99  21.801190773 -14.592038313  8 49 41.22 2009  7 18 2455030.86783819    90  Clear                 lysithea0009.fits                                  Lysithea              2045  2050     1   0.000   0.000
   0.904   0.185   64.24  282.00 2.886     80.23    425.71 21.908 22.027 99.999 17.148 17.266 99.999 99.999 99.999  0.161 99.999 99.999 99.999 99.999  99.999  99.999  99.999  99.999  0.012  0.012  0.043  0.041  0.068  0.065   17   13 99.999 99.999   99  21.801196266 -14.592071230  8 51 44.58 2009  7 18 2455030.86926597    90  Clear                 lysithea0010.fits                                  Lysithea              2045  2050     1   0.000   0.000
