   0.049  -0.099 1073.09  661.84 1.822  24253.42   1667.64 21.933 22.006 99.999 10.972 11.044 99.999 99.999 99.999  0.158 99.999 99.999 99.999 99.999  99.999  99.999  99.999  99.999  0.006  0.006  0.014  0.016  0.041  0.048   17   14 99.999 99.999   99  13.458450936  -6.504573279 22 41  5.00 2012  7 10 2456119.44519676    40                        Iapetus_22.41.27_0001.fits                         Iapetus               2048  2048
   0.055  -0.131 1074.96  661.05 1.566  14193.75   1699.23 21.233 21.524 99.999 10.853 11.143 99.999 99.999 99.999  0.142 99.999 99.999 99.999 99.999  99.999  99.999  99.999  99.999  0.008  0.008  0.017  0.015  0.052  0.047   16   14 99.999 99.999   99  13.458453184  -6.504599887 22 43 30.00 2012  7 10 2456119.44687500    20                        Iapetus_22.43.42_0002.fits                         Iapetus               2048  2048
   0.058  -0.099 1075.88  664.56 1.650  13650.57   1223.41 21.267 21.305 99.999 10.929 10.967 99.999 99.999 99.999  0.190 99.999 99.999 99.999 99.999  99.999  99.999  99.999  99.999  0.006  0.006  0.021  0.021  0.065  0.067   17   14 99.999 99.999   99  13.458453946  -6.504597060 22 44 18.00 2012  7 10 2456119.44743056    20                        Iapetus_22.44.30_0004.fits                         Iapetus               2048  2048
   0.046  -0.135 1075.54  663.20 1.795  12948.69    809.81 21.218 21.267 99.999 10.937 10.987 99.999 99.999 99.999  0.248 99.999 99.999 99.999 99.999  99.999  99.999  99.999  99.999  0.012  0.012  0.022  0.023  0.068  0.070   17   12 99.999 99.999   99  13.458454077  -6.504609765 22 44 42.00 2012  7 10 2456119.44770833    20                        Iapetus_22.44.54_0005.fits                         Iapetus               2048  2048
   0.046  -0.096 1075.59  661.78 1.595  14262.86   1337.96 21.301 21.283 99.999 10.916 10.897 99.999 99.999 99.999  0.194 99.999 99.999 99.999 99.999  99.999  99.999  99.999  99.999  0.007  0.007  0.026  0.020  0.069  0.053   12   10 99.999 99.999   99  13.458454443  -6.504601984 22 45  6.00 2012  7 10 2456119.44798611    20                        Iapetus_22.45.18_0006.fits                         Iapetus               2048  2048
   0.054  -0.089 1076.40  659.45 1.554  15766.62   1260.77 21.515 21.761 99.999 11.020 11.267 99.999 99.999 99.999  0.363 99.999 99.999 99.999 99.999  99.999  99.999  99.999  99.999  0.005  0.005  0.016  0.017  0.051  0.055   20   16 99.999 99.999   99  13.458454958  -6.504602771 22 45 30.00 2012  7 10 2456119.44826389    20                        Iapetus_22.45.42_0007.fits                         Iapetus               2048  2048
   0.065  -0.100 1076.05  658.72 1.553  14843.81   1384.84 21.370 21.465 99.999 10.941 11.036 99.999 99.999 99.999  0.181 99.999 99.999 99.999 99.999  99.999  99.999  99.999  99.999  0.007  0.007  0.018  0.020  0.056  0.064   18   14 99.999 99.999   99  13.458455484  -6.504608975 22 45 54.00 2012  7 10 2456119.44854167    20                        Iapetus_22.46.06_0008.fits                         Iapetus               2048  2048
   0.043  -0.097 1076.65  657.29 1.441  16727.54   1634.05 21.657 21.852 99.999 11.098 11.293 99.999 99.999 99.999  0.484 99.999 99.999 99.999 99.999  99.999  99.999  99.999  99.999  0.004  0.004  0.015  0.016  0.047  0.052   20   15 99.999 99.999   99  13.458455432  -6.504610945 22 46 18.00 2012  7 10 2456119.44881944    20                        Iapetus_22.46.30_0009.fits                         Iapetus               2048  2048
   0.065  -0.134 1076.21  654.11 1.616  15136.03   1205.28 21.280 21.290 99.999 10.830 10.840 99.999 99.999 99.999  0.143 99.999 99.999 99.999 99.999  99.999  99.999  99.999  99.999  0.003  0.003  0.018  0.019  0.056  0.059   17   14 99.999 99.999   99  13.458456551  -6.504626826 22 47  6.00 2012  7 10 2456119.44937500    20                        Iapetus_22.47.18_0011.fits                         Iapetus               2048  2048
   0.041  -0.146 1075.84  656.47 1.566  15149.14   1474.31 21.284 21.566 99.999 10.833 11.115 99.999 99.999 99.999  0.143 99.999 99.999 99.999 99.999  99.999  99.999  99.999  99.999  0.013  0.013  0.020  0.019  0.066  0.064   18   16 99.999 99.999   99  13.458456466  -6.504633421 22 47 30.00 2012  7 10 2456119.44965278    20                        Iapetus_22.47.42_0012.fits                         Iapetus               2048  2048
   0.062  -0.079 1077.15  659.36 1.701  12921.03   1249.07 21.035 21.041 99.999 10.757 10.763 99.999 99.999 99.999  0.193 99.999 99.999 99.999 99.999  99.999  99.999  99.999  99.999  0.006  0.006  0.017  0.018  0.053  0.055   17   14 99.999 99.999   99  13.458457537  -6.504620649 22 48 18.00 2012  7 10 2456119.45020833    20                        Iapetus_22.48.30_0014.fits                         Iapetus               2048  2048
   0.045  -0.133 1076.92  657.26 1.705  13160.66   1165.41 21.196 21.210 99.999 10.898 10.912 99.999 99.999 99.999  0.232 99.999 99.999 99.999 99.999  99.999  99.999  99.999  99.999  0.007  0.007  0.019  0.020  0.063  0.066   18   15 99.999 99.999   99  13.458457592  -6.504638470 22 48 42.00 2012  7 10 2456119.45048611    20                        Iapetus_22.48.54_0015.fits                         Iapetus               2048  2048
   0.039  -0.091 1076.83  655.15 1.663  13251.35   1282.24 21.133 21.263 99.999 10.827 10.958 99.999 99.999 99.999  0.147 99.999 99.999 99.999 99.999  99.999  99.999  99.999  99.999  0.008  0.008  0.016  0.017  0.051  0.055   17   13 99.999 99.999   99  13.458457844  -6.504629670 22 49  6.00 2012  7 10 2456119.45076389    20                        Iapetus_22.49.18_0016.fits                         Iapetus               2048  2048
   0.043  -0.102 1076.13  653.55 1.591  12766.90   1556.79 21.279 21.368 99.999 11.014 11.103 99.999 99.999 99.999  0.351 99.999 99.999 99.999 99.999  99.999  99.999  99.999  99.999  0.007  0.007  0.019  0.021  0.062  0.070   19   16 99.999 99.999   99  13.458458616  -6.504638626 22 49 54.00 2012  7 10 2456119.45131944    20                        Iapetus_22.50.06_0018.fits                         Iapetus               2048  2048
   0.052  -0.138 1076.98  651.65 1.673  12905.01   1233.02 21.278 21.400 99.999 11.002 11.123 99.999 99.999 99.999  0.334 99.999 99.999 99.999 99.999  99.999  99.999  99.999  99.999  0.008  0.008  0.018  0.018  0.058  0.057   17   15 99.999 99.999   99  13.458459127  -6.504651322 22 50 18.00 2012  7 10 2456119.45159722    20                        Iapetus_22.50.30_0019.fits                         Iapetus               2048  2048
   0.045  -0.101 1077.00  650.35 1.744  11822.86   1107.16 21.104 21.110 99.999 10.922 10.928 99.999 99.999 99.999  0.261 99.999 99.999 99.999 99.999  99.999  99.999  99.999  99.999  0.007  0.007  0.019  0.018  0.056  0.053   16   12 99.999 99.999   99  13.458459359  -6.504644076 22 50 42.00 2012  7 10 2456119.45187500    20                        Iapetus_22.50.54_0020.fits                         Iapetus               2048  2048
  -0.060   0.000 1023.96 1348.20 1.663   8116.62    501.54 20.476 20.448 99.999 10.702 10.675 99.999 99.999 99.999  0.226 99.999 99.999 99.999 99.999  99.999  99.999  99.999  99.999  0.009  0.009  0.021  0.018  0.055  0.049   17   12 99.999 99.999   99  13.479674946  -6.648967126 21 44 54.16 2012  7 20 2456129.40618247    10   'I       '           Iapetus_21.45.05_0001.fits                         Iapetus               2048  2048
  -0.054   0.037 1023.52 1346.31 1.808   6910.59    490.92 20.350 20.306 99.999 10.751 10.707 99.999 99.999 99.999  0.295 99.999 99.999 99.999 99.999  99.999  99.999  99.999  99.999  0.013  0.013  0.012  0.028  0.030  0.071   16   10 99.999 99.999   99  13.479676570  -6.648967281 21 45 41.45 2012  7 20 2456129.40672970    10   'I       '           Iapetus_21.45.52_0004.fits                         Iapetus               2048  2048
  -0.046   0.058 1023.69 1344.47 1.588   7384.96    814.41 20.431 20.624 99.999 10.760 10.953 99.999 99.999 99.999  0.179 99.999 99.999 99.999 99.999  99.999  99.999  99.999  99.999  0.007  0.007  0.018  0.017  0.057  0.055   15   12 99.999 99.999   99  13.479677230  -6.648964584 21 45 57.24 2012  7 20 2456129.40691253    10   'I       '           Iapetus_21.46.08_0005.fits                         Iapetus               2048  2048
  -0.051   0.047 1023.49 1342.86 2.085   5795.26    276.22 20.328 20.631 99.999 10.921 11.223 99.999 99.999 99.999  0.421 99.999 99.999 99.999 99.999  99.999  99.999  99.999  99.999  0.016  0.016  0.021  0.015  0.059  0.044   16   12 99.999 99.999   99  13.479677633  -6.648971066 21 46 13.02 2012  7 20 2456129.40709519    10   'I       '           Iapetus_21.46.23_0006.fits                         Iapetus               2048  2048
  -0.065   0.058 1023.03 1343.06 1.926   7245.57    229.01 20.680 20.810 99.999 11.030 11.159 99.999 99.999 99.999  0.684 99.999 99.999 99.999 99.999  99.999  99.999  99.999  99.999  0.010  0.010  0.021  0.025  0.054  0.063   15   11 99.999 99.999   99  13.479678398  -6.648974694 21 46 44.56 2012  7 20 2456129.40746014    10   'I       '           Iapetus_21.46.55_0008.fits                         Iapetus               2048  2048
  -0.041   0.043 1023.22 1343.17 1.619   8851.20    527.13 20.611 20.594 99.999 10.744 10.726 99.999 99.999 99.999  0.122 99.999 99.999 99.999 99.999  99.999  99.999  99.999  99.999  0.006  0.006  0.021  0.014  0.061  0.040   16   12 99.999 99.999   99  13.479679340  -6.648982355 21 47  0.31 2012  7 20 2456129.40764243    10   'I       '           Iapetus_21.47.11_0009.fits                         Iapetus               2048  2048
  -0.039   0.028 1022.98 1345.77 1.367   9718.38   1043.87 20.734 20.771 99.999 10.765 10.802 99.999 99.999 99.999  0.162 99.999 99.999 99.999 99.999  99.999  99.999  99.999  99.999  0.012  0.012  0.024  0.019  0.062  0.050   16   12 99.999 99.999   99  13.479680384  -6.648992988 21 47 31.84 2012  7 20 2456129.40800737    10   'I       '           Iapetus_21.47.42_0011.fits                         Iapetus               2048  2048
  -0.038   0.016 1023.25 1346.46 1.615   8735.30    491.85 20.553 20.686 99.999 10.700 10.833 99.999 99.999 99.999  0.170 99.999 99.999 99.999 99.999  99.999  99.999  99.999  99.999  0.010  0.010  0.025  0.017  0.066  0.043   17   12 99.999 99.999   99  13.479680931  -6.648999895 21 47 47.62 2012  7 20 2456129.40819003    10   'I       '           Iapetus_21.47.58_0012.fits                         Iapetus               2048  2048
  -0.040   0.018 1023.50 1348.95 2.122   6118.64    124.04 20.244 20.113 99.999 10.777 10.647 99.999 99.999 99.999  0.205 99.999 99.999 99.999 99.999  99.999  99.999  99.999  99.999  0.017  0.017  0.024  0.019  0.063  0.048   15   11 99.999 99.999   99  13.479681891  -6.649006066 21 48 19.20 2012  7 20 2456129.40855552    10   'I       '           Iapetus_21.48.30_0014.fits                         Iapetus               2048  2048
  -0.034   0.007 1022.21 1351.58 2.080   5680.24    266.31 20.285 20.363 99.999 10.899 10.977 99.999 99.999 99.999  0.428 99.999 99.999 99.999 99.999  99.999  99.999  99.999  99.999  0.010  0.010  0.020  0.019  0.054  0.052   15   11 99.999 99.999   99  13.479683039  -6.649015934 21 48 50.73 2012  7 20 2456129.40892046    10   'I       '           Iapetus_21.49.01_0016.fits                         Iapetus               2048  2048
  -0.043   0.021 1022.38 1351.55 2.367   5714.59    -27.58 20.344 20.238 99.999 10.952 10.845 99.999 99.999 99.999  0.654 99.999 99.999 99.999 99.999  99.999  99.999  99.999  99.999  0.018  0.018  0.015  0.026  0.042  0.075   16   11 99.999 99.999   99  13.479684395  -6.649022266 21 49 38.12 2012  7 20 2456129.40946897    10   'I       '           Iapetus_21.49.49_0019.fits                         Iapetus               2048  2048
  -0.035   0.025 1022.73 1348.92 2.149   5896.09    174.22 20.245 20.322 99.999 10.818 10.896 99.999 99.999 99.999  0.493 99.999 99.999 99.999 99.999  99.999  99.999  99.999  99.999  0.010  0.010  0.029  0.008  0.074  0.020   16   10 99.999 99.999   99  13.479685045  -6.649024520 21 49 53.89 2012  7 20 2456129.40965145    10   'I       '           Iapetus_21.50.04_0020.fits                         Iapetus               2048  2048
  -0.032   0.192 1030.50 1440.50 1.825   3411.43    168.96 20.003 20.353 99.999 11.171 11.521 99.999 99.999 99.999  0.516 99.999 99.999 99.999 99.999  99.999  99.999  99.999  99.999  0.027  0.027  0.000  0.053  0.000  0.055    4    4 99.999 99.999   99  13.482626190  -6.667896294 21 50 44.67 2012  7 21 2456130.41023925     5   'R       '           Iapetus_21.50.53_0001.fits                         Iapetus               2048  2048
  -0.022   0.227 1031.69 1441.09 2.253   2424.61     53.98 19.895 19.647 99.999 11.433 11.185 99.999 99.999 99.999  0.608 99.999 99.999 99.999 99.999  99.999  99.999  99.999  99.999  0.015  0.015  0.088  0.090  0.116  0.119    5    4 99.999 99.999   99  13.482626736  -6.667889084 21 50 55.42 2012  7 21 2456130.41036367     5   'R       '           Iapetus_21.51.03_0002.fits                         Iapetus               2048  2048
  -0.019   0.133 1030.78 1444.00 2.020   2934.06     99.69 19.744 19.923 99.999 11.075 11.254 99.999 99.999 99.999  0.490 99.999 99.999 99.999 99.999  99.999  99.999  99.999  99.999  0.011  0.011  0.030  0.027  0.036  0.033    5    5 99.999 99.999   99  13.482627516  -6.667919999 21 51 16.95 2012  7 21 2456130.41061288     5   'R       '           Iapetus_21.51.25_0004.fits                         Iapetus               2048  2048
  -0.053   0.196 1030.26 1444.02 1.893   2859.33    174.18 19.518 19.619 99.999 10.877 10.978 99.999 99.999 99.999  0.095 99.999 99.999 99.999 99.999  99.999  99.999  99.999  99.999  0.013  0.013  0.049  0.133  0.028  0.074    5    5 99.999 99.999   99  13.482627233  -6.667904976 21 51 27.73 2012  7 21 2456130.41073766     5   'R       '           Iapetus_21.51.36_0005.fits                         Iapetus               2048  2048
  -0.052   0.073 1030.04 1445.64 1.548   3518.72    301.61 20.129 20.491 99.999 11.263 11.625 99.999 99.999 99.999  0.810 99.999 99.999 99.999 99.999  99.999  99.999  99.999  99.999  0.011  0.011  0.034  0.038  0.061  0.067    7    7 99.999 99.999   99  13.482627608  -6.667941463 21 51 38.47 2012  7 21 2456130.41086190     5   'R       '           Iapetus_21.51.46_0006.fits                         Iapetus               2048  2048
   0.007   0.207 1029.49 1445.51 1.518   4138.86    342.29 20.418 20.884 99.999 11.376 11.841 99.999 99.999 99.999  0.844 99.999 99.999 99.999 99.999  99.999  99.999  99.999  99.999  0.013  0.013  0.048  0.054  0.070  0.078    8    7 99.999 99.999   99  13.482629074  -6.667906614 21 51 49.25 2012  7 21 2456130.41098669     5   'R       '           Iapetus_21.51.57_0007.fits                         Iapetus               2048  2048
  -0.141   0.228 1028.88 1446.64 1.876   2952.07    191.35 19.675 19.836 99.999 11.000 11.160 99.999 99.999 99.999  0.153 99.999 99.999 99.999 99.999  99.999  99.999  99.999  99.999  0.006  0.006  0.042  0.020  0.044  0.021    5    4 99.999 99.999   99  13.482627044  -6.667905594 21 52 10.80 2012  7 21 2456130.41123608     5   'R       '           Iapetus_21.52.19_0009.fits                         Iapetus               2048  2048
  -0.070   0.141 1029.24 1448.12 2.198   2521.97     71.04 19.480 19.684 99.999 10.976 11.179 99.999 99.999 99.999  0.237 99.999 99.999 99.999 99.999  99.999  99.999  99.999  99.999  0.013  0.013  0.002  0.001  0.003  0.001    4    4 99.999 99.999   99  13.482628721  -6.667932212 21 52 21.58 2012  7 21 2456130.41136086     5   'R       '           Iapetus_21.52.30_0010.fits                         Iapetus               2048  2048
  -0.088   0.203 1029.36 1448.63 1.842   3133.85    186.49 20.040 19.858 99.999 11.300 11.118 99.999 99.999 99.999  0.831 99.999 99.999 99.999 99.999  99.999  99.999  99.999  99.999  0.011  0.011  0.031  0.021  0.037  0.025    4    4 99.999 99.999   99  13.482629504  -6.667922141 21 52 53.92 2012  7 21 2456130.41173521     5   'R       '           Iapetus_21.53.02_0013.fits                         Iapetus               2048  2048
  -0.020   0.186 1030.28 1449.67 1.695   3665.31    308.59 20.299 20.367 99.999 11.388 11.456 99.999 99.999 99.999  0.675 99.999 99.999 99.999 99.999  99.999  99.999  99.999  99.999  0.011  0.015  0.034  0.038  0.045  0.051    7    6 99.999 99.999   99  13.482631848  -6.667934139 21 53 26.20 2012  7 21 2456130.41210883     5   'R       '           Iapetus_21.53.34_0016.fits                         Iapetus               2048  2048
  -0.086   0.106 1029.64 1447.77 1.980   2675.40    168.83 19.568 19.745 99.999 10.999 11.177 99.999 99.999 99.999  0.169 99.999 99.999 99.999 99.999  99.999  99.999  99.999  99.999  0.013  0.013  0.027  0.023  0.039  0.033    6    6 99.999 99.999   99  13.482631338  -6.667961108 21 53 47.78 2012  7 21 2456130.41235858     5   'R       '           Iapetus_21.53.56_0018.fits                         Iapetus               2048  2048
  -0.109   0.151 1029.81 1442.15 1.730   2743.92    250.67 19.483 19.884 99.999 10.887 11.288 99.999 99.999 99.999  0.122 99.999 99.999 99.999 99.999  99.999  99.999  99.999  99.999  0.005  0.005  0.062  0.030  0.075  0.037    5    5 99.999 99.999   99  13.482631635  -6.667953205 21 54  9.30 2012  7 21 2456130.41260760     5   'R       '           Iapetus_21.54.17_0020.fits                         Iapetus               2048  2048
