   0.102   0.054 1208.68   47.09 0.628  15848.55   1985.82 25.876 25.730 99.999 17.386 16.827 99.999 99.999 99.999  0.088 99.999  0.030  0.030  0.010  99.999  99.999   0.002   0.002  0.006  0.006  0.002  0.002  0.015  0.015   34  590  0.000  0.000    0  21.898393501 -13.800349359  8 21 54.39 2009  5 23 2454974.86827824    39  filtro desconhecido   targ_cat_global_reduction_sat_gr1                  Elara                 2044  4098
   0.104   0.054 1208.68   47.09 0.736  15848.55   1985.82 25.876 25.730 99.999 17.786 17.468 99.999 99.999 99.999  0.088 99.999  0.030  0.030  0.010  99.999  99.999   0.002   0.002  0.016  0.016  0.002  0.002  0.012  0.012   34  245  0.000  0.000    0  21.898418125 -13.800286632  8 21 54.39 2009  5 23 2454974.87227624    39  filtro desconhecido   targ_cat_global_reduction_sat_gr1                  Elara                 2044  4098
   0.144   0.060 1208.68   47.09 0.884  15848.55   1985.82 25.876 25.730 99.999 17.598 17.036 99.999 99.999 99.999  0.088 99.999  0.030  0.030  0.010  99.999  99.999   0.002   0.002  0.035  0.029  0.004  0.003  0.024  0.017   34  232  0.000  0.000    0  21.898451335 -13.800202424  8 21 54.39 2009  5 23 2454974.87754880    39  filtro desconhecido   targ_cat_global_reduction_sat_gr1                  Elara                 2044  4098
   0.116   0.079 1208.68   47.09 0.661  15848.55   1985.82 25.876 25.730 99.999 17.234 16.624 99.999 99.999 99.999  0.088 99.999  0.030  0.030  0.010  99.999  99.999   0.002   0.002  0.005  0.005  0.002  0.002  0.017  0.017   34  748  0.000  0.000    0  21.898464925 -13.800161204  8 21 54.39 2009  5 23 2454974.87984847    39  filtro desconhecido   targ_cat_global_reduction_sat_gr1                  Elara                 2044  4098
   0.115   0.085 1208.68   47.09 1.057  15848.55   1985.82 25.876 25.730 99.999 17.374 16.885 99.999 99.999 99.999  0.088 99.999  0.030  0.030  0.010  99.999  99.999   0.002   0.002  0.024  0.024  0.002  0.001  0.022  0.016   34 1079  0.000  0.000    0  21.898484966 -13.800108457  8 21 54.39 2009  5 23 2454974.88311258    39  filtro desconhecido   targ_cat_global_reduction_sat_gr1                  Elara                 2044  4098
   0.119   0.070 1208.68   47.09 0.810  15848.55   1985.82 25.876 25.730 99.999 17.268 16.665 99.999 99.999 99.999  0.088 99.999  0.030  0.030  0.010  99.999  99.999   0.002   0.002  0.003  0.003  0.001  0.001  0.019  0.018   34  906  0.000  0.000    0  21.898631412 -13.799737265  8 21 54.39 2009  5 23 2454974.90695453    39  filtro desconhecido   targ_cat_global_reduction_sat_gr1                  Elara                 2044  4098
   0.106   0.071 1208.68   47.09 0.810  15848.55   1985.82 25.876 25.730 99.999 17.288 16.623 99.999 99.999 99.999  0.088 99.999  0.030  0.030  0.010  99.999  99.999   0.002   0.002  0.002  0.002  0.002  0.002  0.024  0.024   34  564  0.000  0.000    0  21.898645157 -13.799700819  8 21 54.39 2009  5 23 2454974.90923765    39  filtro desconhecido   targ_cat_global_reduction_sat_gr1                  Elara                 2044  4098
   0.127   0.086 1208.68   47.09 0.798  15848.55   1985.82 25.876 25.730 99.999 17.254 16.700 99.999 99.999 99.999  0.088 99.999  0.030  0.030  0.010  99.999  99.999   0.002   0.002  0.005  0.005  0.002  0.002  0.019  0.022   34  796  0.000  0.000    0  21.898665174 -13.799646291  8 21 54.39 2009  5 23 2454974.91243510    39  filtro desconhecido   targ_cat_global_reduction_sat_gr1                  Elara                 2044  4098
   0.131   0.075 1208.68   47.09 0.959  15848.55   1985.82 25.876 25.730 99.999 17.300 16.752 99.999 99.999 99.999  0.088 99.999  0.030  0.030  0.010  99.999  99.999   0.002   0.002  0.004  0.004  0.002  0.002  0.019  0.018   34  896  0.000  0.000    0  21.898676447 -13.799620480  8 21 54.39 2009  5 23 2454974.91426377    39  filtro desconhecido   targ_cat_global_reduction_sat_gr1                  Elara                 2044  4098
   0.149   0.078 1208.68   47.09 1.077  15848.55   1985.82 25.876 25.730 99.999 17.325 16.748 99.999 99.999 99.999  0.088 99.999  0.030  0.030  0.010  99.999  99.999   0.002   0.002  0.004  0.004  0.002  0.002  0.020  0.021   34  788  0.000  0.000    0  21.898687922 -13.799590918  8 21 54.39 2009  5 23 2454974.91608167    39  filtro desconhecido   targ_cat_global_reduction_sat_gr1                  Elara                 2044  4098
   0.139   0.070 1208.68   47.09 0.881  15848.55   1985.82 25.876 25.730 99.999 17.367 16.649 99.999 99.999 99.999  0.088 99.999  0.030  0.030  0.010  99.999  99.999   0.002   0.002  0.004  0.004  0.002  0.002  0.020  0.020   34  896  0.000  0.000    0  21.898698959 -13.799564156  8 21 54.39 2009  5 23 2454974.91791069    39  filtro desconhecido   targ_cat_global_reduction_sat_gr1                  Elara                 2044  4098
   0.130   0.068 1208.68   47.09 0.846  15848.55   1985.82 25.876 25.730 99.999 17.330 16.644 99.999 99.999 99.999  0.088 99.999  0.030  0.030  0.010  99.999  99.999   0.002   0.002  0.003  0.003  0.002  0.002  0.020  0.019   34  848  0.000  0.000    0  21.898709473 -13.799537199  8 21 54.39 2009  5 23 2454974.91965798    39  filtro desconhecido   targ_cat_global_reduction_sat_gr1                  Elara                 2044  4098
   0.099   0.051 1208.68   47.09 0.952  15848.55   1985.82 25.876 25.730 99.999 17.354 16.721 99.999 99.999 99.999  0.088 99.999  0.030  0.030  0.010  99.999  99.999   0.002   0.002  0.003  0.003  0.002  0.002  0.023  0.025   34  545  0.000  0.000    0  21.898722859 -13.799505770  8 21 54.39 2009  5 23 2454974.92193566    39  filtro desconhecido   targ_cat_global_reduction_sat_gr1                  Elara                 2044  4098
   0.124   0.069 1208.68   47.09 0.896  15848.55   1985.82 25.876 25.730 99.999 17.294 16.644 99.999 99.999 99.999  0.088 99.999  0.030  0.030  0.010  99.999  99.999   0.002   0.002  0.003  0.003  0.003  0.003  0.026  0.025   34  473  0.000  0.000    0  21.898735761 -13.799468767  8 21 54.39 2009  5 23 2454974.92396076    39  filtro desconhecido   targ_cat_global_reduction_sat_gr1                  Elara                 2044  4098
   0.108   0.047 1208.68   47.09 0.927  15848.55   1985.82 25.876 25.730 99.999 17.273 16.525 99.999 99.999 99.999  0.088 99.999  0.030  0.030  0.010  99.999  99.999   0.002   0.002  0.004  0.004  0.003  0.003  0.028  0.025   34  487  0.000  0.000    0  21.898746586 -13.799446175  8 21 54.39 2009  5 23 2454974.92577947    39  filtro desconhecido   targ_cat_global_reduction_sat_gr1                  Elara                 2044  4098
   0.097   0.064 1208.68   47.09 0.930  15848.55   1985.82 25.876 25.730 99.999 17.304 16.582 99.999 99.999 99.999  0.088 99.999  0.030  0.030  0.010  99.999  99.999   0.002   0.002  0.003  0.003  0.003  0.003  0.025  0.029   34  474  0.000  0.000    0  21.898757649 -13.799412334  8 21 54.39 2009  5 23 2454974.92762076    39  filtro desconhecido   targ_cat_global_reduction_sat_gr1                  Elara                 2044  4098
   0.099   0.054 1208.68   47.09 1.130  15848.55   1985.82 25.876 25.730 99.999 17.360 16.676 99.999 99.999 99.999  0.088 99.999  0.030  0.030  0.010  99.999  99.999   0.002   0.002  0.003  0.003  0.003  0.003  0.027  0.026   34  494  0.000  0.000    0  21.898768393 -13.799387142  8 21 54.39 2009  5 23 2454974.92936713    39  filtro desconhecido   targ_cat_global_reduction_sat_gr1                  Elara                 2044  4098
