   0.103   0.002 1091.92    6.33 1.084    238.20    134.84 23.533 23.320 99.999 17.316 17.145 99.999 99.999 99.999  0.844 99.999  0.160  1.000  1.000  99.999  99.999  99.999  99.999  0.006  0.006  0.004  0.004  0.029  0.032 1746 1640  0.000  0.000    0  16.616831123 -21.369290902 23 36 10.25 2007  9  9 2454353.48345198    29  filtro desconhecido   targ_cat_global_reduction_sat_gr1                  Elara                 2044  4098
   0.088  -0.003 1091.92    6.33 1.012    238.20    134.84 23.533 23.320 99.999 17.385 17.206 99.999 99.999 99.999  0.844 99.999  0.160  1.000  1.000  99.999  99.999  99.999  99.999  0.005  0.005  0.004  0.004  0.027  0.028 1746 1703  0.000  0.000    0  16.616838219 -21.369304560 23 36 10.25 2007  9  9 2454353.48452182    29  filtro desconhecido   targ_cat_global_reduction_sat_gr1                  Elara                 2044  4098
   0.105   0.009 1091.92    6.33 1.130    238.20    134.84 23.533 23.320 99.999 17.361 17.209 99.999 99.999 99.999  0.844 99.999  0.160  1.000  1.000  99.999  99.999  99.999  99.999  0.007  0.007  0.004  0.004  0.029  0.033 1746 1472  0.000  0.000    0  16.616845970 -21.369312924 23 36 10.25 2007  9  9 2454353.48559421    29  filtro desconhecido   targ_cat_global_reduction_sat_gr1                  Elara                 2044  4098
   0.106   0.001 1091.92    6.33 0.957    238.20    134.84 23.533 23.320 99.999 17.361 17.185 99.999 99.999 99.999  0.844 99.999  0.160  1.000  1.000  99.999  99.999  99.999  99.999  0.005  0.005  0.003  0.003  0.027  0.028 1746 1714  0.000  0.000    0  16.616853916 -21.369328468 23 36 10.25 2007  9  9 2454353.48674128    29  filtro desconhecido   targ_cat_global_reduction_sat_gr1                  Elara                 2044  4098
   0.103   0.010 1091.92    6.33 0.967    238.20    134.84 23.533 23.320 99.999 17.402 17.220 99.999 99.999 99.999  0.844 99.999  0.160  1.000  1.000  99.999  99.999  99.999  99.999  0.005  0.005  0.003  0.003  0.026  0.029 1746 1835  0.000  0.000    0  16.616861636 -21.369338405 23 36 10.25 2007  9  9 2454353.48786369    29  filtro desconhecido   targ_cat_global_reduction_sat_gr1                  Elara                 2044  4098
   0.098  -0.006 1091.92    6.33 0.922    238.20    134.84 23.533 23.320 99.999 17.350 17.168 99.999 99.999 99.999  0.844 99.999  0.160  1.000  1.000  99.999  99.999  99.999  99.999  0.004  0.004  0.003  0.003  0.026  0.028 1746 1835  0.000  0.000    0  16.616869192 -21.369355242 23 36 10.25 2007  9  9 2454353.48897243    29  filtro desconhecido   targ_cat_global_reduction_sat_gr1                  Elara                 2044  4098
   0.110  -0.009 1091.92    6.33 0.989    238.20    134.84 23.533 23.320 99.999 17.332 17.155 99.999 99.999 99.999  0.844 99.999  0.160  1.000  1.000  99.999  99.999  99.999  99.999  0.006  0.006  0.003  0.003  0.028  0.031 1746 1761  0.000  0.000    0  16.616877182 -21.369368964 23 36 10.25 2007  9  9 2454353.49009472    29  filtro desconhecido   targ_cat_global_reduction_sat_gr1                  Elara                 2044  4098
   0.105  -0.006 1091.92    6.33 1.100    238.20    134.84 23.533 23.320 99.999 17.323 17.170 99.999 99.999 99.999  0.844 99.999  0.160  1.000  1.000  99.999  99.999  99.999  99.999  0.004  0.004  0.004  0.004  0.031  0.032 1746 1530  0.000  0.000    0  16.616884778 -21.369380626 23 36 10.25 2007  9  9 2454353.49120636    29  filtro desconhecido   targ_cat_global_reduction_sat_gr1                  Elara                 2044  4098
   0.099  -0.001 1091.92    6.33 0.985    238.20    134.84 23.533 23.320 99.999 17.332 17.139 99.999 99.999 99.999  0.844 99.999  0.160  1.000  1.000  99.999  99.999  99.999  99.999  0.004  0.004  0.003  0.003  0.027  0.029 1746 1671  0.000  0.000    0  16.616892491 -21.369391623 23 36 10.25 2007  9  9 2454353.49233618    29  filtro desconhecido   targ_cat_global_reduction_sat_gr1                  Elara                 2044  4098
  -0.031   0.101  547.35    6.61 1.088    329.24    125.49 23.698 23.428 99.999 16.984 16.830 99.999 99.999 99.999  0.865 99.999  0.120  0.150  0.210  99.999  99.999  99.999  99.999  0.005  0.005  0.003  0.003  0.028  0.030 1836 1754 -0.000  0.001    0  16.616902184 -21.369383270 23 51 31.40 2007  9  9 2454353.49411346    29  filtro desconhecido   targ_cat_global_reduction_sat_gr1                  Elara                 2044  4098
  -0.027   0.103  547.35    6.61 1.214    329.24    125.49 23.698 23.428 99.999 17.048 16.921 99.999 99.999 99.999  0.865 99.999  0.120  0.150  0.210  99.999  99.999  99.999  99.999  0.005  0.005  0.003  0.003  0.029  0.032 1836 1607 -0.000  0.001    0  16.616910111 -21.369395518 23 51 31.40 2007  9  9 2454353.49524328    29  filtro desconhecido   targ_cat_global_reduction_sat_gr1                  Elara                 2044  4098
  -0.023   0.102  547.35    6.61 1.129    329.24    125.49 23.698 23.428 99.999 16.969 16.835 99.999 99.999 99.999  0.865 99.999  0.120  0.150  0.210  99.999  99.999  99.999  99.999  0.004  0.004  0.003  0.003  0.030  0.029 1836 1759 -0.000  0.001    0  16.616925566 -21.369420903 23 51 31.40 2007  9  9 2454353.49747003    29  filtro desconhecido   targ_cat_global_reduction_sat_gr1                  Elara                 2044  4098
  -0.033   0.100  547.35    6.61 1.311    329.24    125.49 23.698 23.428 99.999 16.975 16.884 99.999 99.999 99.999  0.865 99.999  0.120  0.150  0.210  99.999  99.999  99.999  99.999  0.006  0.006  0.003  0.003  0.032  0.033 1836 1457 -0.000  0.001    0  16.616948845 -21.369459294 23 51 31.40 2007  9  9 2454353.50085797    29  filtro desconhecido   targ_cat_global_reduction_sat_gr1                  Elara                 2044  4098
  -0.036   0.100  547.35    6.61 1.269    329.24    125.49 23.698 23.428 99.999 16.974 16.834 99.999 99.999 99.999  0.865 99.999  0.120  0.150  0.210  99.999  99.999  99.999  99.999  0.005  0.005  0.003  0.003  0.032  0.031 1836 1616 -0.000  0.001    0  16.616956585 -21.369471824 23 51 31.40 2007  9  9 2454353.50198651    29  filtro desconhecido   targ_cat_global_reduction_sat_gr1                  Elara                 2044  4098
  -0.020   0.098  547.35    6.61 1.396    329.24    125.49 23.698 23.428 99.999 16.944 16.863 99.999 99.999 99.999  0.865 99.999  0.120  0.150  0.210  99.999  99.999  99.999  99.999  0.006  0.006  0.003  0.003  0.033  0.033 1836 1456 -0.000  0.001    0  16.616964767 -21.369485397 23 51 31.40 2007  9  9 2454353.50311992    29  filtro desconhecido   targ_cat_global_reduction_sat_gr1                  Elara                 2044  4098
   0.127  -0.098    9.74   17.48 2.016   2278.68    422.97 23.622 23.552 99.999 17.647 17.488 99.999 99.999 99.999  0.962 99.999  0.020  0.020  0.040  99.999  99.999   0.004   0.003  0.010  0.010  0.002  0.002  0.031  0.029 1466 1396  0.000 -0.000    0  16.617568729 -21.370489675  2  8 43.22 2007  9 10 2454353.58938916    79  filtro desconhecido   targ_cat_global_reduction_sat_gr1                  Elara                 2044  4098
   0.139  -0.098    9.74   17.48 1.909   2278.68    422.97 23.622 23.552 99.999 17.575 17.391 99.999 99.999 99.999  0.962 99.999  0.020  0.020  0.040  99.999  99.999   0.004   0.003  0.007  0.007  0.002  0.002  0.028  0.029 1466 1324  0.000 -0.000    0  16.617583407 -21.370512163  2  8 43.22 2007  9 10 2454353.59144976    79  filtro desconhecido   targ_cat_global_reduction_sat_gr1                  Elara                 2044  4098
   0.144  -0.101    9.74   17.48 1.790   2278.68    422.97 23.622 23.552 99.999 17.551 17.361 99.999 99.999 99.999  0.962 99.999  0.020  0.020  0.040  99.999  99.999   0.004   0.003  0.006  0.006  0.002  0.002  0.027  0.026 1466 1504  0.000 -0.000    0  16.617597890 -21.370535148  2  8 43.22 2007  9 10 2454353.59349936    79  filtro desconhecido   targ_cat_global_reduction_sat_gr1                  Elara                 2044  4098
   0.132  -0.098    9.74   17.48 1.707   2278.68    422.97 23.622 23.552 99.999 17.626 17.413 99.999 99.999 99.999  0.962 99.999  0.020  0.020  0.040  99.999  99.999   0.004   0.003  0.006  0.006  0.002  0.001  0.026  0.025 1466 1778  0.000 -0.000    0  16.617612099 -21.370556669  2  8 43.22 2007  9 10 2454353.59555626    79  filtro desconhecido   targ_cat_global_reduction_sat_gr1                  Elara                 2044  4098
   0.142  -0.080    9.74   17.48 1.885   2278.68    422.97 23.622 23.552 99.999 17.607 17.423 99.999 99.999 99.999  0.962 99.999  0.020  0.020  0.040  99.999  99.999   0.004   0.003  0.006  0.006  0.002  0.002  0.028  0.029 1466 1439  0.000 -0.000    0  16.617626239 -21.370573347  2  8 43.22 2007  9 10 2454353.59754010    79  filtro desconhecido   targ_cat_global_reduction_sat_gr1                  Elara                 2044  4098
   0.155  -0.087    9.74   17.48 1.772   2278.68    422.97 23.622 23.552 99.999 17.596 17.375 99.999 99.999 99.999  0.962 99.999  0.020  0.020  0.040  99.999  99.999   0.004   0.003  0.005  0.005  0.002  0.002  0.029  0.028 1466 1563  0.000 -0.000    0  16.617640914 -21.370597532  2  8 43.22 2007  9 10 2454353.59959317    79  filtro desconhecido   targ_cat_global_reduction_sat_gr1                  Elara                 2044  4098
   0.151  -0.100    9.74   17.48 1.916   2278.68    422.97 23.622 23.552 99.999 17.546 17.355 99.999 99.999 99.999  0.962 99.999  0.020  0.020  0.040  99.999  99.999   0.004   0.003  0.006  0.006  0.002  0.002  0.030  0.027 1466 1485  0.000 -0.000    0  16.617654815 -21.370622791  2  8 43.22 2007  9 10 2454353.60158303    79  filtro desconhecido   targ_cat_global_reduction_sat_gr1                  Elara                 2044  4098
   0.158  -0.103    9.74   17.48 1.786   2278.68    422.97 23.622 23.552 99.999 17.602 17.400 99.999 99.999 99.999  0.962 99.999  0.020  0.020  0.040  99.999  99.999   0.004   0.003  0.005  0.005  0.002  0.002  0.029  0.028 1466 1493  0.000 -0.000    0  16.617669283 -21.370645874  2  8 43.22 2007  9 10 2454353.60361967    79  filtro desconhecido   targ_cat_global_reduction_sat_gr1                  Elara                 2044  4098
   0.157  -0.107    9.74   17.48 2.100   2278.68    422.97 23.622 23.552 99.999 17.600 17.488 99.999 99.999 99.999  0.962 99.999  0.020  0.020  0.040  99.999  99.999   0.004   0.003  0.009  0.009  0.002  0.002  0.031  0.029 1466 1132  0.000 -0.000    0  16.617683231 -21.370668318  2  8 43.22 2007  9 10 2454353.60560721    79  filtro desconhecido   targ_cat_global_reduction_sat_gr1                  Elara                 2044  4098
