   0.108  -0.258  561.91    8.41 3.042     19.41    101.88 24.598 24.081 99.999 19.085 18.535 99.999 99.999 99.999  0.994 99.999 99.999 99.999 99.999  99.999  99.999  99.999  99.999  0.038  0.037  0.011  0.010  0.035  0.032  245  227  0.000  0.000    0  11.116602987   7.447516220  1 11 30.48 2009  5 23 2454974.54965837    39  filtro desconhecido   targ_cat_global_reduction_sat_gr1                  Albiorix              2044  4098
   0.064  -0.316  561.91    8.41 1.508     19.41    101.88 24.598 24.081 99.999 20.534 20.094 99.999 99.999 99.999  0.994 99.999 99.999 99.999 99.999  99.999  99.999  99.999  99.999  0.030  0.031  0.009  0.010  0.028  0.031  245  217  0.000  0.000    0  11.116602506   7.447493352  1 11 30.48 2009  5 23 2454974.55078904    39  filtro desconhecido   targ_cat_global_reduction_sat_gr1                  Albiorix              2044  4098
   0.051  -0.221  561.91    8.41 0.986     19.41    101.88 24.598 24.081 99.999 20.815 20.258 99.999 99.999 99.999  0.994 99.999 99.999 99.999 99.999  99.999  99.999  99.999  99.999  0.048  0.050  0.011  0.011  0.035  0.037  245  241  0.000  0.000    0  11.116602614   7.447513133  1 11 30.48 2009  5 23 2454974.55195387    39  filtro desconhecido   targ_cat_global_reduction_sat_gr1                  Albiorix              2044  4098
   0.085  -0.226  561.91    8.41 0.936     19.41    101.88 24.598 24.081 99.999 20.587 20.032 99.999 99.999 99.999  0.994 99.999 99.999 99.999 99.999  99.999  99.999  99.999  99.999  0.022  0.022  0.010  0.011  0.030  0.035  245  219  0.000  0.001    0  11.116603617   7.447504797  1 11 30.48 2009  5 23 2454974.55311533    39  filtro desconhecido   targ_cat_global_reduction_sat_gr1                  Albiorix              2044  4098
   0.070  -0.198  561.91    8.41 3.265     19.41    101.88 24.598 24.081 99.999 19.269 18.727 99.999 99.999 99.999  0.994 99.999 99.999 99.999 99.999  99.999  99.999  99.999  99.999  0.068  0.066  0.011  0.012  0.034  0.038  245  186  0.000  0.000    0  11.116603671   7.447505807  1 11 30.48 2009  5 23 2454974.55425238    39  filtro desconhecido   targ_cat_global_reduction_sat_gr1                  Albiorix              2044  4098
   0.122  -0.242  561.91    8.41 1.149     19.41    101.88 24.598 24.081 99.999 20.897 20.333 99.999 99.999 99.999  0.994 99.999 99.999 99.999 99.999  99.999  99.999  99.999  99.999  0.007  0.006  0.014  0.010  0.036  0.026  245  222  0.000  0.000    0  11.116604998   7.447486693  1 11 30.48 2009  5 23 2454974.55540725    39  filtro desconhecido   targ_cat_global_reduction_sat_gr1                  Albiorix              2044  4098
   0.116  -0.204  561.91    8.41 0.782     19.41    101.88 24.598 24.081 99.999 20.957 20.401 99.999 99.999 99.999  0.994 99.999 99.999 99.999 99.999  99.999  99.999  99.999  99.999  0.033  0.033  0.011  0.009  0.034  0.030  245  211  0.000  0.000    0  11.116605246   7.447490176  1 11 30.48 2009  5 23 2454974.55656177    39  filtro desconhecido   targ_cat_global_reduction_sat_gr1                  Albiorix              2044  4098
   0.131  -0.287  561.91    8.41 0.920     19.41    101.88 24.598 24.081 99.999 20.551 20.063 99.999 99.999 99.999  0.994 99.999 99.999 99.999 99.999  99.999  99.999  99.999  99.999  0.016  0.016  0.008  0.008  0.033  0.031  245  370  0.000  0.000    0  11.116606720   7.447444569  1 11 30.48 2009  5 23 2454974.56044286    39  filtro desconhecido   targ_cat_global_reduction_sat_gr1                  Albiorix              2044  4098
   0.111  -0.235  561.91    8.41 0.847     19.41    101.88 24.598 24.081 99.999 20.549 20.203 99.999 99.999 99.999  0.994 99.999 99.999 99.999 99.999  99.999  99.999  99.999  99.999  0.002  0.002  0.007  0.008  0.030  0.033  245  367  0.000  0.000    0  11.116607045   7.447445949  1 11 30.48 2009  5 23 2454974.56262006    39  filtro desconhecido   targ_cat_global_reduction_sat_gr1                  Albiorix              2044  4098
   0.079  -0.253  561.91    8.41 1.105     19.41    101.88 24.598 24.081 99.999 20.675 20.125 99.999 99.999 99.999  0.994 99.999 99.999 99.999 99.999  99.999  99.999  99.999  99.999  0.006  0.007  0.008  0.008  0.032  0.031  245  383  0.000  0.000    0  11.116607117   7.447428062  1 11 30.48 2009  5 23 2454974.56479228    39  filtro desconhecido   targ_cat_global_reduction_sat_gr1                  Albiorix              2044  4098
   0.072  -0.286  561.91    8.41 0.924     19.41    101.88 24.598 24.081 99.999 20.722 20.255 99.999 99.999 99.999  0.994 99.999 99.999 99.999 99.999  99.999  99.999  99.999  99.999  0.010  0.010  0.009  0.009  0.034  0.034  245  366  0.000  0.000    0  11.116607655   7.447405780  1 11 30.48 2009  5 23 2454974.56696936    39  filtro desconhecido   targ_cat_global_reduction_sat_gr1                  Albiorix              2044  4098
   0.109  -0.254  561.91    8.41 0.600     19.41    101.88 24.598 24.081 99.999 20.758 20.340 99.999 99.999 99.999  0.994 99.999 99.999 99.999 99.999  99.999  99.999  99.999  99.999  0.018  0.018  0.007  0.008  0.028  0.031  245  414  0.000  0.000    0  11.116609004   7.447402306  1 11 30.48 2009  5 23 2454974.56906635    39  filtro desconhecido   targ_cat_global_reduction_sat_gr1                  Albiorix              2044  4098
   0.108  -0.264  561.91    8.41 0.819     19.41    101.88 24.598 24.081 99.999 20.589 19.883 99.999 99.999 99.999  0.994 99.999 99.999 99.999 99.999  99.999  99.999  99.999  99.999  0.018  0.019  0.004  0.004  0.028  0.029  245  558  0.000  0.000    0  11.116609816   7.447384022  1 11 30.48 2009  5 23 2454974.57168850    39  filtro desconhecido   targ_cat_global_reduction_sat_gr1                  Albiorix              2044  4098
   0.104  -0.298  561.91    8.41 0.782     19.41    101.88 24.598 24.081 99.999 20.518 19.727 99.999 99.999 99.999  0.994 99.999 99.999 99.999 99.999  99.999  99.999  99.999  99.999  0.013  0.013  0.003  0.004  0.024  0.027  245  582  0.000  0.000    0  11.116610408   7.447361478  1 11 30.48 2009  5 23 2454974.57387207    39  filtro desconhecido   targ_cat_global_reduction_sat_gr1                  Albiorix              2044  4098
   0.108  -0.317  561.91    8.41 1.211     19.41    101.88 24.598 24.081 99.999 20.448 19.763 99.999 99.999 99.999  0.994 99.999 99.999 99.999 99.999  99.999  99.999  99.999  99.999  0.019  0.019  0.004  0.004  0.029  0.028  245  494  0.000  0.000    0  11.116611193   7.447343365  1 11 30.48 2009  5 23 2454974.57604835    39  filtro desconhecido   targ_cat_global_reduction_sat_gr1                  Albiorix              2044  4098
   0.105  -0.314  561.91    8.41 0.783     19.41    101.88 24.598 24.081 99.999 20.733 19.935 99.999 99.999 99.999  0.994 99.999 99.999 99.999 99.999  99.999  99.999  99.999  99.999  0.019  0.019  0.004  0.004  0.027  0.027  245  558  0.000  0.000    0  11.116611829   7.447331032  1 11 30.48 2009  5 23 2454974.57823193    39  filtro desconhecido   targ_cat_global_reduction_sat_gr1                  Albiorix              2044  4098
   0.073  -0.265  561.91    8.41 0.939     19.41    101.88 24.598 24.081 99.999 20.605 19.810 99.999 99.999 99.999  0.994 99.999 99.999 99.999 99.999  99.999  99.999  99.999  99.999  0.001  0.001  0.003  0.004  0.026  0.029  245  566  0.000  0.000    0  11.116611899   7.447332336  1 11 30.48 2009  5 23 2454974.58033515    39  filtro desconhecido   targ_cat_global_reduction_sat_gr1                  Albiorix              2044  4098
