   0.223  -0.362  329.10    4.15 3.383     45.15     82.27 23.829 23.218 99.999 19.243 18.712 99.999 99.999 99.999  1.160 99.999 99.999 99.999 99.999  99.999  99.999  99.999  99.999  0.070  0.070  0.010  0.011  0.033  0.034  200  262  0.001  0.000    0  11.116026193   7.457757521  1 24 12.37 2009  5 21 2454972.56086652    39  filtro desconhecido   targ_cat_global_reduction_sat_gr1                  Albiorix              2044  4098
   0.226  -0.356  329.10    4.15 2.274     45.15     82.27 23.829 23.218 99.999 19.374 18.936 99.999 99.999 99.999  1.160 99.999 99.999 99.999 99.999  99.999  99.999  99.999  99.999  0.015  0.016  0.011  0.009  0.037  0.032  200  432  0.001  0.000    0  11.116026563   7.457744139  1 24 12.37 2009  5 21 2454972.56413412    39  filtro desconhecido   targ_cat_global_reduction_sat_gr1                  Albiorix              2044  4098
   0.225  -0.329  329.10    4.15 0.772     45.15     82.27 23.829 23.218 99.999 20.934 20.527 99.999 99.999 99.999  1.160 99.999 99.999 99.999 99.999  99.999  99.999  99.999  99.999  0.029  0.029  0.008  0.008  0.032  0.031  200  449  0.001  0.000    0  11.116026725   7.457741817  1 24 12.37 2009  5 21 2454972.56631247    39  filtro desconhecido   targ_cat_global_reduction_sat_gr1                  Albiorix              2044  4098
   0.222  -0.339  329.10    4.15 2.118     45.15     82.27 23.829 23.218 99.999 19.319 19.010 99.999 99.999 99.999  1.160 99.999 99.999 99.999 99.999  99.999  99.999  99.999  99.999  0.025  0.025  0.007  0.008  0.032  0.034  200  487  0.001  0.000    0  11.116027453   7.457699860  1 24 12.37 2009  5 21 2454972.57490981    39  filtro desconhecido   targ_cat_global_reduction_sat_gr1                  Albiorix              2044  4098
   0.238  -0.323  329.10    4.15 1.022     45.15     82.27 23.829 23.218 99.999 20.562 20.321 99.999 99.999 99.999  1.160 99.999 99.999 99.999 99.999  99.999  99.999  99.999  99.999  0.022  0.021  0.008  0.007  0.033  0.032  200  428  0.001  0.000    0  11.116027971   7.457694519  1 24 12.37 2009  5 21 2454972.57701895    39  filtro desconhecido   targ_cat_global_reduction_sat_gr1                  Albiorix              2044  4098
   0.231  -0.331  329.10    4.15 0.852     45.15     82.27 23.829 23.218 99.999 20.732 20.354 99.999 99.999 99.999  1.160 99.999 99.999 99.999 99.999  99.999  99.999  99.999  99.999  0.025  0.025  0.010  0.010  0.034  0.035  200  428  0.001  0.000    0  11.116028031   7.457682249  1 24 12.37 2009  5 21 2454972.57918585    39  filtro desconhecido   targ_cat_global_reduction_sat_gr1                  Albiorix              2044  4098
   0.232  -0.362  329.10    4.15 0.685     45.15     82.27 23.829 23.218 99.999 21.038 20.679 99.999 99.999 99.999  1.160 99.999 99.999 99.999 99.999  99.999  99.999  99.999  99.999  0.025  0.026  0.007  0.007  0.033  0.032  200  461  0.001  0.000    0  11.116028257   7.457663880  1 24 12.37 2009  5 21 2454972.58128295    39  filtro desconhecido   targ_cat_global_reduction_sat_gr1                  Albiorix              2044  4098
   0.249  -0.359  329.10    4.15 1.256     45.15     82.27 23.829 23.218 99.999 20.101 19.879 99.999 99.999 99.999  1.160 99.999 99.999 99.999 99.999  99.999  99.999  99.999  99.999  0.032  0.030  0.008  0.008  0.033  0.034  200  473  0.001  0.000    0  11.116028788   7.457654751  1 24 12.37 2009  5 21 2454972.58345645    39  filtro desconhecido   targ_cat_global_reduction_sat_gr1                  Albiorix              2044  4098
   0.228  -0.319  329.10    4.15 1.011     45.15     82.27 23.829 23.218 99.999 20.447 19.783 99.999 99.999 99.999  1.160 99.999 99.999 99.999 99.999  99.999  99.999  99.999  99.999  0.014  0.014  0.004  0.004  0.029  0.030  200  633  0.001  0.000    0  11.116028694   7.457650882  1 24 12.37 2009  5 21 2454972.58671293    39  filtro desconhecido   targ_cat_global_reduction_sat_gr1                  Albiorix              2044  4098
   0.253  -0.346  329.10    4.15 0.843     45.15     82.27 23.829 23.218 99.999 20.661 19.942 99.999 99.999 99.999  1.160 99.999 99.999 99.999 99.999  99.999  99.999  99.999  99.999  0.016  0.016  0.004  0.004  0.029  0.028  200  545  0.001  0.000    0  11.116029648   7.457622054  1 24 12.37 2009  5 21 2454972.59136818    39  filtro desconhecido   targ_cat_global_reduction_sat_gr1                  Albiorix              2044  4098
   0.214  -0.363  329.10    4.15 0.546     45.15     82.27 23.829 23.218 99.999 20.902 20.207 99.999 99.999 99.999  1.160 99.999 99.999 99.999 99.999  99.999  99.999  99.999  99.999  0.011  0.013  0.004  0.003  0.028  0.027  200  615  0.001  0.000    0  11.116029588   7.457587590  1 24 12.37 2009  5 21 2454972.59780823    39  filtro desconhecido   targ_cat_global_reduction_sat_gr1                  Albiorix              2044  4098
   0.219  -0.353  329.10    4.15 1.860     45.15     82.27 23.829 23.218 99.999 19.582 18.899 99.999 99.999 99.999  1.160 99.999 99.999 99.999 99.999  99.999  99.999  99.999  99.999  0.000  0.000  0.003  0.003  0.028  0.029  200  606  0.001  0.000    0  11.116029895   7.457580145  1 24 12.37 2009  5 21 2454972.59996841    39  filtro desconhecido   targ_cat_global_reduction_sat_gr1                  Albiorix              2044  4098
   0.251  -0.327  329.10    4.15 0.654     45.15     82.27 23.829 23.218 99.999 20.763 20.001 99.999 99.999 99.999  1.160 99.999 99.999 99.999 99.999  99.999  99.999  99.999  99.999  0.025  0.026  0.003  0.003  0.027  0.027  200  614  0.001  0.000    0  11.116031184   7.457557938  1 24 12.37 2009  5 21 2454972.60634190    39  filtro desconhecido   targ_cat_global_reduction_sat_gr1                  Albiorix              2044  4098
