   0.086  -0.118  427.05  220.12 1.128    574.42    900.70 24.779 24.798 99.999 17.880 17.900 99.999 99.999 99.999  0.139 99.999 99.999 99.999 99.999  99.999  99.999  99.999  99.999  0.021  0.021  0.023  0.022  0.056  0.053   14   12 99.999 99.999   99  16.505967378 -21.377125350  4 33 20.00 1995  6  9 2449877.68981481   240  C                     09069501.lys.fits                                  Lysithea               770  1152
   0.104  -0.118  428.89  221.87 0.997    432.71    980.50 24.758 24.730 99.999 18.167 18.140 99.999 99.999 99.999  0.140 99.999 99.999 99.999 99.999  99.999  99.999  99.999  99.999  0.002  0.002  0.024  0.021  0.057  0.051   14   12 99.999 99.999   99  16.505942296 -21.377105224  4 38 10.00 1995  6  9 2449877.69317130   240  C                     09069502.lys.fits                                  Lysithea               770  1152
   0.025  -0.374  401.53  220.28 5.371   4063.20  17832.27 25.818 27.089 99.999 16.796 18.066 99.999 99.999 99.999  0.490 99.999 99.999 99.999 99.999  99.999  99.999  99.999  99.999  0.022  0.022  0.028  0.023  0.069  0.055   12    7 99.999 99.999   99  16.477295534 -21.355673357  3 27 31.00 1995  6 13 2449881.64410880   180  C                     12069501.lys.fits                                  Lysithea               739  1152
  -0.055  -0.245  404.17  218.06 0.814   1616.60  28801.20 26.421 28.087 99.999 18.400 20.065 99.999 99.999 99.999  1.062 99.999 99.999 99.999 99.999  99.999  99.999  99.999  99.999  0.072  0.072  0.038  0.028  0.085  0.063    8    7 99.999 99.999   99  16.477269764 -21.355617667  3 32 16.00 1995  6 13 2449881.64740741   240  C                     12069502.lys.fits                                  Lysithea               739  1152
   0.018  -0.141  426.73  704.16 1.941    514.93   4231.67 25.210 25.069 99.999 18.431 18.289 99.999 99.999 99.999  0.308 99.999 99.999 99.999 99.999  99.999  99.999  99.999  99.999  0.053  0.059  0.017  0.020  0.057  0.067   15   14 99.999 99.999   99  16.339232773 -21.232009406 26 31 59.00 1995  7  6 2449905.60554398   240  C                     06079501.lys.fits                                  Lysithea               739  1152
   0.004  -0.084  429.37  707.92 5.430   2357.29   3385.89 25.174 25.086 99.999 16.743 16.655 99.999 99.999 99.999  0.350 99.999 99.999 99.999 99.999  99.999  99.999  99.999  99.999  0.069  0.072  0.020  0.022  0.063  0.069   16   14 99.999 99.999   99  16.339215943 -21.231975643 26 37 36.00 1995  7  6 2449905.60944444   300  C                     06079502.lys.fits                                  Lysithea               739  1152
  -0.007  -0.109  405.68 1053.98 0.944    396.03   6034.69 25.404 25.885 99.999 18.910 19.390 99.999 99.999 99.999  0.912 99.999 99.999 99.999 99.999  99.999  99.999  99.999  99.999  0.015  0.015  0.076  0.061  0.077  0.062   10    9 99.999 99.999   99  16.296432671 -21.198960256 23 14 57.00 1995  8  4 2449934.46871528   180  Clear                 04089501.lys.fits                                  Lysithea               770  1152
  -0.061  -0.071  407.66 1057.78 1.321    756.41   4889.86 25.671 26.223 99.999 18.474 19.026 99.999 99.999 99.999  0.930 99.999 99.999 99.999 99.999  99.999  99.999  99.999  99.999  0.023  0.023  0.074  0.059  0.078  0.062   11   10 99.999 99.999   99  16.296434878 -21.198955951 23 19 37.00 1995  8  4 2449934.47195602   200  Clear                 04089502.lys.fits                                  Lysithea               770  1152
  -0.143  -0.036  615.89  505.02 2.118    583.07    877.41 25.079 25.057 99.999 18.164 18.143 99.999 99.999 99.999  0.262 99.999 99.999 99.999 99.999  99.999  99.999  99.999  99.999  0.011  0.011  0.007  0.008  0.042  0.043   56   47 99.999 99.999   99  19.105802514 -22.471474684 26 30 55.00 1996  6 21 2450256.60480324   210  CLEAR                 21069602.lys.fits                                  Lysithea              1000  1024
  -0.142  -0.045  622.13  503.47 2.372    606.59    812.83 25.080 25.049 99.999 18.122 18.092 99.999 99.999 99.999  0.273 99.999 99.999 99.999 99.999  99.999  99.999  99.999  99.999  0.015  0.014  0.007  0.007  0.044  0.040   56   49 99.999 99.999   99  19.105767408 -22.471496650 26 36 11.00 1996  6 21 2450256.60846065   210  CLEAR                 21069603.lys.fits                                  Lysithea              1000  1024
  -0.140  -0.055  627.73  502.27 2.304    576.19    874.18 24.993 24.971 99.999 18.092 18.070 99.999 99.999 99.999  0.260 99.999 99.999 99.999 99.999  99.999  99.999  99.999  99.999  0.011  0.011  0.008  0.007  0.045  0.039   57   50 99.999 99.999   99  19.105739311 -22.471515060 26 40 24.00 1996  6 21 2450256.61138889   210  CLEAR                 21069604.lys.fits                                  Lysithea              1000  1024
  -0.109  -0.043  633.74  501.27 2.191    474.27    917.64 24.837 24.803 99.999 18.147 18.113 99.999 99.999 99.999  0.253 99.999 99.999 99.999 99.999  99.999  99.999  99.999  99.999  0.013  0.013  0.007  0.007  0.042  0.039   54   48 99.999 99.999   99  19.105711770 -22.471527215 26 44 37.00 1996  6 21 2450256.61431713   210  CLEAR                 21069605.lys.fits                                  Lysithea              1000  1024
  -0.270  -0.002  656.63  509.76 1.346   1403.19   1168.16 26.102 26.219 99.999 18.234 18.351 99.999 99.999 99.999  0.433 99.999 99.999 99.999 99.999  99.999  99.999  99.999  99.999  0.031  0.031  0.009  0.008  0.045  0.042   62   48 99.999 99.999   99  19.086836805 -22.481421372 26 17 50.00 1996  6 23 2450258.59571759   240  CLEAR                 23069601.lys.fits                                  Lysithea              1024  1024
  -0.755  -0.001  664.54  508.65 1.094    777.56   1112.35 26.098 26.304 99.999 18.872 19.077 99.999 99.999 99.999  0.544 99.999 99.999 99.999 99.999  99.999  99.999  99.999  99.999  0.031  0.013  0.009  0.007  0.048  0.040   65   51 99.999 99.999   99  19.086792429 -22.481441135 26 22 53.00 1996  6 23 2450258.59922454   240  CLEAR                 23069602.lys.fits                                  Lysithea              1024  1024
   0.161   0.117  397.42  407.15 1.637     74.81     82.36 22.962 23.358 99.999 18.277 18.673 99.999 99.999 99.999  0.375 99.999 99.999 99.999 99.999  99.999  99.999  99.999  99.999  0.028  0.027  0.006  0.006  0.050  0.052  115   90 99.999 99.999   99  18.760536712 -22.718523699 25 13 14.25 1996  7 24 2450289.55085937    10  filtro desconhecido   24079601.lys.fits                                  Lysithea              1000  1024
   0.206  -0.007  398.30  401.80 1.485     83.82     72.67 23.051 23.211 99.999 18.243 18.402 99.999 99.999 99.999  0.266 99.999 99.999 99.999 99.999  99.999  99.999  99.999  99.999  0.027  0.027  0.006  0.006  0.050  0.052  117   94 99.999 99.999   99  18.760515825 -22.718578803 25 16 16.17 1996  7 24 2450289.55296493    10  filtro desconhecido   24079604.lys.fits                                  Lysithea              1000  1024
   0.217   0.034  397.88  402.68 1.640     67.33     73.12 22.824 23.112 99.999 18.253 18.541 99.999 99.999 99.999  0.242 99.999 99.999 99.999 99.999  99.999  99.999  99.999  99.999  0.024  0.024  0.006  0.005  0.050  0.048  116   93 99.999 99.999   99  18.760509822 -22.718573377 25 17  8.18 1996  7 24 2450289.55356690    10  filtro desconhecido   24079605.lys.fits                                  Lysithea              1000  1024
   0.146   0.001  397.66  398.65 1.586     64.10     73.46 22.858 23.129 99.999 18.340 18.612 99.999 99.999 99.999  0.248 99.999 99.999 99.999 99.999  99.999  99.999  99.999  99.999  0.021  0.021  0.006  0.005  0.051  0.047  119   93 99.999 99.999   99  18.760489763 -22.718600158 25 19 44.17 1996  7 24 2450289.55537234    10  filtro desconhecido   24079608.lys.fits                                  Lysithea              1000  1024
   0.088  -0.001  397.77  396.61 1.566     69.74     68.21 22.929 23.211 99.999 18.321 18.603 99.999 99.999 99.999  0.308 99.999 99.999 99.999 99.999  99.999  99.999  99.999  99.999  0.015  0.015  0.005  0.005  0.048  0.048  122   96 99.999 99.999   99  18.760476146 -22.718612536 25 21 28.14 1996  7 24 2450289.55657569    10  filtro desconhecido   24079610.lys.fits                                  Lysithea              1000  1024
   0.114  -0.030  427.64  553.22 3.376    151.18    138.85 23.021 23.415 99.999 17.573 17.967 99.999 99.999 99.999  0.433 99.999 99.999 99.999 99.999  99.999  99.999  99.999  99.999  0.106  0.104  0.006  0.006  0.047  0.046   76   63 99.999 99.999   99  18.749559132 -22.729196884  3 27 19.20 1996  7 26 2450290.64397222    10  filtro desconhecido   26079602.lys.fits                                  Lysithea              1000  1024
   0.181   0.034  428.88  553.36 1.902     65.84    226.65 22.905 23.187 99.999 18.359 18.641 99.999 99.999 99.999  0.409 99.999 99.999 99.999 99.999  99.999  99.999  99.999  99.999  0.043  0.042  0.006  0.005  0.046  0.042   77   67 99.999 99.999   99  18.749554353 -22.729184775  3 28 11.22 1996  7 26 2450290.64457431    10  filtro desconhecido   26079603.lys.fits                                  Lysithea              1000  1024
   0.140   0.066  427.25  553.76 1.806     85.53    220.77 23.084 23.572 99.999 18.254 18.741 99.999 99.999 99.999  0.422 99.999 99.999 99.999 99.999  99.999  99.999  99.999  99.999  0.017  0.017  0.006  0.006  0.045  0.043   76   62 99.999 99.999   99  18.749547431 -22.729181217  3 29  3.23 1996  7 26 2450290.64517627    10  filtro desconhecido   26079604.lys.fits                                  Lysithea              1000  1024
   0.203   0.045  427.69  554.11 3.790    232.26     62.87 22.871 23.267 99.999 16.956 17.352 99.999 99.999 99.999  0.351 99.999 99.999 99.999 99.999  99.999  99.999  99.999  99.999  0.027  0.028  0.006  0.006  0.050  0.045   77   67 99.999 99.999   99  18.749536566 -22.729197981  3 30 46.16 1996  7 26 2450290.64636759    10  filtro desconhecido   26079606.lys.fits                                  Lysithea              1000  1024
   0.277   0.075  428.52  554.36 2.214     86.64    209.90 22.980 23.248 99.999 18.135 18.404 99.999 99.999 99.999  0.368 99.999 99.999 99.999 99.999  99.999  99.999  99.999  99.999  0.029  0.031  0.007  0.006  0.048  0.042   73   60 99.999 99.999   99  18.749531821 -22.729195204  3 31 39.17 1996  7 26 2450290.64698113    10  filtro desconhecido   26079607.lys.fits                                  Lysithea              1000  1024
   0.243   0.067  428.19  554.88 1.676     63.97    232.92 22.891 23.168 99.999 18.376 18.653 99.999 99.999 99.999  0.355 99.999 99.999 99.999 99.999  99.999  99.999  99.999  99.999  0.040  0.039  0.006  0.006  0.048  0.045   79   67 99.999 99.999   99  18.749525025 -22.729203015  3 32 31.24 1996  7 26 2450290.64758380    10  filtro desconhecido   26079608.lys.fits                                  Lysithea              1000  1024
   0.270   0.092  427.87  554.60 4.749    271.75     17.41 22.815 23.064 99.999 16.729 16.978 99.999 99.999 99.999  0.386 99.999 99.999 99.999 99.999  99.999  99.999  99.999  99.999  0.045  0.035  0.007  0.006  0.048  0.044   76   60 99.999 99.999   99  18.749519453 -22.729201731  3 33 23.20 1996  7 26 2450290.64818519    10  filtro desconhecido   26079609.lys.fits                                  Lysithea              1000  1024
   0.229   0.444  262.48  606.91 2.312    118.62    356.41 23.266 23.516 99.999 18.081 18.330 16.164 15.100 15.518  0.233 99.999  0.110  1.000  1.000  99.999  99.999  99.999  99.999  0.024  0.024  0.006  0.005  0.055  0.050  139  113 99.999 99.999   99  18.588370086 -23.386766274 23  7 42.00 1996  9 30 2450357.46368056    60     cl                 30099601.lys.fits                                  Lysithea               739  1140
   0.364   0.694  229.61  560.16 3.301     79.25    389.02 23.318 23.522 99.999 18.571 18.774 99.999 99.999 99.999  0.271 99.999 99.999 99.999 99.999  99.999  99.999  99.999  99.999  0.002  0.002  0.007  0.006  0.063  0.051  146  108 99.999 99.999   99  18.588679964 -23.386927478 24 21 23.00 1996  9 30 2450357.51484954    60     cl                 30099603.lys.fits                                  Lysithea               739  1140
   0.105  -0.067  343.12  538.78 1.388    101.78    266.76 24.003 24.170 99.999 18.984 19.151 99.999 99.999 99.999  0.276 99.999 99.999 99.999 99.999  99.999  99.999  99.999  99.999  0.022  0.022  0.005  0.005  0.046  0.050  116   86 99.999 99.999   99  18.594402221 -23.391843133 22 14 16.00 1996 10  1 2450358.42657407    60     cl                 01109601.lys.fits                                  Lysithea               739  1140
   0.128  -0.050  352.08  532.08 0.918     90.96    281.04 24.139 24.284 99.999 19.242 19.386 99.999 99.999 99.999  0.253 99.999 99.999 99.999 99.999  99.999  99.999  99.999  99.999  0.034  0.034  0.005  0.005  0.049  0.044  116   86 99.999 99.999   99  18.594614924 -23.391991230 23  3 35.00 1996 10  1 2450358.46082176    60     cl                 01109603.lys.fits                                  Lysithea               739  1140
   0.133  -0.050  352.08  532.08 0.918     90.96    281.04 24.139 24.284 99.999 19.242 19.386 99.999 99.999 99.999  0.253 99.999 99.999 99.999 99.999  99.999  99.999  99.999  99.999  0.034  0.034  0.005  0.005  0.049  0.044  116   86 99.999 99.999   99  18.594614924 -23.391991230 23  3 35.00 1996 10  1 2450358.46082176    60     cl                 01109603.lys.fits                                  Lysithea               739  1140
   0.139  -0.004  738.17  454.30 0.978   2472.06    906.79 25.737 25.271 99.999 17.254 16.789 99.999 99.999 99.999  0.500 99.999 99.999 99.999 99.999  99.999  99.999  99.999  99.999  0.019  0.015  0.115  0.010  0.114  0.010    6    4 99.999 99.999   99  21.238604426 -17.536275028  5  1 47.00 1997  8 12 2450672.70957176   240  Clear                 12089701.lys.fits                                  Lysithea               739  1140
   0.224  -0.163  431.81  595.02 1.228   1880.61   1649.15 25.146 25.602 99.999 16.960 17.417 99.999 99.999 99.999  1.485 99.999 99.999 99.999 99.999  99.999  99.999  99.999  99.999  0.016  0.016  0.043  0.014  0.057  0.019    5    5 99.999 99.999   99  21.224123459 -17.612485804 26 42  8.00 1997  8 13 2450674.61259259   240  filtro desconhecido   13089703.lys.fits                                  Lysithea               739  1140
   0.221  -0.189  436.58  593.28 1.284   1856.53   1625.25 25.629 25.759 99.999 17.457 17.587 99.999 99.999 99.999  1.070 99.999 99.999 99.999 99.999  99.999  99.999  99.999  99.999  0.016  0.016  0.112  0.022  0.095  0.019    4    4 99.999 99.999   99  21.224098177 -17.612620411 26 46 47.00 1997  8 13 2450674.61582176   240  filtro desconhecido   13089704.lys.fits                                  Lysithea               739  1140
   0.110  -0.099  411.22  495.00 1.165   1960.07   1544.65 25.787 25.836 99.999 17.556 17.605 99.999 99.999 99.999  1.150 99.999 99.999 99.999 99.999  99.999  99.999  99.999  99.999  0.022  0.022  0.029  0.012  0.069  0.029    7    6 99.999 99.999   99  21.223250362 -17.616827597  5 23  6.00 1997  8 14 2450674.72437500   240  filtro desconhecido   14089701.lys.fits                                  Lysithea               739  1140
   0.149  -0.076  416.26  494.00 1.469   1384.19   1401.89 25.657 25.692 99.999 17.804 17.839 99.999 99.999 99.999  1.087 99.999 99.999 99.999 99.999  99.999  99.999  99.999  99.999  0.033  0.030  0.033  0.016  0.082  0.039    7    7 99.999 99.999   99  21.223226109 -17.616945805  5 27 45.00 1997  8 14 2450674.72760417   240  filtro desconhecido   14089702.lys.fits                                  Lysithea               739  1140
   0.049  -0.095  461.26  523.04 1.275   1823.76   1833.77 26.361 25.780 99.999 18.209 17.627 99.999 99.999 99.999  0.089 99.999 99.999 99.999 99.999  99.999  99.999  99.999  99.999  0.026  0.026  0.019  0.001  0.033  0.002    5    4 99.999 99.999   99  21.216471488 -17.652046788  3  2 23.00 1997  8 15 2450675.62665509   240  filtro desconhecido   15089701.lys.fits                                  Lysithea               739  1140
   0.128  -0.051  469.62  519.03 1.296   1878.67   1767.75 26.255 25.621 99.999 18.070 17.437 99.999 99.999 99.999  0.109 99.999 99.999 99.999 99.999  99.999  99.999  99.999  99.999  0.021  0.021  0.053  0.007  0.116  0.015    5    5 99.999 99.999   99  21.216420097 -17.652297464  3 12 13.00 1997  8 15 2450675.63348380   240  filtro desconhecido   15089702.lys.fits                                  Lysithea               739  1140
   0.079  -0.078  218.49  549.38 1.295   1695.23   2426.00 26.173 25.617 99.999 18.100 17.544 99.999 99.999 99.999  0.135 99.999 99.999 99.999 99.999  99.999  99.999  99.999  99.999  0.025  0.025  0.035  0.015  0.076  0.034    6    6 99.999 99.999   99  21.215776786 -17.655484607  5 11 57.00 1997  8 15 2450675.71663194   240  filtro desconhecido   15089703.lys.fits                                  Lysithea               739  1140
   0.039  -0.093  223.12  547.28 1.289   1695.13   2006.31 26.025 25.384 99.999 17.952 17.311 99.999 99.999 99.999  0.151 99.999 99.999 99.999 99.999  99.999  99.999  99.999  99.999  0.012  0.012  0.033  0.016  0.073  0.034    6    6 99.999 99.999   99  21.215751083 -17.655611880  5 16 37.00 1997  8 15 2450675.71987269   240  filtro desconhecido   15089704.lys.fits                                  Lysithea               739  1140
   0.108  -0.020  352.99  534.30 3.656   1621.89  19168.80 25.827 25.764 99.999 17.802 17.739 99.999 99.999 99.999  0.352 99.999 99.999 99.999 99.999  99.999  99.999  99.999  99.999  0.094  0.060  0.040  0.024  0.064  0.038    5    5 99.999 99.999   99  21.208365594 -17.693447473  5  1 13.00 1997  8 16 2450676.70917824   240  filtro desconhecido   16089702.lys.fits                                  Lysithea               739  1140
  -0.028  -0.035  226.87  461.81 1.054   1060.93   2655.15 25.229 25.776 99.999 17.665 18.212 99.999 99.999 99.999  2.534 99.999 99.999 99.999 99.999  99.999  99.999  99.999  99.999  0.032  0.032  0.049  0.006  0.061  0.008    5    5 99.999 99.999   99  23.710542475  -3.562757127  8 36 48.00 1998  6  5 2450969.85888889   240  Clear                 05069801.lys.fits                                  Lysithea              1024  1024
  -0.002   0.046  504.66  489.36 2.345    368.83    555.23 24.570 24.714 99.999 18.153 18.297 99.999 99.999 99.999  0.405 99.999 99.999 99.999 99.999  99.999  99.999  99.999  99.999  0.028  0.028  0.008  0.008  0.057  0.057   78   49 99.999 99.999   99  18.873920353 -22.989164951 23 49 27.74 2008  9 19 2454729.49268218    90  I                     lysitea0001.fits                                   Lysithea              1020  1020
   0.030   0.054  508.61  490.31 1.146    166.85    776.45 24.665 24.743 99.999 19.109 19.187 99.999 99.999 99.999  0.425 99.999 99.999 99.999 99.999  99.999  99.999  99.999  99.999  0.027  0.028  0.008  0.008  0.054  0.051   74   43 99.999 99.999   99  18.873922996 -22.989174687 23 51 40.71 2008  9 19 2454729.49422118    90  I                     lysitea0002.fits                                   Lysithea              1020  1020
   0.030   0.051  515.36  491.75 1.405    184.43    755.21 24.519 24.603 99.999 18.854 18.938 99.999 99.999 99.999  0.393 99.999 99.999 99.999 99.999  99.999  99.999  99.999  99.999  0.028  0.029  0.008  0.007  0.055  0.049   78   48 99.999 99.999   99  18.873926997 -22.989199592 23 56  8.48 2008  9 19 2454729.49732037    90  I                     lysitea0004.fits                                   Lysithea              1020  1020
   0.036   0.048  519.34  492.26 1.150    135.89    792.19 24.535 24.608 99.999 19.202 19.275 99.999 99.999 99.999  0.296 99.999 99.999 99.999 99.999  99.999  99.999  99.999  99.999  0.038  0.038  0.008  0.007  0.058  0.050   80   50 99.999 99.999   99  18.873929120 -22.989212495 23 58 22.27 2008  9 19 2454729.49886887    90  I                     lysitea0005.fits                                   Lysithea              1020  1020
   0.038   0.041  522.73  493.45 1.430    172.06    759.20 24.372 24.404 99.999 18.782 18.814 99.999 99.999 99.999  0.290 99.999 99.999 99.999 99.999  99.999  99.999  99.999  99.999  0.012  0.012  0.008  0.007  0.054  0.052   80   51 99.999 99.999   99  18.873933175 -22.989238375  0  2 48.93 2008  9 20 2454729.50195521    90  I                     lysitea0007.fits                                   Lysithea              1020  1020
   0.047   0.051  524.38  494.13 1.184    141.75    794.84 24.453 24.510 99.999 19.074 19.131 99.999 99.999 99.999  0.394 99.999 99.999 99.999 99.999  99.999  99.999  99.999  99.999  0.038  0.038  0.008  0.007  0.055  0.047   81   49 99.999 99.999   99  18.873935370 -22.989247211  0  5  1.80 2008  9 20 2454729.50349306    90  I                     lysitea0008.fits                                   Lysithea              1020  1020
  -0.006   0.036  527.89  495.80 1.017    114.49    810.06 24.272 24.351 99.999 19.126 19.204 99.999 99.999 99.999  0.321 99.999 99.999 99.999 99.999  99.999  99.999  99.999  99.999  0.010  0.010  0.008  0.008  0.058  0.055   80   50 99.999 99.999   99  18.873938328 -22.989275367  0  9 27.54 2008  9 20 2454729.50656875    90  I                     lysitea0010.fits                                   Lysithea              1020  1020
   0.196   0.066  917.34 1070.28 0.856     87.20    440.11 23.872 23.899 99.999 19.021 19.048 99.999 99.999 99.999  0.235 99.999 99.999 99.999 99.999  99.999  99.999  99.999  99.999  0.022  0.022  0.007  0.006  0.055  0.048  100   61 99.999 99.999   99  18.879709858 -23.013452140  1 19 37.00 2008  9 23 2454732.55528935   160  I                     lysithea0001.fits                                  Lysithea              2045  2050
   0.125   0.020  916.19 1137.96 0.948     79.47    484.93 23.762 23.852 99.999 19.011 19.102 99.999 99.999 99.999  0.305 99.999 99.999 99.999 99.999  99.999  99.999  99.999  99.999  0.017  0.017  0.007  0.007  0.052  0.049  103   64 99.999 99.999   99  18.879723573 -23.013510842  1 29 37.58 2008  9 23 2454732.56224051   160  I                     lysithea0004.fits                                  Lysithea              2045  2050
   0.074   0.055 1031.66 1012.07 1.874    103.07    646.92 23.933 24.001 99.999 18.900 18.968 99.999 99.999 99.999  0.249 99.999 99.999 99.999 99.999  99.999  99.999  99.999  99.999  0.025  0.026  0.007  0.007  0.058  0.058   99   63 99.999 99.999   99  18.881956709 -23.020364531 23 30  2.67 2008  9 23 2454733.47919757   260  I                     lysithea0001.fits                                  Lysithea              2045  2050
   0.077   0.062 1032.04 1013.94 3.649    502.82    267.20 24.154 24.246 99.999 17.400 17.493 99.999 99.999 99.999  0.275 99.999 99.999 99.999 99.999  99.999  99.999  99.999  99.999  0.019  0.019  0.008  0.007  0.060  0.056   97   60 99.999 99.999   99  18.881964854 -23.020385924 23 34 59.67 2008  9 23 2454733.48263507   260  I                     lysithea0002.fits                                  Lysithea              2045  2050
   0.080   0.069 1032.57 1016.26 1.437    158.14    642.89 24.461 24.544 99.999 18.963 19.046 99.999 99.999 99.999  0.279 99.999 99.999 99.999 99.999  99.999  99.999  99.999  99.999  0.016  0.016  0.008  0.007  0.056  0.052   99   56 99.999 99.999   99  18.881972969 -23.020406585 23 39 54.56 2008  9 23 2454733.48604815   260  I                     lysithea0003.fits                                  Lysithea              2045  2050
   0.116   0.057 1033.05 1018.75 0.978     73.29    691.93 24.102 24.184 99.999 19.439 19.522 99.999 99.999 99.999  0.256 99.999 99.999 99.999 99.999  99.999  99.999  99.999  99.999  0.033  0.033  0.008  0.007  0.063  0.058   98   65 99.999 99.999   99  18.881981749 -23.020432950 23 44 49.40 2008  9 23 2454733.48946065   260  I                     lysithea0004.fits                                  Lysithea              2045  2050
   0.121   0.097 1033.21 1020.83 3.649    312.71    415.62 23.777 23.836 99.999 17.539 17.598 99.999 99.999 99.999  0.242 99.999 99.999 99.999 99.999  99.999  99.999  99.999  99.999  0.027  0.031  0.007  0.007  0.054  0.052   96   58 99.999 99.999   99  18.881989936 -23.020444635 23 49 45.27 2008  9 23 2454733.49288507   260  I                     lysithea0005.fits                                  Lysithea              2045  2050
   0.088  -0.097  470.60  600.12 1.217    515.23    519.86 25.505 24.828 99.999 18.725 18.048 99.999 99.999 99.999  0.104 99.999 99.999 99.999 99.999  99.999  99.999  99.999  99.999  0.014  0.014  0.057  0.130  0.047  0.108    4    4 99.999 99.999   99   0.084563626  -1.251217427  6 53 32.00 2010  6 20 2455367.78717593   100    R                   lysithea22_06.54.23_0001.fits                      Lysithea              1024  1024
   0.105  -0.113  468.84  599.38 1.398    476.63    565.82 25.470 24.798 99.999 18.774 18.103 99.999 99.999 99.999  0.106 99.999 99.999 99.999 99.999  99.999  99.999  99.999  99.999  0.024  0.024  0.050  0.136  0.041  0.113    4    4 99.999 99.999   99   0.084578634  -1.251127008  6 56 56.00 2010  6 20 2455367.78953704   100    R                   lysithea22_06.57.47_0003.fits                      Lysithea              1024  1024
   0.076  -0.101  467.80  598.78 1.395    499.21    489.80 25.548 24.914 99.999 18.802 18.169 99.999 99.999 99.999  0.107 99.999 99.999 99.999 99.999  99.999  99.999  99.999  99.999  0.018  0.018  0.054  0.129  0.045  0.107    4    4 99.999 99.999   99   0.084585431  -1.251076185  6 58 38.00 2010  6 20 2455367.79071759   100    R                   lysithea22_06.59.30_0004.fits                      Lysithea              1024  1024
   0.083  -0.106  466.79  598.38 1.182    607.70    598.31 25.625 24.917 99.999 18.666 17.958 99.999 99.999 99.999  0.098 99.999 99.999 99.999 99.999  99.999  99.999  99.999  99.999  0.013  0.013  0.054  0.137  0.045  0.113    4    4 99.999 99.999   99   0.084592934  -1.251030352  7  0 20.00 2010  6 20 2455367.79189815   100    R                   lysithea22_07.01.12_0005.fits                      Lysithea              1024  1024
   0.062  -0.111  465.51  597.95 1.214    576.02    582.12 25.499 24.931 99.999 18.598 18.030 99.999 99.999 99.999  0.107 99.999 99.999 99.999 99.999  99.999  99.999  99.999  99.999  0.013  0.013  0.053  0.139  0.044  0.114    4    4 99.999 99.999   99   0.084599963  -1.250983564  7  2  3.00 2010  6 20 2455367.79309028   100    R                   lysithea22_07.02.54_0006.fits                      Lysithea              1024  1024
   0.092  -0.130  462.92  596.93 1.097    533.84    617.53 25.528 24.977 99.999 18.710 18.158 99.999 99.999 99.999  0.112 99.999 99.999 99.999 99.999  99.999  99.999  99.999  99.999  0.020  0.020  0.059  0.135  0.048  0.111    4    4 99.999 99.999   99   0.084615178  -1.250893938  7  5 27.00 2010  6 20 2455367.79545139   100    R                   lysithea22_07.06.18_0008.fits                      Lysithea              1024  1024
   0.100  -0.084  461.03  595.96 1.404    503.30    501.63 25.597 24.988 99.999 18.842 18.234 99.999 99.999 99.999  0.104 99.999 99.999 99.999 99.999  99.999  99.999  99.999  99.999  0.033  0.033  0.061  0.144  0.050  0.117    4    4 99.999 99.999   99   0.084630022  -1.250786356  7  8 51.00 2010  6 20 2455367.79781250   100    R                   lysithea22_07.09.43_0010.fits                      Lysithea              1024  1024
   0.074  -0.081  460.00  595.47 1.269    575.59    486.84 25.646 25.084 99.999 18.746 18.184 99.999 99.999 99.999  0.109 99.999 99.999 99.999 99.999  99.999  99.999  99.999  99.999  0.021  0.020  0.058  0.136  0.047  0.111    4    4 99.999 99.999   99   0.084636959  -1.250737437  7 10 34.00 2010  6 20 2455367.79900463   100    R                   lysithea22_07.11.25_0011.fits                      Lysithea              1024  1024
   0.073  -0.103  459.03  595.18 1.176    630.04    497.41 25.705 25.160 99.999 18.707 18.161 99.999 99.999 99.999  0.104 99.999 99.999 99.999 99.999  99.999  99.999  99.999  99.999  0.006  0.005  0.059  0.138  0.048  0.112    4    4 99.999 99.999   99   0.084644261  -1.250696013  7 12 16.00 2010  6 20 2455367.80018519   100    R                   lysithea22_07.13.07_0012.fits                      Lysithea              1024  1024
   0.071  -0.126  457.85  594.77 1.084    714.61    495.01 25.764 25.231 99.999 18.629 18.096 99.999 99.999 99.999  0.100 99.999 99.999 99.999 99.999  99.999  99.999  99.999  99.999  0.011  0.011  0.053  0.135  0.043  0.110    4    4 99.999 99.999   99   0.084651563  -1.250655266  7 13 58.00 2010  6 20 2455367.80136574   100    R                   lysithea22_07.14.50_0013.fits                      Lysithea              1024  1024
   0.079  -0.103  456.45  594.25 1.098    691.10    504.45 25.781 25.115 99.999 18.682 18.016 99.999 99.999 99.999  0.097 99.999 99.999 99.999 99.999  99.999  99.999  99.999  99.999  0.003  0.003  0.056  0.139  0.046  0.113    4    4 99.999 99.999   99   0.084659132  -1.250600855  7 15 41.00 2010  6 20 2455367.80255787   100    R                   lysithea22_07.16.32_0014.fits                      Lysithea              1024  1024
   0.086  -0.105  455.18  593.76 1.208    560.16    502.31 25.640 25.165 99.999 18.770 18.294 99.999 99.999 99.999  0.111 99.999 99.999 99.999 99.999  99.999  99.999  99.999  99.999  0.018  0.018  0.062  0.135  0.050  0.110    4    4 99.999 99.999   99   0.084666594  -1.250553907  7 17 23.00 2010  6 20 2455367.80373843   100    R                   lysithea22_07.18.14_0015.fits                      Lysithea              1024  1024
   0.093  -0.132  454.11  593.33 1.181    622.95    486.17 25.833 25.212 99.999 18.846 18.226 99.999 99.999 99.999  0.094 99.999 99.999 99.999 99.999  99.999  99.999  99.999  99.999  0.021  0.021  0.059  0.140  0.048  0.113    4    4 99.999 99.999   99   0.084674061  -1.250513989  7 19  5.00 2010  6 20 2455367.80491898   100    R                   lysithea22_07.19.56_0016.fits                      Lysithea              1024  1024
   0.063  -0.123  453.46  592.87 1.151    542.29    517.93 25.732 25.283 99.999 18.897 18.447 99.999 99.999 99.999  0.107 99.999 99.999 99.999 99.999  99.999  99.999  99.999  99.999  0.033  0.033  0.058  0.142  0.047  0.115    4    4 99.999 99.999   99   0.084680835  -1.250464112  7 20 47.00 2010  6 20 2455367.80609954   100    R                   lysithea22_07.21.38_0017.fits                      Lysithea              1024  1024
   0.091  -0.105  452.20  592.37 1.467    585.18    395.77 25.593 24.968 99.999 18.675 18.050 99.999 99.999 99.999  0.106 99.999 99.999 99.999 99.999  99.999  99.999  99.999  99.999  0.017  0.017  0.058  0.139  0.047  0.112    4    4 99.999 99.999   99   0.084688684  -1.250411564  7 22 29.00 2010  6 20 2455367.80728009   100    R                   lysithea22_07.23.21_0018.fits                      Lysithea              1024  1024
   0.063  -0.142  451.15  591.88 1.056    752.57    485.05 25.851 25.301 99.999 18.660 18.110 99.999 99.999 99.999  0.082 99.999 99.999 99.999 99.999  99.999  99.999  99.999  99.999  0.013  0.013  0.069  0.145  0.055  0.116    4    4 99.999 99.999   99   0.084695561  -1.250373929  7 24 12.00 2010  6 20 2455367.80847222   100    R                   lysithea22_07.25.03_0019.fits                      Lysithea              1024  1024
   0.058  -0.110  450.00  591.44 1.163    647.51    492.29 25.644 25.230 99.999 18.616 18.202 99.999 99.999 99.999  0.105 99.999 99.999 99.999 99.999  99.999  99.999  99.999  99.999  0.017  0.017  0.059  0.139  0.048  0.111    4    4 99.999 99.999   99   0.084702797  -1.250317806  7 25 54.00 2010  6 20 2455367.80965278   100    R                   lysithea22_07.26.45_0020.fits                      Lysithea              1024  1024
