   0.046  -0.008  867.76 1052.43 1.161    477.00    430.68 23.537 23.487 99.999 16.841 16.791 99.999 99.999 99.999  0.308 99.999 99.999 99.999 99.999  99.999  99.999  99.999  99.999  0.011  0.011  0.022  0.029  0.038  0.049    6    6 99.999 99.999   99  11.149806032   7.725835565  0 25 21.49 2009  6 21 2455003.51760984   120    I                   phoebe0001.fits                                    Phoebe                2045  2050
   0.003   0.018  863.53 1297.63 1.193    434.86    414.20 23.566 23.524 99.999 16.971 16.928 99.999 99.999 99.999  0.596 99.999 99.999 99.999 99.999  99.999  99.999  99.999  99.999  0.010  0.010  0.045  0.033  0.077  0.057    8    8 99.999 99.999   99  11.149814748   7.725772279  0 29 30.08 2009  6 21 2455003.52048704   120    I                   phoebe0002.fits                                    Phoebe                2045  2050
  -0.108   0.057  864.39 1296.72 1.242    241.87   3974.74 22.889 23.394 99.999 16.930 17.435 99.999 99.999 99.999  0.678 99.999 99.999 99.999 99.999  99.999  99.999  99.999  99.999  0.012  0.011  0.036  0.022  0.057  0.036    8    8 99.999 99.999   99  11.149819040   7.725736019  0 32 15.54 2009  6 21 2455003.52240208   120    I                   phoebe0003.fits                                    Phoebe                2045  2050
   0.051  -0.045 1026.94  901.82 0.993   1004.50    161.96 24.324 23.937 99.999 16.819 16.432 99.999 99.999 99.999  0.110 99.999 99.999 99.999 99.999  99.999  99.999  99.999  99.999  0.007  0.007  0.011  0.016  0.018  0.025    7    5 99.999 99.999   99  14.278395870 -10.914229151  1 40  9.91 2013  6  6 2456449.56955912    60    R                   Phoebe_01.40.45_0002.fits                          Phoebe                2048  2048
   0.043  -0.037 1025.28  901.59 0.899   1060.47    206.92 24.445 24.004 99.999 16.882 16.440 99.999 99.999 99.999  0.102 99.999 99.999 99.999 99.999  99.999  99.999  99.999  99.999  0.008  0.008  0.012  0.017  0.018  0.026    7    5 99.999 99.999   99  14.278392899 -10.914215067  1 41 15.63 2013  6  6 2456449.57031978    60    R                   Phoebe_01.41.51_0003.fits                          Phoebe                2048  2048
   0.041  -0.037 1027.23  902.39 1.061    964.34    157.98 24.253 23.879 99.999 16.792 16.418 99.999 99.999 99.999  0.100 99.999 99.999 99.999 99.999  99.999  99.999  99.999  99.999  0.007  0.007  0.011  0.019  0.017  0.029    7    5 99.999 99.999   99  14.278390056 -10.914203106  1 42 21.55 2013  6  6 2456449.57108279    60    R                   Phoebe_01.42.57_0004.fits                          Phoebe                2048  2048
   0.033  -0.039 1027.97  900.93 1.114    840.12    145.14 24.083 23.619 99.999 16.772 16.308 99.999 99.999 99.999  0.095 99.999 99.999 99.999 99.999  99.999  99.999  99.999  99.999  0.014  0.014  0.010  0.016  0.016  0.025    7    5 99.999 99.999   99  14.278384264 -10.914179639  1 44 33.07 2013  6  6 2456449.57260501    60    R                   Phoebe_01.45.09_0006.fits                          Phoebe                2048  2048
   0.037  -0.036 1028.43  900.88 1.010    981.17    161.51 24.258 23.952 99.999 16.778 16.473 99.999 99.999 99.999  0.103 99.999 99.999 99.999 99.999  99.999  99.999  99.999  99.999  0.013  0.013  0.010  0.017  0.016  0.027    7    5 99.999 99.999   99  14.278378696 -10.914155007  1 46 44.55 2013  6  6 2456449.57412670    60    R                   Phoebe_01.47.20_0008.fits                          Phoebe                2048  2048
   0.029  -0.042 1031.59  900.42 0.877   1158.54    208.23 24.483 24.183 99.999 16.823 16.523 99.999 99.999 99.999  0.103 99.999 99.999 99.999 99.999  99.999  99.999  99.999  99.999  0.005  0.005  0.009  0.014  0.013  0.022    7    5 99.999 99.999   99  14.278375717 -10.914144823  1 47 50.44 2013  6  6 2456449.57488935    60    R                   Phoebe_01.48.26_0009.fits                          Phoebe                2048  2048
   0.033  -0.042 1029.09  900.28 0.872   1171.40    212.15 24.533 24.159 99.999 16.861 16.487 99.999 99.999 99.999  0.103 99.999 99.999 99.999 99.999  99.999  99.999  99.999  99.999  0.007  0.007  0.011  0.016  0.017  0.025    7    5 99.999 99.999   99  14.278372983 -10.914132913  1 48 56.19 2013  6  6 2456449.57565037    60    R                   Phoebe_01.49.32_0010.fits                          Phoebe                2048  2048
   0.036  -0.034 1031.57  899.59 0.960    876.72    196.85 24.222 23.807 99.999 16.865 16.450 99.999 99.999 99.999  0.104 99.999 99.999 99.999 99.999  99.999  99.999  99.999  99.999  0.012  0.012  0.009  0.017  0.015  0.026    7    5 99.999 99.999   99  14.278367401 -10.914106616  1 51  7.62 2013  6  6 2456449.57717152    60    R                   Phoebe_01.51.43_0012.fits                          Phoebe                2048  2048
   0.033  -0.035 1035.21  899.78 0.983   1053.45    158.50 24.378 23.880 99.999 16.821 16.324 99.999 99.999 99.999  0.108 99.999 99.999 99.999 99.999  99.999  99.999  99.999  99.999  0.007  0.007  0.006  0.015  0.009  0.023    7    5 99.999 99.999   99  14.278364534 -10.914095112  1 52 13.50 2013  6  6 2456449.57793399    60    R                   Phoebe_01.52.49_0013.fits                          Phoebe                2048  2048
   0.034  -0.044 1040.03  899.28 1.019    893.30    171.46 24.265 23.878 99.999 16.888 16.500 99.999 99.999 99.999  0.103 99.999 99.999 99.999 99.999  99.999  99.999  99.999  99.999  0.008  0.008  0.013  0.017  0.020  0.026    7    5 99.999 99.999   99  14.278356118 -10.914061537  1 55 30.55 2013  6  6 2456449.58021471    60    R                   Phoebe_01.56.06_0016.fits                          Phoebe                2048  2048
   0.042  -0.033 1038.06  899.37 1.201    794.81    119.54 24.027 23.562 99.999 16.777 16.312 99.999 99.999 99.999  0.105 99.999 99.999 99.999 99.999  99.999  99.999  99.999  99.999  0.012  0.011  0.010  0.015  0.016  0.024    7    5 99.999 99.999   99  14.278353433 -10.914046783  1 56 36.38 2013  6  6 2456449.58097664    60    R                   Phoebe_01.57.12_0017.fits                          Phoebe                2048  2048
   0.041  -0.032 1042.08  898.70 0.990    831.81    204.92 24.226 23.927 99.999 16.926 16.627 99.999 99.999 99.999  0.107 99.999 99.999 99.999 99.999  99.999  99.999  99.999  99.999  0.014  0.014  0.006  0.016  0.009  0.025    7    5 99.999 99.999   99  14.278350598 -10.914034536  1 57 42.07 2013  6  6 2456449.58173694    60    R                   Phoebe_01.58.17_0018.fits                          Phoebe                2048  2048
   0.046  -0.038 1040.42  898.40 1.033    862.21    167.03 24.161 23.881 99.999 16.822 16.542 99.999 99.999 99.999  0.098 99.999 99.999 99.999 99.999  99.999  99.999  99.999  99.999  0.005  0.005  0.009  0.014  0.014  0.021    7    5 99.999 99.999   99  14.278347888 -10.914024257  1 58 47.76 2013  6  6 2456449.58249725    60    R                   Phoebe_01.59.23_0019.fits                          Phoebe                2048  2048
   0.044  -0.038 1044.65  898.73 1.065    866.45    162.63 24.192 23.885 99.999 16.848 16.541 99.999 99.999 99.999  0.099 99.999 99.999 99.999 99.999  99.999  99.999  99.999  99.999  0.003  0.003  0.015  0.018  0.024  0.028    7    5 99.999 99.999   99  14.278345015 -10.914012338  1 59 53.45 2013  6  6 2456449.58325755    60    R                   Phoebe_02.00.29_0020.fits                          Phoebe                2048  2048
   0.049  -0.039 1040.41  898.58 1.013    832.36    186.60 24.131 23.781 99.999 16.831 16.480 99.999 99.999 99.999  0.094 99.999 99.999 99.999 99.999  99.999  99.999  99.999  99.999  0.006  0.006  0.012  0.018  0.019  0.028    7    5 99.999 99.999   99  14.278342322 -10.914000656  2  0 59.14 2013  6  6 2456449.58401785    60    R                   Phoebe_02.01.35_0021.fits                          Phoebe                2048  2048
   0.047  -0.039 1045.18  898.15 0.982    832.16    179.76 24.121 23.706 99.999 16.820 16.405 99.999 99.999 99.999  0.096 99.999 99.999 99.999 99.999  99.999  99.999  99.999  99.999  0.004  0.004  0.013  0.017  0.020  0.027    7    5 99.999 99.999   99  14.278339462 -10.913988742  2  2  4.82 2013  6  6 2456449.58477796    60    R                   Phoebe_02.02.40_0022.fits                          Phoebe                2048  2048
   0.045  -0.038 1046.03  897.95 1.178    667.33    140.10 23.877 23.562 99.999 16.816 16.501 99.999 99.999 99.999  0.104 99.999 99.999 99.999 99.999  99.999  99.999  99.999  99.999  0.002  0.002  0.010  0.016  0.015  0.025    7    5 99.999 99.999   99  14.278333818 -10.913964549  2  4 16.23 2013  6  6 2456449.58629892    60    R                   Phoebe_02.04.52_0024.fits                          Phoebe                2048  2048
   0.041  -0.037 1046.32  896.83 1.489    547.14    113.17 23.651 23.520 99.999 16.806 16.675 99.999 99.999 99.999  0.092 99.999 99.999 99.999 99.999  99.999  99.999  99.999  99.999  0.012  0.013  0.009  0.017  0.014  0.027    7    5 99.999 99.999   99  14.278328110 -10.913940253  2  6 27.65 2013  6  6 2456449.58782007    60    R                   Phoebe_02.07.03_0026.fits                          Phoebe                2048  2048
   0.033  -0.036 1051.47  896.97 1.150    822.95    127.98 24.204 23.902 99.999 16.915 16.613 99.999 99.999 99.999  0.100 99.999 99.999 99.999 99.999  99.999  99.999  99.999  99.999  0.009  0.009  0.010  0.016  0.015  0.025    7    5 99.999 99.999   99  14.278319503 -10.913904255  2  9 44.91 2013  6  6 2456449.59010315    60    R                   Phoebe_02.10.20_0029.fits                          Phoebe                2048  2048
   0.034  -0.036 1048.73  896.02 0.921   1131.18    159.09 24.487 24.055 99.999 16.853 16.421 99.999 99.999 99.999  0.103 99.999 99.999 99.999 99.999  99.999  99.999  99.999  99.999  0.007  0.007  0.010  0.016  0.016  0.026    7    5 99.999 99.999   99  14.278316721 -10.913891905  2 10 50.63 2013  6  6 2456449.59086381    60    R                   Phoebe_02.11.26_0030.fits                          Phoebe                2048  2048
   0.047  -0.035 1052.43  895.53 0.948   1024.69    176.84 24.407 23.962 99.999 16.881 16.436 99.999 99.999 99.999  0.101 99.999 99.999 99.999 99.999  99.999  99.999  99.999  99.999  0.004  0.004  0.013  0.015  0.021  0.023    7    5 99.999 99.999   99  14.278314164 -10.913879841  2 11 56.37 2013  6  6 2456449.59162465    60    R                   Phoebe_02.12.32_0031.fits                          Phoebe                2048  2048
   0.036  -0.038 1053.64  894.97 0.952    959.78    184.44 24.250 23.794 99.999 16.795 16.339 99.999 99.999 99.999  0.089 99.999 99.999 99.999 99.999  99.999  99.999  99.999  99.999  0.006  0.006  0.011  0.017  0.018  0.026    7    5 99.999 99.999   99  14.278308309 -10.913856628  2 14  7.78 2013  6  6 2456449.59314563    60    R                   Phoebe_02.14.43_0033.fits                          Phoebe                2048  2048
   0.038  -0.038 1052.99  896.03 1.151    759.72    136.12 24.100 23.743 99.999 16.898 16.541 99.999 99.999 99.999  0.097 99.999 99.999 99.999 99.999  99.999  99.999  99.999  99.999  0.007  0.007  0.011  0.016  0.017  0.024    7    5 99.999 99.999   99  14.278305553 -10.913844832  2 15 13.50 2013  6  6 2456449.59390628    60    R                   Phoebe_02.15.49_0034.fits                          Phoebe                2048  2048
   0.038  -0.043 1054.90  895.36 0.927   1030.65    183.19 24.409 24.010 99.999 16.877 16.477 99.999 99.999 99.999  0.098 99.999 99.999 99.999 99.999  99.999  99.999  99.999  99.999  0.007  0.007  0.009  0.015  0.013  0.024    7    5 99.999 99.999   99  14.278299932 -10.913822130  2 17 24.87 2013  6  6 2456449.59542670    60    R                   Phoebe_02.18.00_0036.fits                          Phoebe                2048  2048
   0.038  -0.041 1055.46  894.64 1.006    974.30    158.63 24.281 23.753 99.999 16.809 16.281 99.999 99.999 99.999  0.097 99.999 99.999 99.999 99.999  99.999  99.999  99.999  99.999  0.007  0.007  0.010  0.018  0.016  0.028    7    5 99.999 99.999   99  14.278297126 -10.913809737  2 18 30.56 2013  6  6 2456449.59618701    60    R                   Phoebe_02.19.06_0037.fits                          Phoebe                2048  2048
   0.046  -0.032 1056.87  893.90 1.095    765.57    158.61 24.060 23.761 99.999 16.850 16.551 99.999 99.999 99.999  0.093 99.999 99.999 99.999 99.999  99.999  99.999  99.999  99.999  0.006  0.006  0.013  0.017  0.020  0.026    7    5 99.999 99.999   99  14.278291665 -10.913783355  2 20 41.92 2013  6  6 2456449.59770743    60    R                   Phoebe_02.21.17_0039.fits                          Phoebe                2048  2048
   0.046  -0.038 1059.90  894.37 1.067    841.19    150.65 24.201 23.800 99.999 16.889 16.487 99.999 99.999 99.999  0.102 99.999 99.999 99.999 99.999  99.999  99.999  99.999  99.999  0.004  0.004  0.008  0.015  0.013  0.024    7    5 99.999 99.999   99  14.278288865 -10.913773146  2 21 47.61 2013  6  6 2456449.59846773    60    R                   Phoebe_02.22.23_0040.fits                          Phoebe                2048  2048
   0.038  -0.036 1064.36  893.95 1.132    672.04    152.32 23.925 23.611 99.999 16.857 16.543 99.999 99.999 99.999  0.094 99.999 99.999 99.999 99.999  99.999  99.999  99.999  99.999  0.004  0.004  0.010  0.018  0.015  0.028    7    5 99.999 99.999   99  14.278283087 -10.913748740  2 23 59.10 2013  6  6 2456449.59998959    60    R                   Phoebe_02.24.35_0042.fits                          Phoebe                2048  2048
   0.048  -0.043 1061.58  893.38 1.170    719.85    137.50 24.043 23.596 99.999 16.900 16.453 99.999 99.999 99.999  0.102 99.999 99.999 99.999 99.999  99.999  99.999  99.999  99.999  0.005  0.005  0.010  0.017  0.016  0.026    7    5 99.999 99.999   99  14.278280469 -10.913738478  2 25  4.82 2013  6  6 2456449.60075027    60    R                   Phoebe_02.25.40_0043.fits                          Phoebe                2048  2048
   0.035  -0.041 1062.43  893.09 1.216    640.38    141.36 23.871 23.576 99.999 16.855 16.560 99.999 99.999 99.999  0.098 99.999 99.999 99.999 99.999  99.999  99.999  99.999  99.999  0.004  0.004  0.008  0.013  0.013  0.021    7    5 99.999 99.999   99  14.278277403 -10.913726174  2 26 10.56 2013  6  6 2456449.60151111    60    R                   Phoebe_02.26.46_0044.fits                          Phoebe                2048  2048
   0.040  -0.037 1063.44  892.01 1.167    791.97    138.04 24.053 23.766 99.999 16.806 16.519 99.999 99.999 99.999  0.104 99.999 99.999 99.999 99.999  99.999  99.999  99.999  99.999  0.012  0.012  0.013  0.017  0.021  0.026    7    5 99.999 99.999   99  14.278271889 -10.913701005  2 28 22.05 2013  6  6 2456449.60303297    60    R                   Phoebe_02.28.57_0046.fits                          Phoebe                2048  2048
   0.035  -0.034 1066.14  892.66 0.868   1232.23    191.86 24.624 24.236 99.999 16.897 16.510 99.999 99.999 99.999  0.094 99.999 99.999 99.999 99.999  99.999  99.999  99.999  99.999  0.004  0.004  0.009  0.015  0.014  0.023    7    5 99.999 99.999   99  14.278268985 -10.913688418  2 29 27.77 2013  6  6 2456449.60379363    60    R                   Phoebe_02.30.03_0047.fits                          Phoebe                2048  2048
   0.045  -0.041 1064.99  891.95 1.096    983.10    117.20 24.325 23.888 99.999 16.844 16.406 99.999 99.999 99.999  0.104 99.999 99.999 99.999 99.999  99.999  99.999  99.999  99.999  0.011  0.011  0.010  0.014  0.016  0.022    7    5 99.999 99.999   99  14.278266368 -10.913678170  2 30 33.52 2013  6  6 2456449.60455466    60    R                   Phoebe_02.31.09_0048.fits                          Phoebe                2048  2048
   0.041  -0.044 1069.12  891.51 0.914   1138.14    177.36 24.562 24.272 99.999 16.921 16.631 99.999 99.999 99.999  0.101 99.999 99.999 99.999 99.999  99.999  99.999  99.999  99.999  0.006  0.006  0.013  0.017  0.020  0.027    7    5 99.999 99.999   99  14.278263492 -10.913666994  2 31 39.24 2013  6  6 2456449.60531532    60    R                   Phoebe_02.32.15_0049.fits                          Phoebe                2048  2048
   0.038  -0.040 1067.91  891.84 1.008    859.52    164.44 24.182 23.763 99.999 16.847 16.427 99.999 99.999 99.999  0.096 99.999 99.999 99.999 99.999  99.999  99.999  99.999  99.999  0.003  0.003  0.010  0.014  0.015  0.023    7    5 99.999 99.999   99  14.278260631 -10.913653792  2 32 44.93 2013  6  6 2456449.60607562    60    R                   Phoebe_02.33.20_0050.fits                          Phoebe                2048  2048
  -0.088  -0.182 1507.54  421.32 1.221    562.33    128.20 23.759 23.005 99.999 16.884 16.130 99.999 99.999 99.999  0.136 99.999 99.999 99.999 99.999  99.999  99.999  99.999  99.999  0.010  0.010  0.000  0.000  0.000  0.000    3    3 99.999 99.999   99  14.271585029 -10.885008865  0  3 37.42 2013  6  8 2456451.50251648    50    R                   Phoebe_00.04.08_0002.fits                          Phoebe                2048  2048
  -0.094  -0.177 1508.33  421.40 1.170    581.96    132.05 23.731 22.829 99.999 16.818 15.916 99.999 99.999 99.999  0.162 99.999 99.999 99.999 99.999  99.999  99.999  99.999  99.999  0.007  0.007  0.000  0.000  0.000  0.000    3    3 99.999 99.999   99  14.271582653 -10.884998016  0  4 33.19 2013  6  8 2456451.50316194    50    R                   Phoebe_00.05.04_0003.fits                          Phoebe                2048  2048
  -0.092  -0.179 1508.15  420.44 1.148    621.44    136.13 23.837 23.107 99.999 16.853 16.123 99.999 99.999 99.999  0.152 99.999 99.999 99.999 99.999  99.999  99.999  99.999  99.999  0.007  0.007  0.000  0.000  0.000  0.000    3    3 99.999 99.999   99  14.271580371 -10.884989134  0  5 28.96 2013  6  8 2456451.50380741    50    R                   Phoebe_00.05.59_0004.fits                          Phoebe                2048  2048
  -0.087  -0.173 1511.61  420.25 1.219    569.87    127.58 23.713 23.085 99.999 16.824 16.195 99.999 99.999 99.999  0.173 99.999 99.999 99.999 99.999  99.999  99.999  99.999  99.999  0.010  0.010  0.000  0.000  0.000  0.000    3    3 99.999 99.999   99  14.271578198 -10.884977842  0  6 24.70 2013  6  8 2456451.50445250    50    R                   Phoebe_00.06.55_0005.fits                          Phoebe                2048  2048
  -0.096  -0.178 1513.70  421.01 1.133    641.21    131.68 23.854 22.967 99.999 16.836 15.949 99.999 99.999 99.999  0.130 99.999 99.999 99.999 99.999  99.999  99.999  99.999  99.999  0.009  0.009  0.000  0.000  0.000  0.000    3    3 99.999 99.999   99  14.271573439 -10.884960273  0  8 16.17 2013  6  8 2456451.50574270    50    R                   Phoebe_00.08.47_0007.fits                          Phoebe                2048  2048
  -0.090  -0.183 1508.75  419.62 1.103    699.20    132.89 23.989 23.190 99.999 16.878 16.078 99.999 99.999 99.999  0.153 99.999 99.999 99.999 99.999  99.999  99.999  99.999  99.999  0.006  0.006  0.000  0.000  0.000  0.000    3    3 99.999 99.999   99  14.271571252 -10.884952142  0  9 11.95 2013  6  8 2456451.50638834    50    R                   Phoebe_00.09.42_0008.fits                          Phoebe                2048  2048
  -0.086  -0.175 1509.30  419.75 1.207    607.32    121.78 23.825 22.915 99.999 16.867 15.957 99.999 99.999 99.999  0.122 99.999 99.999 99.999 99.999  99.999  99.999  99.999  99.999  0.010  0.010  0.000  0.000  0.000  0.000    3    3 99.999 99.999   99  14.271566732 -10.884930987  0 11  3.43 2013  6  8 2456451.50767854    50    R                   Phoebe_00.11.34_0010.fits                          Phoebe                2048  2048
  -0.086  -0.179 1515.15  420.40 1.156    591.08    137.84 23.807 23.075 99.999 16.878 16.146 99.999 99.999 99.999  0.120 99.999 99.999 99.999 99.999  99.999  99.999  99.999  99.999  0.008  0.008  0.000  0.000  0.000  0.000    3    3 99.999 99.999   99  14.271564463 -10.884922746  0 11 59.16 2013  6  8 2456451.50832363    50    R                   Phoebe_00.12.30_0011.fits                          Phoebe                2048  2048
  -0.094  -0.178 1510.81  418.68 1.031    649.32    159.50 23.874 23.213 99.999 16.842 16.181 99.999 99.999 99.999  0.120 99.999 99.999 99.999 99.999  99.999  99.999  99.999  99.999  0.007  0.007  0.000  0.000  0.000  0.000    3    3 99.999 99.999   99  14.271561999 -10.884913064  0 12 54.84 2013  6  8 2456451.50896801    50    R                   Phoebe_00.13.25_0012.fits                          Phoebe                2048  2048
  -0.090  -0.179 1516.66  419.92 1.277    530.73    120.26 23.671 22.980 99.999 16.859 16.167 99.999 99.999 99.999  0.133 99.999 99.999 99.999 99.999  99.999  99.999  99.999  99.999  0.010  0.010  0.000  0.000  0.000  0.000    3    3 99.999 99.999   99  14.271559805 -10.884903751  0 13 50.57 2013  6  8 2456451.50961311    50    R                   Phoebe_00.14.21_0013.fits                          Phoebe                2048  2048
  -0.101  -0.176 1517.32  419.01 1.118    538.12    149.33 23.676 22.863 99.999 16.848 16.036 99.999 99.999 99.999  0.121 99.999 99.999 99.999 99.999  99.999  99.999  99.999  99.999  0.007  0.007  0.000  0.000  0.000  0.000    3    3 99.999 99.999   99  14.271555006 -10.884884248  0 15 42.02 2013  6  8 2456451.51090295    50    R                   Phoebe_00.16.12_0015.fits                          Phoebe                2048  2048
  -0.100  -0.172 1516.56  419.41 1.440    390.38    116.70 23.266 22.576 99.999 16.788 16.098 99.999 99.999 99.999  0.151 99.999 99.999 99.999 99.999  99.999  99.999  99.999  99.999  0.011  0.011  0.000  0.000  0.000  0.000    3    3 99.999 99.999   99  14.271552718 -10.884873444  0 16 37.78 2013  6  8 2456451.51154841    50    R                   Phoebe_00.17.08_0016.fits                          Phoebe                2048  2048
  -0.081  -0.181 1517.18  418.95 1.194    584.20    127.08 23.778 22.780 99.999 16.862 15.864 99.999 99.999 99.999  0.108 99.999 99.999 99.999 99.999  99.999  99.999  99.999  99.999  0.008  0.008  0.000  0.000  0.000  0.000    3    3 99.999 99.999   99  14.271550799 -10.884866507  0 17 33.52 2013  6  8 2456451.51219351    50    R                   Phoebe_00.18.04_0017.fits                          Phoebe                2048  2048
  -0.092  -0.177 1518.17  418.95 1.143    571.76    149.04 23.705 22.591 99.999 16.812 15.698 99.999 99.999 99.999  0.133 99.999 99.999 99.999 99.999  99.999  99.999  99.999  99.999  0.012  0.012  0.000  0.000  0.000  0.000    3    3 99.999 99.999   99  14.271548301 -10.884855704  0 18 29.29 2013  6  8 2456451.51283897    50    R                   Phoebe_00.19.00_0018.fits                          Phoebe                2048  2048
  -0.095  -0.180 1518.38  418.14 1.139    681.22    122.99 23.984 23.047 99.999 16.900 15.964 99.999 99.999 99.999  0.126 99.999 99.999 99.999 99.999  99.999  99.999  99.999  99.999  0.010  0.010  0.000  0.000  0.000  0.000    3    3 99.999 99.999   99  14.271545956 -10.884847262  0 19 25.04 2013  6  8 2456451.51348426    50    R                   Phoebe_00.19.55_0019.fits                          Phoebe                2048  2048
  -0.084  -0.182 1522.21  418.28 1.073    663.36    153.16 23.849 23.148 99.999 16.794 16.093 99.999 99.999 99.999  0.128 99.999 99.999 99.999 99.999  99.999  99.999  99.999  99.999  0.018  0.018  0.000  0.000  0.000  0.000    3    3 99.999 99.999   99  14.271543851 -10.884838251  0 20 20.93 2013  6  8 2456451.51413117    50    R                   Phoebe_00.20.51_0020.fits                          Phoebe                2048  2048
  -0.086  -0.177 1517.16  418.80 0.978    703.75    171.66 23.981 23.000 99.999 16.862 15.881 99.999 99.999 99.999  0.129 99.999 99.999 99.999 99.999  99.999  99.999  99.999  99.999  0.012  0.012  0.000  0.000  0.000  0.000    3    3 99.999 99.999   99  14.271541537 -10.884827371  0 21 16.67 2013  6  8 2456451.51477626    50    R                   Phoebe_00.21.47_0021.fits                          Phoebe                2048  2048
  -0.090  -0.171 1524.34  418.11 1.308    531.55    112.45 23.696 22.964 99.999 16.882 16.150 99.999 99.999 99.999  0.129 99.999 99.999 99.999 99.999  99.999  99.999  99.999  99.999  0.010  0.010  0.000  0.000  0.000  0.000    3    3 99.999 99.999   99  14.271534582 -10.884797632  0 24  3.85 2013  6  8 2456451.51671120    50    R                   Phoebe_00.24.34_0024.fits                          Phoebe                2048  2048
  -0.089  -0.179 1520.54  417.87 1.298    472.38    123.44 23.519 22.671 99.999 16.833 15.986 99.999 99.999 99.999  0.117 99.999 99.999 99.999 99.999  99.999  99.999  99.999  99.999  0.006  0.006  0.000  0.000  0.000  0.000    3    3 99.999 99.999   99  14.271532329 -10.884790066  0 24 59.52 2013  6  8 2456451.51735558    50    R                   Phoebe_00.25.30_0025.fits                          Phoebe                2048  2048
  -0.100  -0.173 1522.05  416.74 1.053    452.18    137.81 23.471 22.566 99.999 16.832 15.928 99.999 99.999 99.999  0.104 99.999 99.999 99.999 99.999  99.999  99.999  99.999  99.999  0.007  0.007  0.000  0.000  0.000  0.000    3    3 99.999 99.999   99  14.271527537 -10.884769336  0 26 50.90 2013  6  8 2456451.51864470    50    R                   Phoebe_00.27.21_0027.fits                          Phoebe                2048  2048
  -0.088  -0.180 1526.55  416.96 1.194    579.60    130.05 23.802 23.011 99.999 16.895 16.104 99.999 99.999 99.999  0.141 99.999 99.999 99.999 99.999  99.999  99.999  99.999  99.999  0.010  0.010  0.000  0.000  0.000  0.000    3    3 99.999 99.999   99  14.271525472 -10.884761945  0 27 46.61 2013  6  8 2456451.51928943    50    R                   Phoebe_00.28.17_0028.fits                          Phoebe                2048  2048
  -0.101  -0.177 1527.57  417.67 1.066    644.51    156.89 23.909 23.017 99.999 16.886 15.994 99.999 99.999 99.999  0.145 99.999 99.999 99.999 99.999  99.999  99.999  99.999  99.999  0.010  0.010  0.000  0.000  0.000  0.000    3    3 99.999 99.999   99  14.271520646 -10.884742237  0 29 38.02 2013  6  8 2456451.52057891    50    R                   Phoebe_00.30.08_0030.fits                          Phoebe                2048  2048
  -0.101  -0.185 1527.65  417.25 1.233    523.45    137.28 23.599 22.854 99.999 16.802 16.057 99.999 99.999 99.999  0.144 99.999 99.999 99.999 99.999  99.999  99.999  99.999  99.999  0.007  0.007  0.000  0.000  0.000  0.000    3    3 99.999 99.999   99  14.271518347 -10.884734895  0 30 33.74 2013  6  8 2456451.52122383    50    R                   Phoebe_00.31.04_0031.fits                          Phoebe                2048  2048
  -0.103  -0.179 1529.22  417.04 1.150    641.42    131.51 23.879 23.053 99.999 16.861 16.035 99.999 99.999 99.999  0.129 99.999 99.999 99.999 99.999  99.999  99.999  99.999  99.999  0.015  0.015  0.000  0.000  0.000  0.000    3    3 99.999 99.999   99  14.271516039 -10.884724000  0 31 29.48 2013  6  8 2456451.52186894    50    R                   Phoebe_00.32.00_0032.fits                          Phoebe                2048  2048
  -0.100  -0.178 1530.99  416.21 1.038    684.79    153.90 23.913 23.137 99.999 16.824 16.049 99.999 99.999 99.999  0.130 99.999 99.999 99.999 99.999  99.999  99.999  99.999  99.999  0.006  0.006  0.000  0.000  0.000  0.000    3    3 99.999 99.999   99  14.271513779 -10.884714262  0 32 25.21 2013  6  8 2456451.52251403    50    R                   Phoebe_00.32.56_0033.fits                          Phoebe                2048  2048
  -0.092  -0.183 1529.03  416.99 1.296    535.73    122.29 23.746 23.072 99.999 16.924 16.249 99.999 99.999 99.999  0.130 99.999 99.999 99.999 99.999  99.999  99.999  99.999  99.999  0.019  0.019  0.000  0.000  0.000  0.000    3    3 99.999 99.999   99  14.271511663 -10.884705969  0 33 20.95 2013  6  8 2456451.52315913    50    R                   Phoebe_00.33.51_0034.fits                          Phoebe                2048  2048
  -0.099  -0.177 1536.31  416.48 1.042    766.44    139.19 24.094 23.101 99.999 16.882 15.890 99.999 99.999 99.999  0.126 99.999 99.999 99.999 99.999  99.999  99.999  99.999  99.999  0.012  0.012  0.000  0.000  0.000  0.000    3    3 99.999 99.999   99  14.271509245 -10.884694631  0 34 16.69 2013  6  8 2456451.52380424    50    R                   Phoebe_00.34.47_0035.fits                          Phoebe                2048  2048
  -0.082  -0.185 1533.30  415.97 1.008    827.78    136.72 24.119 23.104 99.999 16.824 15.809 99.999 99.999 99.999  0.127 99.999 99.999 99.999 99.999  99.999  99.999  99.999  99.999  0.009  0.009  0.000  0.000  0.000  0.000    3    3 99.999 99.999   99  14.271507253 -10.884687547  0 35 12.42 2013  6  8 2456451.52444933    50    R                   Phoebe_00.35.43_0036.fits                          Phoebe                2048  2048
  -0.101  -0.178 1535.44  415.95 1.063    754.15    130.26 24.061 23.303 99.999 16.867 16.110 99.999 99.999 99.999  0.150 99.999 99.999 99.999 99.999  99.999  99.999  99.999  99.999  0.009  0.009  0.000  0.000  0.000  0.000    3    3 99.999 99.999   99  14.271504626 -10.884676014  0 36  8.24 2013  6  8 2456451.52509534    50    R                   Phoebe_00.36.39_0037.fits                          Phoebe                2048  2048
  -0.086  -0.180 1530.04  415.69 0.990    691.32    165.85 23.981 23.230 99.999 16.882 16.131 99.999 99.999 99.999  0.119 99.999 99.999 99.999 99.999  99.999  99.999  99.999  99.999  0.010  0.010  0.000  0.000  0.000  0.000    3    3 99.999 99.999   99  14.271502604 -10.884667343  0 37  3.99 2013  6  8 2456451.52574061    50    R                   Phoebe_00.37.34_0038.fits                          Phoebe                2048  2048
  -0.096  -0.171 1535.42  416.79 1.242    561.03    119.25 23.757 22.810 99.999 16.884 15.937 99.999 99.999 99.999  0.141 99.999 99.999 99.999 99.999  99.999  99.999  99.999  99.999  0.009  0.009  0.000  0.000  0.000  0.000    3    3 99.999 99.999   99  14.271500128 -10.884655337  0 37 59.73 2013  6  8 2456451.52638572    50    R                   Phoebe_00.38.30_0039.fits                          Phoebe                2048  2048
  -0.091  -0.178 1531.79  415.68 1.185    638.38    116.94 23.889 22.992 99.999 16.877 15.979 99.999 99.999 99.999  0.144 99.999 99.999 99.999 99.999  99.999  99.999  99.999  99.999  0.011  0.011  0.000  0.000  0.000  0.000    3    3 99.999 99.999   99  14.271497932 -10.884647582  0 38 55.46 2013  6  8 2456451.52703082    50    R                   Phoebe_00.39.26_0040.fits                          Phoebe                2048  2048
   0.138   0.178 1417.06  557.24 0.971    984.70    142.04 24.118 23.316 99.999 16.635 15.833 99.999 99.999 99.999  0.218 99.999 99.999 99.999 99.999  99.999  99.999  99.999  99.999  0.009  0.009  0.030  0.102  0.039  0.133    5    4 99.999 99.999   99  14.268110375 -10.870162422  0 34 21.02 2013  6  9 2456452.52385439    50    R                   Phoebe_00.34.51_0001.fits                          Phoebe                2048  2048
   0.144   0.169 1417.30  557.90 0.935    969.88    172.17 24.098 23.353 99.999 16.631 15.886 99.999 99.999 99.999  0.200 99.999 99.999 99.999 99.999  99.999  99.999  99.999  99.999  0.012  0.012  0.027  0.055  0.035  0.072    5    4 99.999 99.999   99  14.268108240 -10.870155919  0 35 17.02 2013  6  9 2456452.52450256    50    R                   Phoebe_00.35.47_0002.fits                          Phoebe                2048  2048
   0.139   0.170 1417.92  556.71 0.925   1051.37    152.54 24.196 23.373 99.999 16.642 15.819 99.999 99.999 99.999  0.199 99.999 99.999 99.999 99.999  99.999  99.999  99.999  99.999  0.007  0.007  0.042  0.053  0.054  0.069    5    4 99.999 99.999   99  14.268105922 -10.870146397  0 36 12.88 2013  6  9 2456452.52514910    50    R                   Phoebe_00.36.43_0003.fits                          Phoebe                2048  2048
   0.140   0.170 1419.01  556.87 0.874   1104.31    171.07 24.257 23.408 99.999 16.650 15.800 99.999 99.999 99.999  0.193 99.999 99.999 99.999 99.999  99.999  99.999  99.999  99.999  0.008  0.008  0.040  0.065  0.051  0.085    5    4 99.999 99.999   99  14.268101470 -10.870128109  0 38  4.34 2013  6  9 2456452.52643911    50    R                   Phoebe_00.38.35_0005.fits                          Phoebe                2048  2048
   0.141   0.161 1419.42  556.71 1.065    769.42    143.13 23.893 22.960 99.999 16.678 15.744 99.999 99.999 99.999  0.201 99.999 99.999 99.999 99.999  99.999  99.999  99.999  99.999  0.013  0.013  0.044  0.054  0.057  0.069    5    4 99.999 99.999   99  14.268099235 -10.870121317  0 39  0.06 2013  6  9 2456452.52708402    50    R                   Phoebe_00.39.31_0006.fits                          Phoebe                2048  2048
   0.138   0.169 1422.84  557.03 0.971    847.16    167.70 23.998 22.995 99.999 16.678 15.675 99.999 99.999 99.999  0.203 99.999 99.999 99.999 99.999  99.999  99.999  99.999  99.999  0.008  0.008  0.040  0.048  0.051  0.062    5    4 99.999 99.999   99  14.268096962 -10.870109898  0 39 55.80 2013  6  9 2456452.52772912    50    R                   Phoebe_00.40.26_0007.fits                          Phoebe                2048  2048
   0.140   0.176 1421.66  556.61 0.946    903.31    160.39 24.072 23.226 99.999 16.682 15.837 99.999 99.999 99.999  0.193 99.999 99.999 99.999 99.999  99.999  99.999  99.999  99.999  0.007  0.007  0.036  0.053  0.046  0.069    5    4 99.999 99.999   99  14.268094757 -10.870098903  0 40 51.52 2013  6  9 2456452.52837404    50    R                   Phoebe_00.41.22_0008.fits                          Phoebe                2048  2048
   0.129   0.162 1424.01  557.04 1.061    607.93    164.40 23.666 22.644 99.999 16.707 15.685 99.999 99.999 99.999  0.220 99.999 99.999 99.999 99.999  99.999  99.999  99.999  99.999  0.005  0.005  0.035  0.041  0.046  0.053    5    4 99.999 99.999   99  14.268092328 -10.870093523  0 41 47.24 2013  6  9 2456452.52901895    50    R                   Phoebe_00.42.18_0009.fits                          Phoebe                2048  2048
   0.137   0.181 1423.56  556.86 0.928    795.86    188.86 23.921 23.024 99.999 16.669 15.772 99.999 99.999 99.999  0.208 99.999 99.999 99.999 99.999  99.999  99.999  99.999  99.999  0.008  0.008  0.027  0.056  0.035  0.073    5    4 99.999 99.999   99  14.268090216 -10.870078836  0 42 43.07 2013  6  9 2456452.52966513    50    R                   Phoebe_00.43.14_0010.fits                          Phoebe                2048  2048
   0.136   0.168 1424.58  555.50 1.224    535.20    138.52 23.535 22.667 99.999 16.714 15.846 99.999 99.999 99.999  0.218 99.999 99.999 99.999 99.999  99.999  99.999  99.999  99.999  0.001  0.001  0.034  0.045  0.044  0.059    5    4 99.999 99.999   99  14.268087989 -10.870073390  0 43 38.80 2013  6  9 2456452.53031023    50    R                   Phoebe_00.44.09_0011.fits                          Phoebe                2048  2048
   0.140   0.163 1424.86  556.05 1.010    781.61    156.47 23.890 23.066 99.999 16.657 15.833 99.999 99.999 99.999  0.209 99.999 99.999 99.999 99.999  99.999  99.999  99.999  99.999  0.005  0.005  0.035  0.054  0.045  0.069    5    4 99.999 99.999   99  14.268085808 -10.870065656  0 44 34.52 2013  6  9 2456452.53095515    50    R                   Phoebe_00.45.05_0012.fits                          Phoebe                2048  2048
   0.145   0.169 1427.21  555.23 1.256    587.30    120.45 23.591 22.810 99.999 16.668 15.888 99.999 99.999 99.999  0.209 99.999 99.999 99.999 99.999  99.999  99.999  99.999  99.999  0.008  0.008  0.031  0.046  0.039  0.059    5    4 99.999 99.999   99  14.268081449 -10.870045605  0 46 25.87 2013  6  9 2456452.53224389    50    R                   Phoebe_00.46.56_0014.fits                          Phoebe                2048  2048
   0.140   0.180 1428.10  555.50 1.026    713.73    159.67 23.788 22.927 99.999 16.654 15.794 99.999 99.999 99.999  0.201 99.999 99.999 99.999 99.999  99.999  99.999  99.999  99.999  0.007  0.007  0.034  0.068  0.043  0.087    5    4 99.999 99.999   99  14.268079113 -10.870033341  0 47 21.61 2013  6  9 2456452.53288899    50    R                   Phoebe_00.47.52_0015.fits                          Phoebe                2048  2048
   0.145   0.162 1427.61  555.70 1.256    556.10    127.62 23.528 22.730 99.999 16.665 15.867 99.999 99.999 99.999  0.226 99.999 99.999 99.999 99.999  99.999  99.999  99.999  99.999  0.008  0.008  0.069  0.047  0.089  0.061    5    4 99.999 99.999   99  14.268076989 -10.870029036  0 48 17.30 2013  6  9 2456452.53353354    50    R                   Phoebe_00.48.48_0016.fits                          Phoebe                2048  2048
   0.139   0.167 1428.29  555.99 1.315    568.53    113.89 23.536 22.847 99.999 16.649 15.961 99.999 99.999 99.999  0.213 99.999 99.999 99.999 99.999  99.999  99.999  99.999  99.999  0.005  0.005  0.036  0.047  0.046  0.061    5    4 99.999 99.999   99  14.268074630 -10.870018554  0 49 13.11 2013  6  9 2456452.53417955    50    R                   Phoebe_00.49.44_0017.fits                          Phoebe                2048  2048
   0.147   0.178 1429.22  555.05 1.153    676.32    131.57 23.723 22.657 99.999 16.648 15.582 99.999 99.999 99.999  0.205 99.999 99.999 99.999 99.999  99.999  99.999  99.999  99.999  0.008  0.008  0.042  0.044  0.054  0.056    5    4 99.999 99.999   99  14.268070305 -10.869997217  0 51  4.90 2013  6  9 2456452.53547336    50    R                   Phoebe_00.51.35_0019.fits                          Phoebe                2048  2048
   0.149   0.173 1431.90  553.90 1.078    739.08    144.53 23.867 23.052 99.999 16.695 15.880 99.999 99.999 99.999  0.201 99.999 99.999 99.999 99.999  99.999  99.999  99.999  99.999  0.006  0.006  0.039  0.046  0.049  0.059    5    4 99.999 99.999   99  14.268068106 -10.869989482  0 52  0.57 2013  6  9 2456452.53611773    50    R                   Phoebe_00.52.31_0020.fits                          Phoebe                2048  2048
   0.147   0.161 1431.40  555.97 1.121    590.18    150.03 23.608 22.900 99.999 16.681 15.972 99.999 99.999 99.999  0.204 99.999 99.999 99.999 99.999  99.999  99.999  99.999  99.999  0.007  0.007  0.034  0.043  0.043  0.055    5    4 99.999 99.999   99  14.268065833 -10.869983659  0 52 56.25 2013  6  9 2456452.53676211    50    R                   Phoebe_00.53.27_0021.fits                          Phoebe                2048  2048
   0.134   0.172 1433.01  554.57 1.174    606.78    138.32 23.642 22.902 99.999 16.685 15.944 99.999 99.999 99.999  0.208 99.999 99.999 99.999 99.999  99.999  99.999  99.999  99.999  0.006  0.006  0.031  0.052  0.039  0.066    5    4 99.999 99.999   99  14.268063367 -10.869971453  0 53 51.92 2013  6  9 2456452.53740648    50    R                   Phoebe_00.54.22_0022.fits                          Phoebe                2048  2048
   0.133   0.174 1433.65  555.53 1.200    569.40    131.06 23.576 22.840 99.999 16.687 15.952 99.999 99.999 99.999  0.206 99.999 99.999 99.999 99.999  99.999  99.999  99.999  99.999  0.005  0.005  0.026  0.051  0.033  0.066    5    4 99.999 99.999   99  14.268061112 -10.869961659  0 54 47.63 2013  6  9 2456452.53805122    50    R                   Phoebe_00.55.18_0023.fits                          Phoebe                2048  2048
   0.134   0.162 1434.57  554.85 1.169    584.90    135.02 23.595 22.790 99.999 16.678 15.872 99.999 99.999 99.999  0.208 99.999 99.999 99.999 99.999  99.999  99.999  99.999  99.999  0.005  0.005  0.031  0.044  0.040  0.056    5    4 99.999 99.999   99  14.268058880 -10.869955733  0 55 43.35 2013  6  9 2456452.53869613    50    R                   Phoebe_00.56.14_0024.fits                          Phoebe                2048  2048
   0.135   0.169 1434.04  554.40 1.277    520.18    121.13 23.485 22.629 99.999 16.695 15.838 99.999 99.999 99.999  0.219 99.999 99.999 99.999 99.999  99.999  99.999  99.999  99.999  0.005  0.005  0.022  0.045  0.028  0.058    5    4 99.999 99.999   99  14.268056676 -10.869944328  0 56 39.07 2013  6  9 2456452.53934105    50    R                   Phoebe_00.57.10_0025.fits                          Phoebe                2048  2048
   0.149   0.176 1433.62  553.76 1.318    535.40    112.91 23.491 22.540 99.999 16.669 15.718 99.999 99.999 99.999  0.205 99.999 99.999 99.999 99.999  99.999  99.999  99.999  99.999  0.006  0.006  0.033  0.048  0.042  0.061    5    4 99.999 99.999   99  14.268054691 -10.869933303  0 57 35.04 2013  6  9 2456452.53998887    50    R                   Phoebe_00.58.05_0026.fits                          Phoebe                2048  2048
   0.137   0.173 1435.35  554.20 1.179    579.51    134.43 23.571 22.903 99.999 16.663 15.995 99.999 99.999 99.999  0.225 99.999 99.999 99.999 99.999  99.999  99.999  99.999  99.999  0.004  0.004  0.034  0.053  0.044  0.067    5    4 99.999 99.999   99  14.268052218 -10.869924979  0 58 30.95 2013  6  9 2456452.54063595    50    R                   Phoebe_00.59.01_0027.fits                          Phoebe                2048  2048
   0.131   0.168 1435.90  553.66 1.239    609.26    117.33 23.646 22.933 99.999 16.684 15.970 99.999 99.999 99.999  0.202 99.999 99.999 99.999 99.999  99.999  99.999  99.999  99.999  0.007  0.007  0.038  0.047  0.048  0.060    5    4 99.999 99.999   99  14.268049893 -10.869917146  0 59 26.67 2013  6  9 2456452.54128087    50    R                   Phoebe_00.59.57_0028.fits                          Phoebe                2048  2048
   0.133   0.180 1435.55  553.57 1.184    544.29    137.61 23.487 22.835 99.999 16.648 15.995 99.999 99.999 99.999  0.203 99.999 99.999 99.999 99.999  99.999  99.999  99.999  99.999  0.005  0.005  0.030  0.056  0.038  0.071    5    4 99.999 99.999   99  14.268047699 -10.869904765  1  0 22.39 2013  6  9 2456452.54192578    50    R                   Phoebe_01.00.53_0029.fits                          Phoebe                2048  2048
   0.128   0.177 1437.62  553.22 1.328    500.62    113.08 23.414 22.659 99.999 16.665 15.911 99.999 99.999 99.999  0.211 99.999 99.999 99.999 99.999  99.999  99.999  99.999  99.999  0.005  0.005  0.019  0.071  0.024  0.090    5    4 99.999 99.999   99  14.268045352 -10.869896495  1  1 18.12 2013  6  9 2456452.54257088    50    R                   Phoebe_01.01.49_0030.fits                          Phoebe                2048  2048
  -1.344   1.305 1693.54 1224.29 0.642   1669.86    332.92 23.003 23.003 99.999 14.946 14.946 99.999 99.999 99.999  3.609 99.999 99.999 99.999 99.999  99.999  99.999  99.999  99.999  0.011  0.011  0.000  0.000  0.000  0.000    4    3 99.999 99.999   99  14.264750289 -10.855845206  0 40  4.63 2013  6 10 2456453.52783141    60    R                   Phoebe_00.40.40_0021.fits                          Phoebe                2048  2048
   0.115   0.029 1096.36  870.74 1.021    277.81    498.80 23.603 23.839 99.999 17.494 17.730 99.999 99.999 99.999  0.071 99.999 99.999 99.999 99.999  99.999  99.999  99.999  99.999  0.011  0.011  0.047  0.042  0.082  0.072    6    5 99.999 99.999   99  14.340121015 -11.576832881 21 46 31.68 2013  9  1 2456537.40731108    40    I                   Phoebe_001.fits                                    Phoebe                2048  2048
   0.072   0.060 1082.17  868.71 1.186    369.62    660.56 23.910 24.167 99.999 17.491 17.747 99.999 99.999 99.999  0.079 99.999 99.999 99.999 99.999  99.999  99.999  99.999  99.999  0.003  0.003  0.043  0.032  0.074  0.055    6    5 99.999 99.999   99  14.340137243 -11.576923351 21 51 36.38 2013  9  1 2456537.41083774    60    I                   Phoebe_002.fits                                    Phoebe                2048  2048
   0.118   0.057 1073.93  868.99 1.198    365.84    646.65 23.901 24.307 99.999 17.492 17.899 99.999 99.999 99.999  0.072 99.999 99.999 99.999 99.999  99.999  99.999  99.999  99.999  0.000  0.000  0.025  0.050  0.043  0.086    5    4 99.999 99.999   99  14.340141759 -11.576945179 21 52 41.35 2013  9  1 2456537.41158970    60    I                   Phoebe_003.fits                                    Phoebe                2048  2048
   0.093   0.046 1071.01  868.32 1.326    327.11    639.33 23.792 24.079 99.999 17.505 17.792 99.999 99.999 99.999  0.065 99.999 99.999 99.999 99.999  99.999  99.999  99.999  99.999  0.012  0.012  0.041  0.033  0.071  0.057    6    5 99.999 99.999   99  14.340144925 -11.576969558 21 53 46.30 2013  9  1 2456537.41234148    60    I                   Phoebe_004.fits                                    Phoebe                2048  2048
   0.097   0.044 1063.91  868.39 1.168    399.67    642.44 23.916 24.112 99.999 17.412 17.607 99.999 99.999 99.999  0.075 99.999 99.999 99.999 99.999  99.999  99.999  99.999  99.999  0.010  0.010  0.044  0.033  0.076  0.058    6    5 99.999 99.999   99  14.340148637 -11.576991043 21 54 51.27 2013  9  1 2456537.41309344    60    I                   Phoebe_005.fits                                    Phoebe                2048  2048
   0.111   0.033 1062.42  867.44 1.221    286.85    666.07 23.781 23.926 99.999 17.637 17.782 99.999 99.999 99.999  0.077 99.999 99.999 99.999 99.999  99.999  99.999  99.999  99.999  0.005  0.005  0.046  0.034  0.079  0.058    6    5 99.999 99.999   99  14.340152538 -11.577015394 21 55 56.26 2013  9  1 2456537.41384557    60    I                   Phoebe_006.fits                                    Phoebe                2048  2048
   0.035   0.044 1052.83  867.19 1.337    290.90    633.78 23.657 24.257 99.999 17.498 18.098 99.999 99.999 99.999  0.191 99.999 99.999 99.999 99.999  99.999  99.999  99.999  99.999  0.014  0.014  0.033  0.023  0.076  0.052    6    6 99.999 99.999   99  14.340158380 -11.577054635 21 58  6.18 2013  9  1 2456537.41534929    60    I                   Phoebe_008.fits                                    Phoebe                2048  2048
   0.060   0.021 1044.05  866.52 1.337    327.98    629.30 23.753 24.194 99.999 17.463 17.905 99.999 99.999 99.999  0.122 99.999 99.999 99.999 99.999  99.999  99.999  99.999  99.999  0.005  0.005  0.037  0.020  0.080  0.044    7    6 99.999 99.999   99  14.340166153 -11.577103376 22  0 16.12 2013  9  1 2456537.41685321    60    I                   Phoebe_010.fits                                    Phoebe                2048  2048
   0.059   0.032 1033.94  866.73 1.163    334.27    651.19 23.777 24.111 99.999 17.467 17.801 99.999 99.999 99.999  0.123 99.999 99.999 99.999 99.999  99.999  99.999  99.999  99.999  0.013  0.013  0.044  0.021  0.101  0.048    7    7 99.999 99.999   99  14.340173421 -11.577142430 22  2 26.05 2013  9  1 2456537.41835712    60    I                   Phoebe_012.fits                                    Phoebe                2048  2048
   0.039   0.050 1030.90  866.56 1.041    412.71    664.98 24.021 24.436 99.999 17.482 17.897 99.999 99.999 99.999  0.139 99.999 99.999 99.999 99.999  99.999  99.999  99.999  99.999  0.003  0.003  0.043  0.016  0.098  0.036    7    7 99.999 99.999   99  14.340176677 -11.577158723 22  3 31.02 2013  9  1 2456537.41910907    60    I                   Phoebe_013.fits                                    Phoebe                2048  2048
   0.097   0.029 1021.22  866.73 1.169    328.44    652.05 23.783 24.091 99.999 17.492 17.800 99.999 99.999 99.999  0.124 99.999 99.999 99.999 99.999  99.999  99.999  99.999  99.999  0.012  0.012  0.040  0.020  0.086  0.043    7    6 99.999 99.999   99  14.340181423 -11.577185536 22  4 35.98 2013  9  1 2456537.41986084    60    I                   Phoebe_014.fits                                    Phoebe                2048  2048
   0.091   0.019 1017.10  866.59 1.351    339.15    625.64 23.824 24.234 99.999 17.498 17.908 99.999 99.999 99.999  0.140 99.999 99.999 99.999 99.999  99.999  99.999  99.999  99.999  0.011  0.011  0.042  0.023  0.091  0.051    7    6 99.999 99.999   99  14.340184940 -11.577209361 22  5 40.95 2013  9  1 2456537.42061280    60    I                   Phoebe_015.fits                                    Phoebe                2048  2048
   0.077   0.033 1009.96  866.64 1.052    437.51    653.61 24.007 24.356 99.999 17.404 17.753 99.999 99.999 99.999  0.140 99.999 99.999 99.999 99.999  99.999  99.999  99.999  99.999  0.010  0.010  0.040  0.021  0.087  0.046    7    6 99.999 99.999   99  14.340188337 -11.577226639 22  6 45.93 2013  9  1 2456537.42136494    60    I                   Phoebe_016.fits                                    Phoebe                2048  2048
   0.054   0.029 1007.33  866.22 1.337    342.30    628.63 23.820 24.230 99.999 17.484 17.894 99.999 99.999 99.999  0.134 99.999 99.999 99.999 99.999  99.999  99.999  99.999  99.999  0.017  0.017  0.038  0.019  0.082  0.042    7    6 99.999 99.999   99  14.340191541 -11.577248787 22  7 50.88 2013  9  1 2456537.42211671    60    I                   Phoebe_017.fits                                    Phoebe                2048  2048
   0.031   0.050  997.83  866.00 1.034    460.84    655.04 24.033 24.435 99.999 17.374 17.776 99.999 99.999 99.999  0.139 99.999 99.999 99.999 99.999  99.999  99.999  99.999  99.999  0.008  0.008  0.041  0.014  0.094  0.033    7    7 99.999 99.999   99  14.340194756 -11.577264272 22  8 55.87 2013  9  1 2456537.42286885    60    I                   Phoebe_018.fits                                    Phoebe                2048  2048
   0.085   0.026  992.13  866.73 1.231    368.91    641.22 23.921 24.533 99.999 17.503 18.116 99.999 99.999 99.999  0.132 99.999 99.999 99.999 99.999  99.999  99.999  99.999  99.999  0.016  0.016  0.041  0.021  0.089  0.045    7    6 99.999 99.999   99  14.340199407 -11.577292060 22 10  0.82 2013  9  1 2456537.42362062    60    I                   Phoebe_019.fits                                    Phoebe                2048  2048
   0.063   0.041  986.96  866.30 0.966    523.13    656.01 24.137 24.443 99.999 17.341 17.646 99.999 99.999 99.999  0.139 99.999 99.999 99.999 99.999  99.999  99.999  99.999  99.999  0.007  0.007  0.039  0.022  0.085  0.047    7    6 99.999 99.999   99  14.340202656 -11.577308984 22 11  5.79 2013  9  1 2456537.42437258    60    I                   Phoebe_020.fits                                    Phoebe                2048  2048
   0.023   0.020  772.53  943.41 0.725   1084.98    557.71 24.982 24.569 99.999 17.393 16.980 99.999 99.999 99.999  0.403 99.999 99.999 99.999 99.999  99.999  99.999  99.999  99.999  0.007  0.007  0.031  0.030  0.055  0.055    7    7 99.999 99.999   99  15.017588801 -14.721411304 21 42  5.38 2014  7  2 2456841.40422889    40    I                   Phoebe_0001.fits                                   Phoebe                2048  2048
   0.018   0.023  777.14  940.52 0.735   1136.12    552.35 25.040 24.619 99.999 17.402 16.981 99.999 99.999 99.999  0.392 99.999 99.999 99.999 99.999  99.999  99.999  99.999  99.999  0.008  0.008  0.030  0.029  0.055  0.052    7    7 99.999 99.999   99  15.017584844 -14.721404102 21 45  5.73 2014  7  2 2456841.40631631    40    I                   Phoebe_0002.fits                                   Phoebe                2048  2048
   0.025   0.012  773.96  940.48 0.670   1387.53    558.50 25.202 24.870 99.999 17.347 17.015 99.999 99.999 99.999  0.415 99.999 99.999 99.999 99.999  99.999  99.999  99.999  99.999  0.008  0.007  0.030  0.032  0.054  0.057    6    6 99.999 99.999   99  15.017584001 -14.721405947 21 45 50.99 2014  7  2 2456841.40684013    40    I                   Phoebe_0003.fits                                   Phoebe                2048  2048
   0.022   0.016  774.14  938.41 0.649   1204.39    615.44 25.111 24.697 99.999 17.409 16.996 99.999 99.999 99.999  0.393 99.999 99.999 99.999 99.999  99.999  99.999  99.999  99.999  0.009  0.009  0.030  0.029  0.055  0.053    7    7 99.999 99.999   99  15.017581032 -14.721400081 21 48  6.71 2014  7  2 2456841.40841102    40    I                   Phoebe_0006.fits                                   Phoebe                2048  2048
   0.020   0.012  777.80  938.29 0.802    969.98    540.00 24.891 24.442 99.999 17.424 16.975 99.999 99.999 99.999  0.418 99.999 99.999 99.999 99.999  99.999  99.999  99.999  99.999  0.013  0.013  0.028  0.029  0.051  0.053    7    7 99.999 99.999   99  15.017580030 -14.721399578 21 48 51.96 2014  7  2 2456841.40893476    40    I                   Phoebe_0007.fits                                   Phoebe                2048  2048
   0.022   0.015  775.48  937.90 0.676   1182.56    593.40 25.048 24.574 99.999 17.366 16.892 99.999 99.999 99.999  0.402 99.999 99.999 99.999 99.999  99.999  99.999  99.999  99.999  0.008  0.008  0.031  0.029  0.056  0.053    7    7 99.999 99.999   99  15.017579111 -14.721397093 21 49 37.19 2014  7  2 2456841.40945824    40    I                   Phoebe_0008.fits                                   Phoebe                2048  2048
   0.022   0.007  777.18  936.45 0.677   1220.33    579.53 25.005 24.606 99.999 17.288 16.890 99.999 99.999 99.999  0.322 99.999 99.999 99.999 99.999  99.999  99.999  99.999  99.999  0.008  0.008  0.042  0.045  0.058  0.063    6    6 99.999 99.999   99  15.017577164 -14.721396052 21 51  7.68 2014  7  2 2456841.41050554    40    I                   Phoebe_0010.fits                                   Phoebe                2048  2048
   0.026   0.026  772.89  935.39 0.632   1311.43    602.71 25.223 24.729 99.999 17.428 16.935 99.999 99.999 99.999  0.428 99.999 99.999 99.999 99.999  99.999  99.999  99.999  99.999  0.008  0.008  0.019  0.022  0.034  0.039    6    6 99.999 99.999   99  15.017576270 -14.721389415 21 51 52.91 2014  7  2 2456841.41102900    40    I                   Phoebe_0011.fits                                   Phoebe                2048  2048
   0.026   0.011  772.99  935.12 0.767    987.15    556.84 24.883 24.450 99.999 17.397 16.965 99.999 99.999 99.999  0.390 99.999 99.999 99.999 99.999  99.999  99.999  99.999  99.999  0.013  0.013  0.033  0.029  0.059  0.052    7    7 99.999 99.999   99  15.017575302 -14.721391994 21 52 38.16 2014  7  2 2456841.41155278    40    I                   Phoebe_0012.fits                                   Phoebe                2048  2048
   0.019   0.022  769.52  934.12 0.701   1194.46    560.42 25.029 24.561 99.999 17.336 16.868 99.999 99.999 99.999  0.403 99.999 99.999 99.999 99.999  99.999  99.999  99.999  99.999  0.001  0.001  0.032  0.029  0.058  0.052    7    7 99.999 99.999   99  15.017573225 -14.721385888 21 54  8.65 2014  7  2 2456841.41260017    40    I                   Phoebe_0014.fits                                   Phoebe                2048  2048
   0.022   0.007  767.96  933.20 0.799   1027.78    546.91 24.880 24.452 99.999 17.350 16.922 99.999 99.999 99.999  0.381 99.999 99.999 99.999 99.999  99.999  99.999  99.999  99.999  0.006  0.006  0.030  0.030  0.055  0.055    7    7 99.999 99.999   99  15.017571364 -14.721387064 21 55 39.12 2014  7  2 2456841.41364726    40    I                   Phoebe_0016.fits                                   Phoebe                2048  2048
   0.028   0.006  767.54  932.53 0.681   1186.91    611.98 25.035 24.632 99.999 17.349 16.946 99.999 99.999 99.999  0.397 99.999 99.999 99.999 99.999  99.999  99.999  99.999  99.999  0.005  0.005  0.028  0.031  0.051  0.057    7    7 99.999 99.999   99  15.017570512 -14.721385619 21 56 24.38 2014  7  2 2456841.41417101    40    I                   Phoebe_0017.fits                                   Phoebe                2048  2048
   0.027   0.005  767.73  932.69 0.764   1021.10    580.54 24.927 24.460 99.999 17.404 16.937 99.999 99.999 99.999  0.372 99.999 99.999 99.999 99.999  99.999  99.999  99.999  99.999  0.009  0.009  0.028  0.027  0.051  0.050    8    8 99.999 99.999   99  15.017569522 -14.721384397 21 57  9.62 2014  7  2 2456841.41469470    40    I                   Phoebe_0018.fits                                   Phoebe                2048  2048
   0.019   0.019  763.04  931.29 0.693   1140.27    593.08 25.024 24.603 99.999 17.381 16.961 99.999 99.999 99.999  0.378 99.999 99.999 99.999 99.999  99.999  99.999  99.999  99.999  0.007  0.007  0.027  0.028  0.050  0.052    8    8 99.999 99.999   99  15.017568383 -14.721378992 21 57 54.87 2014  7  2 2456841.41521836    40    I                   Phoebe_0019.fits                                   Phoebe                2048  2048
   0.037  -0.002 1025.22 1048.04 0.821    616.05    332.04 23.971 24.039 99.999 16.997 17.065 99.999 99.999 99.999  0.495 99.999 99.999 99.999 99.999  99.999  99.999  99.999  99.999  0.005  0.005  0.012  0.019  0.026  0.041    6    6 99.999 99.999   99  15.015830624 -14.718430774 22 26 53.28 2014  7  3 2456842.43533892    30    I                   Phoebe_0003.fits                                   Phoebe                2048  2048
   0.026  -0.004 1017.80 1047.32 0.803    816.73    295.60 24.227 24.242 99.999 16.947 16.962 99.999 99.999 99.999  0.490 99.999 99.999 99.999 99.999  99.999  99.999  99.999  99.999  0.011  0.011  0.013  0.018  0.027  0.039    7    6 99.999 99.999   99  15.015829722 -14.718430291 22 27 28.58 2014  7  3 2456842.43574744    30    I                   Phoebe_0004.fits                                   Phoebe                2048  2048
   0.027  -0.002 1026.07 1046.74 0.659    901.76    371.30 24.467 24.615 99.999 17.079 17.228 99.999 99.999 99.999  0.525 99.999 99.999 99.999 99.999  99.999  99.999  99.999  99.999  0.012  0.012  0.016  0.039  0.025  0.060    5    5 99.999 99.999   99  15.015828297 -14.718427837 22 28 39.17 2014  7  3 2456842.43656442    30    I                   Phoebe_0006.fits                                   Phoebe                2048  2048
   0.028   0.022 1024.48 1044.64 0.786    788.91    310.18 24.208 24.350 99.999 16.965 17.107 99.999 99.999 99.999  0.555 99.999 99.999 99.999 99.999  99.999  99.999  99.999  99.999  0.011  0.011  0.006  0.021  0.009  0.032    6    5 99.999 99.999   99  15.015826140 -14.718417856 22 30 25.05 2014  7  3 2456842.43778993    30    I                   Phoebe_0009.fits                                   Phoebe                2048  2048
   0.034   0.027 1022.69 1044.35 0.884    599.46    314.44 23.932 24.043 99.999 16.988 17.099 99.999 99.999 99.999  0.582 99.999 99.999 99.999 99.999  99.999  99.999  99.999  99.999  0.023  0.023  0.002  0.024  0.003  0.037    5    5 99.999 99.999   99  15.015825576 -14.718415185 22 31  0.34 2014  7  3 2456842.43819833    30    I                   Phoebe_0010.fits                                   Phoebe                2048  2048
   0.029   0.029 1015.66 1044.22 0.691   1106.42    308.55 24.516 24.553 99.999 16.906 16.943 99.999 99.999 99.999  0.563 99.999 99.999 99.999 99.999  99.999  99.999  99.999  99.999  0.010  0.010  0.005  0.026  0.007  0.040    6    5 99.999 99.999   99  15.015824754 -14.718413708 22 31 35.62 2014  7  3 2456842.43860676    30    I                   Phoebe_0011.fits                                   Phoebe                2048  2048
   0.028   0.017 1020.28 1044.24 0.937    676.22    275.70 24.299 24.434 99.999 17.223 17.359 99.999 99.999 99.999  0.534 99.999 99.999 99.999 99.999  99.999  99.999  99.999  99.999  0.016  0.016  0.006  0.020  0.008  0.028    4    4 99.999 99.999   99  15.015824002 -14.718416069 22 32 10.92 2014  7  3 2456842.43901524    30    I                   Phoebe_0012.fits                                   Phoebe                2048  2048
   0.038   0.011 1024.12 1043.57 0.678    785.92    388.19 24.408 24.492 99.999 17.170 17.254 99.999 99.999 99.999  0.556 99.999 99.999 99.999 99.999  99.999  99.999  99.999  99.999  0.017  0.017  0.007  0.022  0.009  0.030    4    4 99.999 99.999   99  15.015823473 -14.718416560 22 32 46.21 2014  7  3 2456842.43942376    30    I                   Phoebe_0013.fits                                   Phoebe                2048  2048
   0.025  -0.007 1016.07 1042.92 0.948    684.48    273.74 24.055 24.178 99.999 16.966 17.089 99.999 99.999 99.999  0.474 99.999 99.999 99.999 99.999  99.999  99.999  99.999  99.999  0.016  0.016  0.008  0.019  0.018  0.041    7    6 99.999 99.999   99  15.015822509 -14.718420551 22 33 21.51 2014  7  3 2456842.43983225    30    I                   Phoebe_0014.fits                                   Phoebe                2048  2048
   0.032  -0.014 1017.17 1043.12 0.827    689.18    323.25 24.250 24.293 99.999 17.154 17.198 99.999 99.999 99.999  0.484 99.999 99.999 99.999 99.999  99.999  99.999  99.999  99.999  0.006  0.006  0.007  0.020  0.014  0.043    5    5 99.999 99.999   99  15.015821949 -14.718421389 22 33 56.80 2014  7  3 2456842.44024071    30    I                   Phoebe_0015.fits                                   Phoebe                2048  2048
   0.027  -0.011 1023.06 1043.59 0.767    883.40    305.59 24.451 24.592 99.999 17.086 17.227 99.999 99.999 99.999  0.519 99.999 99.999 99.999 99.999  99.999  99.999  99.999  99.999  0.010  0.010  0.008  0.038  0.012  0.059    5    5 99.999 99.999   99  15.015821120 -14.718419433 22 34 32.09 2014  7  3 2456842.44064914    30    I                   Phoebe_0016.fits                                   Phoebe                2048  2048
   0.034   0.037 1015.07 1042.17 0.789    847.05    303.94 24.293 24.267 99.999 16.973 16.947 99.999 99.999 99.999  0.543 99.999 99.999 99.999 99.999  99.999  99.999  99.999  99.999  0.013  0.013  0.006  0.031  0.009  0.049    6    5 99.999 99.999   99  15.015819812 -14.718404245 22 35 42.67 2014  7  3 2456842.44146609    30    I                   Phoebe_0018.fits                                   Phoebe                2048  2048
   0.027   0.029 1021.29 1041.60 0.868    711.48    301.21 24.095 24.175 99.999 16.965 17.044 99.999 99.999 99.999  0.501 99.999 99.999 99.999 99.999  99.999  99.999  99.999  99.999  0.019  0.019  0.015  0.027  0.023  0.042    6    5 99.999 99.999   99  15.015818245 -14.718404292 22 36 53.25 2014  7  3 2456842.44228294    30    I                   Phoebe_0020.fits                                   Phoebe                2048  2048
   0.065   0.023 1008.03 1045.72 1.264    536.42    535.20 24.029 23.914 99.999 17.205 17.090 99.999 99.999 99.999  0.444 99.999 99.999 99.999 99.999  99.999  99.999  99.999  99.999  0.006  0.006  0.018  0.035  0.043  0.085    7    6 99.999 99.999   99  15.014173474 -14.715890959 23 14 11.28 2014  7  4 2456843.46818611    60    I                   Phoebe_0001.fits                                   Phoebe                2048  2048
   0.055   0.009 1007.56 1046.25 1.261    580.50    525.47 24.053 23.930 99.999 17.144 17.020 99.999 99.999 99.999  0.467 99.999 99.999 99.999 99.999  99.999  99.999  99.999  99.999  0.007  0.007  0.015  0.033  0.037  0.079    8    6 99.999 99.999   99  15.014169531 -14.715889409 23 17 27.07 2014  7  4 2456843.47045222    60    I                   Phoebe_0004.fits                                   Phoebe                2048  2048
   0.071   0.024 1010.43 1046.43 1.229    595.90    529.22 24.115 23.965 99.999 17.177 17.027 99.999 99.999 99.999  0.448 99.999 99.999 99.999 99.999  99.999  99.999  99.999  99.999  0.006  0.006  0.018  0.035  0.043  0.084    7    6 99.999 99.999   99  15.014168576 -14.715883554 23 18 32.34 2014  7  4 2456843.47120762    60    I                   Phoebe_0005.fits                                   Phoebe                2048  2048
   0.071   0.018 1009.13 1046.04 1.168    641.25    534.23 24.173 23.948 99.999 17.155 16.930 99.999 99.999 99.999  0.441 99.999 99.999 99.999 99.999  99.999  99.999  99.999  99.999  0.005  0.005  0.023  0.032  0.056  0.078    7    6 99.999 99.999   99  15.014167332 -14.715883634 23 19 37.60 2014  7  4 2456843.47196294    60    I                   Phoebe_0006.fits                                   Phoebe                2048  2048
   0.036   0.008 1011.69 1044.97 1.393    487.82    508.33 23.936 23.907 99.999 17.216 17.187 99.999 99.999 99.999  0.486 99.999 99.999 99.999 99.999  99.999  99.999  99.999  99.999  0.006  0.006  0.008  0.017  0.017  0.037    6    5 99.999 99.999   99  15.014161661 -14.715879840 23 23 58.67 2014  7  4 2456843.47498465    60    I                   Phoebe_0010.fits                                   Phoebe                2048  2048
   0.062   0.026 1011.86 1045.96 1.502    410.21    509.07 23.650 23.523 99.999 17.117 16.990 99.999 99.999 99.999  0.500 99.999 99.999 99.999 99.999  99.999  99.999  99.999  99.999  0.008  0.008  0.028  0.034  0.069  0.084    7    6 99.999 99.999   99  15.014160916 -14.715873000 23 25  3.93 2014  7  4 2456843.47573998    60    I                   Phoebe_0011.fits                                   Phoebe                2048  2048
   0.056   0.025 1012.83 1045.40 1.581    419.94    500.00 23.798 23.621 99.999 17.240 17.063 99.999 99.999 99.999  0.454 99.999 99.999 99.999 99.999  99.999  99.999  99.999  99.999  0.002  0.002  0.018  0.036  0.042  0.088    7    6 99.999 99.999   99  15.014159542 -14.715871738 23 26  9.20 2014  7  4 2456843.47649542    60    I                   Phoebe_0012.fits                                   Phoebe                2048  2048
   0.059   0.024 1014.06 1045.77 1.380    479.28    518.72 23.920 23.740 99.999 17.218 17.039 99.999 99.999 99.999  0.438 99.999 99.999 99.999 99.999  99.999  99.999  99.999  99.999  0.006  0.006  0.020  0.038  0.048  0.093    7    6 99.999 99.999   99  15.014157108 -14.715868244 23 28 19.74 2014  7  4 2456843.47800620    60    I                   Phoebe_0014.fits                                   Phoebe                2048  2048
   0.039   0.030 1013.54 1044.70 1.379    517.86    509.42 24.006 23.884 99.999 17.220 17.098 99.999 99.999 99.999  0.438 99.999 99.999 99.999 99.999  99.999  99.999  99.999  99.999  0.007  0.007  0.015  0.036  0.037  0.088    7    6 99.999 99.999   99  15.014155476 -14.715864968 23 29 24.99 2014  7  4 2456843.47876142    60    I                   Phoebe_0015.fits                                   Phoebe                2048  2048
   0.053   0.022 1015.32 1045.88 1.197    554.73    538.31 24.066 23.902 99.999 17.206 17.042 99.999 99.999 99.999  0.460 99.999 99.999 99.999 99.999  99.999  99.999  99.999  99.999  0.006  0.006  0.018  0.033  0.044  0.080    7    6 99.999 99.999   99  15.014154492 -14.715865623 23 30 30.24 2014  7  4 2456843.47951671    60    I                   Phoebe_0016.fits                                   Phoebe                2048  2048
   0.052   0.022 1013.51 1044.81 1.384    484.85    513.43 23.921 23.818 99.999 17.207 17.104 99.999 99.999 99.999  0.449 99.999 99.999 99.999 99.999  99.999  99.999  99.999  99.999  0.006  0.006  0.019  0.036  0.046  0.086    7    6 99.999 99.999   99  15.014153209 -14.715863949 23 31 35.51 2014  7  4 2456843.48027212    60    I                   Phoebe_0017.fits                                   Phoebe                2048  2048
   0.042   0.018 1016.30 1045.54 1.388    481.00    516.17 23.916 23.834 99.999 17.211 17.129 99.999 99.999 99.999  0.449 99.999 99.999 99.999 99.999  99.999  99.999  99.999  99.999  0.007  0.007  0.019  0.035  0.045  0.086    7    6 99.999 99.999   99  15.014151778 -14.715863472 23 32 40.77 2014  7  4 2456843.48102741    60    I                   Phoebe_0018.fits                                   Phoebe                2048  2048
   0.045   0.018 1016.23 1046.03 1.571    396.96    506.22 23.724 23.560 99.999 17.227 17.063 99.999 99.999 99.999  0.448 99.999 99.999 99.999 99.999  99.999  99.999  99.999  99.999  0.008  0.008  0.015  0.031  0.035  0.074    7    6 99.999 99.999   99  15.014149333 -14.715860005 23 34 51.29 2014  7  4 2456843.48253811    60    I                   Phoebe_0020.fits                                   Phoebe                2048  2048
