  -0.149  -0.001  464.06  440.94 1.080    318.37    689.29 24.633 24.380 99.999 18.376 18.122 99.999 99.999 99.999  0.215 99.999 99.999 99.999 99.999  99.999  99.999  99.999  99.999  0.021  0.021  0.014  0.019  0.042  0.059   13   11 99.999 99.999   99  16.528257327 -20.443921330  4 56 52.00 1995  6  9 2449877.70615741   240  C                     09069501.ana.fits                                  Ananke                 770  1152     1   0.000   0.000
  -0.143   0.037  466.48  441.79 1.099    348.48    698.42 24.815 24.500 99.999 18.460 18.144 99.999 99.999 99.999  0.146 99.999 99.999 99.999 99.999  99.999  99.999  99.999  99.999  0.025  0.025  0.015  0.019  0.045  0.058   12   11 99.999 99.999   99  16.528215450 -20.443842234  5  2 37.00 1995  6  9 2449877.71015046   300  C                     09069502.ana.fits                                  Ananke                 770  1152     1   0.000   0.000
  -0.040  -0.023  456.74  684.86 0.908    516.63    390.15 25.695 25.565 99.999 18.912 18.782 99.999 99.999 99.999  0.230 99.999 99.999 99.999 99.999  99.999  99.999  99.999  99.999  0.015  0.015  0.009  0.011  0.038  0.049   21   21 99.999 99.999   99  16.706309461 -20.745568418  4 37 46.00 1995  5 23 2449860.69289352    90  C                     23059501.ana.fits                                  Ananke                 770  1152     1   0.000   0.000
  -0.088  -0.014  457.70  682.46 1.161    515.10    486.19 25.837 25.701 99.999 19.057 18.921 99.999 99.999 99.999  0.233 99.999 99.999 99.999 99.999  99.999  99.999  99.999  99.999  0.021  0.021  0.008  0.012  0.038  0.056   22   22 99.999 99.999   99  16.706288509 -20.745530368  4 40 31.00 1995  5 23 2449860.69480324   120  C                     23059502.ana.fits                                  Ananke                 770  1152     1   0.000   0.000
   0.082  -0.545  394.99  392.53 2.959     74.15     -9.44 23.099 23.727 99.999 18.423 19.052 99.999 99.999 99.999  0.642 99.999 99.999 99.999 99.999  99.999  99.999  99.999  99.999  0.114  0.085  0.006  0.005  0.047  0.041  109   80 99.999 99.999   99  18.876489139 -23.860766453 25 54  3.89 1996  7 24 2450289.57921169    10  filtro desconhecido   24079601.ana.fits                                  Ananke                1000  1024     1   0.000   0.000
  -0.150  -0.334  393.58  385.92 0.612     12.68     55.70 23.005 23.591 99.999 20.247 20.834 99.999 99.999 99.999  0.526 99.999 99.999 99.999 99.999  99.999  99.999  99.999  99.999  0.000  0.000  0.006  0.006  0.046  0.045  110   84 99.999 99.999   99  18.876469018 -23.860714318 25 56 49.15 1996  7 24 2450289.58112442    10  filtro desconhecido   24079604.ana.fits                                  Ananke                1000  1024     1   0.000   0.000
  -0.139  -0.468  393.53  385.94 5.125     75.70     -5.59 23.162 23.842 99.999 18.464 19.144 99.999 99.999 99.999  0.564 99.999 99.999 99.999 99.999  99.999  99.999  99.999  99.999  0.014  0.013  0.006  0.006  0.050  0.044  107   86 99.999 99.999   99  18.876464471 -23.860753795 25 57 40.34 1996  7 24 2450289.58171690    10  filtro desconhecido   24079605.ana.fits                                  Ananke                1000  1024     1   0.000   0.000
  -0.128  -0.300  392.66  382.95 5.015     62.54      3.43 22.919 23.539 99.999 18.429 19.048 99.999 99.999 99.999  0.386 99.999 99.999 99.999 99.999  99.999  99.999  99.999  99.999  0.000  0.000  0.006  0.006  0.049  0.046  110   84 99.999 99.999   99  18.876455044 -23.860711521 25 59 23.66 1996  7 24 2450289.58291273    10  filtro desconhecido   24079607.ana.fits                                  Ananke                1000  1024     1   0.000   0.000
  -0.132  -0.303  392.29  383.46 2.340     79.58     -7.64 22.944 23.672 99.999 18.192 18.920 99.999 99.999 99.999  0.417 99.999 99.999 99.999 99.999  99.999  99.999  99.999  99.999  0.048  0.048  0.006  0.006  0.050  0.048  109   85 99.999 99.999   99  18.876450182 -23.860714092 26  0 14.85 1996  7 24 2450289.58350521    10  filtro desconhecido   24079608.ana.fits                                  Ananke                1000  1024     1   0.000   0.000
  -0.516  -0.763  471.34  365.60 3.933    273.85    872.54 25.248 25.380 99.999 19.154 19.286 99.999 99.999 99.999  0.733 99.999 99.999 99.999 99.999  99.999  99.999  99.999  99.999  0.034  0.033  0.008  0.011  0.046  0.060   51   43 99.999 99.999   99  19.167163013 -23.575382788  3  6 59.00 1996  6 21 2450255.62984954   180  CLEAR                 20069601.ana.fits                                  Ananke                1000  1024     1   0.000   0.000
  -0.051  -0.259  668.25  503.12 2.313    271.68    834.01 24.664 24.773 99.999 18.579 18.688 99.999 99.999 99.999  0.475 99.999 99.999 99.999 99.999  99.999  99.999  99.999  99.999  0.022  0.023  0.007  0.008  0.045  0.049   60   51 99.999 99.999   99  19.158988032 -23.586976746  3 19 10.00 1996  6 22 2450256.63831019   240  CLEAR                 21069602.ana.fits                                  Ananke                1000  1024     1   0.000   0.000
  -0.197  -0.188  674.85  500.96 4.662    721.34    356.08 24.622 24.816 99.999 17.476 17.671 99.999 99.999 99.999  0.466 99.999 99.999 99.999 99.999  99.999  99.999  99.999  99.999  0.022  0.023  0.008  0.008  0.048  0.052   59   50 99.999 99.999   99  19.158954019 -23.587000922  3 24 29.00 1996  6 22 2450256.64200231   240  CLEAR                 21069603.ana.fits                                  Ananke                1000  1024     1   0.000   0.000
  -0.160  -0.148  679.56  499.27 4.088    593.83    495.44 24.846 25.260 99.999 17.912 18.326 99.999 99.999 99.999  0.522 99.999 99.999 99.999 99.999  99.999  99.999  99.999  99.999  0.001  0.001  0.007  0.008  0.046  0.051   59   51 99.999 99.999   99  19.158927206 -23.587028485  3 29 12.00 1996  6 22 2450256.64527778   240  CLEAR                 21069604.ana.fits                                  Ananke                1000  1024     1   0.000   0.000
  -0.110  -0.228  684.27  498.20 2.749    345.52    816.70 24.841 25.279 99.999 18.495 18.933 99.999 99.999 99.999  0.550 99.999 99.999 99.999 99.999  99.999  99.999  99.999  99.999  0.008  0.008  0.008  0.008  0.047  0.051   59   49 99.999 99.999   99  19.158900693 -23.587089553  3 33 55.00 1996  6 22 2450256.64855324   240  CLEAR                 21069605.ana.fits                                  Ananke                1000  1024     1   0.000   0.000
  -0.235  -0.226  575.53  502.37 1.608    789.16    793.52 26.130 26.298 99.999 18.887 19.055 99.999 99.999 99.999  0.511 99.999 99.999 99.999 99.999  99.999  99.999  99.999  99.999  0.038  0.038  0.008  0.009  0.046  0.049   52   40 99.999 99.999   99  19.142515689 -23.609919878  3 12 50.00 1996  6 24 2450258.63391204   300  CLEAR                 23069601.ana.fits                                  Ananke                1024  1024     1   0.000   0.000
  -0.264  -0.230  582.73  500.55 1.784    822.41    739.99 26.046 26.206 99.999 18.759 18.918 99.999 99.999 99.999  0.502 99.999 99.999 99.999 99.999  99.999  99.999  99.999  99.999  0.027  0.027  0.008  0.009  0.045  0.050   50   38 99.999 99.999   99  19.142478833 -23.609970653  3 18 55.00 1996  6 24 2450258.63813657   300  CLEAR                 23069602.ana.fits                                  Ananke                1024  1024     1   0.000   0.000
  -0.006  -0.163  343.82  557.09 0.581     55.52    359.34 24.449 24.490 99.999 20.088 20.129 99.999 99.999 99.999  0.382 99.999 99.999 99.999 99.999  99.999  99.999  99.999  99.999  0.000  0.000  0.007  0.007  0.055  0.053   71   57 99.999 99.999   99  18.778270932 -23.443979978 22 21  5.00 1996 10  1 2450358.43130787    90     cl                 01109601.ana.fits                                  Ananke                 739  1140     1   0.000   0.000
   0.050  -0.178  349.69  551.02 0.805    167.42    312.82 25.326 25.425 99.999 19.766 19.866 99.999 99.999 99.999  0.463 99.999 99.999 99.999 99.999  99.999  99.999  99.999  99.999  0.017  0.018  0.008  0.007  0.058  0.051   68   51 99.999 99.999   99  18.778460500 -23.443486148 23 10 11.00 1996 10  1 2450358.46540509    90     cl                 01109603.ana.fits                                  Ananke                 739  1140     1   0.000   0.000
   0.114  -0.175  345.43  551.79 0.689    146.60    343.09 25.445 25.578 99.999 20.030 20.163 99.999 99.999 99.999  0.494 99.999 99.999 99.999 99.999  99.999  99.999  99.999  99.999  0.023  0.023  0.009  0.008  0.061  0.053   68   52 99.999 99.999   99  18.778470170 -23.443463016 23 12 21.00 1996 10  1 2450358.46690972    90     cl                 01109604.ana.fits                                  Ananke                 739  1140     1   0.000   0.000
   0.596  -0.176  738.74  413.01 0.935    769.88   1330.81 25.290 25.492 99.999 18.074 18.276 99.999 99.999 99.999  1.160 99.999 99.999 99.999 99.999  99.999  99.999  99.999  99.999  0.000  0.000  0.047  0.038  0.066  0.053    9    8 99.999 99.999   99  21.312197279 -17.723205292  5 27 39.00 1997  8 12 2450672.72753472   300  Clear                 12089701.ana.fits                                  Ananke                 739  1140     1   0.000   0.000
   0.489  -0.071  474.72  441.15 3.306   3376.25  -1279.84 25.664 26.347 99.999 16.843 17.526 99.999 99.999 99.999  0.760 99.999 99.999 99.999 99.999  99.999  99.999  99.999  99.999  0.035  0.036  0.026  0.021  0.072  0.057   10   10 99.999 99.999   99  21.304467206 -17.767732095  5 29 27.00 1997  8 13 2450673.72878472   300  Clear                 13089701.ana.fits                                  Ananke                 739  1140     1   0.000   0.000
   0.451  -0.055  480.49  439.54 1.200   1027.33   1295.03 25.635 26.245 99.999 18.106 18.716 99.999 99.999 99.999  0.742 99.999 99.999 99.999 99.999  99.999  99.999  99.999  99.999  0.023  0.023  0.027  0.020  0.075  0.056   10   10 99.999 99.999   99  21.304435083 -17.767900972  5 35 10.00 1997  8 13 2450673.73275463   300  Clear                 13089702.ana.fits                                  Ananke                 739  1140     1   0.000   0.000
   0.591  -0.132  393.35  564.20 1.260   1124.75   2359.39 25.974 26.251 99.999 18.347 18.623 99.999 99.999 99.999  0.937 99.999 99.999 99.999 99.999  99.999  99.999  99.999  99.999  0.039  0.040  0.006  0.015  0.012  0.031    9    6 99.999 99.999   99  21.289694422 -17.852274116  3 38 51.00 1997  8 15 2450675.65197917   300  filtro desconhecido   15089701.ana.fits                                  Ananke                 739  1140     1   0.000   0.000
   0.627  -0.098  398.74  562.50 1.311   1594.16   2143.11 25.914 26.130 99.999 17.908 18.123 99.999 99.999 99.999  0.920 99.999 99.999 99.999 99.999  99.999  99.999  99.999  99.999  0.031  0.030  0.018  0.015  0.037  0.031    9    6 99.999 99.999   99  21.289664165 -17.852433955  3 44 29.00 1997  8 15 2450675.65589120   300  filtro desconhecido   15089702.ana.fits                                  Ananke                 739  1140     1   0.000   0.000
   0.308  -0.103  250.36  530.51 2.116   1795.67   1474.75 25.702 26.038 99.999 17.566 17.902 99.999 99.999 99.999  0.854 99.999 99.999 99.999 99.999  99.999  99.999  99.999  99.999  0.001  0.001  0.030  0.015  0.059  0.030    8    6 99.999 99.999   99  21.289046577 -17.855766600  5 36  6.00 1997  8 15 2450675.73340278   300  filtro desconhecido   15089703.ana.fits                                  Ananke                 739  1140     1   0.000   0.000
   0.393  -0.054  255.36  528.99 1.273   1069.72   2288.96 25.721 26.092 99.999 18.148 18.519 99.999 99.999 99.999  0.887 99.999 99.999 99.999 99.999  99.999  99.999  99.999  99.999  0.026  0.026  0.032  0.015  0.065  0.030    8    6 99.999 99.999   99  21.289017529 -17.855920210  5 41 44.00 1997  8 15 2450675.73731481   300  filtro desconhecido   15089704.ana.fits                                  Ananke                 739  1140     1   0.000   0.000
   0.353  -0.287  382.76  512.63 1.462   1844.51  24642.94 25.874 27.113 99.999 17.709 18.948 99.999 99.999 99.999  1.038 99.999 99.999 99.999 99.999  99.999  99.999  99.999  99.999  0.045  0.044  0.014  0.023  0.023  0.038    5    4 99.999 99.999   99  21.281484040 -17.898616214  5 20  8.00 1997  8 16 2450676.72231482   300  filtro desconhecido   16089701.ana.fits                                  Ananke                 739  1140     1   0.000   0.000
   0.172   0.233  573.51  377.45 1.353    823.80   2815.54 25.703 25.429 99.999 18.413 18.139 99.999 99.999 99.999  0.944 99.999 99.999 99.999 99.999  99.999  99.999  99.999  99.999  0.028  0.028  0.079  0.054  0.039  0.027    5    4 99.999 99.999   99  23.684366580  -3.240406510  3 35 54.00 1998  9  3 2451059.64993056   240  Clear                 03099801.ana.fits                                  Ananke                1005  1020     1   0.000   0.000
   0.134   0.226  573.86  372.36 2.153   1960.10   1718.09 25.631 25.668 99.999 17.400 17.437 99.999 99.999 99.999  0.918 99.999 99.999 99.999 99.999  99.999  99.999  99.999  99.999  0.024  0.022  0.113  0.049  0.056  0.024    5    4 99.999 99.999   99  23.684335648  -3.240578074  3 40 40.00 1998  9  3 2451059.65324074   240  Clear                 03099802.ana.fits                                  Ananke                1005  1020     1   0.000   0.000
   0.112   0.222  575.30  366.55 1.095    997.43   2861.26 25.736 25.459 99.999 18.239 17.962 99.999 99.999 99.999  0.925 99.999 99.999 99.999 99.999  99.999  99.999  99.999  99.999  0.009  0.009  0.024  0.331  0.012  0.163    5    4 99.999 99.999   99  23.684305023  -3.240748807  3 45 26.00 1998  9  3 2451059.65655093   240  Clear                 03099803.ana.fits                                  Ananke                1005  1020     1   0.000   0.000
   0.148  -0.087  541.39  355.04 2.430   1453.81   7812.77 25.758 25.675 99.999 17.852 17.769 99.999 99.999 99.999  0.947 99.999 99.999 99.999 99.999  99.999  99.999  99.999  99.999  0.031  0.034  0.030  0.044  0.072  0.105    6    6 99.999 99.999   99  23.675796768  -3.289941027 26 38 53.00 1998  9  3 2451060.61033565   240  Clear                 03099806.ana.fits                                  Ananke                1005  1020     1   0.000   0.000
   0.278  -0.073  542.77  349.85 2.428    943.25   8099.24 25.545 25.252 99.999 18.108 17.815 99.999 99.999 99.999  0.859 99.999 99.999 99.999 99.999  99.999  99.999  99.999  99.999  0.000  0.000  0.002  0.026  0.005  0.062    6    6 99.999 99.999   99  23.675768789  -3.290108595 26 43 39.00 1998  9  3 2451060.61364583   240  Clear                 03099807.ana.fits                                  Ananke                1005  1020     1   0.000   0.000
  -0.043  -0.189 1039.52 1083.65 1.199    250.17    822.48 24.581 24.561 99.999 18.585 18.566 99.999 99.999 99.999  0.277 99.999 99.999 99.999 99.999  99.999  99.999  99.999  99.999  0.004  0.004  0.007  0.008  0.043  0.050   67   41 99.999 99.999   99  19.355828795 -22.843428138  6 56  6.67 2008  7  9 2454656.78896609   240  I                     ananke0001.fits                                    Ananke                2045  2046     1   0.000   0.000
   0.011  -0.196 1039.99 1075.62 1.417    211.11    818.46 24.421 24.385 99.999 18.610 18.574 99.999 99.999 99.999  0.278 99.999 99.999 99.999 99.999  99.999  99.999  99.999  99.999  0.016  0.018  0.007  0.008  0.042  0.051   67   40 99.999 99.999   99  19.355801407 -22.843459465  7  0 42.92 2008  7  9 2454656.79216343   240  I                     ananke0002.fits                                    Ananke                2045  2046     1   0.000   0.000
  -0.043  -0.172 1040.26 1067.04 1.375    187.39    850.16 24.365 24.317 99.999 18.683 18.635 99.999 99.999 99.999  0.277 99.999 99.999 99.999 99.999  99.999  99.999  99.999  99.999  0.017  0.017  0.008  0.008  0.047  0.050   68   41 99.999 99.999   99  19.355771771 -22.843482140  7  5 20.54 2008  7  9 2454656.79537662   240  I                     ananke0003.fits                                    Ananke                2045  2046     1   0.000   0.000
  -0.003  -0.189 1040.86 1058.85 1.389    224.39    826.96 24.455 24.411 99.999 18.577 18.533 99.999 99.999 99.999  0.274 99.999 99.999 99.999 99.999  99.999  99.999  99.999  99.999  0.013  0.013  0.007  0.008  0.043  0.051   67   41 99.999 99.999   99  19.355744208 -22.843516389  7  9 56.12 2008  7  9 2454656.79856620   240  I                     ananke0004.fits                                    Ananke                2045  2046     1   0.000   0.000
  -0.044  -0.197 1041.48 1050.56 1.540    202.72    818.23 24.401 24.358 99.999 18.634 18.591 99.999 99.999 99.999  0.269 99.999 99.999 99.999 99.999  99.999  99.999  99.999  99.999  0.015  0.015  0.007  0.009  0.043  0.052   67   40 99.999 99.999   99  19.355715118 -22.843547781  7 14 30.95 2008  7  9 2454656.80174711   240  I                     ananke0005.fits                                    Ananke                2045  2046     1   0.000   0.000
  -0.318  -0.123  522.37  491.09 3.257    140.68   2570.84 24.760 24.856 99.999 19.389 19.486 99.999 99.999 99.999  0.334 99.999 99.999 99.999 99.999  99.999  99.999  99.999  99.999  0.030  0.034  0.006  0.007  0.043  0.050   82   56 99.999 99.999   99  19.023762104 -22.844233660  1 23 26.38 2008  9 20 2454729.55794421   300  I                     ananke0001.fits                                    Ananke                1020  1020     1   0.000   0.000
  -0.260  -0.031  524.38  492.02 2.286    126.92   2581.15 24.607 24.705 99.999 19.348 19.446 99.999 99.999 99.999  0.312 99.999 99.999 99.999 99.999  99.999  99.999  99.999  99.999  0.010  0.012  0.006  0.007  0.044  0.048   83   56 99.999 99.999   99  19.023772433 -22.844162721  1 29 10.13 2008  9 20 2454729.56192280   300  I                     ananke0002.fits                                    Ananke                1020  1020     1   0.000   0.000
  -0.256   0.099  526.29  492.96 3.191    236.01   2513.27 24.579 24.678 99.999 18.646 18.746 99.999 99.999 99.999  0.309 99.999 99.999 99.999 99.999  99.999  99.999  99.999  99.999  0.018  0.019  0.006  0.006  0.046  0.044   82   52 99.999 99.999   99  19.023781711 -22.844081426  1 34 52.96 2008  9 20 2454729.56589074   300  I                     ananke0003.fits                                    Ananke                1020  1020     1   0.000   0.000
   0.828  -1.357 1050.97 1059.42 1.305     35.25     27.82 21.650 21.728 99.999 17.782 17.860 99.999 99.999 99.999  0.256 99.999 99.999 99.999 99.999  99.999  99.999  99.999  99.999  0.009  0.007  0.007  0.007  0.046  0.046   81   46 99.999 99.999   99  19.035222641 -22.800686487  1  2 31.32 2008  9 24 2454733.54341806    30  I                     anake0001.fits                                     Ananke                2045  2050     1   0.000   0.000
  -0.056  -0.077 1038.15 1053.85 1.483     99.35   1098.21 24.726 24.625 99.999 19.733 19.632 99.999 99.999 99.999  0.234 99.999 99.999 99.999 99.999  99.999  99.999  99.999  99.999  0.030  0.031  0.007  0.007  0.046  0.048   81   44 99.999 99.999   99  19.035231368 -22.800226307  1 14 37.91 2008  9 24 2454733.55182766   440  I                     anake0003.fits                                     Ananke                2045  2050     1   0.000   0.000
  -0.108  -0.117 1036.87 1058.44 0.925     92.52   1126.59 24.874 24.780 99.999 19.958 19.864 99.999 99.999 99.999  0.239 99.999 99.999 99.999 99.999  99.999  99.999  99.999  99.999  0.032  0.035  0.007  0.008  0.045  0.052   81   45 99.999 99.999   99  19.035249118 -22.800163631  1 23 11.67 2008  9 24 2454733.55777396   440  I                     anake0004.fits                                     Ananke                2045  2050     1   0.000   0.000
  -0.132  -0.160 1035.55 1063.05 1.279     79.84   1107.81 24.700 24.591 99.999 19.944 19.835 99.999 99.999 99.999  0.232 99.999 99.999 99.999 99.999  99.999  99.999  99.999  99.999  0.037  0.050  0.007  0.007  0.048  0.048   81   46 99.999 99.999   99  19.035266019 -22.800107335  1 31  6.45 2008  9 24 2454733.56326910   440  I                     anake0005.fits                                     Ananke                2045  2050     1   0.000   0.000
  -0.014  -0.139 1033.67 1067.98 1.398    108.79   1104.40 24.920 24.823 99.999 19.829 19.731 99.999 99.999 99.999  0.240 99.999 99.999 99.999 99.999  99.999  99.999  99.999  99.999  0.003  0.003  0.007  0.007  0.045  0.048   82   45 99.999 99.999   99  19.035285821 -22.800032831  1 39  1.30 2008  9 24 2454733.56876505   440  I                     anake0006.fits                                     Ananke                2045  2050     1   0.000   0.000
  -0.091  -0.227  287.14  535.61 5.032   1460.06   2103.71 25.886 26.115 99.999 17.975 18.204 99.999 99.999 99.999  0.839 99.999 99.999 99.999 99.999  99.999  99.999  99.999  99.999  0.062  0.070  0.056  0.059  0.101  0.107    6    4 99.999 99.999   99   0.166993474   0.116554821  7  0 13.00 2010  6 19 2455366.79181713   100    R                   Ananke_07.01.04_0001.fits                          Ananke                1024  1024     1   0.000   0.000
  -0.066  -0.111  286.19  534.42 2.768    537.56   3015.23 25.860 25.956 99.999 19.034 19.129 99.999 99.999 99.999  0.773 99.999 99.999 99.999 99.999  99.999  99.999  99.999  99.999  0.007  0.007  0.036  0.036  0.065  0.065    6    4 99.999 99.999   99   0.167000091   0.116632406  7  1 55.00 2010  6 19 2455366.79299769   100    R                   Ananke_07.02.46_0002.fits                          Ananke                1024  1024     1   0.000   0.000
  -0.076  -0.189  285.42  533.49 6.069   1475.46   1980.79 25.886 26.112 99.999 17.964 18.189 99.999 99.999 99.999  0.764 99.999 99.999 99.999 99.999  99.999  99.999  99.999  99.999  0.084  0.082  0.057  0.072  0.103  0.129    6    4 99.999 99.999   99   0.167005987   0.116655870  7  3 36.00 2010  6 19 2455366.79416667   100    R                   Ananke_07.04.28_0003.fits                          Ananke                1024  1024     1   0.000   0.000
  -0.092  -0.395  283.54  532.85 4.162   1477.29   2136.57 25.892 26.105 99.999 17.968 18.181 99.999 99.999 99.999  0.770 99.999 99.999 99.999 99.999  99.999  99.999  99.999  99.999  0.060  0.072  0.050  0.035  0.090  0.063    6    4 99.999 99.999   99   0.167011828   0.116644168  7  5 18.00 2010  6 19 2455366.79534722   100    R                   Ananke_07.06.10_0004.fits                          Ananke                1024  1024     1   0.000   0.000
  -0.046  -0.194  281.21  531.39 2.219    543.17   3030.93 25.877 25.677 99.999 19.040 18.839 99.999 99.999 99.999  0.676 99.999 99.999 99.999 99.999  99.999  99.999  99.999  99.999  0.035  0.035  0.055  0.031  0.099  0.055    6    4 99.999 99.999   99   0.167018809   0.116745675  7  7  0.00 2010  6 19 2455366.79652778   100    R                   Ananke_07.07.52_0005.fits                          Ananke                1024  1024     1   0.000   0.000
  -0.076  -0.150  280.22  530.47 6.063   2200.61   1324.08 25.932 25.876 99.999 17.576 17.519 99.999 99.999 99.999  0.555 99.999 99.999 99.999 99.999  99.999  99.999  99.999  99.999  0.048  0.053  0.037  0.070  0.066  0.125    6    4 99.999 99.999   99   0.167024389   0.116803318  7  8 42.00 2010  6 19 2455366.79770833   100    R                   Ananke_07.09.34_0006.fits                          Ananke                1024  1024     1   0.000   0.000
  -0.071  -0.106  278.81  529.38 2.882    669.88   2875.24 25.905 25.909 99.999 18.840 18.844 99.999 99.999 99.999  0.743 99.999 99.999 99.999 99.999  99.999  99.999  99.999  99.999  0.003  0.003  0.054  0.024  0.097  0.043    6    4 99.999 99.999   99   0.167030665   0.116861242  7 10 24.00 2010  6 19 2455366.79888889   100    R                   Ananke_07.11.15_0007.fits                          Ananke                1024  1024     1   0.000   0.000
  -0.010  -0.125  277.17  528.78 2.490    509.54   3054.31 25.855 26.266 99.999 19.087 19.498 99.999 99.999 99.999  0.716 99.999 99.999 99.999 99.999  99.999  99.999  99.999  99.999  0.009  0.009  0.055  0.041  0.112  0.083    6    5 99.999 99.999   99   0.167037928   0.116901498  7 12  6.00 2010  6 19 2455366.80006944   100    R                   Ananke_07.12.57_0008.fits                          Ananke                1024  1024     1   0.000   0.000
   0.041  -0.079  275.87  527.78 2.400    481.60   3041.80 25.838 26.186 99.999 19.132 19.479 99.999 99.999 99.999  0.759 99.999 99.999 99.999 99.999  99.999  99.999  99.999  99.999  0.003  0.003  0.043  0.039  0.088  0.079    6    5 99.999 99.999   99   0.167045008   0.116959780  7 13 48.00 2010  6 19 2455366.80125000   100    R                   Ananke_07.14.39_0009.fits                          Ananke                1024  1024     1   0.000   0.000
  -0.005  -0.187  273.47  526.48 5.771   2186.89   1348.04 25.904 26.230 99.999 17.555 17.880 99.999 99.999 99.999  0.738 99.999 99.999 99.999 99.999  99.999  99.999  99.999  99.999  0.042  0.042  0.045  0.029  0.091  0.060    6    5 99.999 99.999   99   0.167056409   0.117020921  7 17 12.00 2010  6 19 2455366.80361111   100    R                   Ananke_07.18.03_0011.fits                          Ananke                1024  1024     1   0.000   0.000
   0.032  -0.123  269.65  524.72 2.697    625.25   2934.37 25.929 25.862 99.999 18.939 18.871 99.999 99.999 99.999  0.658 99.999 99.999 99.999 99.999  99.999  99.999  99.999  99.999  0.038  0.039  0.056  0.041  0.114  0.083    6    5 99.999 99.999   99   0.167069370   0.117129821  7 20 36.00 2010  6 19 2455366.80597222   100    R                   Ananke_07.21.27_0013.fits                          Ananke                1024  1024     1   0.000   0.000
  -0.124  -0.180  267.41  522.53 2.019    545.43   3066.44 25.974 26.044 99.999 19.132 19.202 99.999 99.999 99.999  0.823 99.999 99.999 99.999 99.999  99.999  99.999  99.999  99.999  0.038  0.038  0.076  0.053  0.135  0.094    6    4 99.999 99.999   99   0.167078760   0.117204897  7 24  0.00 2010  6 19 2455366.80833333   100    R                   Ananke_07.24.51_0015.fits                          Ananke                1024  1024     1   0.000   0.000
  -0.068  -0.247  264.55  520.85 2.472    521.44   2985.32 25.913 26.209 99.999 19.120 19.416 99.999 99.999 99.999  0.785 99.999 99.999 99.999 99.999  99.999  99.999  99.999  99.999  0.052  0.040  0.049  0.058  0.098  0.118    6    5 99.999 99.999   99   0.167091999   0.117277031  7 27 23.00 2010  6 19 2455366.81068287   100    R                   Ananke_07.28.15_0017.fits                          Ananke                1024  1024     1   0.000   0.000
   0.032  -0.133  260.86  519.17 2.071    627.52   2993.02 26.005 25.920 99.999 19.011 18.925 99.999 99.999 99.999  0.769 99.999 99.999 99.999 99.999  99.999  99.999  99.999  99.999  0.012  0.012  0.051  0.040  0.103  0.082    6    5 99.999 99.999   99   0.167106098   0.117399626  7 30 47.00 2010  6 19 2455366.81304398   100    R                   Ananke_07.31.38_0019.fits                          Ananke                1024  1024     1   0.000   0.000
  -0.126  -0.189  260.15  518.06 2.472    578.92   2931.29 25.931 25.821 99.999 19.024 18.915 99.999 99.999 99.999  0.680 99.999 99.999 99.999 99.999  99.999  99.999  99.999  99.999  0.007  0.009  0.045  0.035  0.092  0.072    6    5 99.999 99.999   99   0.167109297   0.117429526  7 32 29.00 2010  6 19 2455366.81422454   100    R                   Ananke_07.33.20_0020.fits                          Ananke                1024  1024     1   0.000   0.000
   0.184  -0.040  244.77  505.74 1.351   2254.78   5584.39 26.792 27.526 99.999 18.409 19.143 99.999 99.999 99.999  1.564 99.999 99.999 99.999 99.999  99.999  99.999  99.999  99.999  0.003  0.003  0.034  0.019  0.065  0.035    6    4 99.999 99.999   99   0.167178551   0.117943114  7 50  7.00 2010  6 19 2455366.82646991   180    R                   Ananke_07.51.38_0001.fits                          Ananke                1024  1024     1   0.000   0.000
   0.121   0.164  242.85  503.92 1.310   2294.57   5554.41 26.343 27.700 99.999 17.941 19.299 99.999 99.999 99.999  1.818 99.999 99.999 99.999 99.999  99.999  99.999  99.999  99.999  0.001  0.001  0.059  0.011  0.104  0.020    7    4 99.999 99.999   99   0.167188304   0.118081158  7 53  9.00 2010  6 19 2455366.82857639   180    R                   Ananke_07.54.40_0002.fits                          Ananke                1024  1024     1   0.000   0.000
   0.071  -0.258  240.88  502.20 1.454   2159.48   5798.85 27.308 28.351 99.999 18.973 20.015 99.999 99.999 99.999  1.047 99.999 99.999 99.999 99.999  99.999  99.999  99.999  99.999  0.020  0.020  0.000  0.000  0.000  0.000    5    3 99.999 99.999   99   0.167198251   0.118045042  7 56 11.00 2010  6 19 2455366.83068287   180    R                   Ananke_07.57.42_0003.fits                          Ananke                1024  1024     1   0.000   0.000
   0.036  -0.068  237.55  500.43 1.612   2064.45   5716.68 26.816 27.150 99.999 18.529 18.863 99.999 99.999 99.999  1.446 99.999 99.999 99.999 99.999  99.999  99.999  99.999  99.999  0.011  0.011  0.055  0.024  0.104  0.046    6    4 99.999 99.999   99   0.167208536   0.118178841  7 59 13.00 2010  6 19 2455366.83278935   180    R                   Ananke_08.00.44_0004.fits                          Ananke                1024  1024     1   0.000   0.000
   0.093  -0.043  235.84  498.67 1.530   2148.89   5554.79 26.811 27.101 99.999 18.480 18.770 99.999 99.999 99.999  1.443 99.999 99.999 99.999 99.999  99.999  99.999  99.999  99.999  0.020  0.019  0.038  0.008  0.072  0.014    6    4 99.999 99.999   99   0.167220469   0.118266959  8  2 15.00 2010  6 19 2455366.83489583   180    R                   Ananke_08.03.46_0005.fits                          Ananke                1024  1024     1   0.000   0.000
   0.084   0.030  232.87  496.43 1.282   2471.80   5963.37 26.391 27.721 99.999 17.909 19.239 99.999 99.999 99.999  1.945 99.999 99.999 99.999 99.999  99.999  99.999  99.999  99.999  0.023  0.023  0.049  0.008  0.100  0.017    7    5 99.999 99.999   99   0.167231230   0.118368628  8  5 17.00 2010  6 19 2455366.83700231   180    R                   Ananke_08.06.48_0006.fits                          Ananke                1024  1024     1   0.000   0.000
   0.117  -0.020  232.33  494.29 1.398   2672.06   5712.47 27.159 28.594 99.999 18.592 20.027 99.999 99.999 99.999  1.563 99.999 99.999 99.999 99.999  99.999  99.999  99.999  99.999  0.022  0.022  0.056  0.018  0.105  0.034    5    4 99.999 99.999   99   0.167242730   0.118435863  8  8 19.00 2010  6 19 2455366.83910880   180    R                   Ananke_08.09.50_0007.fits                          Ananke                1024  1024     1   0.000   0.000
   0.017  -0.082  230.40  492.29 1.304   1987.19   7726.04 26.201 27.400 99.999 17.955 19.154 99.999 99.999 99.999  1.793 99.999 99.999 99.999 99.999  99.999  99.999  99.999  99.999  0.027  0.027  0.057  0.039  0.111  0.076    7    5 99.999 99.999   99   0.167251781   0.118499635  8 11 21.00 2010  6 19 2455366.84121528   180    R                   Ananke_08.12.52_0008.fits                          Ananke                1024  1024     1   0.000   0.000
   0.109  -0.033  229.89  490.01 1.343   2529.24   6135.73 27.164 27.528 99.999 18.656 19.021 99.999 99.999 99.999  1.418 99.999 99.999 99.999 99.999  99.999  99.999  99.999  99.999  0.000  0.000  0.066  0.026  0.124  0.048    5    4 99.999 99.999   99   0.167264388   0.118594476  8 14 23.00 2010  6 19 2455366.84332176   180    R                   Ananke_08.15.54_0009.fits                          Ananke                1024  1024     1   0.000   0.000
   0.146  -0.067  227.41  488.18 1.185   2102.08   6971.66 26.771 28.338 99.999 18.464 20.031 99.999 99.999 99.999  1.499 99.999 99.999 99.999 99.999  99.999  99.999  99.999  99.999  0.029  0.029  0.027  0.034  0.051  0.064    6    4 99.999 99.999   99   0.167275947   0.118666524  8 17 25.00 2010  6 19 2455366.84542824   180    R                   Ananke_08.18.56_0010.fits                          Ananke                1024  1024     1   0.000   0.000
   0.128  -0.275  225.08  485.73 1.192   2370.60   6885.38 27.729 26.920 99.999 19.292 18.483 99.999 99.999 99.999  0.302 99.999 99.999 99.999 99.999  99.999  99.999  99.999  99.999  0.022  0.021  0.000  0.000  0.000  0.000    4    3 99.999 99.999   99   0.167289864   0.118714845  8 21 23.00 2010  6 19 2455366.84818287   180    R                   Ananke_08.22.54_0001.fits                          Ananke                1024  1024     1   0.000   0.000
   0.126  -0.039  221.49  482.22 1.290   2429.22   6543.67 26.937 28.168 99.999 18.474 19.705 99.999 99.999 99.999  1.504 99.999 99.999 99.999 99.999  99.999  99.999  99.999  99.999  0.018  0.018  0.056  0.043  0.105  0.080    6    4 99.999 99.999   99   0.167307644   0.118913165  8 26 21.00 2010  6 19 2455366.85163194   180    R                   Ananke_08.27.53_0002.fits                          Ananke                1024  1024     1   0.000   0.000
   0.093  -0.016  218.98  480.25 1.328   2560.48   6331.30 26.330 27.762 99.999 17.809 19.241 99.999 99.999 99.999  1.898 99.999 99.999 99.999 99.999  99.999  99.999  99.999  99.999  0.019  0.019  0.042  0.015  0.084  0.031    7    5 99.999 99.999   99   0.167317925   0.119000522  8 29 23.00 2010  6 19 2455366.85373843   180    R                   Ananke_08.30.55_0003.fits                          Ananke                1024  1024     1   0.000   0.000
   0.017  -0.084  216.88  478.32 1.316   2596.07   6676.85 27.182 27.537 99.999 18.646 19.001 99.999 99.999 99.999  1.389 99.999 99.999 99.999 99.999  99.999  99.999  99.999  99.999  0.022  0.022  0.000  0.000  0.000  0.000    5    3 99.999 99.999   99   0.167327393   0.119062781  8 32 25.00 2010  6 19 2455366.85584491   180    R                   Ananke_08.33.57_0004.fits                          Ananke                1024  1024     1   0.000   0.000
   0.039  -0.083  214.54  476.62 1.252   2028.28   7822.38 26.663 27.386 99.999 18.395 19.118 99.999 99.999 99.999  1.498 99.999 99.999 99.999 99.999  99.999  99.999  99.999  99.999  0.002  0.002  0.050  0.045  0.094  0.085    6    4 99.999 99.999   99   0.167338702   0.119144248  8 35 27.00 2010  6 19 2455366.85795139   180    R                   Ananke_08.36.59_0005.fits                          Ananke                1024  1024     1   0.000   0.000
   0.077  -0.049  211.80  474.45 1.677   2233.20   9269.23 26.641 27.931 99.999 18.269 19.559 99.999 99.999 99.999  1.549 99.999 99.999 99.999 99.999  99.999  99.999  99.999  99.999  0.036  0.035  0.052  0.034  0.097  0.063    6    4 99.999 99.999   99   0.167350262   0.119234674  8 38 29.00 2010  6 19 2455366.86005787   180    R                   Ananke_08.40.01_0006.fits                          Ananke                1024  1024     1   0.000   0.000
   0.013  -0.091  210.56  472.61 1.300   2442.42  13055.32 26.550 27.613 99.999 18.080 19.143 99.999 99.999 99.999  1.623 99.999 99.999 99.999 99.999  99.999  99.999  99.999  99.999  0.011  0.011  0.061  0.031  0.114  0.058    6    4 99.999 99.999   99   0.167359969   0.119304159  8 41 31.00 2010  6 19 2455366.86216435   180    R                   Ananke_08.43.03_0007.fits                          Ananke                1024  1024     1   0.000   0.000
   0.036  -0.039  209.29  470.67 2.699   7609.35  14236.78 26.692 27.939 99.999 16.989 18.235 99.999 99.999 99.999  1.885 99.999 99.999 99.999 99.999  99.999  99.999  99.999  99.999  0.036  0.036  0.055  0.039  0.103  0.072    6    4 99.999 99.999   99   0.167371245   0.119399618  8 44 33.00 2010  6 19 2455366.86427083   180    R                   Ananke_08.46.05_0008.fits                          Ananke                1024  1024     1   0.000   0.000
