 23 48 01.8308 -02 34 43.230   73   35 2451045.47784109 18.6 R  OH
 23 48 01.5183 -02 34 44.933   73   35 2451045.48982882 19.0 R  OH
 23 48 01.4285 -02 34 45.491   73   35 2451045.49309144 19.2 R  OH
 23 48 01.3449 -02 34 45.973   73   35 2451045.49635984 19.6 R  OH
 23 48 01.2556 -02 34 46.476   73   35 2451045.49964005 18.8 R  OH
 23 25 55.2338 -04 43 12.443   52   50 2451087.41043681 18.6 V  OH
 23 25 54.8858 -04 43 14.536   52   50 2451087.42170995 18.3 V  OH
 23 25 54.7868 -04 43 15.125   52   50 2451087.42498090 18.5 V  OH
 23 25 54.6853 -04 43 15.733   52   50 2451087.42825058 18.2 V  OH
 23 25 54.5825 -04 43 16.309   52   50 2451087.43152269 18.5 V  OH
 23 25 54.3856 -04 43 17.408   52   50 2451087.43805428 18.5 V  OH
 23 25 54.2754 -04 43 18.030   52   50 2451087.44131956 18.6 V  OH
 23 25 54.1733 -04 43 18.730   52   50 2451087.44492500 18.5 V  OH
 23 25 54.0742 -04 43 19.297   52   50 2451087.44818958 18.4 V  OH
 23 25 53.9661 -04 43 19.954   52   50 2451087.45145197 18.4 V  OH
 23 25 53.8631 -04 43 20.403   52   50 2451087.45472095 18.2 V  OH
 23 25 53.7667 -04 43 21.181   52   50 2451087.45798333 18.2 V  OH
 23 25 53.6577 -04 43 21.711   52   50 2451087.46125556 18.4 V  OH
 23 25 53.5620 -04 43 22.224   52   50 2451087.46452743 18.5 V  OH
 02 09 51.1824 +10 11 10.159   51   14 2451461.63506701 18.6 R  OH
 02 09 51.0076 +10 11 09.244   51   14 2451461.64083021 18.6 R  OH
 02 09 50.7808 +10 11 08.109   51   14 2451461.64828993 18.6 R  OH
 02 09 50.6370 +10 11 07.351   51   14 2451461.65311794 18.6 R  OH
 02 09 50.3330 +10 11 05.789   51   14 2451461.66313935 18.6 R  OH
 02 09 50.1397 +10 11 04.852   51   14 2451461.66914491 18.5 R  OH
 02 09 49.9837 +10 11 04.001   51   14 2451461.67446574 18.5 R  OH
 02 09 21.6153 +10 08 38.948   42   57 2451462.61343299 18.7 R  OH
 02 09 21.4755 +10 08 38.145   42   57 2451462.61809873 18.5 R  OH
 02 09 21.2118 +10 08 36.817   42   57 2451462.62656933 18.6 R  OH
 02 09 21.0683 +10 08 36.089   42   57 2451462.63105208 18.7 R  OH
 02 09 20.7929 +10 08 34.688   42   57 2451462.64014028 18.4 R  OH
 02 09 20.6845 +10 08 34.112   42   57 2451462.64362292 18.4 R  OH
 02 09 20.5474 +10 08 33.375   42   57 2451462.64795949 18.5 R  OH
 02 09 20.4490 +10 08 32.863   42   57 2451462.65137442 18.4 R  OH
 02 09 20.3741 +10 08 32.463   42   57 2451462.65374653 18.3 R  OH
 02 06 50.9179 +09 55 56.510   97   42 2451467.45583310 18.5 R  OH
 02 06 50.7847 +09 55 55.915   97   42 2451467.45958090 18.5 R  OH
 02 06 50.5760 +09 55 54.807   97   42 2451467.46607049 18.7 R  OH
 02 06 49.6562 +09 55 50.349   97   42 2451467.49450833 18.5 R  OH
 02 06 49.4550 +09 55 49.381   97   42 2451467.50062986 18.4 R  OH
 02 06 49.2567 +09 55 48.391   97   42 2451467.50666296 18.4 R  OH
 02 06 49.1060 +09 55 47.676   97   42 2451467.51180694 18.3 R  OH
 02 06 48.5113 +09 55 44.742   97   42 2451467.52951736 18.5 R  OH
 01 53 25.8715 +08 52 17.056  114   86 2451492.39313912 18.6 R  OH
 01 53 25.6170 +08 52 15.768  114   86 2451492.40155440 18.7 R  OH
 01 53 25.3082 +08 52 14.426  114   86 2451492.41118414 18.7 R  OH
 01 53 25.0015 +08 52 13.131  114   86 2451492.42081331 18.7 R  OH
 01 53 24.7215 +08 52 11.884  114   86 2451492.43044039 18.7 R  OH
 01 52 52.4565 +08 49 49.737   28   40 2451493.49815440 18.0 R  OH
 01 52 52.3494 +08 49 49.308   28   40 2451493.50165891 18.2 R  OH
 01 52 52.1572 +08 49 48.496   28   40 2451493.50794653 18.0 R  OH
 01 52 52.0256 +08 49 47.912   28   40 2451493.51238623 18.1 R  OH
 01 52 51.8839 +08 49 47.263   28   40 2451493.51682350 18.0 R  OH
 01 52 51.7495 +08 49 46.791   28   40 2451493.52125671 18.1 R  OH
 01 52 51.6149 +08 49 46.102   28   40 2451493.52569873 18.1 R  OH
 01 52 51.4819 +08 49 45.584   28   40 2451493.53014525 18.0 R  OH
 01 52 51.3467 +08 49 45.015   28   40 2451493.53458542 18.0 R  OH
 01 52 51.0730 +08 49 43.795   28   40 2451493.54346424 18.1 R  OH
 01 52 50.9407 +08 49 43.234   28   40 2451493.54790255 18.0 R  OH
 01 44 50.2028 +08 17 47.723   37   40 2451512.45574537 19.2 R  OH
 01 44 50.1392 +08 17 47.431   37   40 2451512.45867176 19.0 R  OH
 01 44 49.9867 +08 17 47.014   37   40 2451512.46590961 18.9 R  OH
 01 44 49.9001 +08 17 46.659   37   40 2451512.47035046 18.9 R  OH
 01 44 49.8093 +08 17 46.371   37   40 2451512.47478495 18.8 R  OH
 01 44 49.7164 +08 17 46.149   37   40 2451512.47921458 18.9 R  OH
 01 44 49.6268 +08 17 45.763   37   40 2451512.48365208 18.9 R  OH
 01 44 49.5327 +08 17 45.519   37   40 2451512.48809572 19.0 R  OH
 01 44 32.6017 +08 16 49.802   49   49 2451513.35188576 18.6 R  OH
 01 44 32.5443 +08 16 49.488   49   49 2451513.35461991 17.5 R  OH
 01 44 32.4213 +08 16 49.179   49   49 2451513.36072187 18.4 R  OH
 01 44 32.2058 +08 16 48.520   49   49 2451513.37188611 18.6 R  OH
 01 44 32.0924 +08 16 48.144   49   49 2451513.37746435 18.6 R  OH
 01 44 31.9810 +08 16 47.813   49   49 2451513.38304201 18.6 R  OH
 01 44 13.7643 +08 15 49.739   80   55 2451514.33936817 18.7 R  OH
 01 44 13.7184 +08 15 49.487   80   55 2451514.34211146 18.7 R  OH
 01 44 13.5988 +08 15 49.243   80   55 2451514.34819479 18.8 R  OH
 01 44 13.4954 +08 15 48.945   80   55 2451514.35377419 18.8 R  OH
 01 44 13.3951 +08 15 48.635   80   55 2451514.35936007 18.8 R  OH
 01 44 13.2756 +08 15 48.306   80   55 2451514.36493924 18.8 R  OH
 01 44 13.1680 +08 15 47.921   80   55 2451514.37052130 18.9 R  OH
 01 42 46.4135 +08 11 43.821   73   31 2451519.48416435 18.9 R  OH
 01 42 46.3420 +08 11 43.699   73   31 2451519.48929734 18.9 R  OH
 01 42 46.2617 +08 11 43.447   73   31 2451519.49441470 18.8 R  OH
 01 42 46.0941 +08 11 43.076   73   31 2451519.50468380 18.9 R  OH
 01 42 34.3338 +08 11 15.296   31    6 2451520.30514259 18.7 R  OH
 01 42 34.1697 +08 11 14.958   31    6 2451520.31585093 18.9 R  OH
 01 42 34.0543 +08 11 14.698   31    6 2451520.32375694 18.8 R  OH
 01 42 33.9340 +08 11 14.428   31    6 2451520.33169062 18.8 R  OH
 01 42 33.8133 +08 11 14.178   31    6 2451520.33962419 18.9 R  OH
 01 42 33.5728 +08 11 13.652   31    6 2451520.35542049 18.7 R  OH
 01 42 33.4577 +08 11 13.400   31    6 2451520.36332986 18.8 R  OH
 06 58 11.4517 +22 37 41.476   33   18 2452234.51151586 19.2 R  OH
 06 58 11.3090 +22 37 42.016   33   18 2452234.52027002 18.9 R  OH
 06 58 11.2124 +22 37 42.418   33   18 2452234.52586701 18.9 R  OH
 06 58 11.1161 +22 37 42.787   33   18 2452234.53146227 18.9 R  OH
 06 58 11.0253 +22 37 43.147   33   18 2452234.53706076 19.0 R  OH
 06 58 10.9313 +22 37 43.489   33   18 2452234.54265799 18.9 R  OH
 06 58 10.8027 +22 37 43.994   33   18 2452234.55062674 18.9 R  OH
 06 57 53.2350 +22 38 52.439   32   10 2452235.61240961 18.9 R  OH
 06 57 53.1340 +22 38 52.765   32   10 2452235.61785532 18.9 R  OH
 06 57 53.0357 +22 38 53.143   32   10 2452235.62369861 18.9 R  OH
 06 57 52.9333 +22 38 53.522   32   10 2452235.62951921 18.8 R  OH
 06 57 52.8288 +22 38 53.907   32   10 2452235.63536597 18.9 R  OH
 06 57 52.7270 +22 38 54.290   32   10 2452235.64122546 18.9 R  OH
 06 57 52.6207 +22 38 54.649   32   10 2452235.64707361 18.9 R  OH
 06 57 52.5189 +22 38 55.026   32   10 2452235.65291852 18.9 R  OH
 06 57 52.4213 +22 38 55.413   32   10 2452235.65876944 19.0 R  OH
 06 47 05.7034 +23 11 23.299   54   17 2452261.55889225 18.4 R  OH
 06 47 05.5399 +23 11 23.677   54   17 2452261.56443900 18.5 R  OH
 06 47 05.3507 +23 11 24.145   54   17 2452261.57027905 18.8 R  OH
 06 47 05.1621 +23 11 24.618   54   17 2452261.57613160 18.8 R  OH
 06 47 04.9805 +23 11 25.084   54   17 2452261.58196944 18.7 R  OH
 06 47 04.7897 +23 11 25.556   54   17 2452261.58782257 18.7 R  OH
 06 47 04.5967 +23 11 26.007   54   17 2452261.59379213 18.8 R  OH
 06 47 04.4187 +23 11 26.458   54   17 2452261.59963333 18.7 R  OH
 06 47 04.2290 +23 11 26.929   54   17 2452261.60548160 18.7 R  OH
 06 47 04.0469 +23 11 27.367   54   17 2452261.61133160 18.7 R  OH
 06 45 30.8610 +23 15 22.036   88   71 2452264.56604387 18.5 R  OH
 06 45 30.6609 +23 15 22.591   88   71 2452264.57210301 18.6 R  OH
 06 45 30.4775 +23 15 22.905   88   71 2452264.57815880 18.8 R  OH
 06 45 30.2672 +23 15 23.389   88   71 2452264.58421968 18.6 R  OH
 06 45 03.0855 +23 16 30.810   46   27 2452265.43724641 18.8 R  OH
 06 45 02.9024 +23 16 31.253   46   27 2452265.44284630 18.6 R  OH
 06 45 02.7264 +23 16 31.650   46   27 2452265.44844248 18.4 R  OH
 06 45 02.5400 +23 16 32.135   46   27 2452265.45403009 18.6 R  OH
 06 34 45.9685 +23 39 39.886   78   22 2452284.52404815 18.3 R  OH
 06 34 45.7814 +23 39 40.230   78   22 2452284.53019340 18.7 R  OH
 06 34 45.6039 +23 39 40.610   78   22 2452284.53578681 18.6 R  OH
 06 34 45.4234 +23 39 40.948   78   22 2452284.54138623 18.6 R  OH
 06 34 45.2377 +23 39 41.265   78   22 2452284.54698113 18.7 R  OH
 06 34 45.0764 +23 39 41.615   78   22 2452284.55257882 18.6 R  OH
 06 33 48.7379 +23 41 37.969  102   53 2452286.39199028 18.2 R  OH
 06 33 48.5612 +23 41 38.283  102   53 2452286.39796377 18.7 R  OH
 06 33 48.3354 +23 41 38.842  102   53 2452286.40472164 18.6 R  OH
 06 33 48.1257 +23 41 39.246  102   53 2452286.41147650 18.7 R  OH
 06 33 47.9131 +23 41 39.678  102   53 2452286.41822500 18.5 R  OH
 06 33 47.7042 +23 41 40.128  102   53 2452286.42497604 18.5 R  OH
 06 23 31.1166 +24 01 59.162   76   92 2452313.43897442 19.0 R  OH
 06 23 31.0286 +24 01 59.505   76   92 2452313.44457211 19.0 R  OH
 06 23 30.9582 +24 01 59.534   76   92 2452313.45016933 18.9 R  OH
 06 23 30.8873 +24 01 59.601   76   92 2452313.45575972 18.9 R  OH
