   0.197   0.013  632.34  482.86 3.534    200.71   1121.05 23.827 23.435 99.999 18.070 17.679 99.999 99.999 99.999  0.186  0.763 99.999 99.999 99.999  99.999  99.999  99.999  99.999  0.054  0.055  0.015  0.012  0.054  0.042   17   15 99.999 99.999   99  23.980018986  -2.621630844 22 29 37.90 1998  8 14 2451040.43724421   180             R Cousins  1998/N19980814/P73988F1.FITS                       Sinope                1024  1024
   0.159  -0.026  640.83  622.96 3.395    371.99   1645.31 24.551 24.099 99.999 18.125 17.673 99.999 99.999 99.999  0.151  0.657 99.999 99.999 99.999  99.999  99.999  99.999  99.999  0.034  0.035  0.012  0.012  0.038  0.039   15   13 99.999 99.999   99  23.979927972  -2.622348327 22 52 42.93 1998  8 14 2451040.45327465   240             R Cousins  1998/N19980814/P73991F1.FITS                       Sinope                1024  1024
   0.114  -0.053  644.43  621.25 2.226    737.19   1797.59 25.276 24.732 99.999 18.107 17.564 99.999 99.999 99.999  0.169  0.703 99.999 99.999 99.999  99.999  99.999  99.999  99.999  0.024  0.024  0.013  0.012  0.040  0.039   15   13 99.999 99.999   99  23.979884926  -2.622685522 23  3 28.84 1998  8 14 2451040.46075046   240             R Cousins  1998/N19980814/P73993F1.FITS                       Sinope                1024  1024
   0.221  -0.019  645.95  620.50 2.413    443.12   1878.17 24.729 24.265 99.999 18.113 17.649 99.999 99.999 99.999  0.151  0.651 99.999 99.999 99.999  99.999  99.999  99.999  99.999  0.034  0.033  0.015  0.012  0.049  0.040   15   13 99.999 99.999   99  23.979865730  -2.622841440 23  8 52.32 1998  8 14 2451040.46449444   240             R Cousins  1998/N19980814/P73994F1.FITS                       Sinope                1024  1024
   0.177   0.010  642.74  620.10 2.827    427.89   2003.86 24.747 24.226 99.999 18.169 17.648 99.999 99.999 99.999  0.152  0.670 99.999 99.999 99.999  99.999  99.999  99.999  99.999  0.032  0.032  0.014  0.015  0.047  0.050   16   14 99.999 99.999   99  23.979750584  -2.623723984 23 37 56.77 1998  8 14 2451040.48468484   240             R Cousins  1998/N19980814/P73998F1.FITS                       Sinope                1024  1024
   0.098  -0.033  644.83  619.27 2.626    226.29   2095.25 24.459 24.072 99.999 18.572 18.185 99.999 99.999 99.999  0.151  0.615 99.999 99.999 99.999  99.999  99.999  99.999  99.999  0.060  0.059  0.013  0.015  0.043  0.051   16   14 99.999 99.999   99  23.979727950  -2.623900171 23 43 19.15 1998  8 14 2451040.48841609   240             R Cousins  1998/N19980814/P73999F1.FITS                       Sinope                1024  1024
   0.192   0.008  646.56  618.52 2.745    325.71   2066.16 24.538 24.075 99.999 18.256 17.793 99.999 99.999 99.999  0.147  0.657 99.999 99.999 99.999  99.999  99.999  99.999  99.999  0.038  0.038  0.013  0.013  0.042  0.045   16   14 99.999 99.999   99  23.979708482  -2.624053895 23 48 42.27 1998  8 14 2451040.49215590   240             R Cousins  1998/N19980814/P74000F1.FITS                       Sinope                1024  1024
   0.096  -0.027  648.24  617.57 3.234    296.57   2039.26 24.388 23.935 99.999 18.208 17.755 99.999 99.999 99.999  0.148  0.656 99.999 99.999 99.999  99.999  99.999  99.999  99.999  0.053  0.053  0.013  0.015  0.042  0.050   16   14 99.999 99.999   99  23.979685446  -2.624228476 23 54  5.30 1998  8 14 2451040.49589468   240             R Cousins  1998/N19980814/P74001F1.FITS                       Sinope                1024  1024
   0.182   0.023  656.46  613.84 2.707    455.67   2028.94 24.822 24.298 99.999 18.175 17.651 99.999 99.999 99.999  0.163  0.680 99.999 99.999 99.999  99.999  99.999  99.999  99.999  0.032  0.032  0.013  0.013  0.044  0.044   16   14 99.999 99.999   99  23.979588012  -2.624982984  0 19  9.88 1998  8 15 2451040.51330880   240             R Cousins  1998/N19980814/P74003F1.FITS                       Sinope                1024  1024
   0.173  -0.001  642.64  611.99 3.357    409.14   1990.20 24.731 24.119 99.999 18.201 17.589 99.999 99.999 99.999  0.150  0.701 99.999 99.999 99.999  99.999  99.999  99.999  99.999  0.040  0.043  0.013  0.014  0.043  0.046   16   14 99.999 99.999   99  23.979566562  -2.625154702  0 24 32.98 1998  8 15 2451040.51704838   240             R Cousins  1998/N19980814/P74004F1.FITS                       Sinope                1024  1024
   0.203   0.046  698.64  468.61 2.379     93.68    124.72 22.770 22.284 99.999 17.841 17.355 99.999 99.999 99.999  0.153  0.492 99.999 99.999 99.999  99.999  99.999  99.999  99.999  0.046  0.046  0.017  0.011  0.060  0.039   17   14 99.999 99.999   99   2.103098170  12.018369119 22 35  1.03 1999 10  9 2451461.44098414    30             R Cousins  1999/N19991009/P114366F1.FITS                      Sinope                1024  1024
   0.240   0.049  438.97  474.06 1.593    152.64    142.93 23.151 22.749 99.999 17.692 17.290 99.999 99.999 99.999  0.143  0.533 99.999 99.999 99.999  99.999  99.999  99.999  99.999  0.031  0.031  0.015  0.016  0.055  0.057   17   15 99.999 99.999   99   2.103072414  12.018220093 22 40 11.72 1999 10  9 2451461.44458009    30             R Cousins  1999/N19991009/P114367F1.FITS                      Sinope                1024  1024
   0.149   0.042  439.68  473.78 2.523    993.88   1227.04 25.179 24.381 99.999 17.685 16.888 99.999 99.999 99.999  0.130  0.730 99.999 99.999 99.999  99.999  99.999  99.999  99.999  0.017  0.017  0.017  0.019  0.051  0.059   15   13 99.999 99.999   99   2.103038136  12.018033233 22 46 33.63 1999 10  9 2451461.44900035   300             R Cousins  1999/N19991009/P114368F1.FITS                      Sinope                1024  1024
   0.200   0.067  442.90  472.45 2.653    669.04    776.92 24.738 24.102 99.999 17.674 17.038 99.999 99.999 99.999  0.170  0.634 99.999 99.999 99.999  99.999  99.999  99.999  99.999  0.015  0.015  0.016  0.018  0.053  0.061   16   14 99.999 99.999   99   2.102997183  12.017802336 22 54 45.32 1999 10  9 2451461.45469120   200             R Cousins  1999/N19991009/P114369F1.FITS                      Sinope                1024  1024
   0.140   0.078  445.47  471.62 2.500    722.13    784.11 24.788 24.141 99.999 17.641 16.995 99.999 99.999 99.999  0.208  0.721 99.999 99.999 99.999  99.999  99.999  99.999  99.999  0.025  0.025  0.014  0.018  0.052  0.067   17   15 99.999 99.999   99   2.102963849  12.017622657 23  1  2.52 1999 10  9 2451461.45905694   200             R Cousins  1999/N19991009/P114370F1.FITS                      Sinope                1024  1024
   0.206   0.077  447.82  470.55 2.398    783.53    757.49 24.884 24.143 99.999 17.649 16.908 99.999 99.999 99.999  0.206  0.688 99.999 99.999 99.999  99.999  99.999  99.999  99.999  0.017  0.017  0.014  0.017  0.051  0.060   17   15 99.999 99.999   99   2.102932852  12.017439508 23  7 20.56 1999 10  9 2451461.46343241   200             R Cousins  1999/N19991009/P114371F1.FITS                      Sinope                1024  1024
   0.182   0.078  449.87  470.04 2.285    760.23    782.72 24.823 24.203 99.999 17.620 17.000 99.999 99.999 99.999  0.183  0.628 99.999 99.999 99.999  99.999  99.999  99.999  99.999  0.014  0.014  0.015  0.016  0.054  0.057   17   15 99.999 99.999   99   2.102908272  12.017302812 23 12  2.81 1999 10  9 2451461.46669919   200             R Cousins  1999/N19991009/P114372F1.FITS                      Sinope                1024  1024
   0.138   0.078  451.49  469.18 2.129    951.51    776.73 25.040 24.346 99.999 17.594 16.900 99.999 99.999 99.999  0.218  0.711 99.999 99.999 99.999  99.999  99.999  99.999  99.999  0.014  0.014  0.016  0.019  0.053  0.065   16   14 99.999 99.999   99   2.102883371  12.017166043 23 16 45.10 1999 10  9 2451461.46996644   200             R Cousins  1999/N19991009/P114373F1.FITS                      Sinope                1024  1024
   0.195   0.077  453.45  468.50 1.957   1221.11    769.23 25.261 24.557 99.999 17.544 16.840 99.999 99.999 99.999  0.286  0.705 99.999 99.999 99.999  99.999  99.999  99.999  99.999  0.016  0.016  0.017  0.020  0.058  0.069   16   14 99.999 99.999   99   2.102860353  12.017029192 23 21 26.94 1999 10  9 2451461.47322847   200             R Cousins  1999/N19991009/P114374F1.FITS                      Sinope                1024  1024
   0.169   0.085  455.25  467.87 1.937   1350.55    761.27 25.423 24.747 99.999 17.597 16.921 99.999 99.999 99.999  0.330  0.719 99.999 99.999 99.999  99.999  99.999  99.999  99.999  0.026  0.026  0.018  0.020  0.063  0.069   16   14 99.999 99.999   99   2.102835726  12.016894360 23 26  9.45 1999 10  9 2451461.47649826   200             R Cousins  1999/N19991009/P114375F1.FITS                      Sinope                1024  1024
   0.200   0.083  457.31  467.06 2.014   1236.69    760.68 25.255 24.669 99.999 17.525 16.938 99.999 99.999 99.999  0.322  0.645 99.999 99.999 99.999  99.999  99.999  99.999  99.999  0.018  0.018  0.015  0.017  0.055  0.062   17   14 99.999 99.999   99   2.102812169  12.016756654 23 30 52.02 1999 10  9 2451461.47976875   200             R Cousins  1999/N19991009/P114376F1.FITS                      Sinope                1024  1024
   0.232   0.096  459.03  466.28 2.090   1051.76    772.30 25.127 24.430 99.999 17.572 16.875 99.999 99.999 99.999  0.243  0.712 99.999 99.999 99.999  99.999  99.999  99.999  99.999  0.013  0.013  0.018  0.021  0.061  0.073   16   14 99.999 99.999   99   2.102788677  12.016623208 23 35 34.37 1999 10  9 2451461.48303669   200             R Cousins  1999/N19991009/P114377F1.FITS                      Sinope                1024  1024
   0.246   0.018  516.29  440.53 2.104    746.01   1439.88 24.797 24.342 99.999 17.615 17.160 99.999 99.999 99.999  0.340  0.666 99.999 99.999 99.999  99.999  99.999  99.999  99.999  0.036  0.035  0.018  0.009  0.053  0.025   11    9 99.999 99.999   99   2.073453734  11.845014158 23  3 11.00 1999 10 13 2451465.46054398   240             R Cousins  1999/N19991013/P114582F1.FITS                      Sinope                1024  1024
   0.350  -0.068  517.09  438.16 1.949    303.30   1682.01 23.674 23.336 99.999 17.469 17.131 99.999 99.999 99.999  0.225  0.710 99.999 99.999 99.999  99.999  99.999  99.999  99.999  0.039  0.038  0.007  0.013  0.020  0.037   11    9 99.999 99.999   99   2.073425823  11.844820567 23  8 45.00 1999 10 13 2451465.46440972   240             R Cousins  1999/N19991013/P114583F1.FITS                      Sinope                1024  1024
   0.135   0.034  520.06  437.62 2.070    489.19   1492.40 24.401 23.976 99.999 17.677 17.252 99.999 99.999 99.999  0.263  0.594 99.999 99.999 99.999  99.999  99.999  99.999  99.999  0.037  0.037  0.015  0.018  0.043  0.052   11   10 99.999 99.999   99   2.073392615  11.844683138 23 14 10.46 1999 10 13 2451465.46817662   240             R Cousins  1999/N19991013/P114584F1.FITS                      Sinope                1024  1024
   0.185   0.015  522.08  436.78 2.065    900.23   1235.31 24.932 24.397 99.999 17.546 17.011 99.999 99.999 99.999  0.361  0.574 99.999 99.999 99.999  99.999  99.999  99.999  99.999  0.025  0.025  0.018  0.006  0.053  0.016   11    9 99.999 99.999   99   2.073362669  11.844502291 23 19 55.78 1999 10 13 2451465.47217338   240             R Cousins  1999/N19991013/P114585F1.FITS                      Sinope                1024  1024
   0.233   0.020  524.45  435.94 2.105    998.92   1158.03 25.057 24.559 99.999 17.558 17.060 99.999 99.999 99.999  0.256  0.643 99.999 99.999 99.999  99.999  99.999  99.999  99.999  0.016  0.016  0.018  0.008  0.052  0.023   11    9 99.999 99.999   99   2.073333577  11.844333147 23 25 30.95 1999 10 13 2451465.47605266   240             R Cousins  1999/N19991013/P114586F1.FITS                      Sinope                1024  1024
   0.250   0.071  526.68  435.15 2.086    771.24   1254.27 24.934 24.364 99.999 17.717 17.146 99.999 99.999 99.999  0.202  0.621 99.999 99.999 99.999  99.999  99.999  99.999  99.999  0.026  0.026  0.018  0.009  0.052  0.026   11    9 99.999 99.999   99   2.073305003  11.844182775 23 30 53.63 1999 10 13 2451465.47978738   240             R Cousins  1999/N19991013/P114587F1.FITS                      Sinope                1024  1024
   0.248   0.062  529.17  434.00 2.285    383.09   1421.28 24.097 23.791 99.999 17.639 17.332 99.999 99.999 99.999  0.298  0.527 99.999 99.999 99.999  99.999  99.999  99.999  99.999  0.004  0.004  0.015  0.018  0.045  0.054   11   10 99.999 99.999   99   2.073276090  11.844015897 23 36 16.24 1999 10 13 2451465.48352130   240             R Cousins  1999/N19991013/P114588F1.FITS                      Sinope                1024  1024
   0.171   0.002  725.18  479.42 1.952   1260.66   1060.68 25.553 24.696 99.999 17.802 16.945 99.999 99.999 99.999  0.256  0.793 99.999 99.999 99.999  99.999  99.999  99.999  99.999  0.016  0.016  0.008  0.028  0.018  0.066   13   12 99.999 99.999   99   2.057629489  11.752534887  0 52 39.92 1999 10 16 2451467.53657315   240             R Cousins  1999/N19991015/P114735F1.FITS                      Sinope                1024  1024
   0.200   0.056  727.31  478.61 1.961   1278.75   1079.30 25.639 24.915 99.999 17.873 17.148 99.999 99.999 99.999  0.232  0.722 99.999 99.999 99.999  99.999  99.999  99.999  99.999  0.022  0.022  0.011  0.028  0.026  0.065   13   12 99.999 99.999   99   2.057600511  11.752380833  0 58  4.07 1999 10 16 2451467.54032488   240             R Cousins  1999/N19991015/P114736F1.FITS                      Sinope                1024  1024
   0.198   0.049  729.65  477.68 2.141   1097.62   1066.58 25.483 24.757 99.999 17.882 17.156 99.999 99.999 99.999  0.230  0.720 99.999 99.999 99.999  99.999  99.999  99.999  99.999  0.015  0.015  0.008  0.028  0.017  0.065   13   12 99.999 99.999   99   2.057570933  11.752210083  1  3 27.88 1999 10 16 2451467.54407269   240             R Cousins  1999/N19991015/P114737F1.FITS                      Sinope                1024  1024
   0.287   0.081  731.86  476.71 2.812    602.27   1018.01 24.760 24.011 99.999 17.810 17.062 99.999 99.999 99.999  0.217  0.691 99.999 99.999 99.999  99.999  99.999  99.999  99.999  0.022  0.022  0.009  0.027  0.020  0.063   13   12 99.999 99.999   99   2.057543101  11.752049535  1  8 52.09 1999 10 16 2451467.54782512   240             R Cousins  1999/N19991015/P114738F1.FITS                      Sinope                1024  1024
   0.169   0.062  734.79  475.75 2.357    904.95   1006.91 25.141 24.497 99.999 17.749 17.105 99.999 99.999 99.999  0.234  0.679 99.999 99.999 99.999  99.999  99.999  99.999  99.999  0.013  0.013  0.009  0.026  0.020  0.059   13   12 99.999 99.999   99   2.057503641  11.751830825  1 15 40.57 1999 10 16 2451467.55255289   240             R Cousins  1999/N19991015/P114739F1.FITS                      Sinope                1024  1024
   0.227   0.088  737.41  474.88 2.495    701.24   1079.94 24.845 24.145 99.999 17.730 17.031 99.999 99.999 99.999  0.227  0.693 99.999 99.999 99.999  99.999  99.999  99.999  99.999  0.014  0.015  0.006  0.027  0.014  0.060   13   12 99.999 99.999   99   2.057473876  11.751661247  1 21 19.47 1999 10 16 2451467.55647535   240             R Cousins  1999/N19991015/P114740F1.FITS                      Sinope                1024  1024
   0.182   0.053  527.63  450.57 1.503    231.15    168.52 23.518 22.986 99.999 17.609 17.076 99.999 99.999 99.999  0.294  0.748 99.999 99.999 99.999  99.999  99.999  99.999  99.999  0.027  0.027  0.014  0.014  0.060  0.059   21   19 99.999 99.999   99   1.857958099  10.574771579 19 57 54.45 1999 11 10 2451493.33188021    20             R Cousins  1999/N19991110/P116760F1.FITS                      Sinope                1024  1024
   0.174   0.096  525.22  450.39 1.889    200.44    105.03 23.394 22.951 99.999 17.639 17.196 99.999 99.999 99.999  0.272  0.683 99.999 99.999 99.999  99.999  99.999  99.999  99.999  0.034  0.032  0.015  0.010  0.061  0.042   22   18 99.999 99.999   99   1.857932452  10.574635739 20  2 58.87 1999 11 10 2451493.33540359    20             R Cousins  1999/N19991110/P116761F1.FITS                      Sinope                1024  1024
   0.256  -0.043  525.76  449.71 1.511    157.71    146.50 23.289 22.865 99.999 17.795 17.370 99.999 99.999 99.999  0.246  0.677 99.999 99.999 99.999  99.999  99.999  99.999  99.999  0.045  0.045  0.013  0.012  0.052  0.049   22   19 99.999 99.999   99   1.857906481  10.574437883 20  8 26.84 1999 11 10 2451493.33919954    20             R Cousins  1999/N19991110/P116762F1.FITS                      Sinope                1024  1024
   0.172   0.091  528.26  448.53 1.514    209.03    131.57 23.466 23.097 99.999 17.666 17.296 99.999 99.999 99.999  0.278  0.696 99.999 99.999 99.999  99.999  99.999  99.999  99.999  0.029  0.029  0.013  0.012  0.051  0.048   19   16 99.999 99.999   99   1.857879377  10.574327193 20 13 31.45 1999 11 10 2451493.34272512    20             R Cousins  1999/N19991110/P116763F1.FITS                      Sinope                1024  1024
   0.187   0.075  531.16  448.01 1.979   1398.55   1285.49 25.495 24.901 99.999 17.631 17.037 99.999 99.999 99.999  0.498  0.778 99.999 99.999 99.999  99.999  99.999  99.999  99.999  0.029  0.029  0.017  0.014  0.068  0.056   20   17 99.999 99.999   99   1.857848995  10.574144878 20 19 36.92 1999 11 10 2451493.34695509   200             R Cousins  1999/N19991110/P116764F1.FITS                      Sinope                1024  1024
   0.237   0.096  533.01  447.31 1.802   1526.19   1283.26 25.650 24.979 99.999 17.691 17.020 99.999 99.999 99.999  0.577  0.893 99.999 99.999 99.999  99.999  99.999  99.999  99.999  0.019  0.019  0.013  0.013  0.055  0.054   22   19 99.999 99.999   99   1.857826269  10.574013783 20 24 19.09 1999 11 10 2451493.35022095   200             R Cousins  1999/N19991110/P116765F1.FITS                      Sinope                1024  1024
   0.224   0.021  534.64  446.70 2.060   1212.78   1278.28 25.483 24.882 99.999 17.774 17.173 99.999 99.999 99.999  0.483  0.804 99.999 99.999 99.999  99.999  99.999  99.999  99.999  0.028  0.028  0.013  0.013  0.053  0.053   21   17 99.999 99.999   99   1.857802330  10.573855495 20 29  1.59 1999 11 10 2451493.35349063   200             R Cousins  1999/N19991110/P116766F1.FITS                      Sinope                1024  1024
   0.192  -0.002  536.39  445.78 1.914   1332.19   1235.34 25.513 24.973 99.999 17.702 17.161 99.999 99.999 99.999  0.507  0.803 99.999 99.999 99.999  99.999  99.999  99.999  99.999  0.028  0.028  0.013  0.011  0.050  0.045   22   16 99.999 99.999   99   1.857777985  10.573711607 20 33 44.62 1999 11 10 2451493.35676644   200             R Cousins  1999/N19991110/P116767F1.FITS                      Sinope                1024  1024
   0.215   0.011  538.52  445.10 1.870   1415.51   1303.53 25.574 24.980 99.999 17.697 17.103 99.999 99.999 99.999  0.533  0.771 99.999 99.999 99.999  99.999  99.999  99.999  99.999  0.012  0.012  0.015  0.014  0.061  0.057   22   18 99.999 99.999   99   1.857754684  10.573577775 20 38 27.37 1999 11 10 2451493.36003900   200             R Cousins  1999/N19991110/P116768F1.FITS                      Sinope                1024  1024
   0.269  -0.004  540.14  444.29 1.576   1334.32   1438.35 25.591 25.012 99.999 17.778 17.199 99.999 99.999 99.999  0.509  0.802 99.999 99.999 99.999  99.999  99.999  99.999  99.999  0.021  0.021  0.015  0.016  0.061  0.062   21   17 99.999 99.999   99   1.857731979  10.573436197 20 43  9.89 1999 11 10 2451493.36330891   200             R Cousins  1999/N19991110/P116769F1.FITS                      Sinope                1024  1024
   0.185   0.086  662.40  439.16 2.152    213.62    200.23 23.905 23.186 99.999 18.081 17.362 99.999 99.999 99.999  0.329  0.687 99.999 99.999 99.999  99.999  99.999  99.999  99.999  0.024  0.024  0.016  0.021  0.041  0.052   18   14 99.999 99.999   99   1.736503418   9.839588347 21  4 54.29 1999 12  2 2451515.37840613    50             R Cousins  1999/N19991202/P117310F1.FITS                      Sinope                1024  1024
   0.164   0.072  663.03  438.76 2.519    178.91    187.18 23.717 23.049 99.999 18.085 17.417 99.999 99.999 99.999  0.325  0.676 99.999 99.999 99.999  99.999  99.999  99.999  99.999  0.007  0.007  0.020  0.019  0.051  0.048   18   14 99.999 99.999   99   1.736490577   9.839510689 21  9 37.44 1999 12  2 2451515.38168333    50             R Cousins  1999/N19991202/P117311F1.FITS                      Sinope                1024  1024
   0.184   0.132  546.05  435.73 3.661    301.26    746.12 24.467 23.785 99.999 18.270 17.588 99.999 99.999 99.999  0.217  0.609 99.999 99.999 99.999  99.999  99.999  99.999  99.999  0.030  0.030  0.021  0.026  0.051  0.062   13   10 99.999 99.999   99   1.736467838   9.839390113 21 18 22.81 1999 12  2 2451515.38776400   200             R Cousins  1999/N19991202/P117312F1.FITS                      Sinope                1024  1024
   0.153   0.125  547.04  435.22 3.067    428.74    744.98 24.719 23.988 99.999 18.139 17.408 99.999 99.999 99.999  0.357  0.630 99.999 99.999 99.999  99.999  99.999  99.999  99.999  0.020  0.020  0.019  0.023  0.044  0.054   14   10 99.999 99.999   99   1.736454844   9.839314537 21 23  5.28 1999 12  2 2451515.39103333   200             R Cousins  1999/N19991202/P117313F1.FITS                      Sinope                1024  1024
   0.167   0.089  547.90  435.01 2.602    560.45    762.58 24.993 24.274 99.999 18.122 17.403 99.999 99.999 99.999  0.356  0.646 99.999 99.999 99.999  99.999  99.999  99.999  99.999  0.021  0.021  0.019  0.022  0.046  0.052   14   10 99.999 99.999   99   1.736442661   9.839230445 21 27 48.40 1999 12  2 2451515.39431019   200             R Cousins  1999/N19991202/P117314F1.FITS                      Sinope                1024  1024
   0.209   0.113  549.05  434.57 2.540    566.86    752.65 25.091 24.321 99.999 18.207 17.437 99.999 99.999 99.999  0.229  0.666 99.999 99.999 99.999  99.999  99.999  99.999  99.999  0.022  0.022  0.024  0.023  0.056  0.054   13   10 99.999 99.999   99   1.736431040   9.839162978 21 32 31.30 1999 12  2 2451515.39758449   200             R Cousins  1999/N19991202/P117315F1.FITS                      Sinope                1024  1024
   0.202   0.104  550.08  434.15 2.105    831.54    762.42 25.443 24.714 99.999 18.144 17.415 99.999 99.999 99.999  0.252  0.666 99.999 99.999 99.999  99.999  99.999  99.999  99.999  0.014  0.013  0.022  0.023  0.052  0.053   13   10 99.999 99.999   99   1.736418484   9.839086757 21 37 14.02 1999 12  2 2451515.40085671   200             R Cousins  1999/N19991202/P117316F1.FITS                      Sinope                1024  1024
   0.171   0.112  550.94  433.94 2.094    991.05    757.64 25.587 24.903 99.999 18.097 17.413 99.999 99.999 99.999  0.289  0.673 99.999 99.999 99.999  99.999  99.999  99.999  99.999  0.014  0.014  0.021  0.021  0.049  0.049   13   10 99.999 99.999   99   1.736405547   9.839015164 21 41 56.06 1999 12  2 2451515.40412107   200             R Cousins  1999/N19991202/P117317F1.FITS                      Sinope                1024  1024
   0.222   0.062  956.35  406.31 3.063    523.44   1843.81 25.190 24.556 99.999 18.393 17.759 99.999 99.999 99.999  0.208  0.718 99.999 99.999 99.999  99.999  99.999  99.999  99.999  0.028  0.028  0.023  0.034  0.047  0.070   17   16 99.999 99.999   99   1.720579052   9.739674717 23 51  1.58 1999 12  7 2451520.49376829   300             R Cousins  1999/N19991207/P117951F1.FITS                      Sinope                1024  1024
   0.158   0.074  957.22  406.01 2.693    702.38   1947.86 25.352 24.844 99.999 18.235 17.727 99.999 99.999 99.999  0.319  0.757 99.999 99.999 99.999  99.999  99.999  99.999  99.999  0.025  0.025  0.024  0.022  0.047  0.045   18   13 99.999 99.999   99   1.720564489   9.739594394 23 58  9.96 1999 12  7 2451520.49872639   300             R Cousins  1999/N19991207/P117952F1.FITS                      Sinope                1024  1024
   0.142   0.048  599.28  402.85 2.508    877.12   2099.16 25.256 24.888 99.999 17.899 17.530 99.999 99.999 99.999  0.476  0.603 99.999 99.999 99.999  99.999  99.999  99.999  99.999  0.026  0.026  0.028  0.028  0.069  0.070   13   10 99.999 99.999   99   1.720538217   9.739423986  0 12  6.38 1999 12  8 2451520.50840718   330             R Cousins  1999/N19991207/P117953F1.FITS                      Sinope                1024  1024
   0.227   0.066  600.17  402.48 2.674    745.99   2224.64 25.178 24.612 99.999 17.996 17.430 99.999 99.999 99.999  0.347  0.677 99.999 99.999 99.999  99.999  99.999  99.999  99.999  0.022  0.021  0.023  0.026  0.064  0.072   12   12 99.999 99.999   99   1.720527050   9.739348227  0 18 58.57 1999 12  8 2451520.51317789   330             R Cousins  1999/N19991207/P117954F1.FITS                      Sinope                1024  1024
   0.204   0.039  601.65  401.80 2.361   1068.91   2468.96 25.458 25.068 99.999 17.886 17.496 99.999 99.999 99.999  0.445  0.657 99.999 99.999 99.999  99.999  99.999  99.999  99.999  0.019  0.019  0.020  0.022  0.056  0.061   13   11 99.999 99.999   99   1.720510157   9.739237051  0 27 51.12 1999 12  8 2451520.51934167   350             R Cousins  1999/N19991207/P117955F1.FITS                      Sinope                1024  1024
   0.044  -0.059  654.25  518.42 1.933    594.58   4507.53 24.890 24.647 99.999 17.955 17.712 99.999 99.999 99.999  0.512  0.708 99.999 99.999 99.999  99.999  99.999  99.999  99.999  0.037  0.035  0.011  0.022  0.033  0.063   14   11 99.999 99.999   99   1.718397446   9.725628486 20 56 47.48 1999 12  8 2451521.37277176   600             R Cousins  1999/N19991208/P118073F1.FITS                      Sinope                1024  1024
   0.061   0.084  656.41  517.72 1.938   1767.35   4754.03 26.134 25.665 99.999 18.015 17.547 99.999 99.999 99.999  0.549  0.746 99.999 99.999 99.999  99.999  99.999  99.999  99.999  0.019  0.019  0.014  0.028  0.037  0.074   10    8 99.999 99.999   99   1.718370871   9.725506574 21 11 47.16 1999 12  8 2451521.38318472   800             R Cousins  1999/N19991208/P118074F1.FITS                      Sinope                1024  1024
   0.108   0.075  658.59  516.59 2.044   3529.90   3485.04 26.719 26.344 99.999 17.850 17.474 99.999 99.999 99.999  0.751  0.754 99.999 99.999 99.999  99.999  99.999  99.999  99.999  0.010  0.010  0.013  0.037  0.030  0.082    9    6 99.999 99.999   99   1.718342175   9.725325274 21 28 20.19 1999 12  8 2451521.39467813   800             R Cousins  1999/N19991208/P118075F1.FITS                      Sinope                1024  1024
   0.223   0.045  660.81  515.72 1.998   3192.61   3099.01 26.699 26.312 99.999 17.939 17.552 99.999 99.999 99.999  0.742  0.754 99.999 99.999 99.999  99.999  99.999  99.999  99.999  0.017  0.017  0.014  0.027  0.036  0.071    9    8 99.999 99.999   99   1.718316588   9.725149025 21 43 53.13 1999 12  8 2451521.40547604   700             R Cousins  1999/N19991208/P118076F1.FITS                      Sinope                1024  1024
   0.241   0.036  662.95  514.86 2.072   3057.00   3074.01 26.679 26.188 99.999 17.966 17.475 99.999 99.999 99.999  0.694  0.753 99.999 99.999 99.999  99.999  99.999  99.999  99.999  0.001  0.001  0.009  0.026  0.023  0.069   10    8 99.999 99.999   99   1.718291506   9.724991617 21 58 10.40 1999 12  8 2451521.41539815   700             R Cousins  1999/N19991208/P118077F1.FITS                      Sinope                1024  1024
  -0.084  -0.117  383.21  487.90 2.790    600.63   2606.44 25.068 24.658 99.999 18.121 17.711 99.999 99.999 99.999  0.559  0.603 99.999 99.999 99.999  99.999  99.999  99.999  99.999  0.038  0.039  0.010  0.010  0.057  0.055   44   34 99.999 99.999   99   3.983175244  19.196654129 19  9 23.36 2000 12 21 2451900.29818704   330             R Cousins  2000/N20001221/P136918F1.FITS                      Sinope                1024  1024
   0.022  -0.131  385.78  487.57 1.277    197.18   3031.12 24.881 24.497 99.999 19.144 18.759 99.999 99.999 99.999  0.577  0.638 99.999 99.999 99.999  99.999  99.999  99.999  99.999  0.086  0.082  0.011  0.009  0.056  0.050   42   30 99.999 99.999   99   3.983139300  19.196604066 19 16 15.37 2000 12 21 2451900.30295567   330             R Cousins  2000/N20001221/P136919F1.FITS                      Sinope                1024  1024
  -0.023  -0.056  389.07  487.19 2.500    492.39   2489.00 24.964 24.587 99.999 18.233 17.857 99.999 99.999 99.999  0.595  0.543 99.999 99.999 99.999  99.999  99.999  99.999  99.999  0.033  0.032  0.011  0.009  0.056  0.050   45   31 99.999 99.999   99   3.983062151  19.196532349 19 30  0.78 2000 12 21 2451900.31250903   330             R Cousins  2000/N20001221/P136921F1.FITS                      Sinope                1024  1024
   0.029  -0.101  391.88  486.94 1.401    233.46   2673.36 25.125 24.673 99.999 19.204 18.752 99.999 99.999 99.999  0.582  0.633 99.999 99.999 99.999  99.999  99.999  99.999  99.999  0.000  0.000  0.010  0.011  0.054  0.056   41   30 99.999 99.999   99   3.983025033  19.196473310 19 36 53.52 2000 12 21 2451900.31728611   330             R Cousins  2000/N20001221/P136922F1.FITS                      Sinope                1024  1024
  -0.023  -0.159  394.86  486.63 4.190   1083.87   1787.24 25.202 24.761 99.999 17.615 17.174 99.999 99.999 99.999  0.604  0.635 99.999 99.999 99.999  99.999  99.999  99.999  99.999  0.042  0.041  0.011  0.011  0.055  0.054   40   28 99.999 99.999   99   3.982985847  19.196410481 19 43 46.28 2000 12 21 2451900.32206343   330             R Cousins  2000/N20001221/P136923F1.FITS                      Sinope                1024  1024
  -0.094  -0.162  400.60  486.18 2.413    451.94   2119.79 25.179 24.743 99.999 18.541 18.105 99.999 99.999 99.999  0.562  0.669 99.999 99.999 99.999  99.999  99.999  99.999  99.999  0.042  0.042  0.010  0.009  0.056  0.048   41   30 99.999 99.999   99   3.982908300  19.196316499 19 57 30.37 2000 12 21 2451900.33160150   330             R Cousins  2000/N20001221/P136925F1.FITS                      Sinope                1024  1024
   0.001  -0.057  403.33  486.05 2.869    500.91   2071.40 25.209 24.774 99.999 18.460 18.025 99.999 99.999 99.999  0.585  0.600 99.999 99.999 99.999  99.999  99.999  99.999  99.999  0.041  0.042  0.011  0.011  0.059  0.060   42   31 99.999 99.999   99   3.982871054  19.196297366 20  4 33.25 2000 12 21 2451900.33649595   330             R Cousins  2000/N20001221/P136926F1.FITS                      Sinope                1024  1024
   0.003  -0.070  715.23  469.00 3.412    368.99   1599.36 24.883 24.453 99.999 18.465 18.035 99.999 99.999 99.999  0.612  0.596 99.999 99.999 99.999  99.999  99.999  99.999  99.999  0.033  0.034  0.012  0.011  0.051  0.044   31   25 99.999 99.999   99   3.973850372  19.184811888  0  2 59.78 2000 12 23 2451901.50208079   300             R Cousins  2000/N20001222/P137031F1.FITS                      Sinope                1024  1024
  -0.107  -0.042  717.94  468.98 3.840    287.93   1565.55 24.711 24.374 99.999 18.563 18.226 99.999 99.999 99.999  0.616  0.546 99.999 99.999 99.999  99.999  99.999  99.999  99.999  0.002  0.002  0.014  0.011  0.059  0.046   31   25 99.999 99.999   99   3.973812900  19.184773879  0  9 33.28 2000 12 23 2451901.50663519   300             R Cousins  2000/N20001222/P137032F1.FITS                      Sinope                1024  1024
  -0.048  -0.079  720.54  468.61 2.696    302.78   1694.58 25.007 24.572 99.999 18.804 18.369 99.999 99.999 99.999  0.602  0.597 99.999 99.999 99.999  99.999  99.999  99.999  99.999  0.041  0.041  0.013  0.011  0.054  0.044   32   25 99.999 99.999   99   3.973778856  19.184718119  0 16  5.80 2000 12 23 2451901.51117824   300             R Cousins  2000/N20001222/P137033F1.FITS                      Sinope                1024  1024
  -0.105  -0.129  723.16  468.34 2.817    305.92   1626.95 24.926 24.453 99.999 18.712 18.239 99.999 99.999 99.999  0.618  0.611 99.999 99.999 99.999  99.999  99.999  99.999  99.999  0.053  0.052  0.013  0.011  0.052  0.047   32   25 99.999 99.999   99   3.973743423  19.184659500  0 22 28.58 2000 12 23 2451901.51560856   300             R Cousins  2000/N20001222/P137034F1.FITS                      Sinope                1024  1024
  -0.028  -0.095  725.54  468.24 3.148    150.77   1651.30 24.439 24.064 99.999 18.994 18.618 99.999 99.999 99.999  0.612  0.543 99.999 99.999 99.999  99.999  99.999  99.999  99.999  0.083  0.084  0.013  0.011  0.054  0.046   31   26 99.999 99.999   99   3.973710569  19.184623775  0 28 52.23 2000 12 23 2451901.52004896   300             R Cousins  2000/N20001222/P137035F1.FITS                      Sinope                1024  1024
  -0.130  -0.164  728.31  467.76 4.434    392.87   1443.76 24.688 24.228 99.999 18.202 17.742 99.999 99.999 99.999  0.620  0.592 99.999 99.999 99.999  99.999  99.999  99.999  99.999  0.047  0.048  0.012  0.011  0.047  0.043   32   24 99.999 99.999   99   3.973674257  19.184559629  0 35 15.53 2000 12 23 2451901.52448530   300             R Cousins  2000/N20001222/P137036F1.FITS                      Sinope                1024  1024
  -0.241   0.108  864.49  384.34 3.735     59.84     85.90 22.787 22.707 99.999 18.345 18.265 99.999 99.999 99.999  0.376  0.525 99.999 99.999 99.999  99.999  99.999  99.999  99.999  0.018  0.018  0.008  0.009  0.047  0.050  108   85 99.999 99.999   99   7.251520049  22.841377212  4  3 24.24 2001 11 21 2452234.66903056    30             R Cousins  2001/N20011120/P147601F1.FITS                      Sinope                1024  1024
  -0.356  -0.120  614.81  469.47 3.759    112.37     51.16 22.983 22.799 99.999 17.856 17.672 99.999 99.999 99.999  0.546  0.625 99.999 99.999 99.999  99.999  99.999  99.999  99.999  0.063  0.060  0.005  0.005  0.044  0.049  113   90 99.999 99.999   99   7.251505593  22.841331147  4  7 23.66 2001 11 21 2452234.67180162    30             R Cousins  2001/N20011120/P147602F1.FITS                      Sinope                1024  1024
  -0.233  -0.099  614.58  470.10 2.656    420.00    958.70 25.193 24.932 99.999 18.635 18.374 99.999 99.999 99.999  0.574  0.689 99.999 99.999 99.999  99.999  99.999  99.999  99.999  0.049  0.050  0.005  0.005  0.044  0.043  111   86 99.999 99.999   99   7.251492178  22.841359203  4 12 36.64 2001 11 21 2452234.67542407   250             R Cousins  2001/N20011120/P147603F1.FITS                      Sinope                1024  1024
  -0.325  -0.013  616.28  470.61 2.403    454.72   1019.30 25.290 25.009 99.999 18.646 18.365 99.999 99.999 99.999  0.580  0.683 99.999 99.999 99.999  99.999  99.999  99.999  99.999  0.047  0.047  0.005  0.005  0.043  0.043  113   87 99.999 99.999   99   7.251473447  22.841406630  4 18  9.61 2001 11 21 2452234.67927789   250             R Cousins  2001/N20011120/P147604F1.FITS                      Sinope                1024  1024
  -0.342   0.068  617.29  471.07 3.649    529.94    850.44 25.216 24.964 99.999 18.406 18.154 99.999 99.999 99.999  0.566  0.645 99.999 99.999 99.999  99.999  99.999  99.999  99.999  0.052  0.055  0.005  0.005  0.042  0.048  111   86 99.999 99.999   99   7.251456186  22.841452648  4 23 43.24 2001 11 21 2452234.68313935   250             R Cousins  2001/N20011120/P147605F1.FITS                      Sinope                1024  1024
  -0.238  -0.026  618.48  471.00 2.546    438.90   1000.96 25.225 24.963 99.999 18.619 18.357 99.999 99.999 99.999  0.561  0.665 99.999 99.999 99.999  99.999  99.999  99.999  99.999  0.041  0.041  0.005  0.006  0.042  0.048  111   84 99.999 99.999   99   7.251441379  22.841450336  4 29 16.05 2001 11 21 2452234.68699132   250             R Cousins  2001/N20011120/P147606F1.FITS                      Sinope                1024  1024
  -0.267  -0.081  619.63  470.75 2.927    403.13    946.99 25.099 24.945 99.999 18.585 18.431 99.999 99.999 99.999  0.565  0.585 99.999 99.999 99.999  99.999  99.999  99.999  99.999  0.050  0.050  0.005  0.005  0.041  0.047  112   83 99.999 99.999   99   7.251423904  22.841458363  4 34 49.16 2001 11 21 2452234.69084676   250             R Cousins  2001/N20011120/P147607F1.FITS                      Sinope                1024  1024
  -0.281  -0.020  621.00  471.20 2.742    440.26    990.74 25.155 24.887 99.999 18.546 18.278 99.999 99.999 99.999  0.516  0.663 99.999 99.999 99.999  99.999  99.999  99.999  99.999  0.014  0.013  0.005  0.005  0.045  0.047  111   87 99.999 99.999   99   7.251406572  22.841498922  4 40 25.97 2001 11 21 2452234.69474502   250             R Cousins  2001/N20011120/P147608F1.FITS                      Sinope                1024  1024
  -0.001  -0.032  524.87  547.28 3.395    194.51   1534.64 24.517 24.043 99.999 18.795 18.321 99.999 99.999 99.999  0.398  0.602 99.999 99.999 99.999  99.999  99.999  99.999  99.999  0.202  0.096  0.006  0.005  0.047  0.043  103   84 99.999 99.999   99   7.242810433  22.854705326  3 11 35.89 2001 11 23 2452236.63305428   350             R Cousins  2001/N20011122/P147823F1.FITS                      Sinope                1024  1024
   0.011   0.019  528.28  547.83 3.711    285.04   1468.40 24.584 24.077 99.999 18.446 17.940 99.999 99.999 99.999  0.406  0.632 99.999 99.999 99.999  99.999  99.999  99.999  99.999  0.045  0.045  0.005  0.005  0.048  0.045  100   84 99.999 99.999   99   7.242762081  22.854789366  3 26  2.74 2001 11 23 2452236.64308727   350             R Cousins  2001/N20011122/P147825F1.FITS                      Sinope                1024  1024
   0.044   0.037  530.28  548.13 3.964    259.06   1348.10 24.525 24.027 99.999 18.491 17.993 99.999 99.999 99.999  0.404  0.614 99.999 99.999 99.999  99.999  99.999  99.999  99.999  0.052  0.052  0.006  0.005  0.048  0.046  101   84 99.999 99.999   99   7.242738435  22.854829413  3 33 16.65 2001 11 23 2452236.64810938   350             R Cousins  2001/N20011122/P147826F1.FITS                      Sinope                1024  1024
  -0.234  -0.068  513.75  443.83 2.247    733.62    997.77 25.478 25.080 99.999 18.314 17.917 99.999 99.999 99.999  0.251  0.603 99.999 99.999 99.999  99.999  99.999  99.999  99.999  0.033  0.033  0.004  0.005  0.043  0.048  127   96 99.999 99.999   99   7.055469403  23.113248436  2 28 56.60 2001 12 19 2452262.60343287   240             R Cousins  2001/N20011218/P149447F1.FITS                      Sinope                1024  1024
  -0.269  -0.056  516.40  444.11 2.063    711.99   1028.20 25.529 25.131 99.999 18.398 18.000 99.999 99.999 99.999  0.291  0.619 99.999 99.999 99.999  99.999  99.999  99.999  99.999  0.033  0.033  0.005  0.005  0.045  0.046  125   95 99.999 99.999   99   7.055433424  23.113292402  2 34 19.92 2001 12 19 2452262.60717500   240             R Cousins  2001/N20011218/P149448F1.FITS                      Sinope                1024  1024
  -0.277  -0.080  518.96  444.30 2.295    713.84    977.59 25.431 25.028 99.999 18.297 17.894 99.999 99.999 99.999  0.227  0.608 99.999 99.999 99.999  99.999  99.999  99.999  99.999  0.029  0.029  0.005  0.005  0.044  0.045  124   95 99.999 99.999   99   7.055398002  23.113326264  2 39 43.22 2001 12 19 2452262.61091690   240             R Cousins  2001/N20011218/P149449F1.FITS                      Sinope                1024  1024
  -0.236  -0.037  521.68  444.63 2.152    661.03   1021.94 25.455 25.071 99.999 18.404 18.021 99.999 99.999 99.999  0.281  0.626 99.999 99.999 99.999  99.999  99.999  99.999  99.999  0.040  0.040  0.005  0.005  0.045  0.048  125   96 99.999 99.999   99   7.055363495  23.113379074  2 45  7.09 2001 12 19 2452262.61466539   240             R Cousins  2001/N20011218/P149450F1.FITS                      Sinope                1024  1024
  -0.254  -0.072  524.13  444.71 2.284    724.51    980.41 25.519 25.096 99.999 18.369 17.946 99.999 99.999 99.999  0.230  0.604 99.999 99.999 99.999  99.999  99.999  99.999  99.999  0.027  0.027  0.005  0.005  0.047  0.048  124   99 99.999 99.999   99   7.055327856  23.113409848  2 50 30.45 2001 12 19 2452262.61840799   240             R Cousins  2001/N20011218/P149451F1.FITS                      Sinope                1024  1024
  -0.204  -0.048  526.72  445.01 2.219    719.88   1005.60 25.518 25.099 99.999 18.374 17.956 99.999 99.999 99.999  0.231  0.618 99.999 99.999 99.999  99.999  99.999  99.999  99.999  0.028  0.028  0.005  0.005  0.047  0.048  124   99 99.999 99.999   99   7.055293534  23.113457049  2 55 54.60 2001 12 19 2452262.62215972   240             R Cousins  2001/N20011218/P149452F1.FITS                      Sinope                1024  1024
  -0.307  -0.054  529.43  445.18 1.961    739.52   1063.56 25.538 25.138 99.999 18.366 17.966 99.999 99.999 99.999  0.283  0.618 99.999 99.999 99.999  99.999  99.999  99.999  99.999  0.022  0.022  0.005  0.005  0.046  0.049  125   98 99.999 99.999   99   7.055256069  23.113495827  3  1 19.27 2001 12 19 2452262.62591748   240             R Cousins  2001/N20011218/P149453F1.FITS                      Sinope                1024  1024
  -0.226  -0.054  531.75  445.53 2.240    739.00   1024.05 25.527 25.106 99.999 18.355 17.935 99.999 99.999 99.999  0.278  0.627 99.999 99.999 99.999  99.999  99.999  99.999  99.999  0.031  0.031  0.005  0.005  0.048  0.051  126  100 99.999 99.999   99   7.055222430  23.113536222  3  6 43.07 2001 12 19 2452262.62966516   240             R Cousins  2001/N20011218/P149454F1.FITS                      Sinope                1024  1024
  -0.247  -0.021  534.46  445.80 2.041    739.42   1070.49 25.600 25.181 99.999 18.427 18.009 99.999 99.999 99.999  0.247  0.620 99.999 99.999 99.999  99.999  99.999  99.999  99.999  0.031  0.031  0.005  0.005  0.046  0.048  126   98 99.999 99.999   99   7.055186778  23.113585599  3 12  6.23 2001 12 19 2452262.63340544   240             R Cousins  2001/N20011218/P149455F1.FITS                      Sinope                1024  1024
  -0.250  -0.046  537.08  446.00 2.102    774.80   1036.28 25.564 25.133 99.999 18.341 17.910 99.999 99.999 99.999  0.253  0.636 99.999 99.999 99.999  99.999  99.999  99.999  99.999  0.023  0.023  0.005  0.004  0.049  0.041  127   95 99.999 99.999   99   7.055151418  23.113618779  3 17 30.41 2001 12 19 2452262.63715752   240             R Cousins  2001/N20011218/P149456F1.FITS                      Sinope                1024  1024
  -0.119  -0.128  609.58  373.74 2.511     47.09    125.20 22.265 22.039 99.999 18.083 17.857 99.999 99.999 99.999  0.333  0.500 99.999 99.999 99.999  99.999  99.999  99.999  99.999  0.093  0.093  0.006  0.006  0.047  0.049  120   96 99.999 99.999   99   7.038442011  23.133834096 22 15 38.75 2001 12 20 2452264.42753183    30             R Cousins  2001/N20011220/P149626F1.FITS                      Sinope                1024  1024
  -0.229  -0.093  600.02  374.40 3.454    345.73    917.75 24.423 23.997 99.999 18.076 17.650 99.999 99.999 99.999  0.337  0.640 99.999 99.999 99.999  99.999  99.999  99.999  99.999  0.029  0.029  0.006  0.007  0.045  0.054  117   94 99.999 99.999   99   7.038384185  23.133912833 22 23 59.54 2001 12 20 2452264.43332801   240             R Cousins  2001/N20011220/P149627F1.FITS                      Sinope                1024  1024
  -0.257  -0.058  602.89  374.69 3.819    307.20    914.56 24.357 23.976 99.999 18.139 17.758 99.999 99.999 99.999  0.344  0.584 99.999 99.999 99.999  99.999  99.999  99.999  99.999  0.035  0.035  0.006  0.007  0.046  0.054  117   94 99.999 99.999   99   7.038347596  23.133966821 22 29 23.69 2001 12 20 2452264.43707975   240             R Cousins  2001/N20011220/P149628F1.FITS                      Sinope                1024  1024
  -0.309  -0.026  605.56  375.04 3.433    345.03    955.70 24.440 24.047 99.999 18.096 17.702 99.999 99.999 99.999  0.337  0.587 99.999 99.999 99.999  99.999  99.999  99.999  99.999  0.028  0.028  0.006  0.007  0.046  0.054  115   94 99.999 99.999   99   7.038310573  23.134019949 22 34 47.55 2001 12 20 2452264.44082812   240             R Cousins  2001/N20011220/P149629F1.FITS                      Sinope                1024  1024
  -0.198  -0.045  608.03  375.18 3.178    416.54    935.22 24.646 24.249 99.999 18.097 17.700 99.999 99.999 99.999  0.349  0.605 99.999 99.999 99.999  99.999  99.999  99.999  99.999  0.027  0.027  0.006  0.007  0.049  0.056  117   99 99.999 99.999   99   7.038276874  23.134058818 22 40 10.84 2001 12 20 2452264.44456991   240             R Cousins  2001/N20011220/P149630F1.FITS                      Sinope                1024  1024
  -0.272  -0.017  610.65  375.42 3.546    333.83    936.40 24.459 24.050 99.999 18.150 17.742 99.999 99.999 99.999  0.337  0.617 99.999 99.999 99.999  99.999  99.999  99.999  99.999  0.028  0.028  0.005  0.007  0.042  0.057  117   94 99.999 99.999   99   7.038239420  23.134110826 22 45 34.36 2001 12 20 2452264.44831435   240             R Cousins  2001/N20011220/P149631F1.FITS                      Sinope                1024  1024
  -0.324  -0.055  545.22  494.96 1.962    147.25    125.64 23.252 22.967 99.999 17.832 17.547 99.999 99.999 99.999  0.405  0.575 99.999 99.999 99.999  99.999  99.999  99.999  99.999  0.048  0.049  0.005  0.005  0.053  0.053  161  125 99.999 99.999   99   6.840413943  23.335104990 21 12 19.42 2002  1  9 2452284.38355810    30             R Cousins  2002/N20020109/P149874F1.FITS                      Sinope                1024  1024
  -0.257  -0.051  545.85  494.97 2.024   1409.22   1167.23 25.806 25.470 99.999 17.934 17.597 99.999 99.999 99.999  0.515  0.684 99.999 99.999 99.999  99.999  99.999  99.999  99.999  0.034  0.034  0.005  0.005  0.054  0.053  155  117 99.999 99.999   99   6.840376266  23.335139710 21 17 53.48 2002  1  9 2452284.38742454   280             R Cousins  2002/N20020109/P149875F1.FITS                      Sinope                1024  1024
  -0.277  -0.067  549.12  495.11 1.970   1459.20   1169.46 25.830 25.494 99.999 17.920 17.584 99.999 99.999 99.999  0.522  0.697 99.999 99.999 99.999  99.999  99.999  99.999  99.999  0.041  0.041  0.006  0.005  0.056  0.053  153  115 99.999 99.999   99   6.840333385  23.335171966 21 23 57.02 2002  1  9 2452284.39163218   280             R Cousins  2002/N20020109/P149876F1.FITS                      Sinope                1024  1024
  -0.302  -0.055  552.17  495.32 1.877   1383.17   1192.46 25.831 25.510 99.999 17.979 17.658 99.999 99.999 99.999  0.538  0.700 99.999 99.999 99.999  99.999  99.999  99.999  99.999  0.032  0.032  0.006  0.006  0.059  0.052  150  103 99.999 99.999   99   6.840290466  23.335211772 21 29 59.74 2002  1  9 2452284.39583032   280             R Cousins  2002/N20020109/P149877F1.FITS                      Sinope                1024  1024
  -0.251  -0.077  555.26  495.65 1.890   1443.38   1151.28 25.863 25.498 99.999 17.964 17.600 99.999 99.999 99.999  0.507  0.689 99.999 99.999 99.999  99.999  99.999  99.999  99.999  0.026  0.026  0.006  0.006  0.055  0.055  146  106 99.999 99.999   99   6.840249021  23.335241933 21 36  3.12 2002  1  9 2452284.40003611   280             R Cousins  2002/N20020109/P149878F1.FITS                      Sinope                1024  1024
  -0.321  -0.080  558.55  495.77 1.738   1458.57   1212.73 25.940 25.581 99.999 18.030 17.671 99.999 99.999 99.999  0.517  0.701 99.999 99.999 99.999  99.999  99.999  99.999  99.999  0.037  0.037  0.006  0.006  0.057  0.053  148  106 99.999 99.999   99   6.840205194  23.335277390 21 42  5.99 2002  1  9 2452284.40423600   280             R Cousins  2002/N20020109/P149879F1.FITS                      Sinope                1024  1024
  -0.281  -0.072  561.39  495.93 1.941   1258.80   1165.92 25.719 25.349 99.999 17.970 17.599 99.999 99.999 99.999  0.516  0.694 99.999 99.999 99.999  99.999  99.999  99.999  99.999  0.032  0.032  0.006  0.006  0.055  0.054  153  110 99.999 99.999   99   6.840163554  23.335315738 21 48  9.04 2002  1  9 2452284.40843796   280             R Cousins  2002/N20020109/P149880F1.FITS                      Sinope                1024  1024
  -0.255  -0.046  564.52  496.23 1.802   1298.95   1190.07 25.810 25.446 99.999 18.026 17.662 99.999 99.999 99.999  0.504  0.682 99.999 99.999 99.999  99.999  99.999  99.999  99.999  0.044  0.044  0.006  0.005  0.055  0.051  152  115 99.999 99.999   99   6.840121631  23.335358918 21 54 11.91 2002  1  9 2452284.41263785   280             R Cousins  2002/N20020109/P149881F1.FITS                      Sinope                1024  1024
  -0.294  -0.031  567.58  496.44 1.888   1346.26   1136.09 25.853 25.473 99.999 18.030 17.650 99.999 99.999 99.999  0.489  0.691 99.999 99.999 99.999  99.999  99.999  99.999  99.999  0.035  0.035  0.006  0.005  0.057  0.051  149  113 99.999 99.999   99   6.840078377  23.335399204 22  0 14.96 2002  1  9 2452284.41683981   280             R Cousins  2002/N20020109/P149882F1.FITS                      Sinope                1024  1024
  -0.292  -0.100  619.52  479.07 1.329    264.22   2022.75 25.166 24.848 99.999 19.111 18.793 99.999 99.999 99.999  0.208  0.514 99.999 99.999 99.999  99.999  99.999  99.999  99.999  0.006  0.006  0.004  0.004  0.048  0.047  194  148 99.999 99.999   99   6.598856904  23.465639194 23 15 52.47 2002  2  7 2452313.46935729   300             R Cousins  2002/N20020207/p152267f1.fits                      Sinope                1024  1024
  -0.192  -0.034  641.20  487.76 2.140    455.69   1700.61 25.370 25.037 99.999 18.723 18.390 99.999 99.999 99.999  0.186  0.520 99.999 99.999 99.999  99.999  99.999  99.999  99.999  0.011  0.011  0.004  0.004  0.047  0.045  190  152 99.999 99.999   99   6.598638713  23.465664854  0  8 15.21 2002  2  8 2452313.50573160   330             R Cousins  2002/N20020207/p152277f1.fits                      Sinope                1024  1024
  -0.229  -0.011  643.40  487.60 2.856    382.97   1559.14 25.117 24.779 99.999 18.659 18.321 99.999 99.999 99.999  0.178  0.520 99.999 99.999 99.999  99.999  99.999  99.999  99.999  0.031  0.031  0.004  0.004  0.044  0.043  187  150 99.999 99.999   99   6.598609072  23.465671762  0 15  8.63 2002  2  8 2452313.51051655   330             R Cousins  2002/N20020207/p152278f1.fits                      Sinope                1024  1024
  -0.262  -0.079  645.89  487.40 2.520    437.13   1578.12 25.156 24.821 99.999 18.554 18.219 99.999 99.999 99.999  0.176  0.514 99.999 99.999 99.999  99.999  99.999  99.999  99.999  0.028  0.028  0.004  0.004  0.044  0.041  186  148 99.999 99.999   99   6.598579598  23.465652980  0 22  1.37 2002  2  8 2452313.51529363   330             R Cousins  2002/N20020207/p152279f1.fits                      Sinope                1024  1024
  -0.298  -0.051  647.74  487.24 3.175    389.84   1514.89 25.064 24.753 99.999 18.587 18.276 99.999 99.999 99.999  0.176  0.473 99.999 99.999 99.999  99.999  99.999  99.999  99.999  0.033  0.033  0.004  0.004  0.044  0.043  184  146 99.999 99.999   99   6.598550031  23.465661143  0 28 54.95 2002  2  8 2452313.52008044   330             R Cousins  2002/N20020207/p152280f1.fits                      Sinope                1024  1024
  -0.352  -0.080  649.75  487.23 2.499    551.92   1559.68 25.377 25.016 99.999 18.522 18.161 99.999 99.999 99.999  0.196  0.526 99.999 99.999 99.999  99.999  99.999  99.999  99.999  0.028  0.028  0.004  0.004  0.046  0.047  183  151 99.999 99.999   99   6.598520177  23.465653419  0 35 47.75 2002  2  8 2452313.52485822   330             R Cousins  2002/N20020207/p152281f1.fits                      Sinope                1024  1024
  -0.271  -0.074  537.17  527.89 1.799    660.85   2074.34 25.391 25.173 99.999 18.341 18.123 99.999 99.999 99.999  0.358  0.501 99.999 99.999 99.999  99.999  99.999  99.999  99.999  0.034  0.034  0.004  0.004  0.045  0.048  210  162 99.999 99.999   99   6.593277829  23.466353857 22 16 51.18 2002  2  8 2452314.42837014   300             R Cousins  2002/N20020208/P152349F1.FITS                      Sinope                1024  1024
  -0.203  -0.102  538.88  527.74 1.772    864.98   1864.29 25.593 25.360 99.999 18.251 18.017 99.999 99.999 99.999  0.350  0.530 99.999 99.999 99.999  99.999  99.999  99.999  99.999  0.038  0.036  0.004  0.004  0.046  0.053  205  157 99.999 99.999   99   6.593253035  23.466347214 22 23 14.91 2002  2  8 2452314.43281146   300             R Cousins  2002/N20020208/P152350F1.FITS                      Sinope                1024  1024
  -0.254  -0.074  541.28  527.74 1.900    603.97   2136.58 25.206 24.982 99.999 18.254 18.029 99.999 99.999 99.999  0.323  0.467 99.999 99.999 99.999  99.999  99.999  99.999  99.999  0.029  0.029  0.003  0.004  0.044  0.046  209  162 99.999 99.999   99   6.593225853  23.466356245 22 29 39.24 2002  2  8 2452314.43725972   300             R Cousins  2002/N20020208/P152351F1.FITS                      Sinope                1024  1024
  -0.246  -0.092  543.17  527.73 2.154    630.67   1950.01 25.302 25.090 99.999 18.303 18.091 99.999 99.999 99.999  0.355  0.512 99.999 99.999 99.999  99.999  99.999  99.999  99.999  0.032  0.032  0.003  0.004  0.043  0.047  208  161 99.999 99.999   99   6.593199814  23.466352030 22 36  3.58 2002  2  8 2452314.44170810   300             R Cousins  2002/N20020208/P152352F1.FITS                      Sinope                1024  1024
  -0.244  -0.121  545.19  527.63 2.579    748.80   1684.28 25.292 25.067 99.999 18.106 17.881 99.999 99.999 99.999  0.326  0.488 99.999 99.999 99.999  99.999  99.999  99.999  99.999  0.029  0.027  0.004  0.004  0.045  0.047  207  164 99.999 99.999   99   6.593173691  23.466344720 22 42 28.15 2002  2  8 2452314.44615914   300             R Cousins  2002/N20020208/P152353F1.FITS                      Sinope                1024  1024
  -0.295  -0.116  545.56  584.03 2.189    178.36   1400.26 24.169 23.749 99.999 18.541 18.120 99.999 99.999 99.999  0.620  0.632 99.999 99.999 99.999  99.999  99.999  99.999  99.999  0.067  0.068  0.010  0.006  0.042  0.025   25   19 99.999 99.999   99   9.021861187  17.499289854 23 49 48.37 2003  1 28 2452668.49292095   220             R Cousins  2003/N20030128/p162662f1.fits                      Sinope                1024  1024
  -0.350  -0.104  547.87  585.13 2.990    218.06   1348.91 24.171 23.671 99.999 18.324 17.825 99.999 99.999 99.999  0.617  0.668 99.999 99.999 99.999  99.999  99.999  99.999  99.999  0.053  0.053  0.009  0.007  0.035  0.027   25   19 99.999 99.999   99   9.021832124  17.499445106 23 54 51.45 2003  1 28 2452668.49642882   220             R Cousins  2003/N20030128/p162663f1.fits                      Sinope                1024  1024
  -0.301  -0.065  550.07  586.14 3.281    309.49   1312.72 24.325 23.813 99.999 18.098 17.586 99.999 99.999 99.999  0.626  0.671 99.999 99.999 99.999  99.999  99.999  99.999  99.999  0.003  0.003  0.010  0.007  0.039  0.028   25   19 99.999 99.999   99   9.021805049  17.499607787 23 59 54.83 2003  1 28 2452668.49994016   220             R Cousins  2003/N20030128/p162664f1.fits                      Sinope                1024  1024
  -0.271  -0.088  552.39  586.82 3.342    247.89   1330.12 24.208 23.695 99.999 18.222 17.709 99.999 99.999 99.999  0.622  0.667 99.999 99.999 99.999  99.999  99.999  99.999  99.999  0.043  0.043  0.011  0.008  0.043  0.031   25   19 99.999 99.999   99   9.021777576  17.499753004  0  4 58.28 2003  1 29 2452668.50345231   220             R Cousins  2003/N20030128/p162665f1.fits                      Sinope                1024  1024
  -0.261   0.002  554.46  587.93 2.980    226.43   1351.25 24.170 23.715 99.999 18.282 17.828 99.999 99.999 99.999  0.615  0.612 99.999 99.999 99.999  99.999  99.999  99.999  99.999  0.060  0.060  0.011  0.009  0.045  0.038   25   19 99.999 99.999   99   9.021749791  17.499929542  0 10  0.91 2003  1 29 2452668.50695498   220             R Cousins  2003/N20030128/p162666f1.fits                      Sinope                1024  1024
  -0.206   0.011  577.67  454.01 1.883    235.95   3272.57 25.044 24.419 99.999 19.111 18.487 99.999 99.999 99.999  0.156  0.685 99.999 99.999 99.999  99.999  99.999  99.999  99.999  0.080  0.080  0.016  0.012  0.060  0.044   18   16 99.999 99.999   99  10.657718664   9.507840731 20 16  1.42 2004  5 18 2453144.34446088   300             R Cousins  2004/N20040518/p2357f1.fits                        Sinope                1024  1024
  -0.214   0.024  577.20  453.61 2.201    262.58   2288.26 24.985 24.176 99.999 18.936 18.128 99.999 99.999 99.999  0.156  0.820 99.999 99.999 99.999  99.999  99.999  99.999  99.999  0.047  0.047  0.016  0.012  0.061  0.044   18   16 99.999 99.999   99  10.657727117   9.507758192 20 22 25.33 2004  5 18 2453144.34890428   300             R Cousins  2004/N20040518/p2358f1.fits                        Sinope                1024  1024
  -0.194   0.082  576.18  453.03 2.688    304.37   1788.19 24.984 24.257 99.999 18.775 18.048 99.999 99.999 99.999  0.152  0.759 99.999 99.999 99.999  99.999  99.999  99.999  99.999  0.017  0.017  0.016  0.012  0.061  0.044   18   16 99.999 99.999   99  10.657736109   9.507687549 20 28 49.35 2004  5 18 2453144.35334896   300             R Cousins  2004/N20040518/p2359f1.fits                        Sinope                1024  1024
  -0.248   0.175  575.79  452.66 2.572    259.52   1605.12 24.802 24.064 99.999 18.766 18.028 99.999 99.999 99.999  0.153  0.745 99.999 99.999 99.999  99.999  99.999  99.999  99.999  0.046  0.046  0.016  0.012  0.061  0.044   18   16 99.999 99.999   99  10.657743760   9.507626672 20 35 14.24 2004  5 18 2453144.35780370   300             R Cousins  2004/N20040518/p2360f1.fits                        Sinope                1024  1024
  -0.178   0.043  574.34  451.48 1.593    177.74   1557.74 24.935 24.207 99.999 19.311 18.583 99.999 99.999 99.999  0.150  0.750 99.999 99.999 99.999  99.999  99.999  99.999  99.999  0.010  0.010  0.017  0.013  0.064  0.049   18   16 99.999 99.999   99  10.657762400   9.507416659 20 48  3.30 2004  5 18 2453144.36670486   300             R Cousins  2004/N20040518/p2362f1.fits                        Sinope                1024  1024
  -0.169   0.085  573.70  451.15 2.863    269.11   1415.38 24.887 24.192 99.999 18.812 18.117 99.999 99.999 99.999  0.153  0.724 99.999 99.999 99.999  99.999  99.999  99.999  99.999  0.056  0.057  0.015  0.013  0.057  0.047   18   16 99.999 99.999   99  10.657771272   9.507341383 20 54 27.76 2004  5 18 2453144.37115463   300             R Cousins  2004/N20040518/p2363f1.fits                        Sinope                1024  1024
  -0.179  -0.025  573.23  450.50 4.433    641.30   1028.96 24.736 23.961 99.999 17.718 16.944 99.999 99.999 99.999  0.149  0.785 99.999 99.999 99.999  99.999  99.999  99.999  99.999  0.058  0.057  0.016  0.014  0.059  0.053   18   16 99.999 99.999   99  10.657779785   9.507224121 21  0 51.75 2004  5 18 2453144.37559896   300             R Cousins  2004/N20040518/p2364f1.fits                        Sinope                1024  1024
  -0.179  -0.114  535.45  617.90 2.712    424.15   1894.67 25.079 24.529 99.999 18.510 17.960 99.999 99.999 99.999  0.455  0.743 99.999 99.999 99.999  99.999  99.999  99.999  99.999  0.052  0.053  0.013  0.015  0.054  0.064   23   19 99.999 99.999   99  13.112981814  -5.704574591  1 52 56.77 2005  3 11 2453440.57843484   220             R Cousins  2005/N20050310/p25711f1.fits                       Sinope                1024  1024
  -0.174  -0.076  538.34  619.58 2.079    514.70   1826.56 25.287 24.759 99.999 18.508 17.980 99.999 99.999 99.999  0.469  0.735 99.999 99.999 99.999  99.999  99.999  99.999  99.999  0.032  0.032  0.015  0.017  0.063  0.070   23   18 99.999 99.999   99  13.112943681  -5.704258149  2  3  4.30 2005  3 11 2453440.58546644   220             R Cousins  2005/N20050310/p25713f1.fits                       Sinope                1024  1024
  -0.149  -0.145  540.24  620.28 1.732    497.31   1878.68 25.321 24.760 99.999 18.579 18.018 99.999 99.999 99.999  0.480  0.702 99.999 99.999 99.999  99.999  99.999  99.999  99.999  0.035  0.035  0.015  0.013  0.067  0.056   23   20 99.999 99.999   99  13.112925036  -5.704124273  2  8  8.26 2005  3 11 2453440.58898449   220             R Cousins  2005/N20050310/p25714f1.fits                       Sinope                1024  1024
  -0.094  -0.107  541.63  621.02 2.166    481.05   1822.77 25.252 24.706 99.999 18.547 18.001 99.999 99.999 99.999  0.474  0.764 99.999 99.999 99.999  99.999  99.999  99.999  99.999  0.034  0.038  0.015  0.014  0.063  0.059   23   19 99.999 99.999   99  13.112906946  -5.703960615  2 13 12.10 2005  3 11 2453440.59250116   220             R Cousins  2005/N20050310/p25715f1.fits                       Sinope                1024  1024
  -0.092  -0.157  543.20  621.83 2.270    439.35   1772.20 25.155 24.553 99.999 18.548 17.946 99.999 99.999 99.999  0.447  0.782 99.999 99.999 99.999  99.999  99.999  99.999  99.999  0.069  0.070  0.014  0.013  0.060  0.053   23   19 99.999 99.999   99  13.112887848  -5.703821014  2 18 16.39 2005  3 11 2453440.59602303   220             R Cousins  2005/N20050310/p25716f1.fits                       Sinope                1024  1024
  -0.244  -0.090  545.04  622.58 2.307    312.29   1685.71 25.048 24.491 99.999 18.811 18.255 99.999 99.999 99.999  0.444  0.690 99.999 99.999 99.999  99.999  99.999  99.999  99.999  0.046  0.045  0.013  0.016  0.055  0.066   23   20 99.999 99.999   99  13.112865940  -5.703649761  2 23 19.70 2005  3 11 2453440.59953356   220             R Cousins  2005/N20050310/p25717f1.fits                       Sinope                1024  1024
  -0.079  -0.082  546.27  623.45 2.096    349.48   1843.41 25.117 24.655 99.999 18.759 18.296 99.999 99.999 99.999  0.454  0.641 99.999 99.999 99.999  99.999  99.999  99.999  99.999  0.017  0.017  0.014  0.017  0.059  0.070   23   21 99.999 99.999   99  13.112849892  -5.703494125  2 28 23.47 2005  3 11 2453440.60304942   220             R Cousins  2005/N20050310/p25718f1.fits                       Sinope                1024  1024
  -0.172  -0.150  547.79  624.09 2.589    409.92   1784.34 25.137 24.639 99.999 18.605 18.107 99.999 99.999 99.999  0.458  0.688 99.999 99.999 99.999  99.999  99.999  99.999  99.999  0.041  0.042  0.014  0.015  0.061  0.062   23   21 99.999 99.999   99  13.112829076  -5.703359997  2 33 27.16 2005  3 11 2453440.60656435   220             R Cousins  2005/N20050310/p25719f1.fits                       Sinope                1024  1024
  -0.279  -0.184  550.09  624.93 3.162    428.81   1709.16 25.081 24.533 99.999 18.500 17.952 99.999 99.999 99.999  0.468  0.700 99.999 99.999 99.999  99.999  99.999  99.999  99.999  0.042  0.042  0.016  0.012  0.068  0.049   23   21 99.999 99.999   99  13.112807966  -5.703216279  2 38 30.83 2005  3 11 2453440.61007905   220             R Cousins  2005/N20050310/p25720f1.fits                       Sinope                1024  1024
  -0.249   0.057  744.83  216.86 2.835     69.69    153.09 21.758 21.403 99.999 17.150 16.795 99.999 99.999 99.999  0.867  0.509 99.999 99.999 99.999  99.999  99.999  99.999  99.999  0.003  0.003  0.019  0.015  0.059  0.047   28   23 99.999 99.999   99  12.896686106  -4.026612249 23 38 47.83 2005  4 12 2453473.48527581    30           R Cousins    2005/N20050412/p27483f1.fits                       Sinope                1024  1024
  -0.084  -0.184  393.19  518.51 2.088    682.43   3549.41 25.121 24.524 99.999 18.036 17.439 99.999 99.999 99.999  0.789  0.657 99.999 99.999 99.999  99.999  99.999  99.999  99.999  0.047  0.047  0.015  0.012  0.054  0.041   25   15 99.999 99.999   99  12.896645944  -4.026362388 23 47 32.23 2005  4 12 2453473.49134525   550           R Cousins    2005/N20050412/p27484f1.fits                       Sinope                1024  1024
  -0.290  -0.053  398.15  520.40 2.787    887.19   3325.25 25.381 24.774 99.999 18.011 17.403 99.999 99.999 99.999  0.805  0.659 99.999 99.999 99.999  99.999  99.999  99.999  99.999  0.054  0.054  0.012  0.014  0.049  0.061   26   19 99.999 99.999   99  12.896589885  -4.025943309 23 58  5.90 2005  4 12 2453473.49867940   550           R Cousins    2005/N20050412/p27485f1.fits                       Sinope                1024  1024
  -0.250  -0.028  402.32  522.60 2.734    790.43   3407.02 25.328 24.767 99.999 18.083 17.522 99.999 99.999 99.999  0.752  0.697 99.999 99.999 99.999  99.999  99.999  99.999  99.999  0.072  0.071  0.013  0.012  0.054  0.051   25   18 99.999 99.999   99  12.896538463  -4.025553825  0  8 39.16 2005  4 13 2453473.50600880   550           R Cousins    2005/N20050412/p27486f1.fits                       Sinope                1024  1024
  -0.262   0.002  406.44  524.62 2.299    888.17   3473.74 25.339 24.804 99.999 17.968 17.433 99.999 99.999 99.999  0.771  0.651 99.999 99.999 99.999  99.999  99.999  99.999  99.999  0.054  0.054  0.013  0.010  0.053  0.041   26   18 99.999 99.999   99  12.896486115  -4.025163041  0 19 12.34 2005  4 13 2453473.51333727   550           R Cousins    2005/N20050412/p27487f1.fits                       Sinope                1024  1024
  -0.155  -0.057  410.28  526.61 2.849    682.26   3474.19 24.990 24.365 99.999 17.905 17.280 99.999 99.999 99.999  0.778  0.624 99.999 99.999 99.999  99.999  99.999  99.999  99.999  0.002  0.002  0.011  0.013  0.048  0.055   26   19 99.999 99.999   99  12.896435955  -4.024796647  0 29 45.79 2005  4 13 2453473.52066887   550           R Cousins    2005/N20050412/p27488f1.fits                       Sinope                1024  1024
  -0.155  -0.086  615.65  479.16 3.146    753.67   2113.12 24.674 24.200 99.999 17.481 17.007 99.999 99.999 99.999  0.870  0.685 99.999 99.999 99.999  99.999  99.999  99.999  99.999  0.047  0.048  0.013  0.013  0.052  0.053   28   18 99.999 99.999   99  12.889359935  -3.971799142  0 58 42.40 2005  4 14 2453474.54076852   400           R Cousins    2005/N20050413/p27569f1.fits                       Sinope                1024  1024
  -0.204  -0.072  618.53  480.86 3.343    920.66   2000.32 24.794 24.422 99.999 17.384 17.011 99.999 99.999 99.999  0.867  0.624 99.999 99.999 99.999  99.999  99.999  99.999  99.999  0.033  0.034  0.012  0.013  0.051  0.053   28   18 99.999 99.999   99  12.889319522  -3.971505014  1  6 45.87 2005  4 14 2453474.54636424   400           R Cousins    2005/N20050413/p27570f1.fits                       Sinope                1024  1024
  -0.086  -0.132  621.53  481.95 2.749    595.58   2235.37 24.532 24.062 99.999 17.595 17.125 99.999 99.999 99.999  0.881  0.695 99.999 99.999 99.999  99.999  99.999  99.999  99.999  0.003  0.003  0.014  0.014  0.056  0.056   27   17 99.999 99.999   99  12.889282266  -3.971231541  1 14 49.16 2005  4 14 2453474.55195787   400           R Cousins    2005/N20050413/p27571f1.fits                       Sinope                1024  1024
  -0.170  -0.086  625.53  483.58 3.049    538.04   2255.12 24.330 23.951 99.999 17.503 17.124 99.999 99.999 99.999  0.873  0.621 99.999 99.999 99.999  99.999  99.999  99.999  99.999  0.012  0.013  0.013  0.014  0.055  0.056   28   18 99.999 99.999   99  12.889241202  -3.970928258  1 22 52.85 2005  4 14 2453474.55755613   400           R Cousins    2005/N20050413/p27572f1.fits                       Sinope                1024  1024
  -0.338  -0.056  629.36  485.10 2.955    604.60   2220.91 24.378 23.924 99.999 17.424 16.971 99.999 99.999 99.999  0.878  0.647 99.999 99.999 99.999  99.999  99.999  99.999  99.999  0.003  0.004  0.013  0.014  0.055  0.056   28   18 99.999 99.999   99  12.889198673  -3.970629819  1 30 56.27 2005  4 14 2453474.56315127   400           R Cousins    2005/N20050413/p27573f1.fits                       Sinope                1024  1024
  -0.208  -0.077  504.99  319.37 4.120    453.26   2132.20 24.852 24.114 99.999 18.211 17.473 99.999 99.999 99.999  0.153  0.619 99.999 99.999 99.999  99.999  99.999  99.999  99.999  0.047  0.045  0.017  0.021  0.057  0.069   16   12 99.999 99.999   99  12.765796037  -3.055159490 23 48 14.07 2005  5  3 2453494.49182951   400           R Cousins    2005/N20050503/p28625f1.fits                       Sinope                1024  1024
  -0.208  -0.171  510.44  321.70 3.127    419.13   2214.50 24.908 24.118 99.999 18.352 17.562 99.999 99.999 99.999  0.151  0.693 99.999 99.999 99.999  99.999  99.999  99.999  99.999  0.035  0.035  0.015  0.020  0.045  0.060   16   11 99.999 99.999   99  12.765736306  -3.054755739  0  4 21.46 2005  5  4 2453494.50302616   400           R Cousins    2005/N20050503/p28627f1.fits                       Sinope                1024  1024
  -0.194  -0.162  512.52  322.76 3.329    321.68   2312.46 24.627 23.863 99.999 18.358 17.595 99.999 99.999 99.999  0.147  0.706 99.999 99.999 99.999  99.999  99.999  99.999  99.999  0.048  0.049  0.022  0.019  0.069  0.061   16   12 99.999 99.999   99  12.765706730  -3.054538885  0 12 24.81 2005  5  4 2453494.50862049   400           R Cousins    2005/N20050503/p28628f1.fits                       Sinope                1024  1024
  -0.262  -0.184  515.33  323.85 4.672    336.21   2232.52 24.355 23.682 99.999 18.038 17.365 99.999 99.999 99.999  0.144  0.641 99.999 99.999 99.999  99.999  99.999  99.999  99.999  0.061  0.062  0.020  0.022  0.065  0.073   16   13 99.999 99.999   99  12.765675672  -3.054330182  0 20 28.62 2005  5  4 2453494.51422014   400           R Cousins    2005/N20050503/p28629f1.fits                       Sinope                1024  1024
  -0.150  -0.119  408.98  515.01 4.037    412.85   2043.88 24.923 24.246 99.999 18.383 17.706 99.999 99.999 99.999  0.103  0.724 99.999 99.999 99.999  99.999  99.999  99.999  99.999  0.039  0.039  0.014  0.012  0.055  0.046   15   15 99.999 99.999   99  12.741466839  -2.876330671 23 28 20.33 2005  5  8 2453499.47801308   400           R Cousins    2005/N20050508/p29072f1.fits                       Sinope                1024  1024
  -0.227  -0.044  411.47  515.95 3.984    256.32   2126.77 24.652 23.882 99.999 18.630 17.860 99.999 99.999 99.999  0.107  0.747 99.999 99.999 99.999  99.999  99.999  99.999  99.999  0.002  0.002  0.018  0.011  0.069  0.042   14   14 99.999 99.999   99  12.741439227  -2.876122567 23 36 23.87 2005  5  8 2453499.48360961   400           R Cousins    2005/N20050508/p29073f1.fits                       Sinope                1024  1024
  -0.157  -0.150  416.54  518.72 4.243    286.83   2137.19 24.589 23.985 99.999 18.444 17.841 99.999 99.999 99.999  0.107  0.647 99.999 99.999 99.999  99.999  99.999  99.999  99.999  0.055  0.055  0.016  0.009  0.058  0.035   14   14 99.999 99.999   99  12.741362174  -2.875591159 24  0 34.03 2005  5  8 2453499.50039387   400           R Cousins    2005/N20050508/p29076f1.fits                       Sinope                1024  1024
   0.045  -0.152  527.39  525.23 2.860    370.78   1672.71 24.766 24.327 99.999 18.344 17.904 99.999 99.999 99.999  0.662  0.670 99.999 99.999 99.999  99.999  99.999  99.999  99.999  0.038  0.038  0.016  0.012  0.065  0.048   28   17 99.999 99.999   99  14.453253274 -13.553435567 22 47 36.31 2006  5 24 2453880.44972581   300            R Cousins   2006/N20060524/p37721f1.fits                       Sinope                1024  1024
  -0.015  -0.148  529.63  525.83 2.981    266.35   1732.07 24.530 24.052 99.999 18.466 17.988 99.999 99.999 99.999  0.641  0.649 99.999 99.999 99.999  99.999  99.999  99.999  99.999  0.018  0.018  0.016  0.012  0.065  0.048   29   17 99.999 99.999   99  14.453220081 -13.553316705 22 54  0.11 2006  5 24 2453880.45416794   300            R Cousins   2006/N20060524/p37722f1.fits                       Sinope                1024  1024
   0.010  -0.149  532.41  526.37 3.798    288.17   1736.81 24.432 23.960 99.999 18.283 17.810 99.999 99.999 99.999  0.649  0.659 99.999 99.999 99.999  99.999  99.999  99.999  99.999  0.057  0.057  0.015  0.010  0.064  0.042   28   17 99.999 99.999   99  14.453188445 -13.553198860 23  0 24.53 2006  5 24 2453880.45861725   300            R Cousins   2006/N20060524/p37723f1.fits                       Sinope                1024  1024
  -0.043  -0.123  535.06  527.07 3.904    297.90   2035.84 24.444 23.982 99.999 18.259 17.797 99.999 99.999 99.999  0.657  0.620 99.999 99.999 99.999  99.999  99.999  99.999  99.999  0.047  0.047  0.011  0.012  0.041  0.045   28   14 99.999 99.999   99  14.453155422 -13.553073578 23  6 48.08 2006  5 24 2453880.46305648   300            R Cousins   2006/N20060524/p37724f1.fits                       Sinope                1024  1024
  -0.012  -0.123  537.09  527.74 2.346    149.94   2228.89 24.049 23.616 99.999 18.609 18.176 99.999 99.999 99.999  0.648  0.646 99.999 99.999 99.999  99.999  99.999  99.999  99.999  0.091  0.089  0.015  0.013  0.062  0.051   28   17 99.999 99.999   99  14.453123946 -13.552955691 23 13 12.53 2006  5 24 2453880.46750613   300            R Cousins   2006/N20060524/p37725f1.fits                       Sinope                1024  1024
  -0.030  -0.142  541.99  529.16 4.036    252.71   1649.77 24.366 23.906 99.999 18.360 17.900 99.999 99.999 99.999  0.651  0.597 99.999 99.999 99.999  99.999  99.999  99.999  99.999  0.058  0.058  0.010  0.012  0.039  0.046   28   14 99.999 99.999   99  14.453059503 -13.552724582 23 26  0.43 2006  5 24 2453880.47639387   300            R Cousins   2006/N20060524/p37727f1.fits                       Sinope                1024  1024
   0.107  -0.185  543.62  529.31 3.678    161.09   1727.53 24.042 23.596 99.999 18.524 18.078 99.999 99.999 99.999  0.652  0.585 99.999 99.999 99.999  99.999  99.999  99.999  99.999  0.095  0.091  0.015  0.015  0.065  0.064   28   18 99.999 99.999   99  14.453030070 -13.552617971 23 32 24.87 2006  5 24 2453880.48084340   300            R Cousins   2006/N20060524/p37728f1.fits                       Sinope                1024  1024
