  -0.149  -0.102  715.05 1010.25 1.646    847.94    133.91 23.197 23.375 99.999 15.876 16.054 99.999 99.999 99.999  0.507 99.999 99.999 99.999 99.999  99.999  99.999  99.999  99.999  0.015  0.015  0.006  0.005  0.063  0.054  273  148 99.999 99.999   99  17.282124871 -22.792180545  3  7 49.56 2007  4 18 2454208.63043472    30  U                     Himalia0001.fits                                   Himalia               2045  2050
  -0.190  -0.116  710.02 1010.30 1.497    905.14    168.85 23.270 23.410 99.999 15.879 16.018 99.999 99.999 99.999  0.519 99.999 99.999 99.999 99.999  99.999  99.999  99.999  99.999  0.019  0.019  0.006  0.005  0.063  0.054  267  147 99.999 99.999   99  17.282122627 -22.792185479  3  8 53.13 2007  4 18 2454208.63117049    30  U                     Himalia0002.fits                                   Himalia               2045  2050
  -0.187  -0.107  705.09 1010.24 1.426    932.19    182.34 23.360 23.497 99.999 15.936 16.073 99.999 99.999 99.999  0.530 99.999 99.999 99.999 99.999  99.999  99.999  99.999  99.999  0.013  0.013  0.006  0.005  0.061  0.059  273  155 99.999 99.999   99  17.282121276 -22.792183778  3  9 56.56 2007  4 18 2454208.63190463    30  U                     Himalia0003.fits                                   Himalia               2045  2050
  -0.143  -0.107  707.69 1010.25 1.588    919.60    136.40 23.346 23.480 99.999 15.937 16.071 99.999 99.999 99.999  0.534 99.999 99.999 99.999 99.999  99.999  99.999  99.999  99.999  0.010  0.010  0.006  0.006  0.060  0.060  274  156 99.999 99.999   99  17.282120743 -22.792184967  3 11  0.01 2007  4 18 2454208.63263900    30  U                     Himalia0004.fits                                   Himalia               2045  2050
  -0.153  -0.091  704.28 1009.86 1.842    669.11    133.27 22.980 23.095 99.999 15.917 16.032 99.999 99.999 99.999  0.528 99.999 99.999 99.999 99.999  99.999  99.999  99.999  99.999  0.010  0.010  0.006  0.005  0.062  0.057  270  144 99.999 99.999   99  17.282119131 -22.792181268  3 12  3.49 2007  4 18 2454208.63337373    30  U                     Himalia0005.fits                                   Himalia               2045  2050
  -0.139  -0.127  698.96 1009.71 1.812    661.39    142.94 22.981 23.142 99.999 15.930 16.091 99.999 99.999 99.999  0.526 99.999 99.999 99.999 99.999  99.999  99.999  99.999  99.999  0.014  0.014  0.006  0.006  0.060  0.059  269  155 99.999 99.999   99  17.282117979 -22.792192395  3 13  6.95 2007  4 18 2454208.63410822    30  U                     Himalia0006.fits                                   Himalia               2045  2050
  -0.193  -0.128  695.78 1010.88 1.651    122.04     18.14 21.202 21.480 99.999 15.985 16.263 99.999 99.999 99.999  0.704 99.999 99.999 99.999 99.999  99.999  99.999  99.999  99.999  0.012  0.012  0.006  0.006  0.062  0.057  285  150 99.999 99.999   99  17.282115483 -22.792193571  3 14 10.42 2007  4 18 2454208.63484282    30  U                     Himalia0007.fits                                   Himalia               2045  2050
  -0.162  -0.112  698.52 1009.60 1.491    863.21    174.34 23.266 23.424 99.999 15.926 16.084 99.999 99.999 99.999  0.519 99.999 99.999 99.999 99.999  99.999  99.999  99.999  99.999  0.011  0.011  0.006  0.005  0.060  0.056  278  152 99.999 99.999   99  17.282115252 -22.792189587  3 14 48.50 2007  4 18 2454208.63528356    30  U                     Himalia0008.fits                                   Himalia               2045  2050
  -0.173  -0.122  695.71 1009.72 1.744    716.79    144.13 23.070 23.236 99.999 15.932 16.098 99.999 99.999 99.999  0.551 99.999 99.999 99.999 99.999  99.999  99.999  99.999  99.999  0.016  0.016  0.006  0.005  0.062  0.055  279  153 99.999 99.999   99  17.282113617 -22.792193461  3 15 51.96 2007  4 18 2454208.63601806    30  U                     Himalia0009.fits                                   Himalia               2045  2050
  -0.160  -0.129  693.68 1009.38 1.664    769.03    151.46 23.078 23.220 99.999 15.863 16.005 99.999 99.999 99.999  0.518 99.999 99.999 99.999 99.999  99.999  99.999  99.999  99.999  0.013  0.013  0.006  0.005  0.058  0.058  279  155 99.999 99.999   99  17.282112416 -22.792196489  3 16 56.28 2007  4 18 2454208.63676250    30  U                     Himalia0010.fits                                   Himalia               2045  2050
   0.060  -0.060  583.06  427.42 2.058    609.78    412.40 22.661 22.796 99.999 15.698 15.833 99.999 99.999 99.999  0.355 99.999 99.999 99.999 99.999  99.999  99.999  99.999  99.999  0.013  0.013  0.008  0.008  0.053  0.054   68   48 99.999 99.999   99  16.532700696 -21.007147358  0 55 58.80 2007  8 25 2454337.53887500    25    Clear               himalia0001.fits                                   Himalia               1021  1020
   0.094  -0.052  579.95  428.59 2.855    551.15    297.02 22.357 22.672 99.999 15.504 15.819 99.999 99.999 99.999  0.306 99.999 99.999 99.999 99.999  99.999  99.999  99.999  99.999  0.044  0.042  0.009  0.009  0.049  0.053   62   40 99.999 99.999   99  16.532704363 -21.007156991  0 57  6.66 2007  8 25 2454337.53966042    25    Clear               himalia0002.fits                                   Himalia               1021  1020
   0.100  -0.054  574.26  429.78 2.130    512.66    427.66 22.491 22.729 99.999 15.716 15.954 99.999 99.999 99.999  0.353 99.999 99.999 99.999 99.999  99.999  99.999  99.999  99.999  0.036  0.036  0.010  0.009  0.063  0.054   63   47 99.999 99.999   99  16.532707511 -21.007169364  0 58 15.38 2007  8 25 2454337.54045579    25    Clear               himalia0003.fits                                   Himalia               1021  1020
   0.097  -0.069  569.67  430.91 1.946    600.46    440.83 22.617 22.829 99.999 15.670 15.882 99.999 99.999 99.999  0.330 99.999 99.999 99.999 99.999  99.999  99.999  99.999  99.999  0.031  0.031  0.009  0.010  0.057  0.063   66   46 99.999 99.999   99  16.532710504 -21.007185508  0 59 24.10 2007  8 25 2454337.54125116    25    Clear               himalia0004.fits                                   Himalia               1021  1020
   0.107  -0.077  563.48  433.31 2.087    582.97    430.05 22.652 22.898 99.999 15.738 15.984 99.999 99.999 99.999  0.376 99.999 99.999 99.999 99.999  99.999  99.999  99.999  99.999  0.040  0.040  0.009  0.009  0.061  0.059   66   46 99.999 99.999   99  16.532716714 -21.007211050  1  1 39.82 2007  8 25 2454337.54282199    25    Clear               himalia0006.fits                                   Himalia               1021  1020
   0.134  -0.056  610.30  433.92 2.130    531.39    434.41 22.500 22.676 99.999 15.687 15.862 99.999 99.999 99.999  0.360 99.999 99.999 99.999 99.999  99.999  99.999  99.999  99.999  0.032  0.032  0.009  0.010  0.054  0.060   66   47 99.999 99.999   99  16.532720236 -21.007217097  1  2 47.69 2007  8 25 2454337.54360752    25    Clear               himalia0007.fits                                   Himalia               1021  1020
   0.135  -0.050  611.37  432.24 1.989    602.75    436.90 22.637 22.865 99.999 15.687 15.914 99.999 99.999 99.999  0.353 99.999 99.999 99.999 99.999  99.999  99.999  99.999  99.999  0.029  0.028  0.009  0.009  0.053  0.055   65   44 99.999 99.999   99  16.532723312 -21.007227605  1  3 56.41 2007  8 25 2454337.54440289    25    Clear               himalia0008.fits                                   Himalia               1021  1020
   0.084  -0.061  617.23  433.29 2.067    553.75    429.17 22.617 22.863 99.999 15.759 16.005 99.999 99.999 99.999  0.400 99.999 99.999 99.999 99.999  99.999  99.999  99.999  99.999  0.044  0.044  0.009  0.011  0.051  0.060   61   41 99.999 99.999   99  16.532725339 -21.007242284  1  5  5.12 2007  8 25 2454337.54519815    25    Clear               himalia0009.fits                                   Himalia               1021  1020
   0.098  -0.087  613.76  434.39 1.947    626.65    437.04 22.753 22.965 99.999 15.760 15.973 99.999 99.999 99.999  0.352 99.999 99.999 99.999 99.999  99.999  99.999  99.999  99.999  0.046  0.046  0.008  0.010  0.051  0.063   64   44 99.999 99.999   99  16.532728641 -21.007261327  1  6 12.98 2007  8 25 2454337.54598357    25    Clear               himalia0010.fits                                   Himalia               1021  1020
   0.080  -0.069  607.48  435.46 2.295    489.43    424.05 22.437 22.727 99.999 15.712 16.002 99.999 99.999 99.999  0.400 99.999 99.999 99.999 99.999  99.999  99.999  99.999  99.999  0.049  0.049  0.008  0.010  0.046  0.057   66   40 99.999 99.999   99  16.532731286 -21.007268041  1  7 20.84 2007  8 25 2454337.54676898    25    Clear               himalia0011.fits                                   Himalia               1021  1020
   0.093  -0.080  597.65  436.54 3.055    518.52    307.87 22.274 22.508 99.999 15.487 15.721 99.999 99.999 99.999  0.368 99.999 99.999 99.999 99.999  99.999  99.999  99.999  99.999  0.046  0.045  0.010  0.010  0.060  0.059   64   43 99.999 99.999   99  16.532734533 -21.007282845  1  8 28.68 2007  8 25 2454337.54755417    25    Clear               himalia0012.fits                                   Himalia               1021  1020
   0.090  -0.066  592.38  437.72 2.393    428.92    422.18 22.314 22.535 99.999 15.733 15.954 99.999 99.999 99.999  0.352 99.999 99.999 99.999 99.999  99.999  99.999  99.999  99.999  0.039  0.039  0.008  0.009  0.046  0.056   64   41 99.999 99.999   99  16.532737544 -21.007290742  1  9 37.40 2007  8 25 2454337.54834954    25    Clear               himalia0013.fits                                   Himalia               1021  1020
   0.091  -0.064  586.48  439.35 2.184    506.68    427.14 22.474 22.676 99.999 15.712 15.914 99.999 99.999 99.999  0.352 99.999 99.999 99.999 99.999  99.999  99.999  99.999  99.999  0.032  0.032  0.008  0.009  0.051  0.059   67   45 99.999 99.999   99  16.532740605 -21.007302283  1 10 46.11 2007  8 25 2454337.54914479    25    Clear               himalia0014.fits                                   Himalia               1021  1020
   0.125  -0.071  582.41  440.37 2.161    393.98    458.63 22.265 22.432 99.999 15.776 15.943 99.999 99.999 99.999  0.343 99.999 99.999 99.999 99.999  99.999  99.999  99.999  99.999  0.056  0.056  0.008  0.009  0.050  0.056   67   45 99.999 99.999   99  16.532744295 -21.007315713  1 11 53.95 2007  8 25 2454337.54992998    25    Clear               himalia0015.fits                                   Himalia               1021  1020
   0.092  -0.055  575.31  441.29 2.183    450.54    394.50 22.358 22.532 99.999 15.724 15.898 99.999 99.999 99.999  0.378 99.999 99.999 99.999 99.999  99.999  99.999  99.999  99.999  0.041  0.041  0.010  0.009  0.066  0.059   63   45 99.999 99.999   99  16.532746657 -21.007323201  1 13  1.82 2007  8 25 2454337.55071551    25    Clear               himalia0016.fits                                   Himalia               1021  1020
   0.086  -0.083  569.54  442.61 2.108    548.97    382.94 22.580 22.726 99.999 15.731 15.877 99.999 99.999 99.999  0.390 99.999 99.999 99.999 99.999  99.999  99.999  99.999  99.999  0.036  0.036  0.008  0.008  0.054  0.053   66   45 99.999 99.999   99  16.532749546 -21.007342728  1 14  9.70 2007  8 25 2454337.55150116    25    Clear               himalia0017.fits                                   Himalia               1021  1020
   0.063  -0.068  565.57  443.49 2.135    550.01    381.09 22.654 22.833 99.999 15.803 15.982 99.999 99.999 99.999  0.376 99.999 99.999 99.999 99.999  99.999  99.999  99.999  99.999  0.048  0.048  0.009  0.009  0.059  0.060   66   46 99.999 99.999   99  16.532752132 -21.007350546  1 15 18.41 2007  8 25 2454337.55229641    25    Clear               himalia0018.fits                                   Himalia               1021  1020
   0.112  -0.066  607.53  425.72 2.175    480.59    393.58 22.422 22.582 99.999 15.718 15.878 99.999 99.999 99.999  0.357 99.999 99.999 99.999 99.999  99.999  99.999  99.999  99.999  0.029  0.029  0.010  0.008  0.059  0.051   68   47 99.999 99.999   99  16.532756159 -21.007361910  1 16 27.13 2007  8 25 2454337.55309178    25    Clear               himalia0019.fits                                   Himalia               1021  1020
   0.062  -0.069  603.16  426.89 2.391    520.78    359.89 22.498 22.739 99.999 15.706 15.948 99.999 99.999 99.999  0.295 99.999 99.999 99.999 99.999  99.999  99.999  99.999  99.999  0.048  0.049  0.010  0.010  0.063  0.062   64   49 99.999 99.999   99  16.532758184 -21.007374407  1 17 34.99 2007  8 25 2454337.55387720    25    Clear               himalia0020.fits                                   Himalia               1021  1020
  -0.080  -0.032 1052.87  956.97 2.427    208.14    163.68 21.603 21.813 99.999 15.807 16.018 99.999 99.999 99.999  0.313 99.999 99.999 99.999 99.999  99.999  99.999  99.999  99.999  0.000  0.000  0.006  0.006  0.059  0.057  140   94 99.999 99.999   99  19.511970025 -21.353458869  6 39 14.30 2008  4 18 2454574.77724884    90  R                     himalia0001.fits                                   Himalia               2045  2050
  -0.051  -0.035 1055.35  969.17 1.722    289.14    186.95 21.834 21.939 99.999 15.681 15.787 99.999 99.999 99.999  0.210 99.999 99.999 99.999 99.999  99.999  99.999  99.999  99.999  0.027  0.027  0.006  0.006  0.058  0.058  162  104 99.999 99.999   99  19.511974989 -21.353450402  6 41 19.07 2008  4 18 2454574.77869294    90  R                     himalia0002.fits                                   Himalia               2045  2050
  -0.099  -0.049 1057.88  975.00 2.014    252.85    165.56 21.710 21.825 99.999 15.703 15.818 99.999 99.999 99.999  0.225 99.999 99.999 99.999 99.999  99.999  99.999  99.999  99.999  0.005  0.005  0.006  0.007  0.058  0.063  139   93 99.999 99.999   99  19.511978415 -21.353444917  6 43 23.85 2008  4 18 2454574.78013715    90  R                     himalia0003.fits                                   Himalia               2045  2050
  -0.052  -0.007 1064.03 1002.95 2.039    214.53    176.97 21.571 21.701 99.999 15.743 15.873 99.999 99.999 99.999  0.244 99.999 99.999 99.999 99.999  99.999  99.999  99.999  99.999  0.025  0.025  0.006  0.006  0.058  0.063  151   98 99.999 99.999   99  19.511988164 -21.353414226  6 47 34.27 2008  4 18 2454574.78303553    90  R                     himalia0005.fits                                   Himalia               2045  2050
  -0.074  -0.055 1066.41 1009.42 2.038    163.62    183.98 21.338 21.493 99.999 15.803 15.958 99.999 99.999 99.999  0.246 99.999 99.999 99.999 99.999  99.999  99.999  99.999  99.999  0.014  0.014  0.007  0.007  0.061  0.058  131   89 99.999 99.999   99  19.511992105 -21.353418357  6 49 39.05 2008  4 18 2454574.78447975    90  R                     himalia0006.fits                                   Himalia               2045  2050
  -0.045  -0.017 1068.97 1021.46 1.785    265.91    180.91 21.838 21.986 99.999 15.776 15.924 99.999 99.999 99.999  0.205 99.999 99.999 99.999 99.999  99.999  99.999  99.999  99.999  0.004  0.004  0.006  0.006  0.057  0.060  156  111 99.999 99.999   99  19.511997042 -21.353398335  6 51 43.76 2008  4 18 2454574.78592315    90  R                     himalia0007.fits                                   Himalia               2045  2050
  -0.089  -0.022 1071.50 1027.72 2.199    213.69    165.78 21.712 21.906 99.999 15.887 16.081 99.999 99.999 99.999  0.419 99.999 99.999 99.999 99.999  99.999  99.999  99.999  99.999  0.039  0.039  0.006  0.007  0.056  0.060  144   92 99.999 99.999   99  19.512000557 -21.353390084  6 53 48.52 2008  4 18 2454574.78736713    90  R                     himalia0008.fits                                   Himalia               2045  2050
  -0.066  -0.027 1073.99 1041.37 1.799    237.90    184.61 21.740 21.845 99.999 15.799 15.904 99.999 99.999 99.999  0.202 99.999 99.999 99.999 99.999  99.999  99.999  99.999  99.999  0.033  0.033  0.006  0.006  0.061  0.055  151   96 99.999 99.999   99  19.512005414 -21.353382019  6 55 53.30 2008  4 18 2454574.78881134    90  R                     himalia0009.fits                                   Himalia               2045  2050
  -0.035  -0.004 1076.00 1047.12 1.638    293.10    192.28 21.961 22.020 99.999 15.794 15.853 99.999 99.999 99.999  0.203 99.999 99.999 99.999 99.999  99.999  99.999  99.999  99.999  0.004  0.004  0.006  0.006  0.059  0.059  157  104 99.999 99.999   99  19.512010391 -21.353366082  6 57 57.81 2008  4 18 2454574.79025243    90  R                     himalia0010.fits                                   Himalia               2045  2050
  -0.034  -0.013 1081.79 1066.90 3.275    546.61   -122.95 21.867 21.957 99.999 15.023 15.112 99.999 99.999 99.999  0.226 99.999 99.999 99.999 99.999  99.999  99.999  99.999  99.999  0.030  0.033  0.006  0.006  0.061  0.057  156  100 99.999 99.999   99  19.512019875 -21.353348094  7  2 27.93 2008  4 18 2454574.79337882    90  R                     himalia0012.fits                                   Himalia               2045  2050
  -0.107  -0.034 1086.99 1082.23 1.854    279.00    175.14 21.826 21.938 99.999 15.712 15.824 99.999 99.999 99.999  0.214 99.999 99.999 99.999 99.999  99.999  99.999  99.999  99.999  0.025  0.025  0.006  0.006  0.058  0.058  169  116 99.999 99.999   99  19.512027158 -21.353334937  7  6 37.48 2008  4 18 2454574.79626713    90  R                     himalia0014.fits                                   Himalia               2045  2050
  -0.175   0.013 1011.46  618.46 2.019    170.55    176.19 21.090 21.295 99.999 15.510 15.716 99.999 99.999 99.999  0.431 99.999 99.999 99.999 99.999  99.999  99.999  99.999  99.999  0.037  0.037  0.006  0.006  0.043  0.044  103   72 99.999 99.999   99  19.528022853 -21.417229716  3 24 37.00 2008  5 15 2454601.64209491    40  R                     himal01.fits                                       Himalia               1536  1024
  -0.210   0.042 1015.07  654.64 2.218    180.37    145.49 21.132 21.239 99.999 15.492 15.599 99.999 99.999 99.999  0.222 99.999 99.999 99.999 99.999  99.999  99.999  99.999  99.999  0.052  0.052  0.007  0.007  0.047  0.045   99   71 99.999 99.999   99  19.528011332 -21.417285249  3 31 53.00 2008  5 15 2454601.64714120    40  R                     himal02.fits                                       Himalia               1536  1024
  -0.102   0.083 1016.76  680.07 1.885    134.59    177.06 20.979 21.241 99.999 15.657 15.918 99.999 99.999 99.999  0.341 99.999 99.999 99.999 99.999  99.999  99.999  99.999  99.999  0.020  0.020  0.009  0.010  0.051  0.058   94   62 99.999 99.999   99  19.528005521 -21.417320500  3 37 12.00 2008  5 15 2454601.65083333    40  R                     himal04.fits                                       Himalia               1536  1024
  -0.055  -0.036 1019.46  699.16 1.839    101.67     79.31 20.530 20.593 99.999 15.512 15.575 99.999 99.999 99.999  0.351 99.999 99.999 99.999 99.999  99.999  99.999  99.999  99.999  0.056  0.056  0.008  0.008  0.051  0.053   97   69 99.999 99.999   99  19.528001050 -21.417385402  3 40 50.00 2008  5 15 2454601.65335648    20  R                     himal05.fits                                       Himalia               1536  1024
  -0.172   0.098 1022.30  729.53 1.906    120.48    209.34 20.848 20.985 99.999 15.646 15.783 99.999 99.999 99.999  0.356 99.999 99.999 99.999 99.999  99.999  99.999  99.999  99.999  0.062  0.059  0.009  0.009  0.054  0.057  102   73 99.999 99.999   99  19.527989246 -21.417403271  3 47  9.00 2008  5 15 2454601.65774306    40  R                     himalia_001.fits                                   Himalia               1536  1024
  -0.061   0.162 1022.53  732.29 2.477    153.34    168.52 21.079 21.212 99.999 15.615 15.748 99.999 99.999 99.999  0.451 99.999 99.999 99.999 99.999  99.999  99.999  99.999  99.999  0.023  0.019  0.007  0.009  0.043  0.054  103   76 99.999 99.999   99  19.527990230 -21.417392780  3 47 58.00 2008  5 15 2454601.65831019    40  R                     himalia_002.fits                                   Himalia               1536  1024
  -0.030   0.019 1024.52  751.55 1.934    149.38    176.06 20.885 21.087 99.999 15.449 15.652 99.999 99.999 99.999  0.495 99.999 99.999 99.999 99.999  99.999  99.999  99.999  99.999  0.045  0.045  0.009  0.009  0.056  0.052   90   62 99.999 99.999   99  19.527985990 -21.417460429  3 51 11.00 2008  5 15 2454601.66054398    40  R                     himalia_006.fits                                   Himalia               1536  1024
  -0.061  -0.018 1025.30  754.96 2.024    150.60    182.14 20.963 21.109 99.999 15.518 15.665 99.999 99.999 99.999  0.422 99.999 99.999 99.999 99.999  99.999  99.999  99.999  99.999  0.063  0.064  0.008  0.008  0.051  0.053  104   79 99.999 99.999   99  19.527984171 -21.417477732  3 51 59.00 2008  5 15 2454601.66109954    40  R                     himalia_007.fits                                   Himalia               1536  1024
  -0.129   0.023 1025.66  757.63 1.724    181.48    200.41 21.210 21.354 99.999 15.563 15.707 99.999 99.999 99.999  0.386 99.999 99.999 99.999 99.999  99.999  99.999  99.999  99.999  0.054  0.054  0.008  0.009  0.047  0.054  101   69 99.999 99.999   99  19.527981619 -21.417473199  3 52 47.00 2008  5 15 2454601.66165509    40  R                     himalia_008.fits                                   Himalia               1536  1024
  -0.114   0.108 1026.64  764.96 1.759    145.53    205.08 21.043 21.267 99.999 15.636 15.860 99.999 99.999 99.999  0.522 99.999 99.999 99.999 99.999  99.999  99.999  99.999  99.999  0.014  0.014  0.008  0.008  0.049  0.049   99   66 99.999 99.999   99  19.527979487 -21.417463812  3 54 24.00 2008  5 15 2454601.66277778    40  R                     himalia_010.fits                                   Himalia               1536  1024
  -0.137   0.048 1027.55  775.71 1.820    122.29    201.01 20.966 21.168 99.999 15.748 15.949 99.999 99.999 99.999  0.439 99.999 99.999 99.999 99.999  99.999  99.999  99.999  99.999  0.065  0.078  0.008  0.009  0.048  0.055   90   69 99.999 99.999   99  19.527976606 -21.417494535  3 56  1.00 2008  5 15 2454601.66390046    40  R                     himalia_012.fits                                   Himalia               1536  1024
  -0.040   0.079 1028.33  779.65 5.420    506.30   -199.79 20.907 21.127 99.999 14.146 14.366 99.999 99.999 99.999  0.488 99.999 99.999 99.999 99.999  99.999  99.999  99.999  99.999  0.065  0.078  0.010  0.009  0.054  0.050   96   68 99.999 99.999   99  19.527977322 -21.417493131  3 56 49.00 2008  5 15 2454601.66445602    40  R                     himalia_013.fits                                   Himalia               1536  1024
  -0.082   0.029 1028.60  785.70 1.687    210.63    191.99 21.232 21.441 99.999 15.424 15.632 99.999 99.999 99.999  0.271 99.999 99.999 99.999 99.999  99.999  99.999  99.999  99.999  0.049  0.049  0.009  0.009  0.050  0.048   90   66 99.999 99.999   99  19.527975276 -21.417513861  3 57 37.00 2008  5 15 2454601.66501157    40  R                     himalia_014.fits                                   Himalia               1536  1024
  -0.191   0.059 1029.88  827.34 2.123    172.49    176.52 21.110 21.207 99.999 15.519 15.615 99.999 99.999 99.999  0.352 99.999 99.999 99.999 99.999  99.999  99.999  99.999  99.999  0.045  0.045  0.010  0.010  0.056  0.056   95   70 99.999 99.999   99  19.527970682 -21.417519429  3 59 14.00 2008  5 15 2454601.66613426    40  R                     himalia_016.fits                                   Himalia               1536  1024
  -0.153   0.156 1031.65  846.88 2.043    159.81    196.03 21.034 21.142 99.999 15.525 15.633 99.999 99.999 99.999  0.359 99.999 99.999 99.999 99.999  99.999  99.999  99.999  99.999  0.052  0.052  0.010  0.011  0.055  0.058   93   73 99.999 99.999   99  19.527967784 -21.417513695  4  1 39.00 2008  5 15 2454601.66781250    40  R                     himalia_019.fits                                   Himalia               1536  1024
  -0.114   0.045 1032.37  850.92 1.932    164.52    194.01 21.156 21.411 99.999 15.616 15.870 99.999 99.999 99.999  0.499 99.999 99.999 99.999 99.999  99.999  99.999  99.999  99.999  0.051  0.052  0.012  0.013  0.056  0.061   91   65 99.999 99.999   99  19.527967338 -21.417551392  4  2 27.00 2008  5 15 2454601.66836806    40  R                     himalia_020.fits                                   Himalia               1536  1024
