   0.103  -0.226 1686.33   64.94 1.531    220.11    290.31 99.999 99.999 99.999 20.396 19.549 99.999 99.999 99.999  0.166 99.999 99.999 99.999 99.999  99.999  99.999  99.999  99.999  0.008  0.008  0.004  0.005  0.029  0.034  243  284  0.000 -0.000    0   9.397398843  15.836147467  3 43  8.27 2007  4 10 2454200.65495686    79                   RE   targ_cat_global_reduction_sat_gr1                  Siarnaq               2044  4098
   0.076  -0.235 1686.33   64.94 1.574    220.11    290.31 99.999 99.999 99.999 20.446 19.577 99.999 99.999 99.999  0.166 99.999 99.999 99.999 99.999  99.999  99.999  99.999  99.999  0.024  0.024  0.005  0.005  0.031  0.032  243  268  0.000 -0.000    0   9.397395428  15.836156996  3 43  8.27 2007  4 10 2454200.65689311    79                   RE   targ_cat_global_reduction_sat_gr1                  Siarnaq               2044  4098
   0.073  -0.213 1686.33   64.94 1.516    220.11    290.31 99.999 99.999 99.999 20.379 19.503 99.999 99.999 99.999  0.166 99.999 99.999 99.999 99.999  99.999  99.999  99.999  99.999  0.038  0.038  0.005  0.005  0.031  0.032  243  252  0.000 -0.000    0   9.397392513  15.836174907  3 43  8.27 2007  4 10 2454200.65881523    79                   RE   targ_cat_global_reduction_sat_gr1                  Siarnaq               2044  4098
   0.063  -0.228  472.92    8.68 1.014    151.67    275.83 99.999 99.999 99.999 20.430 19.577 99.999 99.999 99.999  0.169 99.999 99.999 99.999 99.999  99.999  99.999  99.999  99.999  0.022  0.022  0.006  0.005  0.030  0.026  307  304  0.000 -0.000    0   9.394826743  15.847976466  3 33 12.48 2007  4 12 2454202.64806108    79                   RE   targ_cat_global_reduction_sat_gr1                  Siarnaq               2044  4098
   0.066  -0.227  472.92    8.68 1.343    151.67    275.83 99.999 99.999 99.999 20.452 19.622 99.999 99.999 99.999  0.169 99.999 99.999 99.999 99.999  99.999  99.999  99.999  99.999  0.022  0.022  0.006  0.005  0.031  0.027  307  294 -0.000  0.000    0   9.394824297  15.847987003  3 33 12.48 2007  4 12 2454202.65005811    79                   RE   targ_cat_global_reduction_sat_gr1                  Siarnaq               2044  4098
   0.032  -0.206   31.83    4.02 1.610    374.21    223.56 99.999 99.999 99.999 20.475 19.579 99.999 99.999 99.999  0.184 99.999 99.999 99.999 99.999  99.999  99.999  99.999  99.999  0.027  0.027  0.005  0.005  0.025  0.025  270  302  0.000  0.000    0   9.393712759  15.853090418  3 35 16.08 2007  4 13 2454203.64949169    79                   RE   targ_cat_global_reduction_sat_gr1                  Siarnaq               2044  4098
   0.095  -0.253   31.83    4.02 1.586    374.21    223.56 99.999 99.999 99.999 20.516 19.614 99.999 99.999 99.999  0.184 99.999 99.999 99.999 99.999  99.999  99.999  99.999  99.999  0.049  0.049  0.006  0.006  0.026  0.026  270  274 -0.000 -0.000    0   9.393711748  15.853086374  3 35 16.08 2007  4 13 2454203.65146047    79                   RE   targ_cat_global_reduction_sat_gr1                  Siarnaq               2044  4098
  -0.196  -0.144  431.67    5.84 1.645    125.21   1185.03 25.571 25.138 99.999 20.597 19.922 99.999 99.999 99.999  0.923 99.999  0.170  0.250  0.020  99.999  99.999  99.999  99.999  0.002  0.002  0.003  0.004  0.021  0.025  290  306 -0.000  0.000    0  10.320942178  12.452839069 23 21 54.91 2008  6  5 2454623.47355226   299                   RE   targ_cat_global_reduction_sat_gr1                  Siarnaq               2044  4098
  -0.121  -0.025  431.67    5.84 0.897    125.21   1185.03 25.571 25.138 99.999 21.166 20.325 99.999 99.999 99.999  0.923 99.999  0.170  0.250  0.020  99.999  99.999  99.999  99.999  0.041  0.041  0.003  0.003  0.025  0.023  290  326 -0.000  0.000    0  10.320977821  12.452689274 23 21 54.91 2008  6  5 2454623.48235249   299                   RE   targ_cat_global_reduction_sat_gr1                  Siarnaq               2044  4098
  -0.011  -0.164  431.67    5.84 1.669    125.21   1185.03 25.571 25.138 99.999 20.638 19.853 99.999 99.999 99.999  0.923 99.999  0.170  0.250  0.020  99.999  99.999  99.999  99.999  0.043  0.036  0.003  0.003  0.023  0.025  290  338 -0.000  0.000    0  10.321006065  12.452510960 23 21 54.91 2008  6  5 2454623.48907434   299                   RE   targ_cat_global_reduction_sat_gr1                  Siarnaq               2044  4098
  -0.080  -0.061 1885.59   18.40 0.512     99.59     79.86 25.981 25.222 99.999 20.654 19.963 99.999 99.999 99.999  0.480 99.999 99.999 99.999 99.999  99.999  99.999  99.999  99.999  0.014  0.014  0.008  0.010  0.023  0.030  243  218 -0.000  0.000    0  11.153871476   7.133675618  1  3 44.30 2009  5 22 2454973.54426270    39                   RE   targ_cat_global_reduction_sat_gr1                  Siarnaq               2044  4098
  -0.029  -0.131 1885.59   18.40 0.933     99.59     79.86 25.981 25.222 99.999 20.783 19.970 99.999 99.999 99.999  0.480 99.999 99.999 99.999 99.999  99.999  99.999  99.999  99.999  0.000  0.000  0.006  0.005  0.034  0.031  243  225 -0.000  0.000    0  11.153872685   7.133648026  1  3 44.30 2009  5 22 2454973.54562476    39                   RE   targ_cat_global_reduction_sat_gr1                  Siarnaq               2044  4098
  -0.062  -0.118 1885.59   18.40 0.567     99.59     79.86 25.981 25.222 99.999 20.745 20.065 99.999 99.999 99.999  0.480 99.999 99.999 99.999 99.999  99.999  99.999  99.999  99.999  0.011  0.011  0.010  0.010  0.028  0.031  243  241 -0.000  0.000    0  11.153872336   7.133642520  1  3 44.30 2009  5 22 2454973.54717759    39                   RE   targ_cat_global_reduction_sat_gr1                  Siarnaq               2044  4098
  -0.049  -0.084 1885.59   18.40 0.597     99.59     79.86 25.981 25.222 99.999 20.758 19.988 99.999 99.999 99.999  0.480 99.999 99.999 99.999 99.999  99.999  99.999  99.999  99.999  0.016  0.016  0.013  0.015  0.029  0.035  243  227 -0.000  0.000    0  11.153872799   7.133645411  1  3 44.30 2009  5 22 2454973.54831348    39                   RE   targ_cat_global_reduction_sat_gr1                  Siarnaq               2044  4098
  -0.053  -0.079 1885.59   18.40 0.613     99.59     79.86 25.981 25.222 99.999 20.870 20.101 99.999 99.999 99.999  0.480 99.999 99.999 99.999 99.999  99.999  99.999  99.999  99.999  0.019  0.019  0.010  0.011  0.031  0.036  243  225 -0.000  0.000    0  11.153872921   7.133639586  1  3 44.30 2009  5 22 2454973.54947761    39                   RE   targ_cat_global_reduction_sat_gr1                  Siarnaq               2044  4098
  -0.054  -0.074 1885.59   18.40 0.652     99.59     79.86 25.981 25.222 99.999 20.769 20.131 99.999 99.999 99.999  0.480 99.999 99.999 99.999 99.999  99.999  99.999  99.999  99.999  0.009  0.009  0.009  0.011  0.030  0.035  243  225 -0.000  0.000    0  11.153873138   7.133634292  1  3 44.30 2009  5 22 2454973.55063572    39                   RE   targ_cat_global_reduction_sat_gr1                  Siarnaq               2044  4098
  -0.044  -0.091 1885.59   18.40 0.724     99.59     79.86 25.981 25.222 99.999 20.826 20.064 99.999 99.999 99.999  0.480 99.999 99.999 99.999 99.999  99.999  99.999  99.999  99.999  0.015  0.015  0.008  0.009  0.032  0.036  243  253 -0.000  0.000    0  11.153873543   7.133622864  1  3 44.30 2009  5 22 2454973.55179117    39                   RE   targ_cat_global_reduction_sat_gr1                  Siarnaq               2044  4098
  -0.090  -0.081 1885.59   18.40 0.699     99.59     79.86 25.981 25.222 99.999 20.900 20.185 99.999 99.999 99.999  0.480 99.999 99.999 99.999 99.999  99.999  99.999  99.999  99.999  0.012  0.012  0.009  0.010  0.027  0.032  243  254 -0.000  0.000    0  11.153872908   7.133618599  1  3 44.30 2009  5 22 2454973.55295067    39                   RE   targ_cat_global_reduction_sat_gr1                  Siarnaq               2044  4098
  -0.014  -0.075 1885.59   18.40 0.778     99.59     79.86 25.981 25.222 99.999 20.765 20.018 99.999 99.999 99.999  0.480 99.999 99.999 99.999 99.999  99.999  99.999  99.999  99.999  0.029  0.029  0.010  0.010  0.033  0.032  243  276 -0.000  0.000    0  11.153874515   7.133613486  1  3 44.30 2009  5 22 2454973.55410414    39                   RE   targ_cat_global_reduction_sat_gr1                  Siarnaq               2044  4098
  -0.069  -0.059 1885.59   18.40 0.750     99.59     79.86 25.981 25.222 99.999 20.780 20.039 99.999 99.999 99.999  0.480 99.999 99.999 99.999 99.999  99.999  99.999  99.999  99.999  0.014  0.014  0.009  0.012  0.025  0.034  243  248 -0.000  0.000    0  11.153873710   7.133611469  1  3 44.30 2009  5 22 2454973.55522776    39                   RE   targ_cat_global_reduction_sat_gr1                  Siarnaq               2044  4098
  -0.045  -0.041 1885.59   18.40 0.717     99.59     79.86 25.981 25.222 99.999 20.816 20.057 99.999 99.999 99.999  0.480 99.999 99.999 99.999 99.999  99.999  99.999  99.999  99.999  0.018  0.018  0.009  0.011  0.031  0.037  243  280 -0.000  0.000    0  11.153874390   7.133609410  1  3 44.30 2009  5 22 2454973.55637974    39                   RE   targ_cat_global_reduction_sat_gr1                  Siarnaq               2044  4098
  -0.067  -0.094 1885.59   18.40 0.602     99.59     79.86 25.981 25.222 99.999 20.740 20.010 99.999 99.999 99.999  0.480 99.999 99.999 99.999 99.999  99.999  99.999  99.999  99.999  0.016  0.016  0.010  0.011  0.030  0.032  243  238 -0.000  0.000    0  11.153874201   7.133587856  1  3 44.30 2009  5 22 2454973.55753426    39                   RE   targ_cat_global_reduction_sat_gr1                  Siarnaq               2044  4098
  -0.018  -0.047 1885.59   18.40 0.633     99.59     79.86 25.981 25.222 99.999 20.761 20.043 99.999 99.999 99.999  0.480 99.999 99.999 99.999 99.999  99.999  99.999  99.999  99.999  0.014  0.014  0.010  0.011  0.029  0.032  243  264 -0.000  0.000    0  11.153875326   7.133594046  1  3 44.30 2009  5 22 2454973.55869121    39                   RE   targ_cat_global_reduction_sat_gr1                  Siarnaq               2044  4098
  -0.079  -0.096 1885.59   18.40 0.712     99.59     79.86 25.981 25.222 99.999 20.814 20.018 99.999 99.999 99.999  0.480 99.999 99.999 99.999 99.999  99.999  99.999  99.999  99.999  0.021  0.022  0.009  0.009  0.034  0.033  243  274 -0.000  0.000    0  11.153874393   7.133574447  1  3 44.30 2009  5 22 2454973.55971679    39                   RE   targ_cat_global_reduction_sat_gr1                  Siarnaq               2044  4098
  -0.099  -0.054 1885.59   18.40 0.682     99.59     79.86 25.981 25.222 99.999 20.862 20.196 99.999 99.999 99.999  0.480 99.999 99.999 99.999 99.999  99.999  99.999  99.999  99.999  0.020  0.020  0.009  0.011  0.028  0.034  243  240 -0.000  0.000    0  11.153874206   7.133579101  1  3 44.30 2009  5 22 2454973.56086703    39                   RE   targ_cat_global_reduction_sat_gr1                  Siarnaq               2044  4098
  -0.084  -0.102 1885.59   18.40 0.955     99.59     79.86 25.981 25.222 99.999 20.539 19.765 99.999 99.999 99.999  0.480 99.999 99.999 99.999 99.999  99.999  99.999  99.999  99.999  0.004  0.004  0.017  0.016  0.039  0.035  243  247 -0.000  0.000    0  11.153874705   7.133559137  1  3 44.30 2009  5 22 2454973.56199064    39                   RE   targ_cat_global_reduction_sat_gr1                  Siarnaq               2044  4098
  -0.051  -0.065 1885.59   18.40 0.633     99.59     79.86 25.981 25.222 99.999 20.857 20.180 99.999 99.999 99.999  0.480 99.999 99.999 99.999 99.999  99.999  99.999  99.999  99.999  0.014  0.014  0.010  0.012  0.029  0.035  243  249 -0.000  0.000    0  11.153875575   7.133561702  1  3 44.30 2009  5 22 2454973.56331497    39                   RE   targ_cat_global_reduction_sat_gr1                  Siarnaq               2044  4098
  -0.041  -0.131 1885.59   18.40 0.668     99.59     79.86 25.981 25.222 99.999 20.799 19.937 99.999 99.999 99.999  0.480 99.999 99.999 99.999 99.999  99.999  99.999  99.999  99.999  0.021  0.021  0.006  0.005  0.034  0.028  243  227 -0.000  0.000    0  11.153876072   7.133533773  1  3 44.30 2009  5 22 2454973.56491329    39                   RE   targ_cat_global_reduction_sat_gr1                  Siarnaq               2044  4098
   0.038  -0.177 1885.59   18.40 0.581     99.59     79.86 25.981 25.222 99.999 20.892 20.145 99.999 99.999 99.999  0.480 99.999 99.999 99.999 99.999  99.999  99.999  99.999  99.999  0.012  0.012  0.005  0.005  0.031  0.032  243  242 -0.000  0.000    0  11.153877770   7.133514082  1  3 44.30 2009  5 22 2454973.56607754    39                   RE   targ_cat_global_reduction_sat_gr1                  Siarnaq               2044  4098
  -0.045  -0.166 1885.59   18.40 0.813     99.59     79.86 25.981 25.222 99.999 20.811 19.988 99.999 99.999 99.999  0.480 99.999 99.999 99.999 99.999  99.999  99.999  99.999  99.999  0.017  0.017  0.006  0.005  0.038  0.031  243  250 -0.000  0.000    0  11.153876436   7.133510318  1  3 44.30 2009  5 22 2454973.56723090    39                   RE   targ_cat_global_reduction_sat_gr1                  Siarnaq               2044  4098
  -0.012  -0.150 1885.59   18.40 0.738     99.59     79.86 25.981 25.222 99.999 20.718 19.813 99.999 99.999 99.999  0.480 99.999 99.999 99.999 99.999  99.999  99.999  99.999  99.999  0.012  0.012  0.005  0.006  0.029  0.033  243  212 -0.000  0.000    0  11.153877269   7.133507905  1  3 44.30 2009  5 22 2454973.56838947    39                   RE   targ_cat_global_reduction_sat_gr1                  Siarnaq               2044  4098
  -0.008  -0.128 1885.59   18.40 0.507     99.59     79.86 25.981 25.222 99.999 20.704 19.921 99.999 99.999 99.999  0.480 99.999 99.999 99.999 99.999  99.999  99.999  99.999  99.999  0.010  0.011  0.005  0.005  0.029  0.031  243  186 -0.000  0.000    0  11.153877576   7.133507084  1  3 44.30 2009  5 22 2454973.56951193    39                   RE   targ_cat_global_reduction_sat_gr1                  Siarnaq               2044  4098
   0.017  -0.185 1885.59   18.40 0.897     99.59     79.86 25.981 25.222 99.999 20.759 19.964 99.999 99.999 99.999  0.480 99.999 99.999 99.999 99.999  99.999  99.999  99.999  99.999  0.023  0.023  0.006  0.006  0.035  0.033  243  204 -0.000  0.000    0  11.153878259   7.133484708  1  3 44.30 2009  5 22 2454973.57065951    39                   RE   targ_cat_global_reduction_sat_gr1                  Siarnaq               2044  4098
  -0.010  -0.157 1885.59   18.40 0.685     99.59     79.86 25.981 25.222 99.999 20.751 19.955 99.999 99.999 99.999  0.480 99.999 99.999 99.999 99.999  99.999  99.999  99.999  99.999  0.012  0.012  0.006  0.006  0.030  0.032  243  183 -0.000  0.000    0  11.153877973   7.133485594  1  3 44.30 2009  5 22 2454973.57181484    39                   RE   targ_cat_global_reduction_sat_gr1                  Siarnaq               2044  4098
   0.010  -0.162 1885.59   18.40 0.784     99.59     79.86 25.981 25.222 99.999 20.970 20.180 99.999 99.999 99.999  0.480 99.999 99.999 99.999 99.999  99.999  99.999  99.999  99.999  0.007  0.007  0.005  0.006  0.030  0.035  243  209 -0.000  0.000    0  11.153878569   7.133477180  1  3 44.30 2009  5 22 2454973.57297295    39                   RE   targ_cat_global_reduction_sat_gr1                  Siarnaq               2044  4098
   0.019  -0.202 1885.59   18.40 0.586     99.59     79.86 25.981 25.222 99.999 20.731 19.971 99.999 99.999 99.999  0.480 99.999 99.999 99.999 99.999  99.999  99.999  99.999  99.999  0.013  0.013  0.006  0.006  0.031  0.035  243  194 -0.000  0.000    0  11.153878959   7.133459215  1  3 44.30 2009  5 22 2454973.57413130    39                   RE   targ_cat_global_reduction_sat_gr1                  Siarnaq               2044  4098
   0.011  -0.145 1885.59   18.40 0.700     99.59     79.86 25.981 25.222 99.999 20.815 20.087 99.999 99.999 99.999  0.480 99.999 99.999 99.999 99.999  99.999  99.999  99.999  99.999  0.013  0.013  0.006  0.006  0.033  0.033  243  199 -0.000  0.000    0  11.153879042   7.133468345  1  3 44.30 2009  5 22 2454973.57528917    39                   RE   targ_cat_global_reduction_sat_gr1                  Siarnaq               2044  4098
  -0.018  -0.143 1885.59   18.40 0.839     99.59     79.86 25.981 25.222 99.999 20.510 19.628 99.999 99.999 99.999  0.480 99.999 99.999 99.999 99.999  99.999  99.999  99.999  99.999  0.000  0.000  0.006  0.006  0.032  0.031  243  206 -0.000  0.000    0  11.153878750   7.133461894  1  3 44.30 2009  5 22 2454973.57644590    39                   RE   targ_cat_global_reduction_sat_gr1                  Siarnaq               2044  4098
  -0.024  -0.127 1885.59   18.40 0.567     99.59     79.86 25.981 25.222 99.999 20.717 19.907 99.999 99.999 99.999  0.480 99.999 99.999 99.999 99.999  99.999  99.999  99.999  99.999  0.019  0.019  0.006  0.006  0.034  0.034  243  228 -0.000  0.000    0  11.153878838   7.133460214  1  3 44.30 2009  5 22 2454973.57747170    39                   RE   targ_cat_global_reduction_sat_gr1                  Siarnaq               2044  4098
   0.026  -0.140 1885.59   18.40 0.783     99.59     79.86 25.981 25.222 99.999 20.741 19.958 99.999 99.999 99.999  0.480 99.999 99.999 99.999 99.999  99.999  99.999  99.999  99.999  0.006  0.005  0.006  0.005  0.040  0.033  243  206 -0.000  0.000    0  11.153879982   7.133449761  1  3 44.30 2009  5 22 2454973.57862275    39                   RE   targ_cat_global_reduction_sat_gr1                  Siarnaq               2044  4098
  -0.024  -0.161 1885.59   18.40 0.841     99.59     79.86 25.981 25.222 99.999 20.652 19.886 99.999 99.999 99.999  0.480 99.999 99.999 99.999 99.999  99.999  99.999  99.999  99.999  0.016  0.016  0.006  0.006  0.034  0.035  243  210 -0.000  0.000    0  11.153879265   7.133436852  1  3 44.30 2009  5 22 2454973.57977889    39                   RE   targ_cat_global_reduction_sat_gr1                  Siarnaq               2044  4098
  -0.005  -0.137 1885.59   18.40 0.649     99.59     79.86 25.981 25.222 99.999 20.624 19.768 99.999 99.999 99.999  0.480 99.999 99.999 99.999 99.999  99.999  99.999  99.999  99.999  0.013  0.013  0.006  0.007  0.035  0.041  243  193 -0.000  0.000    0  11.153879850   7.133436907  1  3 44.30 2009  5 22 2454973.58090239    39                   RE   targ_cat_global_reduction_sat_gr1                  Siarnaq               2044  4098
  -0.121  -0.062  241.40    1.76 0.801    146.77    114.74 26.214 25.666 99.999 20.660 20.004 99.999 99.999 99.999  0.408 99.999 99.999 99.999 99.999  99.999  99.999  99.999  99.999  0.000  0.000  0.007  0.007  0.033  0.033  321  339  0.000  0.001    0  11.154215328   7.127240358  1 59 10.38 2009  5 23 2454974.58275898    99                   RE   targ_cat_global_reduction_sat_gr1                  Siarnaq               2044  4098
  -0.105  -0.032  241.40    1.76 0.775    146.77    114.74 26.214 25.666 99.999 20.749 20.018 99.999 99.999 99.999  0.408 99.999 99.999 99.999 99.999  99.999  99.999  99.999  99.999  0.019  0.019  0.007  0.007  0.030  0.031  321  309  0.000  0.001    0  11.154217521   7.127207806  1 59 10.38 2009  5 23 2454974.58893446    99                   RE   targ_cat_global_reduction_sat_gr1                  Siarnaq               2044  4098
  -0.106  -0.116  241.40    1.76 1.187    146.77    114.74 26.214 25.666 99.999 20.730 20.070 99.999 99.999 99.999  0.408 99.999 99.999 99.999 99.999  99.999  99.999  99.999  99.999  0.022  0.023  0.010  0.010  0.033  0.033  321  313  0.000  0.000    0  11.154218188   7.127169584  1 59 10.38 2009  5 23 2454974.59112555    99                   RE   targ_cat_global_reduction_sat_gr1                  Siarnaq               2044  4098
  -0.142  -0.061  241.40    1.76 1.649    146.77    114.74 26.214 25.666 99.999 20.176 19.453 99.999 99.999 99.999  0.408 99.999 99.999 99.999 99.999  99.999  99.999  99.999  99.999  0.019  0.019  0.007  0.008  0.030  0.034  321  311  0.000  0.001    0  11.154218187   7.127170922  1 59 10.38 2009  5 23 2454974.59329083    99                   RE   targ_cat_global_reduction_sat_gr1                  Siarnaq               2044  4098
  -0.088  -0.080  241.40    1.76 0.822    146.77    114.74 26.214 25.666 99.999 20.697 20.015 99.999 99.999 99.999  0.408 99.999 99.999 99.999 99.999  99.999  99.999  99.999  99.999  0.002  0.002  0.006  0.007  0.028  0.034  321  336  0.000  0.001    0  11.154219888   7.127150899  1 59 10.38 2009  5 23 2454974.59547000    99                   RE   targ_cat_global_reduction_sat_gr1                  Siarnaq               2044  4098
  -0.111  -0.041  241.40    1.76 0.861    146.77    114.74 26.214 25.666 99.999 20.715 19.961 99.999 99.999 99.999  0.408 99.999 99.999 99.999 99.999  99.999  99.999  99.999  99.999  0.015  0.015  0.007  0.008  0.030  0.035  321  332  0.000  0.001    0  11.154220091   7.127147706  1 59 10.38 2009  5 23 2454974.59756895    99                   RE   targ_cat_global_reduction_sat_gr1                  Siarnaq               2044  4098
  -0.117  -0.048  241.40    1.76 0.879    146.77    114.74 26.214 25.666 99.999 20.793 20.089 99.999 99.999 99.999  0.408 99.999 99.999 99.999 99.999  99.999  99.999  99.999  99.999  0.012  0.012  0.007  0.007  0.032  0.033  321  306  0.000  0.001    0  11.154220672   7.127131468  1 59 10.38 2009  5 23 2454974.59974291    99                   RE   targ_cat_global_reduction_sat_gr1                  Siarnaq               2044  4098
  -0.080  -0.108  241.40    1.76 0.704    146.77    114.74 26.214 25.666 99.999 20.756 19.914 99.999 99.999 99.999  0.408 99.999 99.999 99.999 99.999  99.999  99.999  99.999  99.999  0.015  0.015  0.004  0.004  0.029  0.031  321  316  0.000  0.000    0  11.154222196   7.127097211  1 59 10.38 2009  5 23 2454974.60236264    99                   RE   targ_cat_global_reduction_sat_gr1                  Siarnaq               2044  4098
  -0.118  -0.037  241.40    1.76 1.329    146.77    114.74 26.214 25.666 99.999 19.781 18.928 99.999 99.999 99.999  0.408 99.999 99.999 99.999 99.999  99.999  99.999  99.999  99.999  0.010  0.022  0.005  0.005  0.033  0.036  321  265  0.000  0.000    0  11.154222188   7.127102452  1 59 10.38 2009  5 23 2454974.60454748    99                   RE   targ_cat_global_reduction_sat_gr1                  Siarnaq               2044  4098
  -0.093  -0.166  241.40    1.76 1.006    146.77    114.74 26.214 25.666 99.999 20.709 19.875 99.999 99.999 99.999  0.408 99.999 99.999 99.999 99.999  99.999  99.999  99.999  99.999  0.000  0.000  0.006  0.006  0.037  0.036  321  255  0.000  0.000    0  11.154223341   7.127052149  1 59 10.38 2009  5 23 2454974.60671484    99                   RE   targ_cat_global_reduction_sat_gr1                  Siarnaq               2044  4098
  -0.066  -0.126  241.40    1.76 0.880    146.77    114.74 26.214 25.666 99.999 20.865 20.040 99.999 99.999 99.999  0.408 99.999 99.999 99.999 99.999  99.999  99.999  99.999  99.999  0.021  0.021  0.005  0.005  0.030  0.033  321  265  0.000  0.000    0  11.154224551   7.127048703  1 59 10.38 2009  5 23 2454974.60889216    99                   RE   targ_cat_global_reduction_sat_gr1                  Siarnaq               2044  4098
  -0.054  -0.132  241.40    1.76 0.923    146.77    114.74 26.214 25.666 99.999 20.981 20.217 99.999 99.999 99.999  0.408 99.999 99.999 99.999 99.999  99.999  99.999  99.999  99.999  0.026  0.026  0.005  0.005  0.034  0.036  321  256  0.000  0.000    0  11.154225434   7.127032938  1 59 10.38 2009  5 23 2454974.61098949    99                   RE   targ_cat_global_reduction_sat_gr1                  Siarnaq               2044  4098
  -0.071  -0.134  241.40    1.76 1.038    146.77    114.74 26.214 25.666 99.999 20.648 19.795 99.999 99.999 99.999  0.408 99.999 99.999 99.999 99.999  99.999  99.999  99.999  99.999  0.030  0.069  0.005  0.005  0.036  0.032  321  285  0.000  0.000    0  11.154225805   7.127017946  1 59 10.38 2009  5 23 2454974.61315546    99                   RE   targ_cat_global_reduction_sat_gr1                  Siarnaq               2044  4098
  -0.055  -0.185  241.40    1.76 1.055    146.77    114.74 26.214 25.666 99.999 20.861 20.018 99.999 99.999 99.999  0.408 99.999 99.999 99.999 99.999  99.999  99.999  99.999  99.999  0.029  0.029  0.006  0.006  0.038  0.039  321  236  0.000  0.000    0  11.154226810   7.126989751  1 59 10.38 2009  5 23 2454974.61526229    99                   RE   targ_cat_global_reduction_sat_gr1                  Siarnaq               2044  4098
