   0.028  -0.165  607.78    3.56 1.561     96.01    220.67 24.901 24.672 99.999 18.924 18.279 99.999 99.999 99.999  0.324 99.999 99.999 99.999 99.999  99.999  99.999  99.999  99.999  0.010  0.010  0.003  0.003  0.031  0.033 1803 1176  0.000  0.000    0  16.713885428 -22.268129092  1 18 45.94 2007  9 10 2454353.55469836    59                   RE   targ_cat_global_reduction_sat_gr1                  Carme                 2044  4098
   0.062  -0.177  607.78    3.56 1.393     96.01    220.67 24.901 24.672 99.999 18.910 18.253 99.999 99.999 99.999  0.324 99.999 99.999 99.999 99.999  99.999  99.999  99.999  99.999  0.011  0.011  0.003  0.003  0.031  0.031 1803 1186  0.000  0.000    0  16.713896444 -22.268156468  1 18 45.94 2007  9 10 2454353.55650366    59                   RE   targ_cat_global_reduction_sat_gr1                  Carme                 2044  4098
   0.041  -0.163  607.78    3.56 1.537     96.01    220.67 24.901 24.672 99.999 18.866 18.205 99.999 99.999 99.999  0.324 99.999 99.999 99.999 99.999  99.999  99.999  99.999  99.999  0.009  0.009  0.003  0.003  0.033  0.032 1803 1130  0.000  0.000    0  16.713906394 -22.268176840  1 18 45.94 2007  9 10 2454353.55832273    59                   RE   targ_cat_global_reduction_sat_gr1                  Carme                 2044  4098
   0.048  -0.175  607.78    3.56 1.449     96.01    220.67 24.901 24.672 99.999 18.878 18.221 99.999 99.999 99.999  0.324 99.999 99.999 99.999 99.999  99.999  99.999  99.999  99.999  0.009  0.009  0.003  0.003  0.033  0.031 1803 1197  0.000  0.000    0  16.713917981 -22.268207067  1 18 45.94 2007  9 10 2454353.56032289    59                   RE   targ_cat_global_reduction_sat_gr1                  Carme                 2044  4098
   0.046  -0.155  607.78    3.56 1.521     96.01    220.67 24.901 24.672 99.999 18.899 18.281 99.999 99.999 99.999  0.324 99.999 99.999 99.999 99.999  99.999  99.999  99.999  99.999  0.010  0.010  0.003  0.003  0.034  0.034 1803 1141  0.000  0.000    0  16.713927951 -22.268224469  1 18 45.94 2007  9 10 2454353.56207134    59                   RE   targ_cat_global_reduction_sat_gr1                  Carme                 2044  4098
   0.062  -0.179  607.78    3.56 1.620     96.01    220.67 24.901 24.672 99.999 18.844 18.242 99.999 99.999 99.999  0.324 99.999 99.999 99.999 99.999  99.999  99.999  99.999  99.999  0.012  0.012  0.004  0.004  0.036  0.034 1803  994  0.000  0.000    0  16.713938735 -22.268255504  1 18 45.94 2007  9 10 2454353.56390072    59                   RE   targ_cat_global_reduction_sat_gr1                  Carme                 2044  4098
   0.055  -0.173  607.78    3.56 1.423     96.01    220.67 24.901 24.672 99.999 18.862 18.201 99.999 99.999 99.999  0.324 99.999 99.999 99.999 99.999  99.999  99.999  99.999  99.999  0.009  0.009  0.003  0.003  0.032  0.031 1803 1235  0.000  0.000    0  16.713948765 -22.268277407  1 18 45.94 2007  9 10 2454353.56567638    59                   RE   targ_cat_global_reduction_sat_gr1                  Carme                 2044  4098
   0.037  -0.176  607.78    3.56 1.464     96.01    220.67 24.901 24.672 99.999 18.831 18.213 99.999 99.999 99.999  0.324 99.999 99.999 99.999 99.999  99.999  99.999  99.999  99.999  0.009  0.009  0.003  0.003  0.034  0.033 1803 1129  0.000  0.000    0  16.713958847 -22.268302657  1 18 45.94 2007  9 10 2454353.56749974    59                   RE   targ_cat_global_reduction_sat_gr1                  Carme                 2044  4098
   0.024  -0.173  607.78    3.56 1.533     96.01    220.67 24.901 24.672 99.999 18.833 18.190 99.999 99.999 99.999  0.324 99.999 99.999 99.999 99.999  99.999  99.999  99.999  99.999  0.011  0.011  0.003  0.003  0.035  0.032 1803 1096  0.000  0.000    0  16.713968535 -22.268324921  1 18 45.94 2007  9 10 2454353.56923915    59                   RE   targ_cat_global_reduction_sat_gr1                  Carme                 2044  4098
  -0.074   0.050  260.88    2.43 0.704  13206.89    852.30 25.709 25.528 99.999 17.742 17.559 99.999 99.999 99.999  0.256 99.999  0.030  0.000  0.050  99.999  99.999   0.003   0.003  0.004  0.004  0.001  0.001  0.010  0.012 2538 2465  0.000  0.000    0  19.403986429 -22.282588213  7 21 10.96 2008  6  4 2454621.80637684    99                   RE   targ_cat_global_reduction_sat_gr1                  Carme                 2044  4098
  -0.084   0.054  260.88    2.43 0.710  13206.89    852.30 25.709 25.528 99.999 17.549 17.409 99.999 99.999 99.999  0.256 99.999  0.030  0.000  0.050  99.999  99.999   0.003   0.003  0.004  0.004  0.001  0.001  0.010  0.010 2538 2517  0.000 -0.000    0  19.403964570 -22.282622733  7 21 10.96 2008  6  4 2454621.81045124    99                   RE   targ_cat_global_reduction_sat_gr1                  Carme                 2044  4098
   0.273   0.011 1593.79   11.24 0.939   3146.29    336.31 25.038 24.456 99.999 18.287 17.546 99.999 99.999 99.999  0.199 99.999  0.040  0.060  0.090  99.999  99.999   0.003   0.004  0.006  0.006  0.006  0.006  0.027  0.027  309  330  0.001  0.001    0  21.855361038 -14.029534899  9 24 28.51 2009  5 21 2454972.89199661    39                   RE   targ_cat_global_reduction_sat_gr1                  Carme                 2044  4098
   0.257   0.013 1593.79   11.24 1.001   3146.29    336.31 25.038 24.456 99.999 18.352 17.582 99.999 99.999 99.999  0.199 99.999  0.040  0.060  0.090  99.999  99.999   0.003   0.004  0.006  0.006  0.006  0.006  0.026  0.027  309  323  0.001  0.001    0  21.855365160 -14.029520222  9 24 28.51 2009  5 21 2454972.89315912    39                   RE   targ_cat_global_reduction_sat_gr1                  Carme                 2044  4098
   0.275   0.003 1593.79   11.24 0.967   3146.29    336.31 25.038 24.456 99.999 18.295 17.468 99.999 99.999 99.999  0.199 99.999  0.040  0.060  0.090  99.999  99.999   0.003   0.004  0.006  0.006  0.007  0.007  0.026  0.027  309  292  0.001  0.001    0  21.855369773 -14.029509545  9 24 28.51 2009  5 21 2454972.89429327    39                   RE   targ_cat_global_reduction_sat_gr1                  Carme                 2044  4098
   0.243   0.047 1593.79   11.24 1.083   3146.29    336.31 25.038 24.456 99.999 18.357 17.573 99.999 99.999 99.999  0.199 99.999  0.040  0.060  0.090  99.999  99.999   0.003   0.004  0.007  0.007  0.007  0.006  0.029  0.027  309  334  0.001  0.001    0  21.855373527 -14.029483101  9 24 28.51 2009  5 21 2454972.89545092    39                   RE   targ_cat_global_reduction_sat_gr1                  Carme                 2044  4098
   0.251   0.011 1593.79   11.24 0.912   3146.29    336.31 25.038 24.456 99.999 18.409 17.639 99.999 99.999 99.999  0.199 99.999  0.040  0.060  0.090  99.999  99.999   0.003   0.004  0.007  0.007  0.006  0.006  0.026  0.025  309  336  0.001  0.001    0  21.855377938 -14.029479375  9 24 28.51 2009  5 21 2454972.89657419    39                   RE   targ_cat_global_reduction_sat_gr1                  Carme                 2044  4098
   0.252   0.038 1593.79   11.24 0.888   3146.29    336.31 25.038 24.456 99.999 18.335 17.556 99.999 99.999 99.999  0.199 99.999  0.040  0.060  0.090  99.999  99.999   0.003   0.004  0.007  0.007  0.007  0.006  0.028  0.027  309  317  0.001  0.001    0  21.855382330 -14.029457828  9 24 28.51 2009  5 21 2454972.89774214    39                   RE   targ_cat_global_reduction_sat_gr1                  Carme                 2044  4098
   0.039  -0.119 2018.99    9.23 0.801     33.71    154.46 25.685 24.871 99.999 18.370 17.570 99.999 99.999 99.999  0.489 99.999 99.999 99.999 99.999  99.999  99.999  99.999  99.999  0.013  0.013  0.008  0.007  0.027  0.026  448  364 -0.000 -0.000    0  21.862653325 -14.007538011  7 46 20.91 2009  5 23 2454974.82385310    39                   RE   targ_cat_global_reduction_sat_gr1                  Carme                 2044  4098
   0.009  -0.110 2018.99    9.23 0.717     33.71    154.46 25.685 24.871 99.999 18.258 17.543 99.999 99.999 99.999  0.489 99.999 99.999 99.999 99.999  99.999  99.999  99.999  99.999  0.002  0.002  0.008  0.008  0.029  0.030  448  387 -0.000 -0.000    0  21.862656639 -14.007524103  7 46 20.91 2009  5 23 2454974.82497799    39                   RE   targ_cat_global_reduction_sat_gr1                  Carme                 2044  4098
   0.006  -0.110 2018.99    9.23 0.755     33.71    154.46 25.685 24.871 99.999 18.272 17.481 99.999 99.999 99.999  0.489 99.999 99.999 99.999 99.999  99.999  99.999  99.999  99.999  0.004  0.004  0.007  0.007  0.027  0.025  448  374 -0.000 -0.000    0  21.862660642 -14.007512540  7 46 20.91 2009  5 23 2454974.82615267    39                   RE   targ_cat_global_reduction_sat_gr1                  Carme                 2044  4098
   0.001  -0.111 2018.99    9.23 0.875     33.71    154.46 25.685 24.871 99.999 18.398 17.555 99.999 99.999 99.999  0.489 99.999 99.999 99.999 99.999  99.999  99.999  99.999  99.999  0.017  0.017  0.007  0.006  0.031  0.026  448  356 -0.000 -0.000    0  21.862664518 -14.007501443  7 46 20.91 2009  5 23 2454974.82729873    39                   RE   targ_cat_global_reduction_sat_gr1                  Carme                 2044  4098
   0.037  -0.126 2018.99    9.23 0.694     33.71    154.46 25.685 24.871 99.999 18.202 17.532 99.999 99.999 99.999  0.489 99.999 99.999 99.999 99.999  99.999  99.999  99.999  99.999  0.004  0.004  0.007  0.008  0.026  0.028  448  342 -0.000 -0.000    0  21.862669071 -14.007494261  7 46 20.91 2009  5 23 2454974.82842419    39                   RE   targ_cat_global_reduction_sat_gr1                  Carme                 2044  4098
   0.009  -0.110 2018.99    9.23 0.696     33.71    154.46 25.685 24.871 99.999 18.398 17.552 99.999 99.999 99.999  0.489 99.999 99.999 99.999 99.999  99.999  99.999  99.999  99.999  0.020  0.020  0.008  0.006  0.031  0.026  448  399 -0.000 -0.000    0  21.862672451 -14.007478425  7 46 20.91 2009  5 23 2454974.82955846    39                   RE   targ_cat_global_reduction_sat_gr1                  Carme                 2044  4098
   0.019  -0.119 2018.99    9.23 0.640     33.71    154.46 25.685 24.871 99.999 18.231 17.612 99.999 99.999 99.999  0.489 99.999 99.999 99.999 99.999  99.999  99.999  99.999  99.999  0.005  0.005  0.006  0.007  0.025  0.027  448  327 -0.000 -0.000    0  21.862676593 -14.007469493  7 46 20.91 2009  5 23 2454974.83070511    39                   RE   targ_cat_global_reduction_sat_gr1                  Carme                 2044  4098
   0.031  -0.118 2018.99    9.23 0.608     33.71    154.46 25.685 24.871 99.999 18.150 17.633 99.999 99.999 99.999  0.489 99.999 99.999 99.999 99.999  99.999  99.999  99.999  99.999  0.005  0.005  0.006  0.006  0.025  0.026  448  354 -0.000 -0.000    0  21.862680666 -14.007457645  7 46 20.91 2009  5 23 2454974.83182560    39                   RE   targ_cat_global_reduction_sat_gr1                  Carme                 2044  4098
   0.051  -0.106 2018.99    9.23 0.712     33.71    154.46 25.685 24.871 99.999 18.400 17.516 99.999 99.999 99.999  0.489 99.999 99.999 99.999 99.999  99.999  99.999  99.999  99.999  0.013  0.013  0.006  0.006  0.029  0.026  448  411 -0.000 -0.000    0  21.862685024 -14.007443108  7 46 20.91 2009  5 23 2454974.83297063    39                   RE   targ_cat_global_reduction_sat_gr1                  Carme                 2044  4098
   0.058  -0.123 2018.99    9.23 0.610     33.71    154.46 25.685 24.871 99.999 18.266 17.491 99.999 99.999 99.999  0.489 99.999 99.999 99.999 99.999  99.999  99.999  99.999  99.999  0.007  0.007  0.007  0.007  0.028  0.027  448  363 -0.000 -0.000    0  21.862689167 -14.007435974  7 46 20.91 2009  5 23 2454974.83413268    39                   RE   targ_cat_global_reduction_sat_gr1                  Carme                 2044  4098
   0.068  -0.145 2018.99    9.23 0.670     33.71    154.46 25.685 24.871 99.999 18.272 17.841 99.999 99.999 99.999  0.489 99.999 99.999 99.999 99.999  99.999  99.999  99.999  99.999  0.007  0.007  0.004  0.003  0.022  0.022  448  315 -0.000 -0.000    0  21.862697304 -14.007418794  7 46 20.91 2009  5 23 2454974.83644508    39                   RE   targ_cat_global_reduction_sat_gr1                  Carme                 2044  4098
   0.053  -0.168 2018.99    9.23 0.773     33.71    154.46 25.685 24.871 99.999 18.350 17.860 99.999 99.999 99.999  0.489 99.999 99.999 99.999 99.999  99.999  99.999  99.999  99.999  0.011  0.011  0.004  0.004  0.025  0.026  448  352 -0.000 -0.000    0  21.862701058 -14.007413665  7 46 20.91 2009  5 23 2454974.83762368    39                   RE   targ_cat_global_reduction_sat_gr1                  Carme                 2044  4098
   0.065  -0.141 2018.99    9.23 0.651     33.71    154.46 25.685 24.871 99.999 18.287 17.801 99.999 99.999 99.999  0.489 99.999 99.999 99.999 99.999  99.999  99.999  99.999  99.999  0.004  0.004  0.004  0.004  0.025  0.022  448  287 -0.000 -0.000    0  21.862705298 -14.007394580  7 46 20.91 2009  5 23 2454974.83878353    39                   RE   targ_cat_global_reduction_sat_gr1                  Carme                 2044  4098
   0.057  -0.156 2018.99    9.23 0.661     33.71    154.46 25.685 24.871 99.999 18.363 17.876 99.999 99.999 99.999  0.489 99.999 99.999 99.999 99.999  99.999  99.999  99.999  99.999  0.005  0.005  0.003  0.004  0.022  0.024  448  317 -0.000 -0.000    0  21.862709119 -14.007387041  7 46 20.91 2009  5 23 2454974.83994140    39                   RE   targ_cat_global_reduction_sat_gr1                  Carme                 2044  4098
   0.054  -0.134 2018.99    9.23 0.789     33.71    154.46 25.685 24.871 99.999 18.367 17.755 99.999 99.999 99.999  0.489 99.999 99.999 99.999 99.999  99.999  99.999  99.999  99.999  0.024  0.022  0.005  0.004  0.030  0.024  448  350 -0.000 -0.000    0  21.862712950 -14.007369498  7 46 20.91 2009  5 23 2454974.84107266    39                   RE   targ_cat_global_reduction_sat_gr1                  Carme                 2044  4098
   0.065  -0.152 2018.99    9.23 0.676     33.71    154.46 25.685 24.871 99.999 18.310 17.868 99.999 99.999 99.999  0.489 99.999 99.999 99.999 99.999  99.999  99.999  99.999  99.999  0.004  0.004  0.003  0.004  0.021  0.026  448  316 -0.000 -0.000    0  21.862717011 -14.007363165  7 46 20.91 2009  5 23 2454974.84219477    39                   RE   targ_cat_global_reduction_sat_gr1                  Carme                 2044  4098
   0.031  -0.153 2018.99    9.23 1.053     33.71    154.46 25.685 24.871 99.999 18.430 17.859 99.999 99.999 99.999  0.489 99.999 99.999 99.999 99.999  99.999  99.999  99.999  99.999  0.017  0.017  0.005  0.004  0.031  0.028  448  307 -0.000 -0.000    0  21.862720311 -14.007351915  7 46 20.91 2009  5 23 2454974.84334177    39                   RE   targ_cat_global_reduction_sat_gr1                  Carme                 2044  4098
   0.059  -0.157 2018.99    9.23 0.676     33.71    154.46 25.685 24.871 99.999 18.301 17.791 99.999 99.999 99.999  0.489 99.999 99.999 99.999 99.999  99.999  99.999  99.999  99.999  0.009  0.006  0.003  0.003  0.025  0.024  448  331 -0.000 -0.000    0  21.862724829 -14.007341496  7 46 20.91 2009  5 23 2454974.84450023    39                   RE   targ_cat_global_reduction_sat_gr1                  Carme                 2044  4098
   0.065  -0.164 2018.99    9.23 0.717     33.71    154.46 25.685 24.871 99.999 18.382 17.896 99.999 99.999 99.999  0.489 99.999 99.999 99.999 99.999  99.999  99.999  99.999  99.999  0.005  0.005  0.003  0.004  0.023  0.024  448  322 -0.000 -0.000    0  21.862728899 -14.007331715  7 46 20.91 2009  5 23 2454974.84565429    39                   RE   targ_cat_global_reduction_sat_gr1                  Carme                 2044  4098
   0.052  -0.169 2018.99    9.23 0.779     33.71    154.46 25.685 24.871 99.999 18.415 17.873 99.999 99.999 99.999  0.489 99.999 99.999 99.999 99.999  99.999  99.999  99.999  99.999  0.010  0.010  0.004  0.004  0.030  0.026  448  315 -0.000 -0.000    0  21.862732651 -14.007321453  7 46 20.91 2009  5 23 2454974.84681472    39                   RE   targ_cat_global_reduction_sat_gr1                  Carme                 2044  4098
