   0.215   0.035  847.18    6.61 0.735     76.13    114.11 24.643 23.953 99.999 21.136 20.363 99.999 99.999 99.999  0.549 99.999  0.190  0.020  0.160  99.999  99.999  99.999  99.999  0.006  0.006  0.010  0.010  0.035  0.035  409  293  0.000 -0.000    0  21.983946889 -14.090283400  6 46 29.73 2009  5 22 2454973.78341954    39                   RE   targ_cat_global_reduction_sat_gr1                  Callirrhoe            2044  4098
   0.225   0.024  847.18    6.61 0.815     76.13    114.11 24.643 23.953 99.999 20.993 20.162 99.999 99.999 99.999  0.549 99.999  0.190  0.020  0.160  99.999  99.999  99.999  99.999  0.048  0.049  0.010  0.010  0.034  0.034  409  317  0.000 -0.000    0  21.983951665 -14.090262446  6 46 29.73 2009  5 22 2454973.78456874    39                   RE   targ_cat_global_reduction_sat_gr1                  Callirrhoe            2044  4098
   0.190   0.022  847.18    6.61 1.255     76.13    114.11 24.643 23.953 99.999 20.913 20.083 99.999 99.999 99.999  0.549 99.999  0.190  0.020  0.160  99.999  99.999  99.999  99.999  0.041  0.040  0.007  0.007  0.033  0.033  409  498  0.000 -0.000    0  21.983996956 -14.090022476  6 46 29.73 2009  5 22 2454973.79609720    39                   RE   targ_cat_global_reduction_sat_gr1                  Callirrhoe            2044  4098
   0.184   0.048  847.18    6.61 0.978     76.13    114.11 24.643 23.953 99.999 20.718 19.985 99.999 99.999 99.999  0.549 99.999  0.190  0.020  0.160  99.999  99.999  99.999  99.999  0.029  0.028  0.007  0.007  0.031  0.030  409  503  0.000 -0.000    0  21.984004560 -14.089974685  6 46 29.73 2009  5 22 2454973.79803618    39                   RE   targ_cat_global_reduction_sat_gr1                  Callirrhoe            2044  4098
   0.229   0.082  847.18    6.61 1.235     76.13    114.11 24.643 23.953 99.999 20.235 19.493 99.999 99.999 99.999  0.549 99.999  0.190  0.020  0.160  99.999  99.999  99.999  99.999  0.045  0.044  0.006  0.006  0.029  0.030  409  535  0.000 -0.000    0  21.984013117 -14.089924858  6 46 29.73 2009  5 22 2454973.79997574    39                   RE   targ_cat_global_reduction_sat_gr1                  Callirrhoe            2044  4098
   0.229   0.089  847.18    6.61 0.732     76.13    114.11 24.643 23.953 99.999 21.212 20.416 99.999 99.999 99.999  0.549 99.999  0.190  0.020  0.160  99.999  99.999  99.999  99.999  0.033  0.033  0.007  0.007  0.033  0.031  409  519  0.000 -0.000    0  21.984020852 -14.089882499  6 46 29.73 2009  5 22 2454973.80191379    39                   RE   targ_cat_global_reduction_sat_gr1                  Callirrhoe            2044  4098
   0.177   0.072  847.18    6.61 0.653     76.13    114.11 24.643 23.953 99.999 21.132 20.367 99.999 99.999 99.999  0.549 99.999  0.190  0.020  0.160  99.999  99.999  99.999  99.999  0.015  0.015  0.006  0.006  0.031  0.032  409  511  0.000 -0.000    0  21.984034875 -14.089808096  6 46 29.73 2009  5 22 2454973.80569881    39                   RE   targ_cat_global_reduction_sat_gr1                  Callirrhoe            2044  4098
   0.177   0.080  847.18    6.61 0.756     76.13    114.11 24.643 23.953 99.999 21.076 20.287 99.999 99.999 99.999  0.549 99.999  0.190  0.020  0.160  99.999  99.999  99.999  99.999  0.024  0.024  0.007  0.007  0.033  0.032  409  551  0.000 -0.000    0  21.984042324 -14.089766622  6 46 29.73 2009  5 22 2454973.80757413    39                   RE   targ_cat_global_reduction_sat_gr1                  Callirrhoe            2044  4098
   0.239   0.019  847.18    6.61 0.696     76.13    114.11 24.643 23.953 99.999 21.189 20.435 99.999 99.999 99.999  0.549 99.999  0.190  0.020  0.160  99.999  99.999  99.999  99.999  0.029  0.029  0.007  0.007  0.034  0.031  409  514  0.000 -0.000    0  21.984051174 -14.089743426  6 46 29.73 2009  5 22 2454973.80950663    39                   RE   targ_cat_global_reduction_sat_gr1                  Callirrhoe            2044  4098
   0.269   0.018  847.18    6.61 0.948     76.13    114.11 24.643 23.953 99.999 20.773 20.307 99.999 99.999 99.999  0.549 99.999  0.190  0.020  0.160  99.999  99.999  99.999  99.999  0.021  0.021  0.003  0.003  0.030  0.029  409  516  0.000 -0.000    0  21.984078910 -14.089600147  6 46 29.73 2009  5 22 2454973.81636361    39                   RE   targ_cat_global_reduction_sat_gr1                  Callirrhoe            2044  4098
   0.233   0.063  847.18    6.61 0.670     76.13    114.11 24.643 23.953 99.999 20.850 20.391 99.999 99.999 99.999  0.549 99.999  0.190  0.020  0.160  99.999  99.999  99.999  99.999  0.008  0.008  0.003  0.003  0.028  0.029  409  521  0.000 -0.000    0  21.984093531 -14.089506529  6 46 29.73 2009  5 22 2454973.82023486    39                   RE   targ_cat_global_reduction_sat_gr1                  Callirrhoe            2044  4098
   0.251   0.006  847.18    6.61 1.122     76.13    114.11 24.643 23.953 99.999 20.692 20.124 99.999 99.999 99.999  0.549 99.999  0.190  0.020  0.160  99.999  99.999  99.999  99.999  0.024  0.024  0.004  0.004  0.031  0.033  409  438  0.000 -0.000    0  21.984108955 -14.089442749  6 46 29.73 2009  5 22 2454973.82404881    39                   RE   targ_cat_global_reduction_sat_gr1                  Callirrhoe            2044  4098
   0.251  -0.010  847.18    6.61 0.819     76.13    114.11 24.643 23.953 99.999 20.691 20.319 99.999 99.999 99.999  0.549 99.999  0.190  0.020  0.160  99.999  99.999  99.999  99.999  0.013  0.013  0.003  0.003  0.029  0.029  409  509  0.000 -0.000    0  21.984346297 -14.088177171  6 46 29.73 2009  5 22 2454973.88453310    39                   RE   targ_cat_global_reduction_sat_gr1                  Callirrhoe            2044  4098
   0.240   0.025  847.18    6.61 0.595     76.13    114.11 24.643 23.953 99.999 20.726 20.494 99.999 99.999 99.999  0.549 99.999  0.190  0.020  0.160  99.999  99.999  99.999  99.999  0.014  0.014  0.003  0.003  0.030  0.029  409  535  0.000 -0.000    0  21.984353601 -14.088126841  6 46 29.73 2009  5 22 2454973.88645877    39                   RE   targ_cat_global_reduction_sat_gr1                  Callirrhoe            2044  4098
   0.261   0.036  847.18    6.61 0.617     76.13    114.11 24.643 23.953 99.999 21.661 20.835 99.999 99.999 99.999  0.549 99.999  0.190  0.020  0.160  99.999  99.999  99.999  99.999  0.019  0.019  0.008  0.007  0.032  0.030  409  545  0.000 -0.000    0  21.984387373 -14.087943342  6 46 29.73 2009  5 22 2454973.89502439    39                   RE   targ_cat_global_reduction_sat_gr1                  Callirrhoe            2044  4098
   0.226   0.109  847.18    6.61 1.733     76.13    114.11 24.643 23.953 99.999 19.779 18.990 99.999 99.999 99.999  0.549 99.999  0.190  0.020  0.160  99.999  99.999  99.999  99.999  0.018  0.018  0.007  0.007  0.032  0.032  409  587  0.000 -0.000    0  21.984394198 -14.087882492  6 46 29.73 2009  5 22 2454973.89694867    39                   RE   targ_cat_global_reduction_sat_gr1                  Callirrhoe            2044  4098
