  -0.057  -0.088  128.63  584.42 3.612   1493.69    280.98 21.733 21.850 99.999 13.798 13.914 99.999 99.999 99.999  0.307  0.300 99.999 99.999 99.999  99.999  99.999  99.999  99.999  0.025  0.025  0.019  0.026  0.041  0.057    7    7 99.999 99.999   99   1.733750388   7.933541560 22 19 53.28 1998 12 16 2451164.43047778    20             R Cousins  1998/N19981216/P88882F1.FITS                       Hyperion              1024  1024     1   0.000   0.000
   0.055   0.029  200.82  512.30 2.971   1307.29    543.68 22.128 22.128 99.999 14.337 14.338 99.999 99.999 99.999  0.235  0.255 99.999 99.999 99.999  99.999  99.999  99.999  99.999  0.012  0.012  0.022  0.035  0.052  0.082    8    7 99.999 99.999   99   1.733746830   7.933575570 22 26 27.42 1998 12 16 2451164.43503958    20             R Cousins  1998/N19981216/P88883F1.FITS                       Hyperion              1024  1024     1   0.000   0.000
   0.017   0.070  204.30  514.03 3.110   1230.49    525.30 21.767 21.966 99.999 14.041 14.241 99.999 99.999 99.999  0.242  0.387 99.999 99.999 99.999  99.999  99.999  99.999  99.999  0.014  0.014  0.054  0.013  0.103  0.024    4    4 99.999 99.999   99   1.733743214   7.933587579 22 29 52.32 1998 12 16 2451164.43741111    20             R Cousins  1998/N19981216/P88885F1.FITS                       Hyperion              1024  1024     1   0.000   0.000
  -0.022  -0.059  197.08  512.52 2.801   1296.28    633.22 21.959 22.172 99.999 14.177 14.390 99.999 99.999 99.999  0.101  0.407 99.999 99.999 99.999  99.999  99.999  99.999  99.999  0.018  0.018  0.016  0.009  0.034  0.020    5    5 99.999 99.999   99   1.733740980   7.933551822 22 31 35.32 1998 12 16 2451164.43860324    20             R Cousins  1998/N19981216/P88886F1.FITS                       Hyperion              1024  1024     1   0.000   0.000
  -0.087  -0.100  197.86  513.26 2.624   1838.40    546.01 22.254 22.308 99.999 14.092 14.147 99.999 99.999 99.999  0.141  0.373 99.999 99.999 99.999  99.999  99.999  99.999  99.999  0.010  0.010  0.019  0.018  0.050  0.048    7    7 99.999 99.999   99   1.733738291   7.933540897 22 33 18.03 1998 12 16 2451164.43979201    20             R Cousins  1998/N19981216/P88887F1.FITS                       Hyperion              1024  1024     1   0.000   0.000
  -0.120  -0.065  194.29  511.48 2.457   1715.63    680.01 22.264 22.390 99.999 14.178 14.304 99.999 99.999 99.999  0.422  0.364 99.999 99.999 99.999  99.999  99.999  99.999  99.999  0.013  0.013  0.022  0.013  0.053  0.031    6    6 99.999 99.999   99   1.733733233   7.933551613 22 38 29.38 1998 12 16 2451164.44339560    20             R Cousins  1998/N19981216/P88888F1.FITS                       Hyperion              1024  1024     1   0.000   0.000
   0.111   0.129  187.03  512.21 2.871   1408.29    561.68 21.847 22.124 99.999 13.975 14.252 99.999 99.999 99.999  0.195  0.221 99.999 99.999 99.999  99.999  99.999  99.999  99.999  0.012  0.011  0.042  0.044  0.086  0.090    5    5 99.999 99.999   99   1.733734634   7.933606019 22 41 54.07 1998 12 16 2451164.44576470    20             R Cousins  1998/N19981216/P88890F1.FITS                       Hyperion              1024  1024     1   0.000   0.000
   0.038   0.053  185.02  512.17 3.209   1245.02    517.82 21.876 22.034 99.999 14.138 14.296 99.999 99.999 99.999  0.299  0.244 99.999 99.999 99.999  99.999  99.999  99.999  99.999  0.022  0.021  0.047  0.067  0.082  0.117    5    5 99.999 99.999   99   1.733731796   7.933585410 22 43 36.79 1998 12 16 2451164.44695359    20             R Cousins  1998/N19981216/P88891F1.FITS                       Hyperion              1024  1024     1   0.000   0.000
  -0.159  -0.089  199.02  511.46 2.783   1568.89    557.21 22.111 21.902 99.999 14.122 13.913 99.999 99.999 99.999  0.209  0.627 99.999 99.999 99.999  99.999  99.999  99.999  99.999  0.018  0.017  0.074  0.014  0.071  0.013    4    4 99.999 99.999   99   1.733726642   7.933546199 22 45 18.90 1998 12 16 2451164.44813542    20             R Cousins  1998/N19981216/P88892F1.FITS                       Hyperion              1024  1024     1   0.000   0.000
   0.028   0.052  431.77  340.58 2.989    316.29    224.21 20.660 20.595 99.999 14.410 14.345 99.999 99.999 99.999  0.335  0.429 99.999 99.999 99.999  99.999  99.999  99.999  99.999  0.024  0.024  0.029  0.027  0.082  0.077   13   11 99.999 99.999   99   3.939186704  18.174483450  3  0  4.58 2000  8 26 2451782.62505301    10             R Cousins  2000/N20000825/P128745F1.FITS                      Hyperion              1024  1024     1   0.000   0.000
   0.033   0.050  431.20  340.40 1.985    321.26    293.94 20.877 20.823 99.999 14.610 14.556 99.999 99.999 99.999  0.199  0.379 99.999 99.999 99.999  99.999  99.999  99.999  99.999  0.034  0.034  0.022  0.019  0.065  0.058   12   11 99.999 99.999   99   3.939189718  18.174492971  3  1 37.18 2000  8 26 2451782.62612477    10             R Cousins  2000/N20000825/P128746F1.FITS                      Hyperion              1024  1024     1   0.000   0.000
  -0.030   0.101  429.98  340.53 2.380   2978.29   2477.47 23.361 23.233 99.999 14.676 14.548 99.999 99.999 99.999  0.405  0.533 99.999 99.999 99.999  99.999  99.999  99.999  99.999  0.033  0.033  0.020  0.033  0.031  0.051   13   10 99.999 99.999   99   3.939202603  18.174557884  3  9  4.59 2000  8 26 2451782.63130313    90             R Cousins  2000/N20000825/P128750F1.FITS                      Hyperion              1024  1024     1   0.000   0.000
  -0.059   0.018  530.99  573.95 1.454    103.74     16.42 18.886 18.924 99.999 13.846 13.884 99.999 99.999 99.999  0.343  0.402 99.999 99.999 99.999  99.999  99.999  99.999  99.999  0.000  0.000  0.020  0.017  0.048  0.041   11    9 99.999 99.999   99   4.755609776  20.446198915 22  3 54.55 2001 11 20 2452234.41938137     5              densite3  2001/N20011120/P147551F1.FITS                      Hyperion              1024  1024     1   0.000   0.000
  -0.070  -0.001  532.06  574.40 1.333     82.36     25.82 18.845 18.943 99.999 14.056 14.154 99.999 99.999 99.999  0.298  0.365 99.999 99.999 99.999  99.999  99.999  99.999  99.999  0.034  0.032  0.023  0.027  0.063  0.075   11    9 99.999 99.999   99   4.755587887  20.446179833 22  8 39.32 2001 11 20 2452234.42267731     5              densite3  2001/N20011120/P147552F1.FITS                      Hyperion              1024  1024     1   0.000   0.000
  -0.138   0.018  533.68  573.84 1.209     91.69     31.77 18.809 18.851 99.999 13.903 13.945 99.999 99.999 99.999  0.232  0.389 99.999 99.999 99.999  99.999  99.999  99.999  99.999  0.032  0.034  0.010  0.016  0.028  0.045    9    8 99.999 99.999   99   4.755579805  20.446180505 22 10  8.10 2001 11 20 2452234.42370486     5              densite3  2001/N20011120/P147553F1.FITS                      Hyperion              1024  1024     1   0.000   0.000
  -0.006   0.063  778.66  431.09 1.825    161.41     18.80 19.635 19.634 99.999 14.115 14.115 99.999 99.999 99.999  0.420  0.371 99.999 99.999 99.999  99.999  99.999  99.999  99.999  0.000  0.000  0.023  0.017  0.048  0.034    7    7 99.999 99.999   99   4.583080384  20.145550915 19 13  4.17 2001 12 19 2452263.30074271    10             densite 3  2001/N20011219/P149469F1.FITS                      Hyperion              1024  1024     1   0.000   0.000
  -0.035   0.091  763.77  431.15 4.882    328.78   -196.57 19.122 19.156 99.999 12.829 12.864 99.999 99.999 99.999  0.445  0.258 99.999 99.999 99.999  99.999  99.999  99.999  99.999  0.000  0.000  0.012  0.050  0.019  0.083    4    4 99.999 99.999   99   4.583060652  20.145494826 19 18  9.78 2001 12 19 2452263.30427986    10             densite 3  2001/N20011219/P149470F1.FITS                      Hyperion              1024  1024     1   0.000   0.000
  -0.042   0.011  747.62  431.55 1.486    112.06     58.63 19.721 19.681 99.999 14.598 14.557 99.999 99.999 99.999  0.814  0.723 99.999 99.999 99.999  99.999  99.999  99.999  99.999  0.008  0.008  0.029  0.027  0.066  0.063    8    8 99.999 99.999   99   4.583025753  20.145356945 19 27 24.02 2001 12 19 2452263.31069468    10             densite 3  2001/N20011219/P149472F1.FITS                      Hyperion              1024  1024     1   0.000   0.000
  -0.002   0.044  748.88  430.87 1.789    124.86     42.27 19.671 19.683 99.999 14.430 14.442 99.999 99.999 99.999  0.557  0.303 99.999 99.999 99.999  99.999  99.999  99.999  99.999  0.000  0.000  0.025  0.013  0.058  0.029    7    7 99.999 99.999   99   4.583020647  20.145346447 19 28 57.68 2001 12 19 2452263.31177870    10             densite 3  2001/N20011219/P149473F1.FITS                      Hyperion              1024  1024     1   0.000   0.000
   0.009  -0.008  747.44  430.91 2.445    109.70     20.52 19.224 19.303 99.999 14.123 14.202 99.999 99.999 99.999  0.207  0.410 99.999 99.999 99.999  99.999  99.999  99.999  99.999  0.040  0.041  0.055  0.045  0.093  0.077    6    6 99.999 99.999   99   4.583015020  20.145312431 19 30 31.13 2001 12 19 2452263.31286030    10             densite 3  2001/N20011219/P149474F1.FITS                      Hyperion              1024  1024     1   0.000   0.000
  -0.024   0.039  748.85  430.24 2.075    129.80     17.77 19.511 19.422 99.999 14.228 14.139 99.999 99.999 99.999  0.392  0.654 99.999 99.999 99.999  99.999  99.999  99.999  99.999  0.044  0.042  0.023  0.026  0.051  0.058    7    6 99.999 99.999   99   4.583002754  20.145286800 19 33 36.64 2001 12 19 2452263.31500741    10             densite 3  2001/N20011219/P149476F1.FITS                      Hyperion              1024  1024     1   0.000   0.000
  -0.044   0.002  749.15  430.47 1.582    176.69     31.96 19.652 19.665 99.999 14.034 14.047 99.999 99.999 99.999  0.292  0.292 99.999 99.999 99.999  99.999  99.999  99.999  99.999  0.047  0.046  0.026  0.014  0.059  0.032    7    7 99.999 99.999   99   4.582996521  20.145256921 19 35  9.49 2001 12 19 2452263.31608206    10             densite 3  2001/N20011219/P149477F1.FITS                      Hyperion              1024  1024     1   0.000   0.000
  -0.104  -0.010  749.39  430.01 1.398    143.74     56.45 19.732 19.779 99.999 14.338 14.385 99.999 99.999 99.999  0.495  0.669 99.999 99.999 99.999  99.999  99.999  99.999  99.999  0.060  0.062  0.023  0.008  0.056  0.021    8    8 99.999 99.999   99   4.582989513  20.145234063 19 36 42.57 2001 12 19 2452263.31715938    10             densite 3  2001/N20011219/P149478F1.FITS                      Hyperion              1024  1024     1   0.000   0.000
   0.006   0.076  750.73  429.99 1.850    112.29     48.54 19.815 19.743 99.999 14.689 14.617 99.999 99.999 99.999  0.683  0.601 99.999 99.999 99.999  99.999  99.999  99.999  99.999  0.013  0.014  0.009  0.031  0.019  0.064    6    6 99.999 99.999   99   4.582985809  20.145238537 19 38 16.06 2001 12 19 2452263.31824144    10             densite 3  2001/N20011219/P149479F1.FITS                      Hyperion              1024  1024     1   0.000   0.000
  -0.018  -0.010  751.17  429.96 1.745    144.31     31.32 19.630 19.642 99.999 14.232 14.244 99.999 99.999 99.999  0.466  0.302 99.999 99.999 99.999  99.999  99.999  99.999  99.999  0.044  0.045  0.015  0.009  0.034  0.021    7    7 99.999 99.999   99   4.582978981  20.145193428 19 39 57.69 2001 12 19 2452263.31941771    10             densite 3  2001/N20011219/P149480F1.FITS                      Hyperion              1024  1024     1   0.000   0.000
  -0.020   0.028  750.95  430.14 3.250    271.99   -110.83 19.626 19.639 99.999 13.539 13.552 99.999 99.999 99.999  0.630  0.529 99.999 99.999 99.999  99.999  99.999  99.999  99.999  0.000  0.000  0.039  0.023  0.080  0.047    7    7 99.999 99.999   99   4.582973041  20.145184549 19 41 31.26 2001 12 19 2452263.32050069    10             densite 3  2001/N20011219/P149481F1.FITS                      Hyperion              1024  1024     1   0.000   0.000
  -0.092   0.105  752.22  429.96 4.754    528.10   -371.18 19.735 19.784 99.999 12.929 12.977 99.999 99.999 99.999  0.335  0.440 99.999 99.999 99.999  99.999  99.999  99.999  99.999  0.082  0.086  0.018  0.014  0.044  0.035    8    8 99.999 99.999   99   4.582965776  20.145186007 19 43  4.82 2001 12 19 2452263.32158356    10             densite 3  2001/N20011219/P149482F1.FITS                      Hyperion              1024  1024     1   0.000   0.000
  -0.031   0.035  752.01  429.75 2.373    148.47      5.32 19.341 19.355 99.999 13.912 13.926 99.999 99.999 99.999  0.331  0.388 99.999 99.999 99.999  99.999  99.999  99.999  99.999  0.018  0.016  0.030  0.013  0.069  0.030    7    7 99.999 99.999   99   4.582961112  20.145147092 19 44 38.28 2001 12 19 2452263.32266528    10             densite 3  2001/N20011219/P149483F1.FITS                      Hyperion              1024  1024     1   0.000   0.000
  -0.021   0.078  753.51  430.14 1.810    142.22     32.19 19.547 19.628 99.999 14.164 14.246 99.999 99.999 99.999  0.264  0.448 99.999 99.999 99.999  99.999  99.999  99.999  99.999  0.045  0.046  0.020  0.020  0.049  0.050    8    8 99.999 99.999   99   4.582955467  20.145139729 19 46 11.73 2001 12 19 2452263.32374687    10             densite 3  2001/N20011219/P149484F1.FITS                      Hyperion              1024  1024     1   0.000   0.000
   0.090  -0.005  758.16  315.95 2.827    105.72    -12.22 19.212 19.035 99.999 14.151 13.974 99.999 99.999 99.999  0.398  0.712 99.999 99.999 99.999  99.999  99.999  99.999  99.999  0.036  0.037  0.051  0.051  0.079  0.079    9    9 99.999 99.999   99   4.578076545  20.127864444 19  0 35.68 2001 12 20 2452264.29207963    10             densite 3  2001/N20011220/P149583F1.FITS                      Hyperion              1024  1024     1   0.000   0.000
  -0.075   0.094  756.46  315.28 4.348    109.59     19.38 19.394 19.002 99.999 14.294 13.902 99.999 99.999 99.999  0.192  0.447 99.999 99.999 99.999  99.999  99.999  99.999  99.999  0.026  0.027  0.060  0.033  0.066  0.036    4    4 99.999 99.999   99   4.578048819  20.127807186 19  7 53.94 2001 12 20 2452264.29715208    20             densite 3  2001/N20011220/P149584F1.FITS                      Hyperion              1024  1024     1   0.000   0.000
  -0.121   0.061  757.37  314.79 2.564    130.84     47.59 19.593 19.382 99.999 14.302 14.091 99.999 99.999 99.999  0.372  0.371 99.999 99.999 99.999  99.999  99.999  99.999  99.999  0.043  0.044  0.033  0.037  0.069  0.078    8    8 99.999 99.999   99   4.578042139  20.127778061 19  9 37.79 2001 12 20 2452264.29835405    20             densite 3  2001/N20011220/P149585F1.FITS                      Hyperion              1024  1024     1   0.000   0.000
  -0.089   0.072  757.89  314.42 2.289    142.20     52.75 19.719 19.503 99.999 14.337 14.121 99.999 99.999 99.999  0.375  0.553 99.999 99.999 99.999  99.999  99.999  99.999  99.999  0.030  0.030  0.036  0.024  0.073  0.048    7    7 99.999 99.999   99   4.578031244  20.127741030 19 13  4.26 2001 12 20 2452264.30074375    20             densite 3  2001/N20011220/P149587F1.FITS                      Hyperion              1024  1024     1   0.000   0.000
  -0.054   0.038  758.55  314.73 2.826    103.55     49.73 19.407 19.152 99.999 14.369 14.115 99.999 99.999 99.999  0.225  0.341 99.999 99.999 99.999  99.999  99.999  99.999  99.999  0.006  0.006  0.057  0.042  0.087  0.065    7    7 99.999 99.999   99   4.578026148  20.127711593 19 14 47.89 2001 12 20 2452264.30194317    20             densite 3  2001/N20011220/P149588F1.FITS                      Hyperion              1024  1024     1   0.000   0.000
  -0.058   0.046  759.15  314.15 2.605    103.80     51.77 19.331 19.093 99.999 14.290 14.053 99.999 99.999 99.999  0.298  0.312 99.999 99.999 99.999  99.999  99.999  99.999  99.999  0.043  0.043  0.044  0.032  0.067  0.048    8    8 99.999 99.999   99   4.578020298  20.127693923 19 16 31.43 2001 12 20 2452264.30314155    20             densite 3  2001/N20011220/P149589F1.FITS                      Hyperion              1024  1024     1   0.000   0.000
  -0.069   0.096  759.24  314.49 2.693    123.55     45.00 19.538 19.324 99.999 14.308 14.094 99.999 99.999 99.999  0.607  0.471 99.999 99.999 99.999  99.999  99.999  99.999  99.999  0.030  0.030  0.017  0.015  0.029  0.026    6    5 99.999 99.999   99   4.578014302  20.127687742 19 18 15.04 2001 12 20 2452264.30434074    20             densite 3  2001/N20011220/P149590F1.FITS                      Hyperion              1024  1024     1   0.000   0.000
   0.139   0.176  760.28  314.15 2.692     72.51     59.99 19.294 18.998 99.999 14.643 14.348 99.999 99.999 99.999  0.421  0.472 99.999 99.999 99.999  99.999  99.999  99.999  99.999  0.057  0.058  0.075  0.141  0.045  0.085    5    5 99.999 99.999   99   4.578012621  20.127690053 19 19 58.21 2001 12 20 2452264.30553484    20             densite 3  2001/N20011220/P149591F1.FITS                      Hyperion              1024  1024     1   0.000   0.000
   0.083   0.025  760.78  314.20 3.235    109.40     36.01 19.377 19.173 99.999 14.280 14.075 99.999 99.999 99.999  0.238  0.376 99.999 99.999 99.999  99.999  99.999  99.999  99.999  0.051  0.051  0.052  0.052  0.065  0.065    6    6 99.999 99.999   99   4.578005777  20.127627964 19 21 41.28 2001 12 20 2452264.30672778    20             densite 3  2001/N20011220/P149592F1.FITS                      Hyperion              1024  1024     1   0.000   0.000
  -0.055   0.017  437.77  576.95 1.360     60.53     83.22 19.585 19.356 99.999 15.130 14.901 99.999 99.999 99.999  0.562  0.489 99.999 99.999 99.999  99.999  99.999  99.999  99.999  0.033  0.026  0.030  0.026  0.077  0.066   12   11 99.999 99.999   99   4.486700387  20.011552491 18 16 47.45 2002  1  9 2452284.26166030    30             densite 3  2002/N20020109/P149847F1.FITS                      Hyperion              1024  1024     1   0.000   0.000
   0.081  -0.026  438.16  576.59 1.830     35.54     34.62 19.083 18.457 99.999 15.207 14.580 99.999 99.999 99.999  0.774  0.725 99.999 99.999 99.999  99.999  99.999  99.999  99.999  0.073  0.072  0.013  0.005  0.020  0.008    4    4 99.999 99.999   99   4.486697924  20.011522585 18 18 40.39 2002  1  9 2452284.26296748    30             densite 3  2002/N20020109/P149848F1.FITS                      Hyperion              1024  1024     1   0.000   0.000
   0.037   0.031  432.80  447.18 2.098   4109.83   3757.25 23.330 23.054 99.999 14.296 14.019 99.999 99.999 99.999  0.176  0.432 99.999 99.999 99.999  99.999  99.999  99.999  99.999  0.019  0.019  0.051  0.021  0.089  0.037    5    5 99.999 99.999   99   4.439007973  19.998203723 19 58 36.58 2002  2  8 2452314.33236782    60             R Cousins  2002/N20020208/P152309F1.FITS                      Hyperion              1024  1024     1   0.000   0.000
   0.044   0.046  433.07  446.96 4.058   4107.46   2037.52 22.890 22.779 99.999 13.857 13.745 99.999 99.999 99.999  0.148  0.276 99.999 99.999 99.999  99.999  99.999  99.999  99.999  0.027  0.027  0.003  0.066  0.003  0.074    4    4 99.999 99.999   99   4.439009234  19.998225908 20  1  0.19 2002  2  8 2452314.33402998    60             R Cousins  2002/N20020208/P152310F1.FITS                      Hyperion              1024  1024     1   0.000   0.000
   0.093  -0.041  433.03  447.31 1.990   3158.59   4107.07 23.102 23.174 99.999 14.353 14.425 99.999 99.999 99.999  0.113  0.407 99.999 99.999 99.999  99.999  99.999  99.999  99.999  0.014  0.014  0.045  0.061  0.073  0.099    5    5 99.999 99.999   99   4.439011333  19.998219369 20  3 23.17 2002  2  8 2452314.33568484    60             R Cousins  2002/N20020208/P152311F1.FITS                      Hyperion              1024  1024     1   0.000   0.000
   0.046  -0.063  433.03  447.35 2.460   2380.19   3913.70 22.941 23.038 99.999 14.499 14.597 99.999 99.999 99.999  0.177  0.332 99.999 99.999 99.999  99.999  99.999  99.999  99.999  0.015  0.013  0.008  0.075  0.013  0.121    5    5 99.999 99.999   99   4.439011542  19.998231154 20  5 46.55 2002  2  8 2452314.33734433    60             R Cousins  2002/N20020208/P152312F1.FITS                      Hyperion              1024  1024     1   0.000   0.000
   0.034  -0.013  433.37  447.57 1.565   4127.55   6721.98 23.617 23.894 99.999 14.578 14.854 99.999 99.999 99.999  0.332  0.201 99.999 99.999 99.999  99.999  99.999  99.999  99.999  0.023  0.023  0.000  0.000  0.000  0.000    3    3 99.999 99.999   99   4.439014663  19.998298113 20 12 53.65 2002  2  8 2452314.34228762    60             R Cousins  2002/N20020208/P152314F1.FITS                      Hyperion              1024  1024     1   0.000   0.000
   0.053  -0.019  432.91  447.63 1.861   6363.90   5644.18 23.980 23.726 99.999 14.470 14.217 99.999 99.999 99.999  0.033  0.409 99.999 99.999 99.999  99.999  99.999  99.999  99.999  0.028  0.026  0.000  0.000  0.000  0.000    3    3 99.999 99.999   99   4.439016181  19.998314031 20 15 16.59 2002  2  8 2452314.34394201    60             R Cousins  2002/N20020208/P152315F1.FITS                      Hyperion              1024  1024     1   0.000   0.000
  -0.040  -0.027  246.71  634.95 4.552    591.09   1049.00 20.957 20.985 99.999 14.028 14.056 99.999 99.999 99.999  0.233  0.410 99.999 99.999 99.999  99.999  99.999  99.999  99.999  0.013  0.014  0.013  0.010  0.034  0.025   15   14 99.999 99.999   99   6.924513420  22.109941989  2 49 54.43 2003 10  5 2452917.61799109    30             R Cousins  2003/N20031004/p169058f1.fits                      Hyperion              1024  1024     1   0.000   0.000
  -0.018  -0.025  242.87  635.46 4.730    837.89   1336.83 21.177 21.242 99.999 13.869 13.934 99.999 99.999 99.999  0.289  0.511 99.999 99.999 99.999  99.999  99.999  99.999  99.999  0.035  0.034  0.016  0.012  0.049  0.037   19   18 99.999 99.999   99   6.924515995  22.109943619  2 51 47.88 2003 10  5 2452917.61930417    30             R Cousins  2003/N20031004/p169059f1.fits                      Hyperion              1024  1024     1   0.000   0.000
   0.007  -0.053  239.63  635.07 2.066     81.87    366.19 19.481 19.421 99.999 14.698 14.638 99.999 99.999 99.999  0.450  0.538 99.999 99.999 99.999  99.999  99.999  99.999  99.999  0.007  0.007  0.032  0.028  0.069  0.061   17   14 99.999 99.999   99   6.924520502  22.109938312  2 55 22.42 2003 10  5 2452917.62178727     5             R Cousins  2003/N20031004/p169061f1.fits                      Hyperion              1024  1024     1   0.000   0.000
  -1.174  -0.067  256.72  544.55 3.652    429.87  32987.93 19.643 19.248 99.999 13.060 12.664 99.999 99.999 99.999  0.378  0.296 99.999 99.999 99.999  99.999  99.999  99.999  99.999  0.034  0.034  0.084  0.085  0.072  0.072    5    5 99.999 99.999   99   6.927164757  22.106282403  5 19 24.81 2003 10  7 2452919.72181493     3             V Cousins  2003/N20031006/p169473f1.fits                      Hyperion              1024  1024     1   0.000   0.000
