   81055.498728332997       0.99860066    
   81067.146045553003       0.99951553    
   81078.793362772005        1.0144947    
   81090.440679991007        1.0013325    
   81102.087997209994       0.98735970    
   81113.735314430000       0.99895400    
   81125.382631649001       0.99714857    
   81137.029948868003       0.99485278    
   81148.677266087994        1.0039673    
   81160.324583306996       0.99661225    
   81171.971900525998       0.99296683    
   81183.619217746003        1.0089787    
   81195.266534965005        1.0049030    
   81206.913852184007       0.99047357    
   81218.561169403998       0.99612975    
   81230.208486623000        1.0013196    
   81241.855803842001        1.0101389    
   81253.503121062007        1.0132540    
   81265.150438280994       0.99407160    
   81276.797755499996       0.98123258    
   81288.445072718998       0.99736959    
   81300.092389939004        1.0032687    
   81311.739707158005        1.0216932    
   81323.387024377007       0.99001455    
   81335.034341596998        1.0196449    
   81346.681658816000       0.99130195    
   81358.328976035002       0.98770404    
   81369.976293254993       0.98985714    
   81381.623610473995       0.99235255    
   81393.270927692996        1.0131741    
   81404.918244913002        1.0080986    
   81416.565562132004        1.0001704    
   81428.212879351006       0.99982250    
   81439.860196570997        1.0099587    
   81451.507513789998       0.98080844    
   81463.154831009000       0.99309713    
   81474.802148228002        1.0019594    
   81486.449465447993        1.0016876    
   81498.096782666995        1.0109243    
   81509.744099885997        1.0019318    
   81521.391417106002        1.0106543    
   81533.038734325004       0.99440819    
   81544.686051544006       0.96456325    
   81556.333368763997       0.94567192    
   81567.980685982999       0.94313550    
   81579.628003202000       0.95075232    
   81591.275320422006       0.94751400    
   81602.922637640993       0.94030601    
   81614.569954859995       0.95562577    
   81626.217272080001       0.98847443    
   81637.864589299003       0.99567258    
   81649.511906518004        1.0115321    
   81661.159223737995        1.0018204    
   81672.806540956997       0.99260658    
   81684.453858175999       0.99677533    
   81696.101175395001       0.99817562    
   81707.748492615006        1.0134183    
   81719.395809833994       0.99966162    
   81731.043127052995       0.99945509    
   81742.690444273001       0.99057233    
   81754.337761492003       0.99648088    
   81765.985078711004        1.0126342    
   81777.632395930996        1.0136744    
   81789.279713149997        1.0117253    
   81800.927030368999       0.99873042    
   81812.574347589005       0.99416625    
   81824.221664808007       0.99672371    
   81835.868982026994       0.98279303    
   81847.516299247000       0.99067163    
   81859.163616466001        1.0026642    
   81870.810933685003        1.0080088    
   81882.458250904005       0.98860198    
   81894.105568123996       0.99992537    
   81905.752885342998       0.99504405    
   81917.400202561999       0.99338078    
   81929.047519782005        1.0019274    
   81940.694837001007        1.0004032    
   81952.342154219994       0.99700922    
   81963.989471440000       0.99234313    
   81975.636788659001       0.98906058    
   81987.284105878003        1.0055151    
   81998.931423097994        1.0131527    
   82010.578740316996        1.0132940    
   82022.226057535998       0.99917853    
   82033.873374756004       0.99894536    
   82045.520691975005        1.0031158    
   82057.168009194007        1.0008656    
