  -0.041  -0.082  483.78  528.82 2.126    518.01    236.56 24.315 23.793 99.999 17.529 17.007 99.999 99.999 99.999  0.187 99.999 99.999 99.999 99.999  99.999  99.999  99.999  99.999  0.027  0.027  0.024  0.015  0.070  0.045   12   10 99.999 99.999   99  13.012317646  -4.632058233  1 57 55.69 2005  4  3 2453463.58189456    90  Clear                 c20001.fits                                        Carme                 1020  1020     1   0.000   0.000
  -0.060  -0.056  482.17  522.86 1.703    749.92    244.57 24.687 24.175 99.999 17.500 16.988 99.999 99.999 99.999  0.247 99.999 99.999 99.999 99.999  99.999  99.999  99.999  99.999  0.022  0.022  0.025  0.016  0.074  0.049   12   10 99.999 99.999   99  13.012281275  -4.631852858  2  4 42.97 2005  4  3 2453463.58660845    90  Clear                 c20003.fits                                        Carme                 1020  1020     1   0.000   0.000
  -0.045  -0.063  481.60  524.46 2.068    553.67    233.77 24.401 23.831 99.999 17.543 16.973 99.999 99.999 99.999  0.194 99.999 99.999 99.999 99.999  99.999  99.999  99.999  99.999  0.000  0.000  0.026  0.016  0.078  0.047   12   10 99.999 99.999   99  13.012249965  -4.631680952  2 10 39.81 2005  4  3 2453463.59073854    90  Clear                 c20005.fits                                        Carme                 1020  1020     1   0.000   0.000
  -0.113  -0.051  508.52  589.12 1.423    517.90    292.03 24.405 24.007 99.999 17.619 17.222 99.999 99.999 99.999  0.271 99.999 99.999 99.999 99.999  99.999  99.999  99.999  99.999  0.019  0.019  0.020  0.018  0.058  0.053   12   12 99.999 99.999   99  13.004490947  -4.587803020  3  8 37.20 2005  4  4 2453464.63098611    90  Clear                 c30001.fits                                        Carme                 1020  1020     1   0.000   0.000
  -0.110  -0.058  507.83  587.64 1.715    422.51    281.56 24.236 23.697 99.999 17.672 17.132 99.999 99.999 99.999  0.270 99.999 99.999 99.999 99.999  99.999  99.999  99.999  99.999  0.024  0.024  0.018  0.019  0.050  0.055   11   11 99.999 99.999   99  13.004474035  -4.587711828  3 11 47.99 2005  4  4 2453464.63319433    90  Clear                 c30002.fits                                        Carme                 1020  1020     1   0.000   0.000
  -0.084  -0.063  507.28  589.33 1.896    438.10    255.96 24.406 23.949 99.999 17.802 17.345 99.999 99.999 99.999  0.298 99.999 99.999 99.999 99.999  99.999  99.999  99.999  99.999  0.026  0.026  0.017  0.018  0.049  0.052   13   13 99.999 99.999   99  13.004462388  -4.587646654  3 14  4.85 2005  4  4 2453464.63477836    90  Clear                 c30003.fits                                        Carme                 1020  1020     1   0.000   0.000
  -0.123  -0.055  506.81  587.27 1.721    428.13    280.49 24.339 23.886 99.999 17.760 17.307 99.999 99.999 99.999  0.280 99.999 99.999 99.999 99.999  99.999  99.999  99.999  99.999  0.017  0.017  0.018  0.020  0.052  0.060   13   13 99.999 99.999   99  13.004449415  -4.587577081  3 16 22.64 2005  4  4 2453464.63637315    90  Clear                 c30004.fits                                        Carme                 1020  1020     1   0.000   0.000
  -0.081  -0.047  506.19  585.84 2.779    219.54    260.15 23.766 23.362 99.999 17.912 17.508 99.999 99.999 99.999  0.184 99.999 99.999 99.999 99.999  99.999  99.999  99.999  99.999  0.076  0.076  0.018  0.019  0.050  0.051   12   11 99.999 99.999   99  13.004438024  -4.587507996  3 18 39.50 2005  4  4 2453464.63795718    90  Clear                 c30005.fits                                        Carme                 1020  1020     1   0.000   0.000
  -0.094  -0.048  505.90  584.65 1.865    369.68    279.65 24.243 23.797 99.999 17.824 17.377 99.999 99.999 99.999  0.253 99.999 99.999 99.999 99.999  99.999  99.999  99.999  99.999  0.024  0.024  0.019  0.021  0.056  0.061   13   13 99.999 99.999   99  13.004425610  -4.587441345  3 20 56.43 2005  4  4 2453464.63954201    90  Clear                 c30006.fits                                        Carme                 1020  1020     1   0.000   0.000
  -0.149  -0.067  505.06  581.02 1.996    317.14    282.06 24.128 23.607 99.999 17.875 17.354 99.999 99.999 99.999  0.232 99.999 99.999 99.999 99.999  99.999  99.999  99.999  99.999  0.026  0.026  0.015  0.017  0.045  0.049   12   12 99.999 99.999   99  13.004412426  -4.587379794  3 23 13.40 2005  4  4 2453464.64112731    90  Clear                 c30007.fits                                        Carme                 1020  1020     1   0.000   0.000
  -0.096  -0.071  504.45  584.43 1.903    347.89    279.22 24.041 23.533 99.999 17.688 17.179 99.999 99.999 99.999  0.204 99.999 99.999 99.999 99.999  99.999  99.999  99.999  99.999  0.025  0.025  0.021  0.017  0.062  0.049   13   13 99.999 99.999   99  13.004401237  -4.587314286  3 25 30.38 2005  4  4 2453464.64271273    90  Clear                 c30008.fits                                        Carme                 1020  1020     1   0.000   0.000
  -0.096  -0.057  503.68  582.26 1.764    379.13    290.21 24.199 23.786 99.999 17.752 17.339 99.999 99.999 99.999  0.251 99.999 99.999 99.999 99.999  99.999  99.999  99.999  99.999  0.019  0.019  0.016  0.019  0.046  0.053   12   11 99.999 99.999   99  13.004389113  -4.587243266  3 27 47.24 2005  4  4 2453464.64429676    90  Clear                 c30009.fits                                        Carme                 1020  1020     1   0.000   0.000
  -0.084  -0.041  503.15  584.72 1.814    273.39    307.03 23.946 23.596 99.999 17.854 17.504 99.999 99.999 99.999  0.224 99.999 99.999 99.999 99.999  99.999  99.999  99.999  99.999  0.023  0.023  0.018  0.019  0.049  0.052   11   11 99.999 99.999   99  13.004377133  -4.587171959  3 30  4.26 2005  4  4 2453464.64588264    90  Clear                 c30010.fits                                        Carme                 1020  1020     1   0.000   0.000
  -0.016   0.142  452.32  495.83 0.996    315.99    307.83 23.925 23.945 99.999 17.676 17.696 99.999 99.999 99.999  0.512 99.999 99.999 99.999 99.999  99.999  99.999  99.999  99.999  0.036  0.038  0.005  0.004  0.050  0.048  164  118 99.999 99.999   99  18.919110478 -22.938778364  0 57 30.02 2008  8 12 2454690.53993079    80  I                     carme0002.fits                                     Carme                 1020  1020     1   0.000   0.000
   0.055   0.129  451.61  493.11 0.874    256.80    351.69 23.862 23.916 99.999 17.838 17.892 99.999 99.999 99.999  0.518 99.999 99.999 99.999 99.999  99.999  99.999  99.999  99.999  0.026  0.038  0.005  0.004  0.052  0.049  165  119 99.999 99.999   99  18.919098544 -22.938792061  1  1 36.55 2008  8 12 2454690.54278414    80  I                     carme0004.fits                                     Carme                 1020  1020     1   0.000   0.000
  -0.007   0.196  451.03  494.15 1.008    284.53    323.55 23.874 23.889 99.999 17.739 17.754 99.999 99.999 99.999  0.474 99.999 99.999 99.999 99.999  99.999  99.999  99.999  99.999  0.060  0.037  0.004  0.004  0.050  0.048  188  139 99.999 99.999   99  18.919090604 -22.938777968  1  3 40.27 2008  8 12 2454690.54421609    80  I                     carme0005.fits                                     Carme                 1020  1020     1   0.000   0.000
   0.001   0.095  449.90  491.75 1.408    205.80    286.21 23.395 23.459 99.999 17.611 17.676 99.999 99.999 99.999  0.430 99.999 99.999 99.999 99.999  99.999  99.999  99.999  99.999  0.080  0.078  0.004  0.004  0.053  0.052  272  195 99.999 99.999   99  18.919070807 -22.938821244  1  9 49.63 2008  8 12 2454690.54849109    80  I                     carme0008.fits                                     Carme                 1020  1020     1   0.000   0.000
   0.017   0.124  447.52  488.82 1.231    301.67    269.16 23.913 23.895 99.999 17.714 17.696 99.999 99.999 99.999  0.500 99.999 99.999 99.999 99.999  99.999  99.999  99.999  99.999  0.020  0.021  0.005  0.005  0.052  0.050  168  119 99.999 99.999   99  18.919030396 -22.938842445  1 22 22.95 2008  8 12 2454690.55721007    80  I                     carme0014.fits                                     Carme                 1020  1020     1   0.000   0.000
   0.012   0.124  447.25  487.69 2.100    115.83    274.75 23.055 23.235 99.999 17.895 18.075 99.999 99.999 99.999  0.425 99.999 99.999 99.999 99.999  99.999  99.999  99.999  99.999  0.123  0.123  0.004  0.003  0.048  0.046  251  180 99.999 99.999   99  18.919023662 -22.938847289  1 24 25.83 2008  8 12 2454690.55863229    80  I                     carme0015.fits                                     Carme                 1020  1020     1   0.000   0.000
   0.089  -0.106 1114.70  873.93 1.804    194.73    339.42 23.402 22.925 99.999 17.679 17.201 99.999 99.999 99.999  0.156 99.999 99.999 99.999 99.999  99.999  99.999  99.999  99.999  0.018  0.018  0.016  0.021  0.058  0.076   24   15 99.999 99.999   99  21.744129170 -15.102204379  7 50 24.26 2009  7 20 2455032.82666968   120  Clear                 carme0001.fits                                     Carme                 2045  2050     1   0.000   0.000
  -0.022  -0.095 1116.41  874.22 2.897    134.39    312.38 23.066 22.876 99.999 17.745 17.555 99.999 99.999 99.999  0.177 99.999 99.999 99.999 99.999  99.999  99.999  99.999  99.999  0.051  0.050  0.013  0.019  0.048  0.070   24   15 99.999 99.999   99  21.744113857 -15.102278656  7 52 57.77 2009  7 20 2455032.82844641   120  Clear                 carme0002.fits                                     Carme                 2045  2050     1   0.000   0.000
   0.107  -0.129 1116.39  874.23 1.913    180.94    335.89 23.280 22.922 99.999 17.636 17.279 99.999 99.999 99.999  0.156 99.999 99.999 99.999 99.999  99.999  99.999  99.999  99.999  0.021  0.021  0.016  0.019  0.063  0.075   24   16 99.999 99.999   99  21.744103218 -15.102364600  7 55 30.40 2009  7 20 2455032.83021296   120  Clear                 carme0003.fits                                     Carme                 2045  2050     1   0.000   0.000
   0.063  -0.150 1122.91  874.12 1.758    222.04    337.49 23.550 23.102 99.999 17.684 17.236 99.999 99.999 99.999  0.161 99.999 99.999 99.999 99.999  99.999  99.999  99.999  99.999  0.015  0.015  0.018  0.019  0.070  0.070   24   15 99.999 99.999   99  21.744089183 -15.102447713  7 58  3.96 2009  7 20 2455032.83199028   120  Clear                 carme0004.fits                                     Carme                 2045  2050     1   0.000   0.000
