   0.031  -0.102  433.41  636.17 1.026   1027.15    214.14 24.533 24.367 99.999 17.004 16.838 99.999 99.999 99.999  0.372 99.999 99.999 99.999 99.999  99.999  99.999  99.999  99.999  0.006  0.006  0.040  0.024  0.086  0.051    8    6 99.999 99.999   99  16.700007815 -21.943747110  3 58 58.00 1995  5 23 2449860.66594907    30  C                     23059501.ela.fits                                  Elara                  770  1152
   0.028  -0.124  434.39  633.07 0.945   1691.92    281.39 24.930 24.771 99.999 16.859 16.700 99.999 99.999 99.999  0.314 99.999 99.999 99.999 99.999  99.999  99.999  99.999  99.999  0.008  0.008  0.032  0.037  0.070  0.079    7    6 99.999 99.999   99  16.699994777 -21.943726071  4  0 45.00 1995  5 23 2449860.66718750    40  C                     23059502.ela.fits                                  Elara                  770  1152
   0.363   0.716  443.10  374.38 2.545    564.16    148.74 23.776 23.675 99.999 16.898 16.796 99.999 99.999 99.999  0.223 99.999 99.999 99.999 99.999  99.999  99.999  99.999  99.999  0.061  0.060  0.017  0.013  0.056  0.043   16   15 99.999 99.999   99  16.522053080 -21.520559398  3 57  4.00 1995  6  9 2449877.66462963    60  C                     09069501.ela.fits                                  Elara                  770  1152
  -0.075  -0.061  442.43  372.48 1.016   1897.09    868.25 24.765 24.670 99.999 16.569 16.475 99.999 99.999 99.999  0.214 99.999 99.999 99.999 99.999  99.999  99.999  99.999  99.999  0.009  0.009  0.016  0.013  0.055  0.044   16   15 99.999 99.999   99  16.522021561 -21.520715962  4  0 11.00 1995  6  9 2449877.66679398   180  C                     09069502.ela.fits                                  Elara                  770  1152
   0.112  -0.172  355.70  321.57 1.743    262.89   1993.03 22.190 23.058 99.999 16.140 17.009 99.999 99.999 99.999  0.790 99.999 99.999 99.999 99.999  99.999  99.999  99.999  99.999  0.041  0.036  0.005  0.024  0.010  0.057   10   10 99.999 99.999   99  16.491788339 -21.440401775  3  0  4.00 1995  6 12 2449880.62504630   180  C                     11069501.ela.fits                                  Elara                  739  1120
   0.185  -0.227  359.65  318.08 1.293    290.45   2790.89 22.417 22.819 99.999 16.260 16.661 99.999 99.999 99.999  0.664 99.999 99.999 99.999 99.999  99.999  99.999  99.999  99.999  0.009  0.009  0.030  0.026  0.069  0.059   10    9 99.999 99.999   99  16.491741870 -21.440289399  3  6 44.00 1995  6 12 2449880.62967593   240  C                     11069502.ela.fits                                  Elara                  739  1120
   0.295  -0.332  394.30  302.47 2.788   4034.42   9896.71 25.022 24.868 99.999 16.007 15.854 99.999 99.999 99.999  0.402 99.999 99.999 99.999 99.999  99.999  99.999  99.999  99.999  0.055  0.055  0.056  0.058  0.087  0.089    7    6 99.999 99.999   99  16.481808239 -21.413357601 26 47  8.00 1995  6 12 2449881.61606481    60  C                     12069501.ela.fits                                  Elara                  739  1152
   0.062  -0.221  396.31  300.06 1.216   1452.75  12194.50 25.072 24.967 99.999 17.166 17.061 99.999 99.999 99.999  0.787 99.999 99.999 99.999 99.999  99.999  99.999  99.999  99.999  0.012  0.013  0.056  0.008  0.106  0.016    7    5 99.999 99.999   99  16.481787787 -21.413284323 26 49 21.00 1995  6 12 2449881.61760417    60  C                     12069502.ela.fits                                  Elara                  739  1152
   0.016  -0.189  426.03   15.00 1.067   1279.23   1337.93 24.450 24.585 99.999 16.683 16.818 99.999 99.999 99.999  0.889 99.999 99.999 99.999 99.999  99.999  99.999  99.999  99.999  0.014  0.014  0.035  0.028  0.052  0.042   16   13 99.999 99.999   99  16.279713904 -20.792342246 25 51 40.00 1995  7  6 2449905.57754630    60  C                     06079501.ela.fits                                  Elara                  739  1152
  -0.004  -0.152  427.38   15.28 1.108   1348.97   1224.43 24.471 24.596 99.999 16.646 16.771 99.999 99.999 99.999  0.962 99.999 99.999 99.999 99.999  99.999  99.999  99.999  99.999  0.013  0.013  0.027  0.035  0.035  0.046   14   10 99.999 99.999   99  16.279705247 -20.792302953 25 53 29.00 1995  7  6 2449905.57880787    60  C                     06079502.ela.fits                                  Elara                  739  1152
  -0.332   0.769  466.97  422.80 3.098    344.61    510.72 23.493 23.540 99.999 17.149 17.196 99.999 99.999 99.999  0.321 99.999 99.999 99.999 99.999  99.999  99.999  99.999  99.999  0.021  0.019  0.008  0.007  0.055  0.050   72   53 99.999 99.999   99  19.007922293 -22.380575319 25 39 35.00 1996  6 20 2450255.56915509    60  CLEAR                 20069602.ela.fits                                  Elara                 1000  1024
  -0.189   0.592  467.40  420.76 3.659    445.03    413.20 23.536 23.535 99.999 16.915 16.914 99.999 99.999 99.999  0.267 99.999 99.999 99.999 99.999  99.999  99.999  99.999  99.999  0.019  0.018  0.008  0.007  0.055  0.046   72   51 99.999 99.999   99  19.007916275 -22.380650688 25 41 21.00 1996  6 20 2450255.57038194    60  CLEAR                 20069603.ela.fits                                  Elara                 1000  1024
  -0.134  -0.064  551.27  509.40 1.479   1052.09    271.25 24.459 24.538 99.999 16.904 16.983 99.999 99.999 99.999  0.396 99.999 99.999 99.999 99.999  99.999  99.999  99.999  99.999  0.019  0.019  0.007  0.005  0.050  0.039   71   57 99.999 99.999   99  19.000985701 -22.401061725 25 13 26.00 1996  6 21 2450256.55099537    60  CLEAR                 21069601.ela.fits                                  Elara                 1000  1024
  -0.116  -0.071  555.14  509.04 1.294   1167.28    325.32 24.517 24.630 99.999 16.849 16.962 99.999 99.999 99.999  0.408 99.999 99.999 99.999 99.999  99.999  99.999  99.999  99.999  0.006  0.006  0.007  0.006  0.047  0.042   71   58 99.999 99.999   99  19.000969013 -22.401114826 25 16 49.00 1996  6 21 2450256.55334491    60  CLEAR                 21069602.ela.fits                                  Elara                 1000  1024
  -0.104  -0.074  558.40  508.36 1.344   1098.74    323.97 24.414 24.489 99.999 16.812 16.886 99.999 99.999 99.999  0.388 99.999 99.999 99.999 99.999  99.999  99.999  99.999  99.999  0.006  0.006  0.006  0.005  0.046  0.040   72   59 99.999 99.999   99  19.000960253 -22.401142483 25 18 36.00 1996  6 21 2450256.55458333    60  CLEAR                 21069603.ela.fits                                  Elara                 1000  1024
  -0.109  -0.086  561.41  508.69 1.275   1048.39    356.69 24.351 24.403 99.999 16.800 16.852 99.999 99.999 99.999  0.391 99.999 99.999 99.999 99.999  99.999  99.999  99.999  99.999  0.011  0.011  0.007  0.006  0.052  0.044   67   55 99.999 99.999   99  19.000950116 -22.401175529 25 20 35.00 1996  6 21 2450256.55596065    60  CLEAR                 21069604.ela.fits                                  Elara                 1000  1024
  -0.119  -0.058  598.98  525.42 1.201   3192.36   1312.11 25.748 26.167 99.999 16.987 17.407 99.999 99.999 99.999  0.561 99.999 99.999 99.999 99.999  99.999  99.999  99.999  99.999  0.030  0.030  0.006  0.006  0.048  0.045   79   61 99.999 99.999   99  18.986687150 -22.443902087 25 32 12.00 1996  6 23 2450258.56402778   180  CLEAR                 23069601.ela.fits                                  Elara                 1024  1024
  -0.706  -0.165  533.93  502.97 1.538   2763.48   1174.47 25.224 25.622 99.999 16.620 17.018 99.999 99.999 99.999  0.662 99.999 99.999 99.999 99.999  99.999  99.999  99.999  99.999  0.016  0.016  0.009  0.007  0.059  0.044   65   43 99.999 99.999   99  18.979536872 -22.465858417 25 35  5.00 1996  6 24 2450259.56603009   180  CLEAR                 24069601.ela.fits                                  Elara                 1024  1024
  -0.753  -0.186  538.69  502.51 1.516   2915.15   1104.21 25.332 25.559 99.999 16.670 16.897 99.999 99.999 99.999  0.308 99.999 99.999 99.999 99.999  99.999  99.999  99.999  99.999  0.015  0.015  0.010  0.007  0.060  0.044   61   36 99.999 99.999   99  18.979512576 -22.465936585 25 39 40.00 1996  6 24 2450259.56921296   180  CLEAR                 24069602.ela.fits                                  Elara                 1024  1024
  -0.703  -0.181  542.77  502.33 1.470   3061.56   1082.33 25.332 25.729 99.999 16.617 17.014 99.999 99.999 99.999  0.671 99.999 99.999 99.999 99.999  99.999  99.999  99.999  99.999  0.017  0.017  0.009  0.008  0.059  0.051   64   40 99.999 99.999   99  18.979494670 -22.465993859 25 43 23.00 1996  6 24 2450259.57179398   180  CLEAR                 24069603.ela.fits                                  Elara                 1024  1024
  -0.706  -0.187  546.34  502.11 1.544   2721.82   1060.83 25.226 25.566 99.999 16.639 16.979 99.999 99.999 99.999  0.630 99.999 99.999 99.999 99.999  99.999  99.999  99.999  99.999  0.012  0.012  0.009  0.008  0.059  0.051   66   45 99.999 99.999   99  18.979475662 -22.466054039 25 47  6.00 1996  6 24 2450259.57437500   180  CLEAR                 24069604.ela.fits                                  Elara                 1024  1024
  -0.106  -0.026  542.37  478.15 1.462   1900.39   1545.13 24.985 25.036 99.999 16.788 16.839 99.999 99.999 99.999  0.613 99.999 99.999 99.999 99.999  99.999  99.999  99.999  99.999  0.018  0.018  0.008  0.006  0.054  0.044   66   52 99.999 99.999   99  18.972182271 -22.488808894 26 20 46.00 1996  6 25 2450260.59775463   180  CLEAR                 25069601.ela.fits                                  Elara                 1024  1024
  -0.134  -0.038  555.30  476.90 1.391   2125.80   1785.87 25.099 25.167 99.999 16.780 16.848 99.999 99.999 99.999  0.603 99.999 99.999 99.999 99.999  99.999  99.999  99.999  99.999  0.016  0.016  0.007  0.007  0.051  0.047   67   54 99.999 99.999   99  18.972113177 -22.489025002 26 34 10.00 1996  6 25 2450260.60706019   180  CLEAR                 25069602.ela.fits                                  Elara                 1024  1024
  -0.018  -0.022  558.62  476.70 1.353   1769.68   1829.66 24.874 24.913 99.999 16.754 16.794 99.999 99.999 99.999  0.605 99.999 99.999 99.999 99.999  99.999  99.999  99.999  99.999  0.011  0.011  0.007  0.006  0.046  0.045   69   53 99.999 99.999   99  18.972096478 -22.489079565 26 37 53.00 1996  6 25 2450260.60964120   180  CLEAR                 25069603.ela.fits                                  Elara                 1024  1024
  -0.070  -0.039  562.52  476.86 1.358   1657.68   1683.58 24.849 24.877 99.999 16.801 16.828 99.999 99.999 99.999  0.603 99.999 99.999 99.999 99.999  99.999  99.999  99.999  99.999  0.006  0.006  0.007  0.006  0.046  0.044   63   48 99.999 99.999   99  18.972076403 -22.489143038 26 41 36.00 1996  6 25 2450260.61222222   180  CLEAR                 25069604.ela.fits                                  Elara                 1024  1024
   0.032  -0.051  435.13  498.70 1.055    361.67     79.11 23.471 23.650 99.999 17.075 17.255 99.999 99.999 99.999  0.311 99.999 99.999 99.999 99.999  99.999  99.999  99.999  99.999  0.013  0.013  0.007  0.006  0.049  0.039   72   54 99.999 99.999   99  18.775507764 -23.199436483 24 17 22.66 1996  7 24 2450289.51206782    10  filtro desconhecido   24079601.ela.fits                                  Elara                 1000  1024
   0.057  -0.031  434.85  498.40 0.950    394.04     89.42 23.509 23.695 99.999 17.021 17.206 99.999 99.999 99.999  0.307 99.999 99.999 99.999 99.999  99.999  99.999  99.999  99.999  0.014  0.014  0.007  0.007  0.050  0.047   71   55 99.999 99.999   99  18.775501926 -23.199455336 24 18 50.20 1996  7 24 2450289.51308102    10  filtro desconhecido   24079602.ela.fits                                  Elara                 1000  1024
   0.058  -0.036  434.77  497.52 0.936    382.20     95.52 23.480 23.634 99.999 17.024 17.179 99.999 99.999 99.999  0.309 99.999 99.999 99.999 99.999  99.999  99.999  99.999  99.999  0.010  0.010  0.007  0.007  0.048  0.047   72   55 99.999 99.999   99  18.775498195 -23.199470799 24 19 42.16 1996  7 24 2450289.51368241    10  filtro desconhecido   24079603.ela.fits                                  Elara                 1000  1024
   0.036  -0.010  434.59  497.72 1.003    400.84     76.25 23.524 23.682 99.999 17.016 17.175 99.999 99.999 99.999  0.316 99.999 99.999 99.999 99.999  99.999  99.999  99.999  99.999  0.013  0.013  0.007  0.007  0.052  0.049   74   58 99.999 99.999   99  18.775493980 -23.199478112 24 20 34.17 1996  7 24 2450289.51428438    10  filtro desconhecido   24079604.ela.fits                                  Elara                 1000  1024
   0.059  -0.019  434.48  495.61 1.073    252.85    163.76 23.050 23.316 99.999 17.043 17.309 99.999 99.999 99.999  0.271 99.999 99.999 99.999 99.999  99.999  99.999  99.999  99.999  0.014  0.014  0.007  0.007  0.051  0.049   72   58 99.999 99.999   99  18.775490686 -23.199495065 24 21 26.19 1996  7 24 2450289.51488646    10  filtro desconhecido   24079605.ela.fits                                  Elara                 1000  1024
   0.033  -0.002  434.31  496.47 1.097    318.34    139.49 23.235 23.447 99.999 16.978 17.190 99.999 99.999 99.999  0.288 99.999 99.999 99.999 99.999  99.999  99.999  99.999  99.999  0.012  0.012  0.007  0.007  0.052  0.045   75   57 99.999 99.999   99  18.775486421 -23.199504826 24 22 18.14 1996  7 24 2450289.51548773    10  filtro desconhecido   24079606.ela.fits                                  Elara                 1000  1024
   0.040  -0.036  434.61  494.37 1.038    352.32     96.89 23.497 23.633 99.999 17.129 17.266 99.999 99.999 99.999  0.302 99.999 99.999 99.999 99.999  99.999  99.999  99.999  99.999  0.018  0.018  0.007  0.006  0.050  0.045   73   56 99.999 99.999   99  18.775482788 -23.199528572 24 23 10.16 1996  7 24 2450289.51608981    10  filtro desconhecido   24079607.ela.fits                                  Elara                 1000  1024
   0.058  -0.036  434.60  495.67 1.074    356.35     93.85 23.431 23.638 99.999 17.051 17.258 99.999 99.999 99.999  0.294 99.999 99.999 99.999 99.999  99.999  99.999  99.999  99.999  0.014  0.014  0.007  0.006  0.051  0.039   73   55 99.999 99.999   99  18.775479398 -23.199543037 24 24  2.17 1996  7 24 2450289.51669178    10  filtro desconhecido   24079608.ela.fits                                  Elara                 1000  1024
   0.039  -0.046  434.40  493.41 0.977    354.47    107.78 23.395 23.544 99.999 17.021 17.170 99.999 99.999 99.999  0.302 99.999 99.999 99.999 99.999  99.999  99.999  99.999  99.999  0.013  0.013  0.007  0.006  0.050  0.041   72   57 99.999 99.999   99  18.775475238 -23.199559919 24 24 54.19 1996  7 24 2450289.51729387    10  filtro desconhecido   24079609.ela.fits                                  Elara                 1000  1024
   0.057  -0.018  434.91  493.55 1.166    282.35    131.11 23.193 23.423 99.999 17.066 17.296 99.999 99.999 99.999  0.289 99.999 99.999 99.999 99.999  99.999  99.999  99.999  99.999  0.016  0.016  0.008  0.007  0.054  0.048   74   58 99.999 99.999   99  18.775471838 -23.199566610 24 25 46.15 1996  7 24 2450289.51789525    10  filtro desconhecido   24079610.ela.fits                                  Elara                 1000  1024
   0.034  -0.026  434.48  493.50 0.952    370.83    115.15 23.530 23.712 99.999 17.108 17.289 99.999 99.999 99.999  0.330 99.999 99.999 99.999 99.999  99.999  99.999  99.999  99.999  0.016  0.016  0.008  0.006  0.053  0.045   72   56 99.999 99.999   99  18.775467620 -23.199583231 24 26 38.16 1996  7 24 2450289.51849722    10  filtro desconhecido   24079611.ela.fits                                  Elara                 1000  1024
   0.036  -0.034  434.94  491.91 1.128    285.13    105.37 23.230 23.394 99.999 17.092 17.256 99.999 99.999 99.999  0.283 99.999 99.999 99.999 99.999  99.999  99.999  99.999  99.999  0.017  0.017  0.007  0.006  0.051  0.042   74   57 99.999 99.999   99  18.775463985 -23.199599734 24 27 29.19 1996  7 24 2450289.51908785    10  filtro desconhecido   24079612.ela.fits                                  Elara                 1000  1024
   0.028  -0.015  433.95  490.45 1.205    175.65    173.42 22.685 22.911 99.999 17.073 17.299 99.999 99.999 99.999  0.254 99.999 99.999 99.999 99.999  99.999  99.999  99.999  99.999  0.016  0.016  0.007  0.007  0.054  0.049   75   57 99.999 99.999   99  18.775453611 -23.199633259 24 29 50.18 1996  7 24 2450289.52071968    10  filtro desconhecido   24079614.ela.fits                                  Elara                 1000  1024
   0.108  -0.040  484.44  518.80 0.720    534.07    190.28 23.871 23.999 99.999 17.052 17.180 99.999 99.999 99.999  0.233 99.999 99.999 99.999 99.999  99.999  99.999  99.999  99.999  0.007  0.007  0.006  0.007  0.053  0.056   79   71 99.999 99.999   99  18.763197269 -23.247563585 26  3 31.20 1996  7 26 2450291.58577778    10  filtro desconhecido   26079601.ela.fits                                  Elara                 1024  1024
   0.096  -0.019  481.20  518.88 0.679    547.34    202.36 23.852 23.949 99.999 17.007 17.103 99.999 99.999 99.999  0.252 99.999 99.999 99.999 99.999  99.999  99.999  99.999  99.999  0.009  0.009  0.006  0.007  0.050  0.059   79   64 99.999 99.999   99  18.763193385 -23.247571795 26  4 23.16 1996  7 26 2450291.58637917    10  filtro desconhecido   26079602.ela.fits                                  Elara                 1024  1024
   0.098  -0.013  482.94  518.99 0.765    426.19    206.91 23.703 23.797 99.999 17.129 17.223 99.999 99.999 99.999  0.246 99.999 99.999 99.999 99.999  99.999  99.999  99.999  99.999  0.008  0.008  0.006  0.006  0.051  0.051   88   74 99.999 99.999   99  18.763189745 -23.247583680 26  5 15.23 1996  7 26 2450291.58698183    10  filtro desconhecido   26079603.ela.fits                                  Elara                 1024  1024
   0.100  -0.018  481.46  519.15 0.767    478.81    186.35 23.776 23.881 99.999 17.075 17.181 99.999 99.999 99.999  0.246 99.999 99.999 99.999 99.999  99.999  99.999  99.999  99.999  0.009  0.009  0.006  0.006  0.049  0.053   82   69 99.999 99.999   99  18.763186156 -23.247598481 26  6  7.24 1996  7 26 2450291.58758380    10  filtro desconhecido   26079604.ela.fits                                  Elara                 1024  1024
   0.115  -0.036  481.85  519.47 0.695    503.37    213.39 23.823 23.916 99.999 17.068 17.161 99.999 99.999 99.999  0.250 99.999 99.999 99.999 99.999  99.999  99.999  99.999  99.999  0.006  0.006  0.006  0.007  0.054  0.060   90   75 99.999 99.999   99  18.763171852 -23.247657960 26  9 35.19 1996  7 26 2450291.58999063    10  filtro desconhecido   26079608.ela.fits                                  Elara                 1024  1024
   0.101  -0.038  480.00  519.46 0.671    544.65    210.26 23.979 24.153 99.999 17.139 17.313 99.999 99.999 99.999  0.235 99.999 99.999 99.999 99.999  99.999  99.999  99.999  99.999  0.010  0.010  0.006  0.007  0.052  0.058   75   66 99.999 99.999   99  18.763167933 -23.247672151 26 10 27.21 1996  7 26 2450291.59059271    10  filtro desconhecido   26079609.ela.fits                                  Elara                 1024  1024
   0.020   0.139  290.66  614.18 2.784     20.79     80.50 21.255 21.358 99.999 17.960 18.063 99.999 99.999 99.999  0.435 99.999 99.999 99.999 99.999  99.999  99.999  99.999  99.999  0.010  0.011  0.008  0.006  0.056  0.046   91   75 99.999 99.999   99  18.715897358 -23.812923215 22 57 21.21 1996  9 30 2450357.45649549    15     cl                 30099601.ela.fits                                  Elara                  739  1140
   0.055  -0.020  289.54  613.49 1.977     14.97     87.07 21.224 21.356 99.999 18.286 18.418 99.999 99.999 99.999  0.432 99.999 99.999 99.999 99.999  99.999  99.999  99.999  99.999  0.011  0.011  0.008  0.006  0.051  0.041   80   61 99.999 99.999   99  18.715901454 -23.812962929 22 58 16.19 1996  9 30 2450357.45713183    15     cl                 30099602.ela.fits                                  Elara                  739  1140
   0.200   0.011  280.91  546.90 3.363     39.25     77.40 21.582 21.690 99.999 17.597 17.706 99.999 99.999 99.999  0.436 99.999 99.999 99.999 99.999  99.999  99.999  99.999  99.999  0.016  0.017  0.008  0.007  0.054  0.048   87   67 99.999 99.999   99  18.716191029 -23.812584013 24 15 44.26 1996  9 30 2450357.51092894    15     cl                 30099603.ela.fits                                  Elara                  739  1140
   0.087  -0.059  346.94  548.46 1.253     82.77     73.42 22.472 22.647 99.999 17.677 17.853 99.999 99.999 99.999  0.408 99.999 99.999 99.999 99.999  99.999  99.999  99.999  99.999  0.015  0.015  0.006  0.006  0.052  0.052  107   84 99.999 99.999   99  18.721282991 -23.806837800 22  6  9.34 1996 10  1 2450358.42094144    15     cl                 01109602.ela.fits                                  Elara                  739  1140
   0.025  -0.051  396.02  539.14 1.317     64.98     74.33 22.414 22.634 99.999 17.882 18.102 99.999 99.999 99.999  0.322 99.999 99.999 99.999 99.999  99.999  99.999  99.999  99.999  0.023  0.023  0.006  0.006  0.052  0.052   95   78 99.999 99.999   99  18.721403564 -23.806680037 22 38 11.40 1996 10  1 2450358.44318750    15     cl                 01109603.ela.fits                                  Elara                  739  1140
  -0.010  -0.048  393.65  539.52 1.467     84.13     60.64 22.483 22.634 99.999 17.670 17.821 99.999 99.999 99.999  0.413 99.999 99.999 99.999 99.999  99.999  99.999  99.999  99.999  0.016  0.016  0.006  0.006  0.051  0.055  103   81 99.999 99.999   99  18.721406207 -23.806674905 22 39  4.35 1996 10  1 2450358.44380035    15     cl                 01109604.ela.fits                                  Elara                  739  1140
   0.105  -0.082  495.65  513.63 1.190   6282.63    849.37 26.182 25.442 99.999 16.687 15.947 99.999 99.999 99.999  0.089 99.999 99.999 99.999 99.999  99.999  99.999  99.999  99.999  0.020  0.020  0.000  0.081  0.001  0.125    4    4 99.999 99.999   99  21.351715563 -16.832530683  4 30 37.00 1997  8 13 2450673.68792824   180  Clear                 13089701.ela.fits                                  Elara                  739  1140
   0.114  -0.078  500.54  512.28 0.985   8413.06   1014.12 26.237 25.506 99.999 16.425 15.694 99.999 99.999 99.999  0.086 99.999 99.999 99.999 99.999  99.999  99.999  99.999  99.999  0.008  0.008  0.001  0.078  0.001  0.124    4    4 99.999 99.999   99  21.351689503 -16.832623225  4 34 20.00 1997  8 13 2450673.69050926   180  Clear                 13089702.ela.fits                                  Elara                  739  1140
  -0.006  -0.127  463.37  558.44 1.047   2150.37    523.64 24.545 24.070 99.999 16.214 15.739 99.999 99.999 99.999  0.262 99.999 99.999 99.999 99.999  99.999  99.999  99.999  99.999  0.017  0.017  0.044  0.042  0.095  0.091    6    6 99.999 99.999   99  21.342734641 -16.865742579 26 15 31.00 1997  8 13 2450674.59410880    60  filtro desconhecido   13089703.ela.fits                                  Elara                  739  1140
  -0.060  -0.140  465.63  558.23 0.944   2661.83    543.23 24.817 24.592 99.999 16.254 16.029 99.999 99.999 99.999  0.273 99.999 99.999 99.999 99.999  99.999  99.999  99.999  99.999  0.012  0.012  0.017  0.011  0.030  0.020    6    5 99.999 99.999   99  21.342721915 -16.865788394 26 17 10.00 1997  8 13 2450674.59525463    60  filtro desconhecido   13089704.ela.fits                                  Elara                  739  1140
  -0.112  -0.186  459.07  560.35 1.597   3699.80   1142.50 25.256 25.214 99.999 16.335 16.294 99.999 99.999 99.999  0.287 99.999 99.999 99.999 99.999  99.999  99.999  99.999  99.999  0.040  0.040  0.102  0.111  0.092  0.101    5    5 99.999 99.999   99  21.341610965 -16.869758210  4 54 13.00 1997  8 14 2450674.70431713   180  filtro desconhecido   14089701.ela.fits                                  Elara                  739  1140
  -0.147  -0.237  464.17  559.18 1.127   6104.96   1495.17 25.495 25.780 99.999 16.030 16.316 99.999 99.999 99.999  0.372 99.999 99.999 99.999 99.999  99.999  99.999  99.999  99.999  0.021  0.021  0.072  0.027  0.063  0.023    5    4 99.999 99.999   99  21.341584566 -16.869863650  4 57 52.00 1997  8 14 2450674.70685185   180  filtro desconhecido   14089702.ela.fits                                  Elara                  739  1140
   0.143  -0.048  474.39  550.32 0.944   6581.17   2312.87 25.484 25.953 99.999 15.938 16.407 99.999 99.999 99.999  1.089 99.999 99.999 99.999 99.999  99.999  99.999  99.999  99.999  0.022  0.023  0.052  0.012  0.104  0.023    4    4 99.999 99.999   99  21.332766093 -16.902171562 26 19 53.00 1997  8 14 2450675.59714120   180  filtro desconhecido   14089703.ela.fits                                  Elara                  739  1140
   0.066  -0.193  479.22  548.82 0.960   6473.65   2211.39 25.097 26.169 99.999 15.569 16.641 99.999 99.999 99.999  2.034 99.999 99.999 99.999 99.999  99.999  99.999  99.999  99.999  0.025  0.025  0.000  0.000  0.000  0.000    3    3 99.999 99.999   99  21.332738672 -16.902304323 26 23 33.00 1997  8 14 2450675.59968750   180  filtro desconhecido   14089704.ela.fits                                  Elara                  739  1140
   0.144  -0.050  273.88  614.72 1.153   5248.67   1525.27 25.312 25.535 99.999 16.012 16.235 99.999 99.999 99.999  1.091 99.999 99.999 99.999 99.999  99.999  99.999  99.999  99.999  0.016  0.016  0.034  0.012  0.074  0.026    7    7 99.999 99.999   99  21.331758309 -16.905733161  4 42 25.00 1997  8 15 2450675.69612268   180  filtro desconhecido   15089701.ela.fits                                  Elara                  739  1140
   0.113  -0.085  278.69  613.58 1.121   4597.92   1687.73 25.345 25.584 99.999 16.189 16.428 99.999 99.999 99.999  1.020 99.999 99.999 99.999 99.999  99.999  99.999  99.999  99.999  0.025  0.025  0.031  0.009  0.069  0.020    8    6 99.999 99.999   99  21.331731851 -16.905833494  4 46  5.00 1997  8 15 2450675.69866898   180  filtro desconhecido   15089702.ela.fits                                  Elara                  739  1140
   0.102  -0.016  455.64  502.82 2.389    277.51    930.19 24.400 24.446 99.999 18.292 18.338 99.999 99.999 99.999  0.499 99.999 99.999 99.999 99.999  99.999  99.999  99.999  99.999  0.020  0.020  0.025  0.019  0.076  0.056    9    9 99.999 99.999   99  20.974095519 -17.750692886 24  5 50.00 1997 10 23 2450745.50405093   180  V                     23109701.ela.fits                                  Elara                 1000  1024
   0.052   0.069  622.60  492.68 1.371   5448.03   3763.91 24.421 25.551 99.999 15.080 16.210 99.999 99.999 99.999  1.768 99.999 99.999 99.999 99.999  99.999  99.999  99.999  99.999  0.016  0.016  0.000  0.000  0.000  0.000    3    3 99.999 99.999   99  23.666135863  -3.773263759 26 20  1.00 1998  9  2 2451059.59723380   180  Clear                 02099803.ela.fits                                  Elara                 1005  1020
   0.052   0.069  622.60  492.68 1.371   5448.03   3763.91 24.421 25.551 99.999 15.080 16.210 99.999 99.999 99.999  1.768 99.999 99.999 99.999 99.999  99.999  99.999  99.999  99.999  0.016  0.016  0.000  0.000  0.000  0.000    3    3 99.999 99.999   99  23.666135863  -3.773263759 26 20  1.00 1998  9  2 2451059.59723380   180  Clear                 02099803.ela.fits                                  Elara                 1005  1020
   0.044   0.109  517.07  480.02 1.657   3551.60   8649.85 23.914 25.716 99.999 15.038 16.840 99.999 99.999 99.999  2.308 99.999 99.999 99.999 99.999  99.999  99.999  99.999  99.999  0.023  0.023  0.000  0.000  0.000  0.000    3    3 99.999 99.999   99  23.659611961  -3.832571013 25 37 51.00 1998  9  3 2451060.56795139   180  Clear                 03099801.ela.fits                                  Elara                 1005  1020
   0.069   0.098  517.74  477.54 1.415   4746.31   8681.32 24.045 25.660 99.999 14.854 16.469 99.999 99.999 99.999  2.422 99.999 99.999 99.999 99.999  99.999  99.999  99.999  99.999  0.010  0.010  0.000  0.000  0.000  0.000    3    3 99.999 99.999   99  23.659594274  -3.832734327 25 41 37.00 1998  9  3 2451060.57056713   180  Clear                 03099802.ela.fits                                  Elara                 1005  1020
   0.099  -0.045  931.32 1492.38 1.570    141.32     84.00 22.493 21.951 99.999 17.118 16.575 99.999 99.999 99.999  0.133 99.999 99.999 99.999 99.999  99.999  99.999  99.999  99.999  0.008  0.008  0.026  0.005  0.058  0.011    5    5 99.999 99.999   99  22.001067964 -13.684739207  6 16 53.58 2009  6 22 2455004.76173125    20  Clear                 elara0001.fits                                     Elara                 2045  2050
   0.095  -0.031  930.30 1490.85 1.491    117.60     84.44 22.318 21.818 99.999 17.142 16.642 99.999 99.999 99.999  0.126 99.999 99.999 99.999 99.999  99.999  99.999  99.999  99.999  0.007  0.008  0.022  0.009  0.048  0.021    5    5 99.999 99.999   99  22.001067976 -13.684747387  6 18 49.96 2009  6 22 2455004.76307824    20  Clear                 elara0003.fits                                     Elara                 2045  2050
   0.096  -0.052  931.60 1491.55 1.239    194.54     92.70 22.846 22.295 99.999 17.124 16.572 99.999 99.999 99.999  0.105 99.999 99.999 99.999 99.999  99.999  99.999  99.999  99.999  0.001  0.001  0.024  0.010  0.053  0.022    5    5 99.999 99.999   99  22.001068105 -13.684770426  6 21 33.91 2009  6 22 2455004.76497581    20  Clear                 elara0006.fits                                     Elara                 2045  2050
   0.104  -0.058  931.70 1492.06 1.424    184.45     84.57 22.792 22.007 99.999 17.127 16.342 99.999 99.999 99.999  0.122 99.999 99.999 99.999 99.999  99.999  99.999  99.999  99.999  0.009  0.009  0.025  0.017  0.054  0.037    5    5 99.999 99.999   99  22.001068292 -13.684778130  6 22 29.00 2009  6 22 2455004.76561343    20  Clear                 elara0007.fits                                     Elara                 2045  2050
   0.107  -0.035  929.65 1496.45 1.072    268.14     97.90 23.242 22.560 99.999 17.171 16.489 99.999 99.999 99.999  0.078 99.999 99.999 99.999 99.999  99.999  99.999  99.999  99.999  0.006  0.006  0.044  0.013  0.077  0.023    4    4 99.999 99.999   99  22.001068408 -13.684783360  6 24 19.01 2009  6 22 2455004.76688669    20  Clear                 elara0009.fits                                     Elara                 2045  2050
   0.103  -0.056  930.84 1489.67 1.078    288.54     95.71 23.279 22.735 99.999 17.128 16.585 99.999 99.999 99.999  0.103 99.999 99.999 99.999 99.999  99.999  99.999  99.999  99.999  0.006  0.006  0.030  0.015  0.066  0.033    5    5 99.999 99.999   99  22.001068381 -13.684795055  6 25 14.02 2009  6 22 2455004.76752338    20  Clear                 elara0010.fits                                     Elara                 2045  2050
   0.097  -0.049  929.21 1496.64 1.155    247.08     94.00 23.142 22.554 99.999 17.160 16.572 99.999 99.999 99.999  0.083 99.999 99.999 99.999 99.999  99.999  99.999  99.999  99.999  0.007  0.007  0.038  0.011  0.066  0.020    4    4 99.999 99.999   99  22.001068295 -13.684798995  6 26  9.01 2009  6 22 2455004.76815984    20  Clear                 elara0011.fits                                     Elara                 2045  2050
   0.094  -0.051  929.38 1489.36 1.011    282.89    104.45 23.301 22.677 99.999 17.172 16.548 99.999 99.999 99.999  0.082 99.999 99.999 99.999 99.999  99.999  99.999  99.999  99.999  0.006  0.006  0.043  0.006  0.075  0.010    4    4 99.999 99.999   99  22.001068259 -13.684805255  6 27  4.07 2009  6 22 2455004.76879711    20  Clear                 elara0012.fits                                     Elara                 2045  2050
   0.093  -0.037  928.96 1495.06 1.048    285.65     97.27 23.327 22.696 99.999 17.187 16.556 99.999 99.999 99.999  0.079 99.999 99.999 99.999 99.999  99.999  99.999  99.999  99.999  0.006  0.006  0.034  0.012  0.060  0.021    4    4 99.999 99.999   99  22.001068281 -13.684807370  6 28  1.25 2009  6 22 2455004.76945891    20  Clear                 elara0013.fits                                     Elara                 2045  2050
   0.089  -0.061  927.54 1488.79 1.279    225.42     84.81 23.009 22.429 99.999 17.126 16.547 99.999 99.999 99.999  0.133 99.999 99.999 99.999 99.999  99.999  99.999  99.999  99.999  0.005  0.005  0.029  0.010  0.065  0.022    5    5 99.999 99.999   99  22.001068254 -13.684820276  6 29  1.49 2009  6 22 2455004.77015613    20  Clear                 elara0014.fits                                     Elara                 2045  2050
   0.098  -0.055  927.43 1493.66 1.153    244.35     92.67 23.118 22.342 99.999 17.148 16.372 99.999 99.999 99.999  0.082 99.999 99.999 99.999 99.999  99.999  99.999  99.999  99.999  0.000  0.000  0.044  0.005  0.076  0.008    4    4 99.999 99.999   99  22.001068460 -13.684824306  6 29 56.50 2009  6 22 2455004.77079282    20  Clear                 elara0015.fits                                     Elara                 2045  2050
   0.115  -0.064  926.01 1489.97 1.380    173.53     86.91 22.722 22.102 99.999 17.124 16.504 99.999 99.999 99.999  0.120 99.999 99.999 99.999 99.999  99.999  99.999  99.999  99.999  0.006  0.006  0.030  0.010  0.067  0.022    5    5 99.999 99.999   99  22.001068831 -13.684838704  6 31 46.58 2009  6 22 2455004.77206690    20  Clear                 elara0017.fits                                     Elara                 2045  2050
   0.112  -0.063  925.59 1486.67 1.471    165.74     82.75 22.663 22.082 99.999 17.114 16.534 99.999 99.999 99.999  0.120 99.999 99.999 99.999 99.999  99.999  99.999  99.999  99.999  0.007  0.007  0.029  0.013  0.064  0.030    5    5 99.999 99.999   99  22.001068809 -13.684844072  6 32 42.42 2009  6 22 2455004.77271319    20  Clear                 elara0018.fits                                     Elara                 2045  2050
   0.087  -0.071  923.14 1487.16 1.643    124.79     81.67 22.346 21.869 99.999 17.105 16.629 99.999 99.999 99.999  0.130 99.999 99.999 99.999 99.999  99.999  99.999  99.999  99.999  0.008  0.008  0.028  0.008  0.062  0.018    5    5 99.999 99.999   99  22.001068469 -13.684870037  6 36 25.22 2009  6 22 2455004.77529190    20  Clear                 elara0022.fits                                     Elara                 2045  2050
   0.111  -0.055  925.19 1482.83 1.385    167.96     86.23 22.689 21.960 99.999 17.126 16.397 99.999 99.999 99.999  0.109 99.999 99.999 99.999 99.999  99.999  99.999  99.999  99.999  0.007  0.007  0.022  0.019  0.050  0.043    5    5 99.999 99.999   99  22.001068956 -13.684870989  6 37 19.35 2009  6 22 2455004.77591840    20  Clear                 elara0023.fits                                     Elara                 2045  2050
   0.099  -0.049  924.47 1487.88 1.327    220.93     81.60 23.021 22.301 99.999 17.160 16.441 99.999 99.999 99.999  0.090 99.999 99.999 99.999 99.999  99.999  99.999  99.999  99.999  0.006  0.006  0.044  0.005  0.076  0.008    4    4 99.999 99.999   99  22.001068745 -13.684875759  6 38 18.97 2009  6 22 2455004.77660845    20  Clear                 elara0024.fits                                     Elara                 2045  2050
   0.081  -0.035  922.28 1482.84 1.235    224.30     86.83 22.948 22.352 99.999 17.071 16.475 99.999 99.999 99.999  0.109 99.999 99.999 99.999 99.999  99.999  99.999  99.999  99.999  0.006  0.006  0.031  0.010  0.065  0.021    7    5 99.999 99.999   99  22.001068470 -13.684878028  6 39 18.92 2009  6 22 2455004.77730231    20  Clear                 elara0025.fits                                     Elara                 2045  2050
   0.106  -0.050  921.51 1481.15 1.297    180.25     89.99 22.790 22.380 99.999 17.151 16.740 99.999 99.999 99.999  0.081 99.999 99.999 99.999 99.999  99.999  99.999  99.999  99.999  0.007  0.007  0.044  0.008  0.076  0.014    4    4 99.999 99.999   99  22.001068996 -13.684894958  6 41 19.01 2009  6 22 2455004.77869225    20  Clear                 elara0027.fits                                     Elara                 2045  2050
   0.108  -0.063  921.43 1488.63 1.285    215.56     84.67 22.988 22.329 99.999 17.154 16.495 99.999 99.999 99.999  0.085 99.999 99.999 99.999 99.999  99.999  99.999  99.999  99.999  0.005  0.005  0.037  0.010  0.065  0.018    4    4 99.999 99.999   99  22.001069063 -13.684904871  6 42 19.84 2009  6 22 2455004.77939630    20  Clear                 elara0028.fits                                     Elara                 2045  2050
   0.091  -0.053  921.41 1483.91 0.947    358.46    103.32 23.552 22.903 99.999 17.166 16.517 99.999 99.999 99.999  0.091 99.999 99.999 99.999 99.999  99.999  99.999  99.999  99.999  0.007  0.007  0.040  0.007  0.069  0.013    4    4 99.999 99.999   99  22.001068767 -13.684908049  6 43 14.63 2009  6 22 2455004.78003044    20  Clear                 elara0029.fits                                     Elara                 2045  2050
   0.097  -0.039  921.03 1484.17 1.012    359.08     90.42 23.579 22.964 99.999 17.191 16.576 99.999 99.999 99.999  0.086 99.999 99.999 99.999 99.999  99.999  99.999  99.999  99.999  0.005  0.005  0.047  0.003  0.081  0.005    4    4 99.999 99.999   99  22.001068965 -13.684915480  6 45  5.19 2009  6 22 2455004.78131007    20  Clear                 elara0031.fits                                     Elara                 2045  2050
   0.085  -0.048  920.32 1489.60 1.016    356.34     88.94 23.561 22.879 99.999 17.182 16.499 99.999 99.999 99.999  0.096 99.999 99.999 99.999 99.999  99.999  99.999  99.999  99.999  0.008  0.008  0.042  0.008  0.072  0.014    4    4 99.999 99.999   99  22.001068760 -13.684923985  6 45 59.39 2009  6 22 2455004.78193738    20  Clear                 elara0032.fits                                     Elara                 2045  2050
   0.082  -0.030  918.75 1485.36 1.321    255.61     74.89 23.141 22.598 99.999 17.122 16.579 99.999 99.999 99.999  0.093 99.999 99.999 99.999 99.999  99.999  99.999  99.999  99.999  0.007  0.007  0.037  0.013  0.064  0.022    4    4 99.999 99.999   99  22.001068728 -13.684924933  6 46 58.78 2009  6 22 2455004.78262477    20  Clear                 elara0033.fits                                     Elara                 2045  2050
   0.097  -0.051  918.68 1491.24 1.142    280.59     86.23 23.266 22.700 99.999 17.146 16.580 99.999 99.999 99.999  0.080 99.999 99.999 99.999 99.999  99.999  99.999  99.999  99.999  0.005  0.005  0.046  0.007  0.080  0.012    4    4 99.999 99.999   99  22.001069034 -13.684937281  6 47 59.50 2009  6 22 2455004.78332755    20  Clear                 elara0034.fits                                     Elara                 2045  2050
   0.096  -0.048  918.63 1485.64 1.107    295.14     87.40 23.339 22.778 99.999 17.164 16.603 99.999 99.999 99.999  0.090 99.999 99.999 99.999 99.999  99.999  99.999  99.999  99.999  0.005  0.005  0.047  0.001  0.081  0.001    4    4 99.999 99.999   99  22.001069047 -13.684942518  6 48 56.16 2009  6 22 2455004.78398333    20  Clear                 elara0035.fits                                     Elara                 2045  2050
  -0.205   0.351  977.83  967.95 1.044    289.82   1332.25 22.667 22.465 99.999 16.512 16.309 99.999 99.999 99.999  0.369 99.999 99.999 99.999 99.999  99.999  99.999  99.999  99.999  0.007  0.006  0.128  0.062  0.084  0.041    5    4 99.999 99.999   99  23.684509218  -3.958295571  3 15 34.00 2010 10 20 2455489.63581019    40    I                   Elara_03.15.56_0001.fits                           Elara                 2048  2048
  -0.205   0.291  970.15  968.74 1.364    362.71   1254.50 22.835 22.969 99.999 16.436 16.570 99.999 99.999 99.999  0.066 99.999 99.999 99.999 99.999  99.999  99.999  99.999  99.999  0.015  0.015  0.000  0.000  0.000  0.000    4    3 99.999 99.999   99  23.684496523  -3.958421325  3 19 42.00 2010 10 20 2455489.63868056    40    I                   Elara_03.20.04_0003.fits                           Elara                 2048  2048
  -0.201   0.231  968.50  968.89 1.521    294.09   1255.89 22.464 22.324 99.999 16.293 16.153 99.999 99.999 99.999  0.341 99.999 99.999 99.999 99.999  99.999  99.999  99.999  99.999  0.016  0.016  0.030  0.095  0.022  0.068    5    4 99.999 99.999   99  23.684494361  -3.958457204  3 20 26.00 2010 10 20 2455489.63918981    40    I                   Elara_03.20.48_0004.fits                           Elara                 2048  2048
  -0.248   0.293  965.39  970.36 1.454    302.04   1256.74 22.785 22.902 99.999 16.585 16.702 99.999 99.999 99.999  0.149 99.999 99.999 99.999 99.999  99.999  99.999  99.999  99.999  0.014  0.014  0.000  0.000  0.000  0.000    5    3 99.999 99.999   99  23.684489034  -3.958478349  3 21 53.00 2010 10 20 2455489.64019676    40    I                   Elara_03.22.15_0006.fits                           Elara                 2048  2048
  -0.194   0.318  955.54  967.08 1.410    320.65   1260.38 22.673 23.170 99.999 16.408 16.905 99.999 99.999 99.999  0.036 99.999 99.999 99.999 99.999  99.999  99.999  99.999  99.999  0.004  0.004  0.000  0.000  0.000  0.000    4    3 99.999 99.999   99  23.684481148  -3.958547856  3 24 47.00 2010 10 20 2455489.64221065    40    I                   Elara_03.25.09_0010.fits                           Elara                 2048  2048
  -0.238   0.290  948.35  968.38 1.235    430.19   1263.23 23.101 23.360 99.999 16.516 16.776 99.999 99.999 99.999  0.145 99.999 99.999 99.999 99.999  99.999  99.999  99.999  99.999  0.011  0.010  0.000  0.000  0.000  0.000    5    3 99.999 99.999   99  23.684473659  -3.958612678  3 26 57.00 2010 10 20 2455489.64371528    40    I                   Elara_03.27.19_0013.fits                           Elara                 2048  2048
