   0.033  -0.047  850.60  959.40 0.767    452.56    299.14 23.889 23.558 99.999 17.250 16.918 99.999 99.999 99.999  0.151 99.999 99.999 99.999 99.999  99.999  99.999  99.999  99.999  0.013  0.013  0.037  0.019  0.066  0.034    5    5 99.999 99.999   99  22.000681012 -13.676091793  5 59 58.06 2009  6 21 2455003.74997755    90    I                   elara0001.fits                                     Elara                 2045  2050
   0.025  -0.058  851.81  958.55 0.897    304.56    267.96 23.450 23.084 99.999 17.241 16.874 99.999 99.999 99.999  0.167 99.999 99.999 99.999 99.999  99.999  99.999  99.999  99.999  0.005  0.005  0.042  0.013  0.076  0.023    5    5 99.999 99.999   99  22.000681763 -13.676120308  6  4 23.97 2009  6 21 2455003.75305521    90    I                   elara0002.fits                                     Elara                 2045  2050
   0.027  -0.028  852.39  959.40 1.194    331.73    217.80 23.538 23.154 99.999 17.236 16.852 99.999 99.999 99.999  0.145 99.999 99.999 99.999 99.999  99.999  99.999  99.999  99.999  0.015  0.015  0.027  0.019  0.064  0.044    7    6 99.999 99.999   99  22.000682795 -13.676140949  6  9 27.95 2009  6 21 2455003.75657350    90    I                   elara0004.fits                                     Elara                 2045  2050
   0.044  -0.048  852.82  960.02 1.184    405.07    206.50 23.749 23.378 99.999 17.230 16.859 99.999 99.999 99.999  0.174 99.999 99.999 99.999 99.999  99.999  99.999  99.999  99.999  0.009  0.009  0.039  0.019  0.071  0.033    5    5 99.999 99.999   99  22.000683609 -13.676160858  6 11 59.06 2009  6 21 2455003.75832245    90    I                   elara0005.fits                                     Elara                 2045  2050
   0.050  -0.039  852.58  959.82 1.015    435.70    227.23 23.779 23.384 99.999 17.181 16.786 99.999 99.999 99.999  0.134 99.999 99.999 99.999 99.999  99.999  99.999  99.999  99.999  0.012  0.012  0.024  0.014  0.058  0.034    6    6 99.999 99.999   99  22.000684225 -13.676172979  6 14 30.40 2009  6 21 2455003.76007407    90    I                   elara0006.fits                                     Elara                 2045  2050
   0.040  -0.046  853.27  959.41 0.939    497.32    234.55 23.957 23.562 99.999 17.215 16.820 99.999 99.999 99.999  0.142 99.999 99.999 99.999 99.999  99.999  99.999  99.999  99.999  0.007  0.007  0.036  0.018  0.065  0.032    5    5 99.999 99.999   99  22.000684569 -13.676189879  6 17  7.95 2009  6 21 2455003.76189757    90    I                   elara0007.fits                                     Elara                 2045  2050
   0.040  -0.047  853.75  960.54 1.056    434.78    218.75 23.806 23.299 99.999 17.210 16.703 99.999 99.999 99.999  0.146 99.999 99.999 99.999 99.999  99.999  99.999  99.999  99.999  0.009  0.009  0.038  0.017  0.068  0.031    5    5 99.999 99.999   99  22.000685118 -13.676206330  6 19 57.43 2009  6 21 2455003.76385914    90    I                   elara0008.fits                                     Elara                 2045  2050
   0.058  -0.036  853.89  960.52 1.036    438.40    220.37 23.778 23.348 99.999 17.173 16.743 99.999 99.999 99.999  0.125 99.999 99.999 99.999 99.999  99.999  99.999  99.999  99.999  0.009  0.009  0.023  0.013  0.054  0.030    6    6 99.999 99.999   99  22.000685861 -13.676215388  6 22  1.92 2009  6 21 2455003.76530000    90    I                   elara0009.fits                                     Elara                 2045  2050
   0.055  -0.035  854.21  960.37 1.147    447.72    201.31 23.840 23.469 99.999 17.212 16.842 99.999 99.999 99.999  0.144 99.999 99.999 99.999 99.999  99.999  99.999  99.999  99.999  0.007  0.007  0.022  0.010  0.054  0.024    7    6 99.999 99.999   99  22.000686217 -13.676227085  6 24  9.63 2009  6 21 2455003.76677812    90    I                   elara0010.fits                                     Elara                 2045  2050
   0.045  -0.054  854.49  960.33 1.108    449.89    211.01 23.840 23.347 99.999 17.207 16.714 99.999 99.999 99.999  0.143 99.999 99.999 99.999 99.999  99.999  99.999  99.999  99.999  0.011  0.011  0.044  0.024  0.080  0.044    6    6 99.999 99.999   99  22.000686444 -13.676244319  6 26 15.36 2009  6 21 2455003.76823333    90    I                   elara0011.fits                                     Elara                 2045  2050
   0.041  -0.039  854.41  960.20 1.119    447.05    206.87 23.839 23.428 99.999 17.213 16.802 99.999 99.999 99.999  0.145 99.999 99.999 99.999 99.999  99.999  99.999  99.999  99.999  0.008  0.008  0.035  0.018  0.063  0.032    5    5 99.999 99.999   99  22.000686750 -13.676251934  6 28 20.12 2009  6 21 2455003.76967731    90    I                   elara0012.fits                                     Elara                 2045  2050
   0.049  -0.040  854.81  959.86 1.032    509.66    210.05 23.935 23.596 99.999 17.167 16.827 99.999 99.999 99.999  0.123 99.999 99.999 99.999 99.999  99.999  99.999  99.999  99.999  0.010  0.010  0.022  0.012  0.054  0.029    6    6 99.999 99.999   99  22.000687318 -13.676264078  6 30 24.97 2009  6 21 2455003.77112234    90    I                   elara0013.fits                                     Elara                 2045  2050
   0.047  -0.047  855.17  960.25 1.055    472.15    215.78 23.901 23.456 99.999 17.215 16.771 99.999 99.999 99.999  0.146 99.999 99.999 99.999 99.999  99.999  99.999  99.999  99.999  0.010  0.010  0.037  0.018  0.066  0.032    5    5 99.999 99.999   99  22.000687674 -13.676278180  6 32 29.81 2009  6 21 2455003.77256725    90    I                   elara0014.fits                                     Elara                 2045  2050
   0.042  -0.054  855.53  959.70 1.140    393.58    211.95 23.679 23.364 99.999 17.191 16.877 99.999 99.999 99.999  0.141 99.999 99.999 99.999 99.999  99.999  99.999  99.999  99.999  0.010  0.010  0.036  0.018  0.065  0.032    5    5 99.999 99.999   99  22.000688000 -13.676292033  6 34 34.67 2009  6 21 2455003.77401238    90    I                   elara0015.fits                                     Elara                 2045  2050
   0.056  -0.019 1007.97 1210.40 1.313    119.33    170.43 22.512 22.526 99.999 17.320 17.334 99.999 99.999 99.999  0.154 99.999 99.999 99.999 99.999  99.999  99.999  99.999  99.999  0.003  0.003  0.033  0.036  0.075  0.083    7    6 99.999 99.999   99  22.001132087 -13.705153776  7 40 23.18 2009  6 24 2455006.81971273    60    I                   elara_0001.fits                                    Elara                 2045  2050
   0.060  -0.019 1008.05 1214.17 1.246    156.59    165.29 22.774 22.538 99.999 17.288 17.051 99.999 99.999 99.999  0.186 99.999 99.999 99.999 99.999  99.999  99.999  99.999  99.999  0.016  0.016  0.045  0.014  0.093  0.029    6    5 99.999 99.999   99  22.001131724 -13.705166034  7 42  1.91 2009  6 24 2455006.82085544    60    I                   elara_0002.fits                                    Elara                 2045  2050
   0.071  -0.014 1006.14 1213.85 1.508    128.39    158.77 22.480 22.128 99.999 17.209 16.856 99.999 99.999 99.999  0.178 99.999 99.999 99.999 99.999  99.999  99.999  99.999  99.999  0.004  0.004  0.037  0.014  0.083  0.032    6    6 99.999 99.999   99  22.001131468 -13.705176393  7 43 36.70 2009  6 24 2455006.82195255    60    I                   elara_0003.fits                                    Elara                 2045  2050
   0.047  -0.016 1008.45 1212.87 0.939    212.89    182.60 23.067 22.806 99.999 17.247 16.986 99.999 99.999 99.999  0.185 99.999 99.999 99.999 99.999  99.999  99.999  99.999  99.999  0.013  0.013  0.044  0.018  0.091  0.038    6    5 99.999 99.999   99  22.001129205 -13.705224466  7 50  0.86 2009  6 24 2455006.82639884    60    I                   elara_0007.fits                                    Elara                 2045  2050
   0.071  -0.016 1008.41 1209.79 1.459    134.15    160.37 22.407 22.309 99.999 17.088 16.990 99.999 99.999 99.999  0.270 99.999 99.999 99.999 99.999  99.999  99.999  99.999  99.999  0.024  0.024  0.036  0.012  0.082  0.027    8    6 99.999 99.999   99  22.001128766 -13.705248063  7 53 10.89 2009  6 24 2455006.82859826    60    I                   elara_0009.fits                                    Elara                 2045  2050
   0.060  -0.024 1010.50 1205.87 1.142    194.18    170.59 22.979 22.513 99.999 17.258 16.793 99.999 99.999 99.999  0.176 99.999 99.999 99.999 99.999  99.999  99.999  99.999  99.999  0.015  0.015  0.042  0.019  0.087  0.038    6    5 99.999 99.999   99  22.001128089 -13.705261816  7 54 47.28 2009  6 24 2455006.82971389    60    I                   elara_0010.fits                                    Elara                 2045  2050
   0.049  -0.020 1011.73 1211.76 1.001    194.55    177.68 22.957 22.647 99.999 17.234 16.925 99.999 99.999 99.999  0.179 99.999 99.999 99.999 99.999  99.999  99.999  99.999  99.999  0.015  0.015  0.045  0.016  0.092  0.033    6    5 99.999 99.999   99  22.001126966 -13.705285186  7 58  5.05 2009  6 24 2455006.83200289    60    I                   elara_0012.fits                                    Elara                 2045  2050
   0.058  -0.022 1009.32 1212.08 1.202    195.17    166.53 22.978 22.831 99.999 17.252 17.105 99.999 99.999 99.999  0.187 99.999 99.999 99.999 99.999  99.999  99.999  99.999  99.999  0.011  0.011  0.044  0.017  0.090  0.036    5    5 99.999 99.999   99  22.001126693 -13.705297392  7 59 40.03 2009  6 24 2455006.83310220    60    I                   elara_0013.fits                                    Elara                 2045  2050
   0.047  -0.012 1014.19 1211.09 1.228    158.02    164.62 22.702 22.465 99.999 17.205 16.969 99.999 99.999 99.999  0.184 99.999 99.999 99.999 99.999  99.999  99.999  99.999  99.999  0.000  0.000  0.046  0.016  0.094  0.032    5    5 99.999 99.999   99  22.001126000 -13.705306326  8  1 15.04 2009  6 24 2455006.83420185    60    I                   elara_0014.fits                                    Elara                 2045  2050
   0.057  -0.010 1011.05 1206.48 0.920    156.00    176.27 22.722 22.474 99.999 17.239 16.991 99.999 99.999 99.999  0.189 99.999 99.999 99.999 99.999  99.999  99.999  99.999  99.999  0.004  0.004  0.042  0.021  0.087  0.042    6    5 99.999 99.999   99  22.001125754 -13.705317370  8  2 50.03 2009  6 24 2455006.83530127    60    I                   elara_0015.fits                                    Elara                 2045  2050
   0.055  -0.009 1010.99 1211.62 0.791     28.05     19.41 20.852 21.066 99.999 17.232 17.446 99.999 99.999 99.999  0.153 99.999 99.999 99.999 99.999  99.999  99.999  99.999  99.999  0.007  0.007  0.037  0.017  0.077  0.035    7    5 99.999 99.999   99  22.001125274 -13.705328824  8  4 25.00 2009  6 24 2455006.83640046    60    I                   elara_0016.fits                                    Elara                 2045  2050
   0.061  -0.019 1009.38 1210.44 1.393    154.57    161.10 22.713 22.445 99.999 17.240 16.972 99.999 99.999 99.999  0.176 99.999 99.999 99.999 99.999  99.999  99.999  99.999  99.999  0.009  0.009  0.042  0.013  0.086  0.026    6    5 99.999 99.999   99  22.001123866 -13.705371619  8  9 49.39 2009  6 24 2455006.84015498    60    I                   elara_0020.fits                                    Elara                 2045  2050
