 19 30 12.0692 -21 30 18.703   73   26 2454618.73831187 19.8 RE E  809
 19 30 11.9919 -21 30 18.677   73   26 2454618.74278898 18.3 RE E  809
 19 30 11.9217 -21 30 18.641   73   26 2454618.74827064 20.1 RE E  809
 19 30 11.8528 -21 30 18.543   73   26 2454618.75276894 19.5 RE E  809
 21 53 28.1065 -13 49 06.689   20   15 2454974.85027828 20.6 RE E  809
 21 53 28.6161 -13 49 01.373   20   15 2454974.90695453 20.2 RE E  809
 21 53 28.6374 -13 49 01.132   20   15 2454974.90923765 20.2 RE E  809
 21 53 28.6651 -13 49 00.839   20   15 2454974.91243510 20.4 RE E  809
 21 53 28.6818 -13 49 00.659   20   15 2454974.91426377 19.7 RE E  809
 21 53 28.7128 -13 49 00.338   20   15 2454974.91791069 20.4 RE E  809
 21 53 28.7291 -13 49 00.145   20   15 2454974.91965798 20.4 RE E  809
 21 53 28.7470 -13 48 59.929   20   15 2454974.92193566 20.6 RE E  809
 21 53 28.7660 -13 48 59.764   20   15 2454974.92396076 20.6 RE E  809
 21 53 28.7841 -13 48 59.598   20   15 2454974.92577947 20.2 RE E  809
 21 53 28.7978 -13 48 59.391   20   15 2454974.92762076 20.3 RE E  809
 21 53 28.8130 -13 48 59.266   20   15 2454974.92936713 19.3 RE E  809
