 21 29 52.4178 -15 04 54.760   15    5 2454351.65045626 19.3 RE E  809
 21 29 52.4060 -15 04 54.813   15    5 2454351.65229224 19.2 RE E  809
 21 29 52.3944 -15 04 54.871   15    5 2454351.65413807 19.2 RE E  809
 21 29 46.3911 -15 05 24.209   61   30 2454352.72157310 20.3 RE E  809
 21 29 46.3801 -15 05 24.318   61   30 2454352.72342934 19.4 RE E  809
 21 29 46.3627 -15 05 24.349   61   30 2454352.72523730 19.4 RE E  809
 21 27 35.2484 -15 16 02.993    8   15 2454382.64082832 19.4 RE E  809
 21 27 35.2426 -15 16 03.008    8   15 2454382.64287607 19.4 RE E  809
 21 27 35.2370 -15 16 03.031    8   15 2454382.64492451 19.4 RE E  809
 21 27 35.2309 -15 16 03.069    8   15 2454382.64699234 19.4 RE E  809
 21 27 35.2176 -15 16 03.148    8   15 2454382.65150148 19.4 RE E  809
 21 27 35.2109 -15 16 03.198    8   15 2454382.65371549 19.4 RE E  809
 21 27 35.2044 -15 16 03.198    8   15 2454382.65575895 19.5 RE E  809
 21 27 35.1978 -15 16 03.250    8   15 2454382.65784977 19.4 RE E  809
 21 27 35.1931 -15 16 03.269    8   15 2454382.65984020 19.4 RE E  809
 21 27 32.4711 -15 16 16.421   18   18 2454383.61388021 19.4 RE E  809
 21 27 32.4642 -15 16 16.435   18   18 2454383.61594961 19.3 RE E  809
 21 27 32.4574 -15 16 16.464   18   18 2454383.61797883 19.3 RE E  809
 21 27 32.4542 -15 16 16.499   18   18 2454383.62002461 19.2 RE E  809
 21 27 32.4472 -15 16 16.540   18   18 2454383.62196329 19.4 RE E  809
 21 27 32.4409 -15 16 16.601   18   18 2454383.62438907 19.4 RE E  809
 21 27 32.4365 -15 16 16.616   18   18 2454383.62645222 19.4 RE E  809
 21 27 32.4225 -15 16 16.667   18   18 2454383.63051239 19.6 RE E  809
 21 27 32.4191 -15 16 16.687   18   18 2454383.63247735 19.4 RE E  809
 21 27 27.0525 -15 16 42.706   40   35 2454385.63683554 19.4 RE E  809
 21 27 27.0415 -15 16 42.734   40   35 2454385.64088171 19.7 RE E  809
 21 27 27.0362 -15 16 42.779   40   35 2454385.64291858 19.1 RE E  809
 21 27 27.0205 -15 16 42.776   40   35 2454385.64732912 19.6 RE E  809
 21 27 27.0129 -15 16 42.887   40   35 2454385.64936900 20.0 RE E  809
 21 27 27.0151 -15 16 42.876   40   35 2454385.65140772 19.2 RE E  809
 21 27 26.9997 -15 16 42.862   40   35 2454385.65542970 19.7 RE E  809
 21 27 24.5996 -15 16 54.630   28   10 2454386.60847266 19.4 RE E  809
 21 27 24.5950 -15 16 54.644   28   10 2454386.61051531 19.4 RE E  809
 21 27 24.5905 -15 16 54.682   28   10 2454386.61257151 19.3 RE E  809
 21 27 24.5853 -15 16 54.696   28   10 2454386.61463987 19.4 RE E  809
 21 27 24.5683 -15 16 54.795   28   10 2454386.62222832 19.4 RE E  809
 21 27 24.5635 -15 16 54.835   28   10 2454386.62427260 19.4 RE E  809
 21 27 24.5590 -15 16 54.830   28   10 2454386.62634952 19.4 RE E  809
 21 27 24.5538 -15 16 54.872   28   10 2454386.62841788 19.4 RE E  809
 21 27 24.5483 -15 16 54.901   28   10 2454386.63038597 19.4 RE E  809
 21 46 24.0975 -13 45 45.870    6    6 2454621.91211441 19.4 RE E  809
 21 46 24.0927 -13 45 45.897    6    6 2454621.91658250 19.4 RE E  809
 21 46 24.0889 -13 45 45.932    6    6 2454621.92097949 19.4 RE E  809
 21 46 24.0851 -13 45 45.950    6    6 2454621.92544955 19.4 RE E  809
 21 46 24.0797 -13 45 45.973    6    6 2454621.92984458 19.4 RE E  809
 21 46 22.1539 -13 45 57.909    6   12 2454623.90197560 19.4 RE E  809
 21 46 22.1486 -13 45 57.917    6   12 2454623.90647043 19.4 RE E  809
 21 46 22.1427 -13 45 57.954    6   12 2454623.91095356 19.4 RE E  809
 21 46 22.1349 -13 45 57.981    6   12 2454623.91691570 19.4 RE E  809
 21 54 59.6581 -13 04 56.763   44   41 2454971.91773082 19.5 RE E  809
 21 54 59.6570 -13 04 56.639   44   41 2454971.91888314 19.5 RE E  809
 21 54 59.6647 -13 04 56.739   44   41 2454971.92004507 19.4 RE E  809
 21 54 59.6643 -13 04 56.641   44   41 2454971.92347137 19.4 RE E  809
 21 54 59.6675 -13 04 56.642   44   41 2454971.92578064 19.5 RE E  809
 21 54 59.6708 -13 04 56.645   44   41 2454971.92694095 19.4 RE E  809
 21 54 59.6710 -13 04 56.662   44   41 2454971.92966440 19.4 RE E  809
 21 54 59.6779 -13 04 56.651   44   41 2454971.93081788 19.5 RE E  809
 21 54 59.6810 -13 04 56.679   44   41 2454971.93196581 19.5 RE E  809
 21 54 59.6854 -13 04 56.582   44   41 2454971.93427231 19.3 RE E  809
 21 55 02.0353 -13 04 46.248   34   11 2454973.76546379 19.5 RE E  809
 21 55 02.0433 -13 04 46.227   34   11 2454973.76663197 19.5 RE E  809
 21 55 02.0403 -13 04 46.209   34   11 2454973.76779136 19.6 RE E  809
 21 55 02.0446 -13 04 46.208   34   11 2454973.76894426 19.3 RE E  809
 21 55 02.0406 -13 04 46.218   34   11 2454973.77006880 19.5 RE E  809
 21 55 02.0452 -13 04 46.218   34   11 2454973.77122946 19.4 RE E  809
 21 55 02.0500 -13 04 46.218   34   11 2454973.77239428 19.3 RE E  809
 21 55 02.0508 -13 04 46.187   34   11 2454973.77377140 19.5 RE E  809
 21 55 02.0511 -13 04 46.210   34   11 2454973.77492164 19.6 RE E  809
 21 55 02.0542 -13 04 46.180   34   11 2454973.77720811 19.6 RE E  809
 21 55 02.0532 -13 04 46.161   34   11 2454973.77836414 19.5 RE E  809
 21 55 02.0563 -13 04 46.176   34   11 2454973.77951368 19.5 RE E  809
 21 55 02.0552 -13 04 46.161   34   11 2454973.78067943 19.5 RE E  809
 21 55 03.1579 -13 04 41.559   20   21 2454974.76353377 19.3 RE E  809
 21 55 03.1594 -13 04 41.554   20   21 2454974.76928034 19.5 RE E  809
 21 55 03.1621 -13 04 41.530   20   21 2454974.77158510 19.5 RE E  809
 21 55 03.1636 -13 04 41.513   20   21 2454974.77274506 19.2 RE E  809
 21 55 03.1635 -13 04 41.565   20   21 2454974.77422115 19.5 RE E  809
 21 55 03.1658 -13 04 41.553   20   21 2454974.77538273 19.3 RE E  809
 21 55 03.1700 -13 04 41.565   20   21 2454974.77769641 19.4 RE E  809
 21 55 03.1711 -13 04 41.539   20   21 2454974.77884966 19.4 RE E  809
 21 55 03.1733 -13 04 41.501   20   21 2454974.78000997 19.3 RE E  809
 21 55 03.1720 -13 04 41.519   20   21 2454974.78116854 19.4 RE E  809
 21 55 03.1734 -13 04 41.503   20   21 2454974.78232723 19.3 RE E  809
 21 55 03.1743 -13 04 41.504   20   21 2454974.78348279 19.4 RE E  809
 21 55 03.1763 -13 04 41.501   20   21 2454974.78463778 19.4 RE E  809
 21 55 04.1087 -13 04 37.653   34   24 2454975.76499427 18.0 RE E  809
 21 55 04.1254 -13 04 37.551   34   24 2454975.77989715 18.9 RE E  809
 21 55 04.1282 -13 04 37.535   34   24 2454975.78656210 19.5 RE E  809
 21 55 04.1412 -13 04 37.477   34   24 2454975.80417822 19.4 RE E  809
 21 55 04.1441 -13 04 37.471   34   24 2454975.80530786 19.4 RE E  809
 21 55 04.1457 -13 04 37.522   34   24 2454975.80645544 19.0 RE E  809
 21 55 04.1467 -13 04 37.497   34   24 2454975.80757639 19.3 RE E  809
 21 55 04.1484 -13 04 37.508   34   24 2454975.80872188 17.7 RE E  809
 21 55 04.1444 -13 04 37.511   34   24 2454975.80984458 18.9 RE E  809
 21 55 04.1463 -13 04 37.463   34   24 2454975.81099228 19.0 RE E  809
 21 55 04.1494 -13 04 37.485   34   24 2454975.81330803 19.3 RE E  809
 21 55 04.1728 -13 04 37.319   34   24 2454975.84789451 19.0 RE E  809
 21 55 04.1848 -13 04 37.293   34   24 2454975.85788484 18.0 RE E  809
 21 55 04.1825 -13 04 37.318   34   24 2454975.85925360 19.4 RE E  809
