 19 07 56.7064 -23 10 30.287   35   17 2450256.57614583 18.1 C  PE 874
 19 07 56.6168 -23 10 30.506   35   17 2450256.57935185 17.8 C  PE 874
 19 07 56.1482 -23 10 31.647   35   17 2450256.59511574 17.8 C  PE 874
 19 07 56.0588 -23 10 31.864   35   17 2450256.59803241 17.7 C  PE 874
 18 50 49.6367 -23 44 45.951   56   22 2450290.63438831 16.3 un PE 874
 18 50 49.5858 -23 44 46.087   56   22 2450290.63620637 16.4 un PE 874
 18 50 49.5648 -23 44 46.103   56   22 2450290.63679572 17.6 un PE 874
 18 50 49.5560 -23 44 46.087   56   22 2450290.63740984 17.2 un PE 874
 18 50 49.5342 -23 44 46.130   56   22 2450290.63801123 16.4 un PE 874
 18 50 49.5138 -23 44 46.143   56   22 2450290.63861389 17.7 un PE 874
 18 50 49.4934 -23 44 46.185   56   22 2450290.63921458 18.1 un PE 874
 18 50 23.6050 -23 45 26.873   20   37 2450291.60477037 18.3 un PE 874
 18 50 23.5904 -23 45 26.906   20   37 2450291.60537234 18.3 un PE 874
 18 50 23.5704 -23 45 26.949   20   37 2450291.60597431 18.1 un PE 874
 18 50 23.5381 -23 45 27.053   20   37 2450291.60716632 18.3 un PE 874
 18 42 05.8901 -23 56 07.903   17   29 2450317.57435475 18.6 un PE 874
 18 42 05.8802 -23 56 07.889   17   29 2450317.57510949 18.7 un PE 874
 18 42 05.6591 -23 56 07.955   17   29 2450317.59525822 18.8 un PE 874
 18 42 05.6536 -23 56 08.011   17   29 2450317.59598796 18.8 un PE 874
 21 08 02.2146 -16 29 15.729   61   19 2450674.60453704 17.1 un PE 874
 21 08 02.1244 -16 29 16.187   61   19 2450674.60776620 17.1 un PE 874
 21 07 58.8166 -16 29 31.476   61   19 2450674.71699074 17.3 un PE 874
 21 07 58.7139 -16 29 31.931   61   19 2450674.72021991 17.2 un PE 874
 21 07 32.4680 -16 31 38.197   92   19 2450675.61828704 17.4 un PE 874
 21 07 32.3596 -16 31 38.664   92   19 2450675.62152778 17.2 un PE 874
 21 07 29.7117 -16 31 50.854   92   19 2450675.70939815 17.4 un PE 874
 21 07 29.6232 -16 31 51.261   92   19 2450675.71262731 17.4 un PE 874
 18 56 14.7819 -23 54 30.392   88   40 2454729.52290208 18.8 I  PE 874
 18 56 14.8240 -23 54 30.301   88   40 2454729.52687025 19.4 I  PE 874
 18 56 14.8711 -23 54 30.194   88   40 2454729.53084861 18.1 I  PE 874
 18 56 14.9504 -23 54 30.166   88   40 2454729.53579074 18.3 I  PE 874
 18 56 14.9942 -23 54 30.126   88   40 2454729.53976898 18.8 I  PE 874
 18 57 15.8568 -23 53 13.980   43   18 2454733.50266019 19.2 I  PE 874
 18 57 15.9089 -23 53 13.918   43   18 2454733.50607350 19.2 I  PE 874
 18 57 15.9601 -23 53 13.813   43   18 2454733.50948588 18.8 I  PE 874
 18 57 16.0166 -23 53 13.771   43   18 2454733.51289861 19.0 I  PE 874
 18 57 16.0735 -23 53 13.669   43   18 2454733.51631192 19.0 I  PE 874
