 09 24 58.3386 +16 33 50.973   37   31 2454208.58265625 16.7 U  Z  874
 09 24 58.3343 +16 33 50.952   37   31 2454208.59138831 16.6 U  Z  874
 09 24 58.3363 +16 33 50.941   37   31 2454208.59223866 16.6 U  Z  874
 09 24 58.3345 +16 33 50.994   37   31 2454208.59309942 16.6 U  Z  874
 09 24 58.3314 +16 33 50.959   37   31 2454208.59395197 16.6 U  Z  874
 09 24 58.3342 +16 33 50.939   37   31 2454208.59480278 16.6 U  Z  874
 09 24 58.3350 +16 33 51.010   37   31 2454208.59565347 16.6 U  Z  874
 09 24 58.3320 +16 33 50.939   37   31 2454208.59649398 16.6 U  Z  874
 09 24 58.3297 +16 33 51.009   37   31 2454208.59734433 16.7 U  Z  874
 09 24 58.3380 +16 33 50.954   37   31 2454208.59819491 16.6 U  Z  874
 09 24 58.3328 +16 33 50.941   37   31 2454208.59904514 16.6 U  Z  874
 09 24 58.3315 +16 33 50.938   37   31 2454208.60134132 16.6 U  Z  874
 09 24 58.3353 +16 33 50.958   37   31 2454208.60241238 16.6 U  Z  874
 09 24 58.3386 +16 33 50.888   37   31 2454208.60349375 16.6 U  Z  874
 09 24 58.3334 +16 33 50.964   37   31 2454208.60457535 16.6 U  Z  874
 09 24 58.3343 +16 33 50.927   37   31 2454208.60566910 16.6 U  Z  874
 09 24 58.3364 +16 33 50.895   37   31 2454208.60783229 16.6 U  Z  874
 09 24 58.3374 +16 33 50.891   37   31 2454208.60890405 16.7 U  Z  874
 09 24 58.3332 +16 33 50.965   37   31 2454208.60997569 16.6 U  Z  874
