 12 51 40.8161 -04 21 54.310   64   32 2453464.60203148 16.6 C  BC 874
 12 51 40.7803 -04 21 54.028   64   32 2453464.60325891 16.4 C  BC 874
 12 51 40.6484 -04 21 53.266   64   32 2453464.60694965 15.4 C  BC 874
 12 51 40.5983 -04 21 53.010   64   32 2453464.60818611 16.4 C  BC 874
 12 51 40.5532 -04 21 52.741   64   32 2453464.60942303 16.4 C  BC 874
 12 51 40.5177 -04 21 52.492   64   32 2453464.61066111 16.3 C  BC 874
 12 51 40.4727 -04 21 52.277   64   32 2453464.61189826 16.3 C  BC 874
 15 03 14.1355 -16 01 17.796   22   22 2453794.74704664 17.4 C  BC 874
 15 03 14.1409 -16 01 17.750   22   22 2453794.74813646 17.3 C  BC 874
 15 03 14.1385 -16 01 17.752   22   22 2453794.74921644 17.2 C  BC 874
 15 03 14.1427 -16 01 17.659   22   22 2453794.75029236 16.9 C  BC 874
 15 03 14.1398 -16 01 17.629   22   22 2453794.75137164 17.4 C  BC 874
 15 03 14.1421 -16 01 17.530   22   22 2453794.75464028 17.2 C  BC 874
 15 03 14.1430 -16 01 17.504   22   22 2453794.75571991 17.3 C  BC 874
 15 03 14.1467 -16 01 17.466   22   22 2453794.75679954 17.2 C  BC 874
 15 03 14.1463 -16 01 17.403   22   22 2453794.75787292 16.9 C  BC 874
 15 03 14.1464 -16 01 17.368   22   22 2453794.75895243 17.4 C  BC 874
 15 03 14.1457 -16 01 17.305   22   22 2453794.76004167 17.4 C  BC 874
 15 03 14.1481 -16 01 17.333   22   22 2453794.76113113 17.4 C  BC 874
 15 03 14.1492 -16 01 17.230   22   22 2453794.76222037 17.3 C  BC 874
 15 03 14.1521 -16 01 17.236   22   22 2453794.76330961 17.3 C  BC 874
 15 03 14.1498 -16 01 17.168   22   22 2453794.76438970 17.3 C  BC 874
 15 03 14.1502 -16 01 17.156   22   22 2453794.76546921 17.3 C  BC 874
 15 03 14.1531 -16 01 17.080   22   22 2453794.76765174 17.3 C  BC 874
 15 03 15.2038 -16 00 38.792   11   10 2453795.74559826 17.2 C  BC 874
 15 03 15.2051 -16 00 38.718   11   10 2453795.74702998 17.2 C  BC 874
 15 03 15.2048 -16 00 38.553   11   10 2453795.75098299 17.2 C  BC 874
 15 03 15.2037 -16 00 38.503   11   10 2453795.75240475 17.2 C  BC 874
 15 03 15.2042 -16 00 38.447   11   10 2453795.75382778 17.2 C  BC 874
 15 03 15.2043 -16 00 38.408   11   10 2453795.75525926 17.2 C  BC 874
 15 03 15.2058 -16 00 38.330   11   10 2453795.75667604 17.2 C  BC 874
 15 03 15.2050 -16 00 38.286   11   10 2453795.75810752 17.1 C  BC 874
 15 03 15.2057 -16 00 38.107   11   10 2453795.76237211 17.2 C  BC 874
 15 03 15.2058 -16 00 38.041   11   10 2453795.76380370 17.2 C  BC 874
 15 03 15.2046 -16 00 38.003   11   10 2453795.76522766 17.2 C  BC 874
 15 03 15.2064 -16 00 37.946   11   10 2453795.76666030 17.1 C  BC 874
 15 03 15.2056 -16 00 37.868   11   10 2453795.76808218 17.3 C  BC 874
 15 03 15.2064 -16 00 37.761   11   10 2453795.77092523 17.2 C  BC 874
 15 03 15.2064 -16 00 37.712   11   10 2453795.77234560 17.3 C  BC 874
 15 03 15.2066 -16 00 37.672   11   10 2453795.77377674 17.3 C  BC 874
 15 03 15.2559 -15 59 11.320   20   12 2453797.74673368 17.1 C  BC 874
 15 03 15.2508 -15 59 11.239   20   12 2453797.74815544 17.2 C  BC 874
 15 03 15.2521 -15 59 11.169   20   12 2453797.74958681 17.0 C  BC 874
 15 03 15.2511 -15 59 11.121   20   12 2453797.75101539 17.1 C  BC 874
 15 03 15.2479 -15 59 11.049   20   12 2453797.75244722 17.1 C  BC 874
 15 03 15.2434 -15 59 10.963   20   12 2453797.75386887 17.1 C  BC 874
 15 03 15.2463 -15 59 10.895   20   12 2453797.75529086 17.1 C  BC 874
 15 03 15.2424 -15 59 10.857   20   12 2453797.75671215 17.1 C  BC 874
 15 03 15.2389 -15 59 10.784   20   12 2453797.75813380 17.1 C  BC 874
 15 03 15.2378 -15 59 10.730   20   12 2453797.75956539 17.2 C  BC 874
 15 03 15.2371 -15 59 10.648   20   12 2453797.76099155 17.1 C  BC 874
 15 03 15.2318 -15 59 10.535   20   12 2453797.76384514 17.2 C  BC 874
 15 03 15.2285 -15 59 10.441   20   12 2453797.76526759 17.1 C  BC 874
 15 03 15.2293 -15 59 10.406   20   12 2453797.76668715 17.2 C  BC 874
 15 03 15.2253 -15 59 10.325   20   12 2453797.76811019 17.0 C  BC 874
 15 03 15.2240 -15 59 10.266   20   12 2453797.76954236 17.2 C  BC 874
 15 02 58.9545 -15 53 38.150    8   15 2453803.73087431 17.2 C  BC 874
 15 02 58.9399 -15 53 37.971    8   15 2453803.73345208 17.0 C  BC 874
 15 02 58.9230 -15 53 37.809    8   15 2453803.73640625 17.1 C  BC 874
 15 02 58.9080 -15 53 37.640    8   15 2453803.73922373 17.1 C  BC 874
 15 02 54.0135 -15 52 34.052   30   34 2453804.70536933 17.2 C  BC 874
 15 02 53.9938 -15 52 33.806   30   34 2453804.70894873 16.0 C  BC 874
 15 02 53.9867 -15 52 33.748   30   34 2453804.71014664 17.2 C  BC 874
 15 02 53.9829 -15 52 33.634   30   34 2453804.71133669 16.0 C  BC 874
 15 02 53.9713 -15 52 33.640   30   34 2453804.71252674 17.0 C  BC 874
 15 02 53.9651 -15 52 33.518   30   34 2453804.71372685 17.3 C  BC 874
 15 02 53.9566 -15 52 33.454   30   34 2453804.71492650 16.1 C  BC 874
 15 02 53.9517 -15 52 33.344   30   34 2453804.71611678 17.2 C  BC 874
 15 02 53.9392 -15 52 33.198   30   34 2453804.71850255 17.1 C  BC 874
 15 02 53.9249 -15 52 33.155   30   34 2453804.71969294 17.0 C  BC 874
 15 02 53.9212 -15 52 33.026   30   34 2453804.72088299 16.6 C  BC 874
 15 02 53.9056 -15 52 32.840   30   34 2453804.72327303 17.2 C  BC 874
 15 02 53.9005 -15 52 32.864   30   34 2453804.72446343 17.2 C  BC 874
 15 02 53.8818 -15 52 32.716   30   34 2453804.72684387 17.1 C  BC 874
 15 02 53.8729 -15 52 32.460   30   34 2453804.72924502 15.8 C  BC 874
 15 02 53.8638 -15 52 32.445   30   34 2453804.73043507 17.0 C  BC 874
 15 02 27.1870 -15 47 44.431   28   17 2453808.69527512 17.2 C  BC 874
 15 02 27.1546 -15 47 44.120   28   17 2453808.69941852 16.9 C  BC 874
 15 02 27.1151 -15 47 43.773   28   17 2453808.70384896 17.0 C  BC 874
 15 02 27.0896 -15 47 43.532   28   17 2453808.70696030 17.0 C  BC 874
 15 02 27.0722 -15 47 43.411   28   17 2453808.70846736 17.1 C  BC 874
 15 02 27.0665 -15 47 43.329   28   17 2453808.70965775 17.0 C  BC 874
 15 02 27.0568 -15 47 43.253   28   17 2453808.71084803 17.2 C  BC 874
 15 02 27.0325 -15 47 43.028   28   17 2453808.71323866 17.1 C  BC 874
 15 02 27.0243 -15 47 42.949   28   17 2453808.71443877 17.0 C  BC 874
 15 02 27.0113 -15 47 42.878   28   17 2453808.71562905 17.0 C  BC 874
 15 02 27.0028 -15 47 42.812   28   17 2453808.71681875 17.0 C  BC 874
 15 02 26.9949 -15 47 42.715   28   17 2453808.71800868 17.1 C  BC 874
 14 33 54.2012 -13 32 04.103   54   22 2453894.51511319 16.9 C  BC 874
 14 33 54.1696 -13 32 04.070   54   22 2453894.51703958 16.7 C  BC 874
 14 33 54.1583 -13 32 04.050   54   22 2453894.51800914 16.6 C  BC 874
 14 33 54.1152 -13 32 04.030   54   22 2453894.52091539 16.6 C  BC 874
 14 33 54.0984 -13 32 04.051   54   22 2453894.52188310 16.2 C  BC 874
 14 33 54.0862 -13 32 04.035   54   22 2453894.52285093 16.4 C  BC 874
 14 33 54.0750 -13 32 04.017   54   22 2453894.52381887 16.8 C  BC 874
 14 33 54.0648 -13 32 03.953   54   22 2453894.52428970 16.3 C  BC 874
 14 33 54.0472 -13 32 03.962   54   22 2453894.52525822 16.7 C  BC 874
 14 33 54.0254 -13 32 03.986   54   22 2453894.52720486 16.8 C  BC 874
 14 33 54.0110 -13 32 03.923   54   22 2453894.52817257 16.6 C  BC 874
 14 33 54.0017 -13 32 03.949   54   22 2453894.52913229 16.1 C  BC 874
 14 33 53.9851 -13 32 03.954   54   22 2453894.53010000 16.6 C  BC 874
 14 33 53.9546 -13 32 03.917   54   22 2453894.53203218 16.7 C  BC 874
 14 33 53.8960 -13 32 03.899   54   22 2453894.53561319 16.7 C  BC 874
 14 33 53.8842 -13 32 03.815   54   22 2453894.53657627 15.8 C  BC 874
 14 33 53.8536 -13 32 03.833   54   22 2453894.53849375 16.8 C  BC 874
 14 33 53.8446 -13 32 03.813   54   22 2453894.53945683 16.7 C  BC 874
 14 33 53.8286 -13 32 03.812   54   22 2453894.54041979 16.8 C  BC 874
 14 33 53.7771 -13 32 03.753   54   22 2453894.54331181 16.7 C  BC 874
 14 33 53.7708 -13 32 03.803   54   22 2453894.54427488 16.6 C  BC 874
 14 33 53.7421 -13 32 03.722   54   22 2453894.54620127 16.5 C  BC 874
 14 33 53.6954 -13 32 03.691   54   22 2453894.54909352 16.8 C  BC 874
 14 33 53.6627 -13 32 03.698   54   22 2453894.55100961 16.7 C  BC 874
 14 33 53.6535 -13 32 03.681   54   22 2453894.55197257 16.5 C  BC 874
 14 30 19.3429 -13 42 24.398   14   30 2453920.53311863 17.2 C  BC 874
 14 30 19.3389 -13 42 24.456   14   30 2453920.53465590 17.2 C  BC 874
 14 30 19.3348 -13 42 24.530   14   30 2453920.53619329 17.2 C  BC 874
 14 30 19.3321 -13 42 24.620   14   30 2453920.53773090 17.1 C  BC 874
 14 30 19.3295 -13 42 24.692   14   30 2453920.53926817 17.2 C  BC 874
 14 30 19.3245 -13 42 24.786   14   30 2453920.54081551 17.1 C  BC 874
 14 30 19.3222 -13 42 24.879   14   30 2453920.54235336 17.2 C  BC 874
 14 30 19.3177 -13 42 24.951   14   30 2453920.54389074 17.2 C  BC 874
 14 30 19.3088 -13 42 25.138   14   30 2453920.54696551 17.3 C  BC 874
 14 30 19.3060 -13 42 25.199   14   30 2453920.54851285 17.2 C  BC 874
 14 30 19.3027 -13 42 25.292   14   30 2453920.55006019 17.2 C  BC 874
 14 30 19.2983 -13 42 25.388   14   30 2453920.55160775 17.2 C  BC 874
 14 30 19.2956 -13 42 25.488   14   30 2453920.55314514 17.2 C  BC 874
 14 30 19.2907 -13 42 25.540   14   30 2453920.55469248 17.2 C  BC 874
 14 30 19.2892 -13 42 25.643   14   30 2453920.55622998 17.2 C  BC 874
 14 30 19.2843 -13 42 25.753   14   30 2453920.55776725 17.2 C  BC 874
 14 30 19.2811 -13 42 25.837   14   30 2453920.55930451 17.2 C  BC 874
 14 30 19.2780 -13 42 25.930   14   30 2453920.56085174 17.1 C  BC 874
 14 30 19.2609 -13 42 26.308   14   30 2453920.56814711 17.1 C  BC 874
 14 30 19.2579 -13 42 26.388   14   30 2453920.56968449 17.0 C  BC 874
 14 30 19.2522 -13 42 26.532   14   30 2453920.57276910 17.1 C  BC 874
 14 30 19.2415 -13 42 26.753   14   30 2453920.57738125 17.1 C  BC 874
 14 30 19.2372 -13 42 26.846   14   30 2453920.57892847 17.1 C  BC 874
 14 30 19.2346 -13 42 26.877   14   30 2453920.58046586 17.0 C  BC 874
 14 44 21.3289 -15 23 19.908   34   20 2453978.43073056 17.4 C  BC 874
 14 44 21.3986 -15 23 20.271   34   20 2453978.43316319 17.5 C  BC 874
 14 44 21.4445 -15 23 20.506   34   20 2453978.43459502 17.4 C  BC 874
 14 44 21.5277 -15 23 20.916   34   20 2453978.43743831 17.5 C  BC 874
 14 44 21.5693 -15 23 21.128   34   20 2453978.43885995 17.4 C  BC 874
 14 44 21.6603 -15 23 21.545   34   20 2453978.44172384 17.6 C  BC 874
 14 44 21.6985 -15 23 21.713   34   20 2453978.44314560 17.3 C  BC 874
 14 44 21.7383 -15 23 21.973   34   20 2453978.44456725 17.3 C  BC 874
 14 44 21.7829 -15 23 22.157   34   20 2453978.44598935 17.5 C  BC 874
 14 44 21.9579 -15 23 23.019   34   20 2453978.45169583 17.4 C  BC 874
 14 44 52.3591 -15 25 49.547   22   13 2453979.44100313 17.6 C  BC 874
 14 44 52.4063 -15 25 49.803   22   13 2453979.44254109 17.5 C  BC 874
 14 44 52.4566 -15 25 50.032   22   13 2453979.44408831 17.7 C  BC 874
 14 44 52.5508 -15 25 50.473   22   13 2453979.44716308 17.7 C  BC 874
 14 44 52.6446 -15 25 50.904   22   13 2453979.45023808 17.7 C  BC 874
 14 44 52.6931 -15 25 51.142   22   13 2453979.45178530 17.2 C  BC 874
 14 44 52.7402 -15 25 51.384   22   13 2453979.45333264 17.6 C  BC 874
 14 44 52.7851 -15 25 51.607   22   13 2453979.45487002 17.6 C  BC 874
 14 44 52.8325 -15 25 51.837   22   13 2453979.45640752 17.5 C  BC 874
 14 44 52.8789 -15 25 52.071   22   13 2453979.45794491 17.8 C  BC 874
 14 44 52.9256 -15 25 52.291   22   13 2453979.45949213 17.4 C  BC 874
 17 17 42.3919 -22 45 26.849   18   23 2454208.67818241 17.7 U  BC 874
 17 17 42.3839 -22 45 26.906   18   23 2454208.67891655 17.7 U  BC 874
 17 17 42.3778 -22 45 26.924   18   23 2454208.67964225 17.7 U  BC 874
 17 17 42.3746 -22 45 26.913   18   23 2454208.68037662 17.7 U  BC 874
 17 17 42.3675 -22 45 26.988   18   23 2454208.68112176 17.7 U  BC 874
 17 17 42.3580 -22 45 27.000   18   23 2454208.68185683 17.7 U  BC 874
 17 17 42.3541 -22 45 26.984   18   23 2454208.68258194 17.7 U  BC 874
 17 17 42.3466 -22 45 27.000   18   23 2454208.68331667 17.7 U  BC 874
 17 17 42.3408 -22 45 27.047   18   23 2454208.68406146 17.7 U  BC 874
 17 17 42.3336 -22 45 27.017   18   23 2454208.68479711 17.7 U  BC 874
 16 31 16.1493 -21 14 36.254   53   23 2454334.54048322 17.7 C  BC 874
 16 31 16.1583 -21 14 36.285   53   23 2454334.54155579 17.7 C  BC 874
 16 31 16.1807 -21 14 36.318   53   23 2454334.54371273 17.7 C  BC 874
 16 31 16.1853 -21 14 36.334   53   23 2454334.54478495 17.2 C  BC 874
 16 31 16.2036 -21 14 36.315   53   23 2454334.54586389 17.7 C  BC 874
 16 31 16.2121 -21 14 36.276   53   23 2454334.54694248 17.7 C  BC 874
 16 31 16.2218 -21 14 36.333   53   23 2454334.54802095 17.8 C  BC 874
 16 31 16.2445 -21 14 36.281   53   23 2454334.55016852 17.6 C  BC 874
 16 31 16.2585 -21 14 36.284   53   23 2454334.55124711 17.8 C  BC 874
 16 31 16.2617 -21 14 36.324   53   23 2454334.55232581 17.4 C  BC 874
 16 31 16.2823 -21 14 36.332   53   23 2454334.55339468 17.1 C  BC 874
 16 31 16.3039 -21 14 36.310   53   23 2454334.55663067 17.8 C  BC 874
 16 31 16.3250 -21 14 36.293   53   23 2454334.55770926 17.1 C  BC 874
 16 31 16.3259 -21 14 36.311   53   23 2454334.55878924 17.0 C  BC 874
 16 31 16.3485 -21 14 36.312   53   23 2454334.55987245 17.6 C  BC 874
 16 31 16.3549 -21 14 36.323   53   23 2454334.56096516 17.5 C  BC 874
 16 31 26.6847 -21 14 42.011   60   22 2454335.49991748 16.2 C  BC 874
 16 31 26.7630 -21 14 42.071   60   22 2454335.50750891 17.9 C  BC 874
 16 31 26.8061 -21 14 42.098   60   22 2454335.51075394 17.5 C  BC 874
 16 31 26.8315 -21 14 42.127   60   22 2454335.51400023 17.9 C  BC 874
 16 31 38.5444 -21 14 50.038   22   36 2454336.50675556 17.7 C  BC 874
 16 31 38.5680 -21 14 50.054   22   36 2454336.50892095 17.7 C  BC 874
 16 31 38.5828 -21 14 50.100   22   36 2454336.50999410 17.7 C  BC 874
 16 31 38.5967 -21 14 50.023   22   36 2454336.51107743 17.7 C  BC 874
 16 31 38.6177 -21 14 50.109   22   36 2454336.51323079 17.6 C  BC 874
 16 31 38.6452 -21 14 50.093   22   36 2454336.51539456 17.8 C  BC 874
 16 31 38.6831 -21 14 50.174   22   36 2454336.51862951 17.7 C  BC 874
 16 31 38.6986 -21 14 50.165   22   36 2454336.51970914 17.8 C  BC 874
 16 31 38.7072 -21 14 50.095   22   36 2454336.52078854 17.7 C  BC 874
 16 31 38.7209 -21 14 50.149   22   36 2454336.52186713 17.7 C  BC 874
 16 31 38.7317 -21 14 50.098   22   36 2454336.52294630 15.9 C  BC 874
 16 31 51.0574 -21 15 00.020   19    7 2454337.49888518 17.5 C  BC 874
 16 31 51.1497 -21 15 00.088   19    7 2454337.50642361 17.5 C  BC 874
 16 31 51.1662 -21 15 00.096   19    7 2454337.50750220 17.6 C  BC 874
 16 31 51.1778 -21 15 00.113   19    7 2454337.50858102 17.5 C  BC 874
 16 31 51.1929 -21 15 00.125   19    7 2454337.50965486 17.5 C  BC 874
 16 31 51.2054 -21 15 00.144   19    7 2454337.51073368 17.6 C  BC 874
 16 31 51.2175 -21 15 00.150   19    7 2454337.51180266 17.5 C  BC 874
 16 31 51.2424 -21 15 00.153   19    7 2454337.51396007 17.5 C  BC 874
 16 31 51.2595 -21 15 00.170   19    7 2454337.51503924 17.6 C  BC 874
 16 31 51.2980 -21 15 00.196   19    7 2454337.51827546 17.5 C  BC 874
 19 33 50.0320 -21 41 40.908   33   29 2454574.75515509 17.8 I  BC 874
 19 33 50.0602 -21 41 40.769   33   29 2454574.75796562 17.6 I  BC 874
 19 33 50.1340 -21 41 40.495   33   29 2454574.76359664 17.5 I  BC 874
 19 33 50.1649 -21 41 40.313   33   29 2454574.76641713 18.0 I  BC 874
 19 33 50.2006 -21 41 40.136   33   29 2454574.76922766 17.7 I  BC 874
 19 33 50.2306 -21 41 39.966   33   29 2454574.77203819 17.7 I  BC 874
 19 33 50.2675 -21 41 39.892   33   29 2454574.77485208 17.5 I  BC 874
 19 32 03.6641 -21 28 43.556   85   20 2454612.77008796 17.4 I  BC 874
 19 32 03.6099 -21 28 43.571   85   20 2454612.77359028 15.7 I  BC 874
 19 32 03.5473 -21 28 43.652   85   20 2454612.77644132 17.3 I  BC 874
 19 32 03.4962 -21 28 43.679   85   20 2454612.77929965 17.4 I  BC 874
 19 32 03.4478 -21 28 43.731   85   20 2454612.78216667 17.4 I  BC 874
 19 32 03.4036 -21 28 43.775   85   20 2454612.78359514 17.5 I  BC 874
 19 32 03.3844 -21 28 43.791   85   20 2454612.78502373 17.3 I  BC 874
 19 32 03.3352 -21 28 43.858   85   20 2454612.78788137 17.5 I  BC 874
 19 32 03.2839 -21 28 43.912   85   20 2454612.79072870 16.1 I  BC 874
 19 32 03.2459 -21 28 43.943   85   20 2454612.79215822 17.3 I  BC 874
 18 58 00.5190 -23 28 03.618   41   34 2454729.47887488 18.0 I  BC 874
 18 58 00.5321 -23 28 03.650   41   34 2454729.47983079 18.0 I  BC 874
 18 58 00.5395 -23 28 03.622   41   34 2454729.48080127 18.0 I  BC 874
 18 58 00.5850 -23 28 03.647   41   34 2454729.48405139 18.2 I  BC 874
 18 58 00.5988 -23 28 03.611   41   34 2454729.48524676 17.9 I  BC 874
 18 58 00.6299 -23 28 03.610   41   34 2454729.48764502 18.1 I  BC 874
 18 58 00.6437 -23 28 03.653   41   34 2454729.48884248 18.0 I  BC 874
 18 58 00.7184 -23 28 03.725   41   34 2454729.49541725 17.9 I  BC 874
 18 58 00.7378 -23 28 03.694   41   34 2454729.49661574 17.9 I  BC 874
 18 58 00.7594 -23 28 03.773   41   34 2454729.49831227 16.6 I  BC 874
 18 58 00.7670 -23 28 03.750   41   34 2454729.49950961 17.9 I  BC 874
 18 58 00.7830 -23 28 03.803   41   34 2454729.50071539 17.8 I  BC 874
 18 58 00.7949 -23 28 03.845   41   34 2454729.50190255 17.8 I  BC 874
 18 58 00.8112 -23 28 03.810   41   34 2454729.50310012 17.9 I  BC 874
 18 58 00.8403 -23 28 03.881   41   34 2454729.50550509 17.4 I  BC 874
 18 58 00.8630 -23 28 03.856   41   34 2454729.50669502 17.3 I  BC 874
 18 58 00.8708 -23 28 03.890   41   34 2454729.50789259 18.1 I  BC 874
 18 58 00.8877 -23 28 03.895   41   34 2454729.50909537 18.1 I  BC 874
 18 58 00.9809 -23 28 03.934   41   34 2454729.51679884 18.0 I  BC 874
 18 58 01.0013 -23 28 03.950   41   34 2454729.51857465 18.0 I  BC 874
 18 58 01.0262 -23 28 03.953   41   34 2454729.52035081 17.8 I  BC 874
 18 58 01.0410 -23 28 03.950   41   34 2454729.52212685 17.8 I  BC 874
 18 58 01.0623 -23 28 04.012   41   34 2454729.52389259 18.0 I  BC 874
 18 58 01.0883 -23 28 03.937   41   34 2454729.52567014 18.1 I  BC 874
 18 58 01.1566 -23 28 04.000   41   34 2454729.53100197 18.1 I  BC 874
 18 58 01.7987 -23 28 04.406   41   34 2454729.58334537 16.1 I  BC 874
 18 58 01.8139 -23 28 04.465   41   34 2454729.58512245 17.0 I  BC 874
 21 55 58.7844 -14 12 24.911   14   15 2455030.81335799 16.7 C  BC 874
 21 55 58.7596 -14 12 25.012   14   15 2455030.81455544 16.8 C  BC 874
 21 55 58.7351 -14 12 25.156   14   15 2455030.81575266 16.8 C  BC 874
 21 55 58.6876 -14 12 25.428   14   15 2455030.81814792 16.8 C  BC 874
 21 55 58.6392 -14 12 25.651   14   15 2455030.82054132 16.7 C  BC 874
 21 55 58.6168 -14 12 25.783   14   15 2455030.82172893 16.9 C  BC 874
 21 55 58.5938 -14 12 25.892   14   15 2455030.82292581 16.8 C  BC 874
 21 55 58.5668 -14 12 26.053   14   15 2455030.82412245 16.7 C  BC 874
 00 14 38.5168 +00 28 24.334   14   16 2455383.82543981 16.6 C  BC 874
 00 14 38.5259 +00 28 24.369   14   16 2455383.82659722 16.7 C  BC 874
 00 14 38.5305 +00 28 24.450   14   16 2455383.82719907 16.7 C  BC 874
 00 14 38.5360 +00 28 24.491   14   16 2455383.82780093 16.7 C  BC 874
 00 14 38.5413 +00 28 24.530   14   16 2455383.82840278 16.7 C  BC 874
 00 14 38.5532 +00 28 24.637   14   16 2455383.83020833 16.7 C  BC 874
 00 14 38.5600 +00 28 24.720   14   16 2455383.83081019 16.7 C  BC 874
 00 14 38.5692 +00 28 24.769   14   16 2455383.83202546 16.6 C  BC 874
 00 14 38.5756 +00 28 24.829   14   16 2455383.83262731 16.6 C  BC 874
 00 14 38.5809 +00 28 24.853   14   16 2455383.83322917 16.7 C  BC 874
 00 14 38.5836 +00 28 24.922   14   16 2455383.83383102 16.6 C  BC 874
 00 14 38.5881 +00 28 24.954   14   16 2455383.83443287 16.6 C  BC 874
 00 14 38.5979 +00 28 25.061   14   16 2455383.83564815 16.5 C  BC 874
 00 14 38.6102 +00 28 25.137   14   16 2455383.83685185 16.5 C  BC 874
 00 14 38.6130 +00 28 25.152   14   16 2455383.83745370 16.5 C  BC 874
 00 14 47.0216 +00 29 32.988   32   47 2455384.83496528 16.4 C  BC 874
 00 14 47.0329 +00 29 32.980   32   47 2455384.83605324 17.0 C  BC 874
 00 14 47.0333 +00 29 33.008   32   47 2455384.83665509 16.9 C  BC 874
 00 14 47.0359 +00 29 33.144   32   47 2455384.83724537 16.9 C  BC 874
 00 14 47.0421 +00 29 33.215   32   47 2455384.83784722 17.0 C  BC 874
 00 14 47.0442 +00 29 33.223   32   47 2455384.83844907 16.9 C  BC 874
 00 14 47.0596 +00 29 33.311   32   47 2455384.84025463 17.0 C  BC 874
 00 14 47.0668 +00 29 33.310   32   47 2455384.84085648 17.1 C  BC 874
 06 52 14.7958 +23 34 23.715   58   40 2456698.54518453 16.2 I  BC 874
 06 52 14.7499 +23 34 23.830   58   40 2456698.54755707 17.1 I  BC 874
 06 52 14.7011 +23 34 23.853   58   40 2456698.54992925 16.4 I  BC 874
 06 52 14.6512 +23 34 23.977   58   40 2456698.55230161 17.4 I  BC 874
 06 52 14.6066 +23 34 24.011   58   40 2456698.55467398 17.0 I  BC 874
 06 52 14.5621 +23 34 24.145   58   40 2456698.55704634 16.7 I  BC 874
 06 52 14.5246 +23 34 24.243   58   40 2456698.55941870 17.0 I  BC 874
 06 52 14.4772 +23 34 24.295   58   40 2456698.56179125 16.3 I  BC 874
 06 52 14.4290 +23 34 24.374   58   40 2456698.56416380 17.5 I  BC 874
 06 52 14.3902 +23 34 24.528   58   40 2456698.56653597 17.0 I  BC 874
