 13 00 44.3435 -04 37 55.410   10   14 2453463.58189456 17.5 C  BC 874
 13 00 44.2126 -04 37 54.670   10   14 2453463.58660845 17.5 C  BC 874
 13 00 44.0999 -04 37 54.051   10   14 2453463.59073854 17.5 C  BC 874
 13 00 16.1674 -04 35 16.091   15    9 2453464.63098611 17.6 C  BC 874
 13 00 16.1065 -04 35 15.763   15    9 2453464.63319433 17.7 C  BC 874
 13 00 16.0646 -04 35 15.528   15    9 2453464.63477836 17.8 C  BC 874
 13 00 16.0179 -04 35 15.277   15    9 2453464.63637315 17.8 C  BC 874
 13 00 15.9769 -04 35 15.029   15    9 2453464.63795718 17.9 C  BC 874
 13 00 15.9322 -04 35 14.789   15    9 2453464.63954201 17.8 C  BC 874
 13 00 15.8445 -04 35 14.331   15    9 2453464.64271273 17.7 C  BC 874
 13 00 15.8008 -04 35 14.076   15    9 2453464.64429676 17.8 C  BC 874
 13 00 15.7577 -04 35 13.819   15    9 2453464.64588264 17.9 C  BC 874
 18 55 08.7977 -22 56 19.602   25   34 2454690.53993079 17.7 I  BC 874
 18 55 08.7548 -22 56 19.651   25   34 2454690.54278414 17.8 I  BC 874
 18 55 08.7262 -22 56 19.601   25   34 2454690.54421609 17.7 I  BC 874
 18 55 08.6549 -22 56 19.756   25   34 2454690.54849109 17.6 I  BC 874
 18 55 08.5094 -22 56 19.833   25   34 2454690.55721007 17.7 I  BC 874
 18 55 08.4852 -22 56 19.850   25   34 2454690.55863229 17.9 I  BC 874
 21 44 38.8650 -15 06 07.936   57   24 2455032.82666968 17.7 C  BC 874
 21 44 38.8099 -15 06 08.203   57   24 2455032.82844641 17.7 C  BC 874
 21 44 38.7716 -15 06 08.513   57   24 2455032.83021296 17.6 C  BC 874
 21 44 38.7211 -15 06 08.812   57   24 2455032.83199028 17.7 C  BC 874
