 02 10 44.4602 +10 30 15.309   21   25 2451037.52920475 16.7 R  OH 511
 02 10 44.4672 +10 30 15.300   21   25 2451037.53224236 16.3 R  OH 511
 02 10 44.4772 +10 30 15.272   21   25 2451037.53528646 16.3 R  OH 511
 02 10 44.4867 +10 30 15.266   21   25 2451037.53832199 16.7 R  OH 511
 02 10 44.5141 +10 30 15.267   21   25 2451037.54743692 16.6 R  OH 511
 02 10 44.5240 +10 30 15.316   21   25 2451037.55047535 16.6 R  OH 511
 02 10 44.5292 +10 30 15.339   21   25 2451037.55350984 16.4 R  OH 511
 02 10 44.5372 +10 30 15.329   21   25 2451037.55654456 16.6 R  OH 511
 02 10 51.8586 +10 30 06.744   21   36 2451040.52335799 16.7 R  OH 511
 02 10 51.8678 +10 30 06.739   21   36 2451040.53020752 16.6 R  OH 511
 02 10 51.8766 +10 30 06.728   21   36 2451040.53496065 16.7 R  OH 511
 02 10 51.8813 +10 30 06.658   21   36 2451040.53800405 16.7 R  OH 511
 02 10 51.8850 +10 30 06.695   21   36 2451040.54104120 16.6 R  OH 511
 02 10 51.8926 +10 30 06.627   21   36 2451040.54408137 16.6 R  OH 511
 02 10 51.8993 +10 30 06.566   21   36 2451040.55015752 16.7 R  OH 511
 02 10 51.9084 +10 30 06.569   21   36 2451040.55319375 16.7 R  OH 511
 02 10 51.9095 +10 30 06.498   21   36 2451040.55623044 16.7 R  OH 511
 02 10 51.9315 +10 30 06.523   21   36 2451040.56922639 16.6 R  OH 511
 02 10 53.5756 +10 29 59.085   16   34 2451041.58741146 16.6 R  OH 511
 02 10 53.5851 +10 29 59.046   16   34 2451041.59294850 16.6 R  OH 511
 02 10 53.5941 +10 29 59.065   16   34 2451041.60275301 16.8 R  OH 511
 02 10 53.5981 +10 29 58.951   16   34 2451041.60601748 16.6 R  OH 511
 02 10 53.6031 +10 29 58.967   16   34 2451041.60929282 16.6 R  OH 511
 02 10 53.6069 +10 29 58.912   16   34 2451041.61255405 16.6 R  OH 511
 02 10 53.6148 +10 29 58.844   16   34 2451041.61908241 16.6 R  OH 511
 02 10 53.6173 +10 29 58.845   16   34 2451041.62235197 16.6 R  OH 511
 02 10 53.6226 +10 29 58.827   16   34 2451041.62727905 16.6 R  OH 511
 02 10 54.7833 +10 29 49.693    5   22 2451042.58378079 16.5 R  OH 511
 02 10 54.7876 +10 29 49.659    5   22 2451042.59001690 16.4 R  OH 511
 02 10 54.7928 +10 29 49.583    5   22 2451042.59781181 16.5 R  OH 511
 02 10 54.7950 +10 29 49.572    5   22 2451042.60015093 16.4 R  OH 511
 02 10 54.7969 +10 29 49.551    5   22 2451042.60249583 16.5 R  OH 511
 02 10 54.7977 +10 29 49.522    5   22 2451042.60484155 16.5 R  OH 511
 02 10 54.7998 +10 29 49.509    5   22 2451042.60718947 16.5 R  OH 511
 02 10 54.8018 +10 29 49.506    5   22 2451042.60952836 16.5 R  OH 511
 02 10 55.9140 +10 29 23.859   27   15 2451044.61656898 16.6 R  OH 511
 02 10 55.9141 +10 29 23.836   27   15 2451044.62048067 16.5 R  OH 511
 02 10 55.9156 +10 29 23.714   27   15 2451044.62770984 16.5 R  OH 511
 02 10 55.9171 +10 29 23.648   27   15 2451044.63075116 16.5 R  OH 511
 02 10 55.9167 +10 29 23.612   27   15 2451044.63379144 16.5 R  OH 511
 02 10 55.9130 +10 29 23.554   27   15 2451044.63739352 16.5 R  OH 511
 02 10 55.9151 +10 29 23.544   27   15 2451044.63973750 16.5 R  OH 511
 02 10 55.9140 +10 29 23.491   27   15 2451044.64207488 16.5 R  OH 511
 02 10 55.9129 +10 29 23.431   27   15 2451044.64441944 16.5 R  OH 511
 02 10 55.9117 +10 29 23.418   27   15 2451044.64676111 16.5 R  OH 511
 02 10 55.8440 +10 29 07.533   18   14 2451045.63844583 16.5 R  OH 511
 02 10 55.8412 +10 29 07.406   18   14 2451045.64453252 16.5 R  OH 511
 02 10 55.8391 +10 29 07.359   18   14 2451045.64758843 16.6 R  OH 511
 02 10 55.8397 +10 29 07.287   18   14 2451045.65062373 16.6 R  OH 511
 02 10 55.8349 +10 29 07.269   18   14 2451045.65366736 16.5 R  OH 511
 02 10 55.8327 +10 29 07.222   18   14 2451045.65670451 16.5 R  OH 511
 02 10 55.8333 +10 29 07.162   18   14 2451045.65973958 16.5 R  OH 511
 02 09 52.5972 +10 19 23.076   12   22 2451062.57259630 16.5 R  OH 511
 02 09 52.5420 +10 19 22.658   12   22 2451062.58012986 16.5 R  OH 511
 02 09 52.5094 +10 19 22.473   12   22 2451062.58456296 16.5 R  OH 511
 02 09 52.4765 +10 19 22.220   12   22 2451062.58899537 16.5 R  OH 511
 02 09 52.4455 +10 19 21.990   12   22 2451062.59344016 16.5 R  OH 511
 02 09 52.4107 +10 19 21.733   12   22 2451062.59787431 16.5 R  OH 511
 02 09 29.3491 +10 16 39.273   48   34 2451065.60899063 16.3 R  OH 511
 02 09 29.3189 +10 16 39.067   48   34 2451065.61254410 16.3 R  OH 511
 02 09 29.2908 +10 16 38.852   48   34 2451065.61607523 16.4 R  OH 511
 02 09 29.2546 +10 16 38.631   48   34 2451065.61971609 16.4 R  OH 511
 02 09 29.2186 +10 16 38.502   48   34 2451065.62354282 16.4 R  OH 511
 02 09 20.9131 +10 15 41.417   22   10 2451066.61285972 16.2 R  OH 511
 02 09 20.8633 +10 15 41.064   22   10 2451066.61857812 16.3 R  OH 511
 02 09 20.8327 +10 15 40.868   22   10 2451066.62207222 16.5 R  OH 511
 02 09 20.7980 +10 15 40.673   22   10 2451066.62557535 16.3 R  OH 511
 02 09 20.7676 +10 15 40.475   22   10 2451066.62907407 16.1 R  OH 511
 01 46 10.8176 +08 11 30.630   36   22 2451163.38201481 16.6 R  OH 511
 01 46 10.7708 +08 11 30.507   36   22 2451163.38812998 16.8 R  OH 511
 01 46 10.7325 +08 11 30.374   36   22 2451163.39352095 16.8 R  OH 511
 01 46 10.7119 +08 11 30.332   36   22 2451163.39655775 16.8 R  OH 511
 01 46 10.6898 +08 11 30.253   36   22 2451163.39959595 16.8 R  OH 511
 01 46 10.6696 +08 11 30.204   36   22 2451163.40263935 16.8 R  OH 511
 01 46 10.6485 +08 11 30.112   36   22 2451163.40568183 16.8 R  OH 511
 01 46 10.6307 +08 11 30.088   36   22 2451163.40871296 16.5 R  OH 511
 01 46 10.6100 +08 11 29.992   36   22 2451163.41175694 16.6 R  OH 511
 01 46 10.5905 +08 11 29.949   36   22 2451163.41479606 16.5 R  OH 511
 01 46 10.5702 +08 11 29.897   36   22 2451163.41783264 16.8 R  OH 511
 01 46 10.5437 +08 11 29.782   36   22 2451163.42087778 16.7 R  OH 511
 01 46 04.5306 +08 11 10.197   47   16 2451164.35579294 16.7 R  OH 511
 01 46 04.4988 +08 11 10.070   47   16 2451164.35991551 16.4 R  OH 511
 01 46 04.4752 +08 11 10.024   47   16 2451164.36317789 16.4 R  OH 511
 01 46 04.4616 +08 11 09.973   47   16 2451164.36644537 16.7 R  OH 511
 01 46 04.4335 +08 11 09.881   47   16 2451164.36971019 16.8 R  OH 511
 01 46 04.4127 +08 11 09.817   47   16 2451164.37298368 16.7 R  OH 511
 01 46 04.3895 +08 11 09.755   47   16 2451164.37625266 16.4 R  OH 511
 01 45 58.3503 +08 10 51.217   21   30 2451165.37059722 16.4 R  OH 511
 01 45 58.3179 +08 10 51.115   21   30 2451165.37550567 16.3 R  OH 511
 01 45 58.3094 +08 10 51.109   21   30 2451165.37715023 16.4 R  OH 511
 01 45 58.2913 +08 10 51.042   21   30 2451165.38044595 16.4 R  OH 511
 01 45 58.2677 +08 10 50.932   21   30 2451165.38374850 16.4 R  OH 511
 01 45 58.2569 +08 10 50.912   21   30 2451165.38539815 16.4 R  OH 511
 01 45 58.2503 +08 10 50.903   21   30 2451165.38704514 16.5 R  OH 511
 01 45 58.2381 +08 10 50.830   21   30 2451165.38868600 16.3 R  OH 511
 01 45 58.2287 +08 10 50.798   21   30 2451165.39034120 16.4 R  OH 511
 02 55 20.0766 +13 58 57.638   12   24 2451460.65478831 16.1 R  OH 511
 02 55 20.0088 +13 58 57.305   12   24 2451460.65966458 16.3 R  OH 511
 02 55 19.9298 +13 58 56.980   12   24 2451460.66518970 16.2 R  OH 511
 02 55 19.8698 +13 58 56.693   12   24 2451460.66956910 16.1 R  OH 511
 02 55 19.8207 +13 58 56.469   12   24 2451460.67315440 16.2 R  OH 511
 02 55 19.7748 +13 58 56.267   12   24 2451460.67649606 16.2 R  OH 511
 02 55 19.7294 +13 58 56.067   12   24 2451460.67975463 16.2 R  OH 511
 02 54 52.2193 +13 56 46.841   13    9 2451462.65798264 16.1 R  OH 511
 02 54 52.1630 +13 56 46.581   13    9 2451462.66180891 16.1 R  OH 511
 02 54 52.0771 +13 56 46.189   13    9 2451462.66776574 16.2 R  OH 511
 02 54 52.0340 +13 56 45.991   13    9 2451462.67071875 16.1 R  OH 511
 02 54 52.0021 +13 56 45.837   13    9 2451462.67308588 16.1 R  OH 511
 02 54 51.9652 +13 56 45.685   13    9 2451462.67550648 16.1 R  OH 511
 02 54 51.9310 +13 56 45.519   13    9 2451462.67796400 16.1 R  OH 511
 02 54 51.8596 +13 56 45.201   13    9 2451462.68281644 16.2 R  OH 511
 02 54 10.8403 +13 53 34.845   38   25 2451465.51455023 15.1 R  OH 511
 02 54 10.7931 +13 53 34.609   38   25 2451465.51782072 16.3 R  OH 511
 02 54 10.7293 +13 53 34.269   38   25 2451465.52207106 16.2 R  OH 511
 02 54 10.6779 +13 53 34.067   38   25 2451465.52562558 16.2 R  OH 511
 02 54 10.6327 +13 53 33.870   38   25 2451465.52867431 16.1 R  OH 511
 02 46 21.0059 +13 19 26.744   32   37 2451493.55577662 16.0 R  OH 511
 02 46 20.9792 +13 19 26.695   32   37 2451493.55696262 16.0 R  OH 511
 02 46 20.9626 +13 19 26.549   32   37 2451493.55814352 15.9 R  OH 511
 02 46 20.9414 +13 19 26.550   32   37 2451493.55932477 15.8 R  OH 511
 02 46 20.9191 +13 19 26.383   32   37 2451493.56050729 15.9 R  OH 511
 03 39 32.8220 +17 06 16.209   12    8 2451873.39471875 16.0 R  OH 511
 03 39 32.7768 +17 06 16.054   12    8 2451873.39683646 15.9 R  OH 511
 03 39 32.7306 +17 06 15.916   12    8 2451873.39894618 16.0 R  OH 511
 03 39 32.6867 +17 06 15.785   12    8 2451873.40105995 15.9 R  OH 511
 03 39 32.6428 +17 06 15.655   12    8 2451873.40316493 15.9 R  OH 511
 03 39 32.5991 +17 06 15.527   12    8 2451873.40527512 15.9 R  OH 511
 03 39 32.5544 +17 06 15.376   12    8 2451873.40738819 15.8 R  OH 511
 03 38 29.9087 +17 02 58.334   49   29 2451876.45309132 16.1 R  OH 511
 03 38 29.8460 +17 02 58.121   49   29 2451876.45614086 16.1 R  OH 511
 03 38 29.8092 +17 02 58.038   49   29 2451876.45824549 16.1 R  OH 511
 03 38 29.3931 +17 02 56.782   49   29 2451876.47801100 16.2 R  OH 511
 03 38 10.5603 +17 01 57.828   37   39 2451877.40401528 16.0 R  OH 511
 03 38 10.3092 +17 01 57.130   37   39 2451877.41647083 16.2 R  OH 511
 03 38 10.2004 +17 01 56.698   37   39 2451877.42157523 16.6 R  OH 511
 03 38 10.1609 +17 01 56.659   37   39 2451877.42368403 16.2 R  OH 511
 03 38 10.1157 +17 01 56.490   37   39 2451877.42579410 16.2 R  OH 511
 03 38 10.0747 +17 01 56.331   37   39 2451877.42790648 16.2 R  OH 511
 03 38 10.0295 +17 01 56.216   37   39 2451877.43001435 16.2 R  OH 511
 03 31 18.7744 +16 41 43.459   22   45 2451900.27432245 15.5 R  OH 511
 03 31 18.7404 +16 41 43.312   22   45 2451900.27667037 15.9 R  OH 511
 03 31 18.7026 +16 41 43.217   22   45 2451900.27901331 16.0 R  OH 511
 03 31 18.6714 +16 41 43.203   22   45 2451900.28135856 15.9 R  OH 511
 03 31 18.6319 +16 41 43.141   22   45 2451900.28370035 16.0 R  OH 511
 03 31 18.5991 +16 41 42.932   22   45 2451900.28603981 16.1 R  OH 511
 03 31 18.5612 +16 41 42.838   22   45 2451900.28838356 16.0 R  OH 511
 03 31 18.5277 +16 41 42.793   22   45 2451900.29072211 15.8 R  OH 511
 04 53 27.0014 +20 51 25.960   12   21 2452145.61318553 16.8 R  OH 511
 04 53 27.0495 +20 51 25.972   12   21 2452145.61637315 16.7 R  OH 511
 04 53 27.1070 +20 51 26.090   12   21 2452145.62008160 16.8 R  OH 511
 04 53 27.1575 +20 51 26.144   12   21 2452145.62345972 16.7 R  OH 511
 04 53 27.1925 +20 51 26.213   12   21 2452145.62580231 16.7 R  OH 511
 04 53 27.2295 +20 51 26.273   12   21 2452145.62814387 16.8 R  OH 511
 04 53 27.2637 +20 51 26.288   12   21 2452145.63048287 16.8 R  OH 511
 04 53 27.2997 +20 51 26.317   12   21 2452145.63282153 16.8 R  OH 511
 04 53 27.3354 +20 51 26.333   12   21 2452145.63515822 16.8 R  OH 511
 04 53 27.3699 +20 51 26.419   12   21 2452145.63749907 16.8 R  OH 511
 04 53 27.4049 +20 51 26.465   12   21 2452145.63983611 16.8 R  OH 511
 04 53 27.4391 +20 51 26.504   12   21 2452145.64217847 16.8 R  OH 511
 04 53 27.4769 +20 51 26.572   12   21 2452145.64452812 16.8 R  OH 511
 04 53 41.4734 +20 51 43.170   34   23 2452146.57056944 16.7 R  OH 511
 04 53 41.5042 +20 51 43.214   34   23 2452146.57268519 16.7 R  OH 511
 04 53 41.5503 +20 51 43.321   34   23 2452146.57616759 16.7 R  OH 511
 04 53 41.5880 +20 51 43.341   34   23 2452146.57850880 16.7 R  OH 511
 04 53 41.6241 +20 51 43.432   34   23 2452146.58085370 16.7 R  OH 511
 04 53 41.6553 +20 51 43.446   34   23 2452146.58319977 16.8 R  OH 511
 04 53 41.6948 +20 51 43.477   34   23 2452146.58554815 16.8 R  OH 511
 04 48 11.7316 +20 34 16.255   20   26 2452230.55556748 16.2 R  OH 511
 04 48 11.6444 +20 34 16.063   20   26 2452230.55974826 16.2 R  OH 511
 04 48 11.6184 +20 34 16.015   20   26 2452230.56106528 16.1 R  OH 511
 04 48 11.5909 +20 34 15.988   20   26 2452230.56237685 16.1 R  OH 511
 04 48 11.5654 +20 34 15.930   20   26 2452230.56368646 16.2 R  OH 511
 04 48 11.5377 +20 34 15.879   20   26 2452230.56499363 16.2 R  OH 511
 04 48 11.5049 +20 34 15.779   20   26 2452230.56652384 16.2 R  OH 511
 04 48 11.4667 +20 34 15.710   20   26 2452230.56845868 16.1 R  OH 511
 04 48 11.4310 +20 34 15.681   20   26 2452230.57022604 16.2 R  OH 511
 04 48 11.4101 +20 34 15.663   20   26 2452230.57128843 16.2 R  OH 511
 04 48 11.3841 +20 34 15.599   20   26 2452230.57234803 16.2 R  OH 511
 04 48 11.3640 +20 34 15.513   20   26 2452230.57340799 16.1 R  OH 511
 04 48 11.3295 +20 34 15.496   20   26 2452230.57500058 16.2 R  OH 511
 04 48 11.3096 +20 34 15.496   20   26 2452230.57607373 16.2 R  OH 511
 04 48 11.2882 +20 34 15.397   20   26 2452230.57714398 16.2 R  OH 511
 04 48 11.2251 +20 34 15.333   20   26 2452230.58012060 16.2 R  OH 511
 04 47 51.2874 +20 33 39.772   10   10 2452231.56556655 16.2 R  OH 511
 04 47 51.2125 +20 33 39.653   10   10 2452231.56910544 16.2 R  OH 511
 04 47 51.1422 +20 33 39.521   10   10 2452231.57256736 16.1 R  OH 511
 04 47 51.0978 +20 33 39.447   10   10 2452231.57468924 16.1 R  OH 511
 04 47 51.0543 +20 33 39.366   10   10 2452231.57680880 16.1 R  OH 511
 04 47 51.0105 +20 33 39.290   10   10 2452231.57892558 16.1 R  OH 511
 04 47 50.9679 +20 33 39.197   10   10 2452231.58104236 16.1 R  OH 511
 04 47 50.9228 +20 33 39.115   10   10 2452231.58315903 16.1 R  OH 511
 04 47 50.8806 +20 33 39.036   10   10 2452231.58528796 16.1 R  OH 511
 04 47 50.8361 +20 33 38.951   10   10 2452231.58740671 16.1 R  OH 511
 04 47 09.6708 +20 32 25.663   24   30 2452233.59348947 15.3 R  OH 511
 04 47 09.5184 +20 32 25.373   24   30 2452233.60056215 16.3 R  OH 511
 04 47 09.4834 +20 32 25.357   24   30 2452233.60239201 16.0 R  OH 511
 04 47 09.4489 +20 32 25.282   24   30 2452233.60405417 16.1 R  OH 511
 04 47 09.4147 +20 32 25.181   24   30 2452233.60571991 16.1 R  OH 511
 04 47 09.3769 +20 32 25.149   24   30 2452233.60737269 16.1 R  OH 511
 04 47 09.3066 +20 32 25.072   24   30 2452233.61084329 16.5 R  OH 511
 04 46 53.6960 +20 31 57.105    8   12 2452234.36635856 16.1 R  OH 511
 04 46 53.6462 +20 31 57.039    8   12 2452234.36871458 16.2 R  OH 511
 04 46 53.5975 +20 31 56.952    8   12 2452234.37107049 16.1 R  OH 511
 04 46 53.5470 +20 31 56.854    8   12 2452234.37342488 16.1 R  OH 511
 04 46 53.4484 +20 31 56.707    8   12 2452234.37813102 16.1 R  OH 511
 04 46 53.3987 +20 31 56.605    8   12 2452234.38048785 16.1 R  OH 511
 04 46 53.2993 +20 31 56.451    8   12 2452234.38519630 16.2 R  OH 511
 04 46 52.2941 +20 31 54.739    8   12 2452234.43283935 16.0 R  OH 511
 04 46 52.2457 +20 31 54.659    8   12 2452234.43518866 16.1 R  OH 511
 04 46 52.1961 +20 31 54.582    8   12 2452234.43753889 16.1 R  OH 511
 04 46 52.1444 +20 31 54.497    8   12 2452234.43989745 16.1 R  OH 511
 04 46 52.0961 +20 31 54.387    8   12 2452234.44225255 16.1 R  OH 511
 04 46 52.0456 +20 31 54.335    8   12 2452234.44460741 16.1 R  OH 511
 04 46 51.8967 +20 31 54.081    8   12 2452234.45166493 16.1 R  OH 511
 04 46 32.2707 +20 31 19.169   20    8 2452235.39126030 16.1 R  OH 511
 04 46 32.2035 +20 31 19.044   20    8 2452235.39454086 16.1 R  OH 511
 04 46 32.1331 +20 31 18.947   20    8 2452235.39781829 16.2 R  OH 511
 04 46 32.0617 +20 31 18.818   20    8 2452235.40109317 16.2 R  OH 511
 04 46 31.9932 +20 31 18.710   20    8 2452235.40437674 16.2 R  OH 511
 04 46 31.9256 +20 31 18.579   20    8 2452235.40765243 16.2 R  OH 511
 04 46 31.8524 +20 31 18.480   20    8 2452235.41093287 16.2 R  OH 511
 04 46 31.7866 +20 31 18.351   20    8 2452235.41420903 16.1 R  OH 511
 04 46 31.7134 +20 31 18.223   20    8 2452235.41749016 16.2 R  OH 511
 04 46 31.6445 +20 31 18.119   20    8 2452235.42076354 16.2 R  OH 511
 04 46 10.3811 +20 30 40.504   34    6 2452236.43073634 16.2 R  OH 511
 04 46 10.3060 +20 30 40.377   34    6 2452236.43401493 16.1 R  OH 511
 04 46 10.2356 +20 30 40.252   34    6 2452236.43729664 16.2 R  OH 511
 04 46 10.1675 +20 30 40.140   34    6 2452236.44058009 16.2 R  OH 511
 04 46 10.0962 +20 30 40.010   34    6 2452236.44385486 16.2 R  OH 511
 04 46 10.0312 +20 30 39.906   34    6 2452236.44713750 16.3 R  OH 511
 04 46 09.9565 +20 30 39.777   34    6 2452236.45041551 16.2 R  OH 511
 04 46 09.8887 +20 30 39.663   34    6 2452236.45370012 16.2 R  OH 511
 04 45 50.1395 +20 30 04.717   16   19 2452237.38668252 16.2 R  OH 511
 04 45 50.0842 +20 30 04.581   16   19 2452237.38938264 16.2 R  OH 511
 04 45 50.0250 +20 30 04.501   16   19 2452237.39207685 16.2 R  OH 511
 04 45 49.9646 +20 30 04.390   16   19 2452237.39476979 16.2 R  OH 511
 04 45 49.7335 +20 30 04.028   16   19 2452237.40558090 16.2 R  OH 511
 04 45 49.6752 +20 30 03.942   16   19 2452237.40828553 16.2 R  OH 511
 04 45 49.4385 +20 30 03.516   16   19 2452237.41934780 16.1 R  OH 511
 04 45 49.3806 +20 30 03.396   16   19 2452237.42204988 16.1 R  OH 511
 04 45 49.3215 +20 30 03.348   16   19 2452237.42475208 16.1 R  OH 511
 04 45 49.2636 +20 30 03.194   16   19 2452237.42745451 16.1 R  OH 511
 04 45 49.2047 +20 30 03.098   16   19 2452237.43015579 16.1 R  OH 511
 04 45 49.1469 +20 30 03.024   16   19 2452237.43285613 16.1 R  OH 511
 04 45 49.0866 +20 30 02.930   16   19 2452237.43555868 16.1 R  OH 511
 04 45 49.0320 +20 30 02.841   16   19 2452237.43826273 16.1 R  OH 511
 04 45 48.9711 +20 30 02.741   16   19 2452237.44096262 16.1 R  OH 511
 04 45 48.9133 +20 30 02.642   16   19 2452237.44366609 16.1 R  OH 511
 04 36 52.0402 +20 14 32.535   23   17 2452262.34624317 16.0 R  OH 511
 04 36 51.9392 +20 14 32.372   23   17 2452262.35087130 16.1 R  OH 511
 04 36 51.8852 +20 14 32.312   23   17 2452262.35356551 16.0 R  OH 511
 04 36 51.8276 +20 14 32.195   23   17 2452262.35626632 16.0 R  OH 511
 04 36 51.7738 +20 14 32.075   23   17 2452262.35897164 16.0 R  OH 511
 04 36 51.7171 +20 14 32.002   23   17 2452262.36167002 16.0 R  OH 511
 04 36 51.6600 +20 14 31.901   23   17 2452262.36436944 16.1 R  OH 511
 04 36 51.6036 +20 14 31.799   23   17 2452262.36706725 16.0 R  OH 511
 04 36 51.5460 +20 14 31.709   23   17 2452262.36976470 16.0 R  OH 511
 04 36 51.4897 +20 14 31.649   23   17 2452262.37246065 16.1 R  OH 511
 04 36 51.4309 +20 14 31.570   23   17 2452262.37516285 16.0 R  OH 511
 04 36 51.3098 +20 14 31.346   23   17 2452262.38100359 16.1 R  OH 511
 04 36 51.2545 +20 14 31.236   23   17 2452262.38370637 16.1 R  OH 511
 04 36 51.1946 +20 14 31.166   23   17 2452262.38640370 16.1 R  OH 511
 04 36 51.1433 +20 14 31.080   23   17 2452262.38910394 16.2 R  OH 511
 04 36 31.9027 +20 13 58.610   24    6 2452263.32643981 16.2 R  OH 511
 04 36 31.8175 +20 13 58.488   24    6 2452263.33062708 16.2 R  OH 511
 04 36 30.5331 +20 13 56.390   24    6 2452263.39234433 16.1 R  OH 511
 04 36 30.4744 +20 13 56.305   24    6 2452263.39504803 16.1 R  OH 511
 04 36 30.4203 +20 13 56.212   24    6 2452263.39775752 16.1 R  OH 511
 04 36 30.3642 +20 13 56.122   24    6 2452263.40045278 16.1 R  OH 511
 04 36 30.3073 +20 13 56.033   24    6 2452263.40315544 16.1 R  OH 511
 04 36 11.8217 +20 13 24.841   15    8 2452264.31243056 16.2 R  OH 511
 04 36 11.7345 +20 13 24.722   15    8 2452264.31676956 16.2 R  OH 511
 04 36 11.6797 +20 13 24.621   15    8 2452264.31947477 16.2 R  OH 511
 04 36 11.6240 +20 13 24.539   15    8 2452264.32218021 16.2 R  OH 511
 04 36 11.5679 +20 13 24.451   15    8 2452264.32487523 16.2 R  OH 511
 04 36 11.5111 +20 13 24.361   15    8 2452264.32757512 16.3 R  OH 511
 04 36 11.4580 +20 13 24.264   15    8 2452264.33027373 16.3 R  OH 511
 04 36 11.4002 +20 13 24.167   15    8 2452264.33296898 16.3 R  OH 511
 04 36 11.3453 +20 13 24.091   15    8 2452264.33566632 16.2 R  OH 511
 04 36 11.2915 +20 13 24.000   15    8 2452264.33836204 16.3 R  OH 511
 04 36 11.2345 +20 13 23.923   15    8 2452264.34105822 16.3 R  OH 511
 04 35 51.6024 +20 12 51.076   26   14 2452265.31486088 16.2 R  OH 511
 04 35 51.5416 +20 12 50.950   26   14 2452265.31782859 16.1 R  OH 511
 04 35 51.4898 +20 12 50.865   26   14 2452265.32053137 16.2 R  OH 511
 04 35 51.4325 +20 12 50.769   26   14 2452265.32323021 16.2 R  OH 511
 04 35 51.3808 +20 12 50.704   26   14 2452265.32593137 16.2 R  OH 511
 04 30 34.1172 +20 04 28.594   21   23 2452283.25438171 16.4 R  OH 511
 04 30 34.0852 +20 04 28.509   21   23 2452283.25673565 16.3 R  OH 511
 04 30 34.0491 +20 04 28.489   21   23 2452283.25908461 16.4 R  OH 511
 04 30 34.0121 +20 04 28.447   21   23 2452283.26144039 16.4 R  OH 511
 04 30 33.9772 +20 04 28.344   21   23 2452283.26379259 16.6 R  OH 511
 04 30 33.9436 +20 04 28.338   21   23 2452283.26615058 16.4 R  OH 511
 04 30 33.9072 +20 04 28.286   21   23 2452283.26849838 16.3 R  OH 511
 04 30 33.8700 +20 04 28.225   21   23 2452283.27084838 16.4 R  OH 511
 04 30 33.8360 +20 04 28.158   21   23 2452283.27320637 16.4 R  OH 511
 04 30 33.8023 +20 04 28.097   21   23 2452283.27555880 16.5 R  OH 511
 04 30 18.8788 +20 04 06.763   30   17 2452284.29253924 15.5 R  OH 511
 04 30 18.8277 +20 04 06.705   30   17 2452284.29641030 16.3 R  OH 511
 04 30 18.7908 +20 04 06.670   30   17 2452284.29876620 16.3 R  OH 511
 04 30 18.7564 +20 04 06.615   30   17 2452284.30112049 16.3 R  OH 511
 04 30 18.7202 +20 04 06.594   30   17 2452284.30347326 16.4 R  OH 511
 04 30 18.6871 +20 04 06.505   30   17 2452284.30582894 16.5 R  OH 511
 04 30 04.7969 +20 03 46.995   16   10 2452285.27872234 16.3 R  OH 511
 04 30 04.7290 +20 03 46.934   16   10 2452285.28321354 16.4 R  OH 511
 04 30 04.6973 +20 03 46.867   16   10 2452285.28557234 16.3 R  OH 511
 04 30 04.6626 +20 03 46.827   16   10 2452285.28792766 16.4 R  OH 511
 04 30 04.6292 +20 03 46.778   16   10 2452285.29027905 16.4 R  OH 511
 04 29 51.0047 +20 03 27.903   28   13 2452286.26997755 16.4 R  OH 511
 04 29 50.9738 +20 03 27.862   28   13 2452286.27233588 16.4 R  OH 511
 04 29 50.9397 +20 03 27.846   28   13 2452286.27468438 16.4 R  OH 511
 04 29 50.9105 +20 03 27.792   28   13 2452286.27703137 16.4 R  OH 511
 05 44 19.5259 +22 06 37.642   10   14 2452621.55792824 15.8 R  OH 511
 05 44 19.4418 +22 06 37.678   10   14 2452621.56205833 15.8 R  OH 511
 05 44 19.4043 +22 06 37.646   10   14 2452621.56391505 15.8 R  OH 511
 05 44 19.3708 +22 06 37.649   10   14 2452621.56557789 15.8 R  OH 511
 05 44 19.3360 +22 06 37.654   10   14 2452621.56723148 15.9 R  OH 511
 05 44 19.3048 +22 06 37.661   10   14 2452621.56888611 15.8 R  OH 511
 05 43 21.5957 +22 06 38.494   51   14 2452624.45068160 15.9 R  OH 511
 05 43 21.5249 +22 06 38.503   51   14 2452624.45419549 15.9 R  OH 511
 05 43 21.4585 +22 06 38.509   51   14 2452624.45770324 15.9 R  OH 511
 05 43 21.3772 +22 06 38.518   51   14 2452624.46120822 16.0 R  OH 511
 05 43 21.3043 +22 06 38.518   51   14 2452624.46471794 15.8 R  OH 511
 05 43 21.1644 +22 06 38.531   51   14 2452624.47174687 15.8 R  OH 511
 05 43 21.0261 +22 06 38.489   51   14 2452624.47876655 15.9 R  OH 511
 05 43 20.9505 +22 06 38.504   51   14 2452624.48228032 15.9 R  OH 511
 05 39 01.5550 +22 06 40.418   23   16 2452637.41641794 16.1 R  OH 511
 05 39 01.4721 +22 06 40.458   23   16 2452637.42051169 16.1 R  OH 511
 05 39 01.4237 +22 06 40.443   23   16 2452637.42286852 16.1 R  OH 511
 05 39 01.3786 +22 06 40.468   23   16 2452637.42522558 16.1 R  OH 511
 05 39 01.3271 +22 06 40.459   23   16 2452637.42758009 16.1 R  OH 511
 05 39 01.2829 +22 06 40.461   23   16 2452637.42993125 16.1 R  OH 511
 05 38 41.4065 +22 06 40.632   10   16 2452638.44318924 16.2 R  OH 511
 05 38 41.3478 +22 06 40.655   10   16 2452638.44608773 16.1 R  OH 511
 05 38 41.2562 +22 06 40.679   10   16 2452638.45070718 16.0 R  OH 511
 05 38 41.1611 +22 06 40.650   10   16 2452638.45547882 16.1 R  OH 511
 05 38 41.1015 +22 06 40.667   10   16 2452638.45852778 16.1 R  OH 511
 05 38 41.0391 +22 06 40.676   10   16 2452638.46157176 16.1 R  OH 511
 05 38 40.9785 +22 06 40.675   10   16 2452638.46461713 16.1 R  OH 511
 05 30 40.9582 +22 07 39.471   12   20 2452668.34700729 16.3 R  OH 511
 05 30 40.9295 +22 07 39.459   12   20 2452668.34936227 16.3 R  OH 511
 05 30 40.9031 +22 07 39.508   12   20 2452668.35171192 16.3 R  OH 511
 05 30 40.8750 +22 07 39.477   12   20 2452668.35406215 16.3 R  OH 511
 05 30 40.5306 +22 07 39.637   12   20 2452668.38380590 16.2 R  OH 511
 05 30 40.4784 +22 07 39.682   12   20 2452668.38844039 16.3 R  OH 511
 05 30 40.4516 +22 07 39.680   12   20 2452668.39079664 16.3 R  OH 511
 05 30 40.4219 +22 07 39.688   12   20 2452668.39315000 16.3 R  OH 511
 05 30 40.3697 +22 07 39.743   12   20 2452668.39784931 16.3 R  OH 511
 05 28 23.6905 +22 12 34.970   23   16 2452699.26298472 16.6 R  OH 511
 05 28 23.7294 +22 12 35.222   23   16 2452699.28026979 16.3 R  OH 511
 05 28 23.7384 +22 12 35.298   23   16 2452699.28449757 16.2 R  OH 511
 05 28 23.7466 +22 12 35.313   23   16 2452699.28685093 16.4 R  OH 511
 05 28 23.7481 +22 12 35.371   23   16 2452699.28919919 16.4 R  OH 511
 05 28 23.7546 +22 12 35.358   23   16 2452699.29155197 16.4 R  OH 511
 05 28 23.7606 +22 12 35.434   23   16 2452699.29390660 16.3 R  OH 511
 05 32 21.3097 +22 20 36.419   15   19 2452726.31243194 16.6 R  OH 511
 05 32 21.3785 +22 20 36.495   15   19 2452726.31726111 16.6 R  OH 511
 05 32 21.4268 +22 20 36.548   15   19 2452726.32053657 16.5 R  OH 511
 05 32 21.4734 +22 20 36.621   15   19 2452726.32381285 16.6 R  OH 511
 05 32 21.5194 +22 20 36.719   15   19 2452726.32708681 16.6 R  OH 511
 05 32 21.5668 +22 20 36.761   15   19 2452726.33036852 16.5 R  OH 511
 05 32 21.6114 +22 20 36.784   15   19 2452726.33364282 16.6 R  OH 511
 06 33 15.5911 +22 30 50.598   18   12 2453024.32531343 15.9 R  OH 511
 06 33 15.0186 +22 30 51.353   18   12 2453024.35656331 15.8 R  OH 511
 06 33 14.9757 +22 30 51.424   18   12 2453024.35891100 15.8 R  OH 511
 06 33 14.9286 +22 30 51.453   18   12 2453024.36125880 15.9 R  OH 511
 06 33 14.8868 +22 30 51.549   18   12 2453024.36360694 15.9 R  OH 511
 06 33 14.8012 +22 30 51.641   18   12 2453024.36830683 15.9 R  OH 511
 06 33 14.7579 +22 30 51.700   18   12 2453024.37065463 15.9 R  OH 511
 06 33 14.7135 +22 30 51.765   18   12 2453024.37300243 15.8 R  OH 511
 06 32 57.6057 +22 31 14.019   47   36 2453025.32682164 15.9 R  OH 511
 06 32 57.4910 +22 31 14.187   47   36 2453025.33266111 15.9 R  OH 511
 06 32 56.7929 +22 31 15.108   47   36 2453025.37177766 15.9 R  OH 511
 06 32 56.6119 +22 31 15.413   47   36 2453025.38142708 16.0 R  OH 511
 06 32 56.5557 +22 31 15.489   47   36 2453025.38447350 15.9 R  OH 511
 06 32 56.5039 +22 31 15.534   47   36 2453025.38752384 15.9 R  OH 511
 06 32 56.4502 +22 31 15.632   47   36 2453025.39056933 15.8 R  OH 511
 06 32 56.1704 +22 31 15.984   47   36 2453025.40583368 15.8 R  OH 511
 06 32 56.1158 +22 31 16.102   47   36 2453025.40888889 15.9 R  OH 511
 06 32 55.8144 +22 31 16.465   47   36 2453025.42543588 15.8 R  OH 511
 06 32 55.7572 +22 31 16.559   47   36 2453025.42848368 15.9 R  OH 511
 06 32 55.6442 +22 31 16.684   47   36 2453025.43458438 15.7 R  OH 511
 06 32 55.5860 +22 31 16.731   47   36 2453025.43763866 15.9 R  OH 511
 06 32 55.4779 +22 31 16.888   47   36 2453025.44373171 15.8 R  OH 511
 06 32 40.0079 +22 31 37.220   32   42 2453026.32060150 16.0 R  OH 511
 06 32 39.9139 +22 31 37.341   32   42 2453026.32599838 16.0 R  OH 511
 06 32 38.9894 +22 31 38.612   32   42 2453026.37801308 16.0 R  OH 511
 06 32 37.7827 +22 31 40.117   32   42 2453026.44514769 16.0 R  OH 511
 06 32 37.6886 +22 31 40.228   32   42 2453026.45054039 16.0 R  OH 511
 06 32 37.6406 +22 31 40.245   32   42 2453026.45324167 16.0 R  OH 511
 06 32 37.5918 +22 31 40.377   32   42 2453026.45593681 16.0 R  OH 511
 06 32 37.5435 +22 31 40.420   32   42 2453026.45863218 16.0 R  OH 511
 06 32 37.4478 +22 31 40.533   32   42 2453026.46402350 16.1 R  OH 511
 06 32 37.3505 +22 31 40.712   32   42 2453026.46941597 16.1 R  OH 511
 06 32 37.0399 +22 31 41.148   32   42 2453026.48667060 16.0 R  OH 511
 06 32 36.7985 +22 31 41.426   32   42 2453026.50015174 16.0 R  OH 511
 06 32 21.7992 +22 32 01.255   13   16 2453027.36449398 15.9 R  OH 511
 06 32 21.7639 +22 32 01.317   13   16 2453027.36661806 15.8 R  OH 511
 06 32 21.7270 +22 32 01.332   13   16 2453027.36873542 15.8 R  OH 511
 06 32 21.6874 +22 32 01.413   13   16 2453027.37085706 15.8 R  OH 511
 06 32 21.6522 +22 32 01.471   13   16 2453027.37298287 15.8 R  OH 511
 06 32 21.6138 +22 32 01.530   13   16 2453027.37510590 15.9 R  OH 511
 06 32 21.5763 +22 32 01.541   13   16 2453027.37722685 15.8 R  OH 511
 06 32 21.5392 +22 32 01.613   13   16 2453027.37934213 15.8 R  OH 511
 07 26 34.5298 +22 00 55.986   21   16 2453437.31752477 16.1 R  OH 511
 07 26 34.5104 +22 00 56.010   21   16 2453437.32014259 16.4 R  OH 511
 07 26 34.4628 +22 00 56.159   21   16 2453437.32628646 16.4 R  OH 511
 07 26 34.4434 +22 00 56.174   21   16 2453437.32864479 16.4 R  OH 511
 07 26 34.4278 +22 00 56.225   21   16 2453437.33099861 16.4 R  OH 511
 07 26 34.4106 +22 00 56.278   21   16 2453437.33335532 16.3 R  OH 511
 07 26 34.1094 +22 00 56.976   21   16 2453437.37247488 16.4 R  OH 511
 07 26 34.0928 +22 00 57.066   21   16 2453437.37483449 16.4 R  OH 511
 07 26 34.0741 +22 00 57.069   21   16 2453437.37719120 16.5 R  OH 511
 07 26 27.5711 +22 01 13.882   16    9 2453438.30516042 16.4 R  OH 511
 07 26 27.5549 +22 01 13.908   16    9 2453438.30751875 16.4 R  OH 511
 07 26 27.5406 +22 01 13.969   16    9 2453438.30987396 16.5 R  OH 511
 07 26 27.5223 +22 01 14.002   16    9 2453438.31223299 16.4 R  OH 511
 07 26 27.5058 +22 01 14.057   16    9 2453438.31459201 16.4 R  OH 511
 07 26 27.4886 +22 01 14.091   16    9 2453438.31695405 16.4 R  OH 511
 07 26 27.4702 +22 01 14.118   16    9 2453438.31930799 16.4 R  OH 511
 07 26 27.4368 +22 01 14.221   16    9 2453438.32402292 16.4 R  OH 511
 07 26 20.9487 +22 01 31.215   13   30 2453439.31218437 16.4 R  OH 511
 07 26 20.9029 +22 01 31.291   13   30 2453439.31897755 16.4 R  OH 511
 07 26 20.8861 +22 01 31.307   13   30 2453439.32133796 16.3 R  OH 511
 07 26 20.8703 +22 01 31.322   13   30 2453439.32369560 16.4 R  OH 511
 07 26 20.8562 +22 01 31.396   13   30 2453439.32604734 16.4 R  OH 511
 07 26 20.8398 +22 01 31.436   13   30 2453439.32840208 16.5 R  OH 511
 07 26 20.8238 +22 01 31.452   13   30 2453439.33075683 16.4 R  OH 511
 07 26 20.7928 +22 01 31.566   13   30 2453439.33547720 16.3 R  OH 511
 07 26 20.7753 +22 01 31.545   13   30 2453439.33783252 16.4 R  OH 511
 07 26 20.7590 +22 01 31.589   13   30 2453439.34019120 16.3 R  OH 511
 07 26 14.9781 +22 01 46.959    9   15 2453440.29098935 16.3 R  OH 511
 07 26 14.9507 +22 01 47.050    9   15 2453440.29516262 16.4 R  OH 511
 07 26 14.9360 +22 01 47.059    9   15 2453440.29751968 16.4 R  OH 511
 07 26 14.9218 +22 01 47.132    9   15 2453440.29988310 16.4 R  OH 511
 07 26 14.8926 +22 01 47.193    9   15 2453440.30460081 16.4 R  OH 511
 07 26 14.8780 +22 01 47.220    9   15 2453440.30696076 16.4 R  OH 511
 07 26 14.8644 +22 01 47.246    9   15 2453440.30932141 16.4 R  OH 511
 07 26 14.8340 +22 01 47.361    9   15 2453440.31403993 16.4 R  OH 511
 07 26 14.8187 +22 01 47.382    9   15 2453440.31639711 16.4 R  OH 511
 07 26 03.3431 +22 03 29.428   27   15 2453462.37171748 16.6 R  OH 511
 07 26 03.3533 +22 03 29.409   27   15 2453462.37506979 16.4 R  OH 511
 07 26 03.4622 +22 03 29.261   27   15 2453462.39822315 16.5 R  OH 511
 07 26 03.4748 +22 03 29.197   27   15 2453462.40150579 16.4 R  OH 511
 07 26 03.4898 +22 03 29.193   27   15 2453462.40478762 16.4 R  OH 511
 07 26 03.5064 +22 03 29.181   27   15 2453462.40806979 16.5 R  OH 511
 07 26 03.5198 +22 03 29.154   27   15 2453462.41135301 16.5 R  OH 511
 07 26 08.1845 +22 03 22.947   28   23 2453463.33131852 16.7 R  OH 511
 07 26 08.2218 +22 03 22.850   28   23 2453463.33876076 16.6 R  OH 511
 07 26 08.2571 +22 03 22.836   28   23 2453463.34532118 16.6 R  OH 511
 07 26 08.2710 +22 03 22.787   28   23 2453463.34859954 16.6 R  OH 511
 07 26 08.3136 +22 03 22.757   28   23 2453463.35618067 16.7 R  OH 511
 07 26 08.3254 +22 03 22.672   28   23 2453463.35946227 16.6 R  OH 511
 07 26 08.3433 +22 03 22.711   28   23 2453463.36274039 17.3 R  OH 511
 07 26 08.3772 +22 03 22.612   28   23 2453463.37013738 16.1 R  OH 511
 07 26 32.8440 +22 02 46.342   23   16 2453467.30044653 16.5 R  OH 511
 07 26 32.8811 +22 02 46.327   23   16 2453467.30526470 16.4 R  OH 511
 07 26 32.9028 +22 02 46.284   23   16 2453467.30854780 16.4 R  OH 511
 07 26 32.9257 +22 02 46.251   23   16 2453467.31183507 16.4 R  OH 511
 07 26 32.9486 +22 02 46.207   23   16 2453467.31512176 16.4 R  OH 511
 07 26 32.9717 +22 02 46.156   23   16 2453467.31840451 16.5 R  OH 511
 07 26 48.2998 +22 02 21.679   16    6 2453469.32781713 16.5 R  OH 511
 07 26 48.4071 +22 02 21.483   16    6 2453469.34110637 16.5 R  OH 511
 07 26 48.4415 +22 02 21.420   16    6 2453469.34555116 16.5 R  OH 511
 07 26 48.4762 +22 02 21.369   16    6 2453469.35000532 16.5 R  OH 511
 07 26 48.5117 +22 02 21.303   16    6 2453469.35445544 16.5 R  OH 511
 07 26 48.5457 +22 02 21.230   16    6 2453469.35890231 16.5 R  OH 511
 07 27 24.2140 +22 01 21.430   18    9 2453473.30765660 16.6 R  OH 511
 07 27 24.2643 +22 01 21.336   18    9 2453473.31271481 16.5 R  OH 511
 07 27 24.3043 +22 01 21.250   18    9 2453473.31686863 16.5 R  OH 511
 07 27 24.3376 +22 01 21.187   18    9 2453473.32014769 16.5 R  OH 511
 07 27 24.3681 +22 01 21.143   18    9 2453473.32342743 16.5 R  OH 511
 07 27 24.3991 +22 01 21.088   18    9 2453473.32670984 16.6 R  OH 511
 07 27 24.4340 +22 01 21.037   18    9 2453473.32999653 16.6 R  OH 511
 07 27 34.2984 +22 01 03.899   33   26 2453474.30047812 16.8 R  OH 511
 07 27 34.4792 +22 01 03.648   33   26 2453474.31776667 16.5 R  OH 511
 07 27 34.5098 +22 01 03.571   33   26 2453474.32104398 16.6 R  OH 511
 07 27 34.5439 +22 01 03.507   33   26 2453474.32432419 16.6 R  OH 511
 07 27 34.6097 +22 01 03.383   33   26 2453474.33088426 16.6 R  OH 511
 07 27 34.6458 +22 01 03.316   33   26 2453474.33416262 16.6 R  OH 511
 07 27 44.9072 +22 00 45.425   23   13 2453475.30039433 16.5 R  OH 511
 07 27 44.9790 +22 00 45.252   23   13 2453475.30704479 16.6 R  OH 511
 07 27 45.0154 +22 00 45.208   23   13 2453475.31032743 16.5 R  OH 511
 07 27 45.0488 +22 00 45.135   23   13 2453475.31360579 16.5 R  OH 511
 07 27 45.0849 +22 00 45.067   23   13 2453475.31688912 16.6 R  OH 511
 07 27 45.1205 +22 00 45.015   23   13 2453475.32017002 16.6 R  OH 511
 07 27 45.1554 +22 00 44.952   23   13 2453475.32344757 16.6 R  OH 511
 07 32 46.6242 +21 51 10.386   11   34 2453495.33959421 16.6 R  OH 511
 07 32 46.6869 +21 51 10.247   11   34 2453495.34287419 16.6 R  OH 511
 07 32 46.7474 +21 51 10.078   11   34 2453495.34615984 16.6 R  OH 511
 07 32 46.8101 +21 51 09.913   11   34 2453495.34944491 16.6 R  OH 511
 07 32 46.8714 +21 51 09.836   11   34 2453495.35273032 16.6 R  OH 511
 07 32 46.9330 +21 51 09.662   11   34 2453495.35601157 16.7 R  OH 511
 07 33 05.9539 +21 50 31.324   38   37 2453496.34549410 16.8 R  OH 511
 07 33 06.0149 +21 50 31.211   38   37 2453496.34877523 16.8 R  OH 511
 07 33 06.0867 +21 50 31.100   38   37 2453496.35205475 16.8 R  OH 511
 07 33 06.1450 +21 50 30.945   38   37 2453496.35534097 16.8 R  OH 511
 07 33 06.2100 +21 50 30.876   38   37 2453496.35862176 16.7 R  OH 511
 07 33 06.2714 +21 50 30.698   38   37 2453496.36190220 16.8 R  OH 511
 07 33 06.3347 +21 50 30.628   38   37 2453496.36518796 16.8 R  OH 511
 07 34 05.5734 +21 48 30.003   36   23 2453499.33444456 16.8 R  OH 511
 07 34 05.6450 +21 48 29.884   36   23 2453499.33772569 16.7 R  OH 511
 07 34 05.7096 +21 48 29.774   36   23 2453499.34100868 16.7 R  OH 511
 07 34 05.7751 +21 48 29.643   36   23 2453499.34429653 16.7 R  OH 511
 07 34 05.8387 +21 48 29.476   36   23 2453499.34757731 16.8 R  OH 511
 07 34 05.9080 +21 48 29.316   36   23 2453499.35086018 16.7 R  OH 511
 07 34 05.9715 +21 48 29.178   36   23 2453499.35414525 16.7 R  OH 511
 07 34 06.0386 +21 48 29.000   36   23 2453499.35743021 16.7 R  OH 511
 07 34 06.1068 +21 48 28.894   36   23 2453499.36071562 16.7 R  OH 511
 09 25 06.9426 +16 33 06.730   30    4 2454214.36048160 16.2 R  OH 511
 09 25 06.9672 +16 33 06.592   30    4 2454214.37010359 16.5 R  OH 511
 09 25 06.9829 +16 33 06.531   30    4 2454214.37498796 16.7 I  OH 511
 09 25 06.9962 +16 33 06.443   30    4 2454214.38087141 16.7 I  OH 511
 09 25 07.0000 +16 33 06.408   30    4 2454214.38399421 16.4 R  OH 511
 09 25 07.0087 +16 33 06.368   30    4 2454214.38677153 16.8 I  OH 511
 09 25 07.0153 +16 33 06.327   30    4 2454214.38989282 16.4 R  OH 511
 09 25 07.0249 +16 33 06.280   30    4 2454214.39266192 16.9 I  OH 511
