 12 57 19.3756 -04 52 18.916   20   16 2453463.56013727 16.9 C  BC 874
 12 57 19.3133 -04 52 18.501   20   16 2453463.56240475 16.9 C  BC 874
 12 57 19.2795 -04 52 18.232   20   16 2453463.56364144 17.0 C  BC 874
 12 57 19.2451 -04 52 18.021   20   16 2453463.56487893 16.9 C  BC 874
 12 57 19.2127 -04 52 17.758   20   16 2453463.56611678 16.9 C  BC 874
 12 57 19.1465 -04 52 17.298   20   16 2453463.56859178 16.9 C  BC 874
 12 57 19.1139 -04 52 17.055   20   16 2453463.56982940 17.0 C  BC 874
 12 57 19.0793 -04 52 16.856   20   16 2453463.57106736 16.8 C  BC 874
 12 56 51.8680 -04 48 58.116   16   23 2453464.61584988 16.9 C  BC 874
 12 56 51.8367 -04 48 57.845   16   23 2453464.61708623 16.9 C  BC 874
 12 56 51.8021 -04 48 57.619   16   23 2453464.61832350 17.0 C  BC 874
 12 56 51.7695 -04 48 57.423   16   23 2453464.61956169 16.9 C  BC 874
 12 56 51.7024 -04 48 56.943   16   23 2453464.62203461 17.0 C  BC 874
 12 56 51.6679 -04 48 56.657   16   23 2453464.62328113 16.9 C  BC 874
 12 56 51.6356 -04 48 56.439   16   23 2453464.62451840 17.0 C  BC 874
 12 56 51.6046 -04 48 56.193   16   23 2453464.62575694 16.8 C  BC 874
 12 56 51.5710 -04 48 55.941   16   23 2453464.62699907 17.0 C  BC 874
 15 11 14.0144 -15 22 55.197   21   12 2453796.73934016 17.9 C  BC 874
 15 11 14.0102 -15 22 55.144   21   12 2453796.74219387 18.0 C  BC 874
 15 11 14.0094 -15 22 55.101   21   12 2453796.74504734 17.9 C  BC 874
 15 11 14.0042 -15 22 55.065   21   12 2453796.74646863 18.0 C  BC 874
 15 11 14.0043 -15 22 55.015   21   12 2453796.74790012 17.9 C  BC 874
 15 11 14.0019 -15 22 54.995   21   12 2453796.75074988 18.0 C  BC 874
 15 11 13.9919 -15 22 54.855   21   12 2453796.75667986 18.0 C  BC 874
 15 11 13.9901 -15 22 54.812   21   12 2453796.75952373 18.0 C  BC 874
 15 11 13.9900 -15 22 54.786   21   12 2453796.76094560 17.9 C  BC 874
 15 11 13.9875 -15 22 54.734   21   12 2453796.76237708 17.9 C  BC 874
 15 10 44.3579 -15 18 40.124   24   32 2453804.73402870 18.2 C  BC 874
 15 10 44.3162 -15 18 39.811   24   32 2453804.73980914 18.3 C  BC 874
 15 10 44.2982 -15 18 39.730   24   32 2453804.74236736 18.0 C  BC 874
 15 10 44.2642 -15 18 39.615   24   32 2453804.74697523 17.5 C  BC 874
 15 10 44.2531 -15 18 39.491   24   32 2453804.74851470 17.6 C  BC 874
 15 10 44.2388 -15 18 39.374   24   32 2453804.75005197 18.1 C  BC 874
 15 10 44.2189 -15 18 39.305   24   32 2453804.75314653 16.7 C  BC 874
 15 10 44.2039 -15 18 39.241   24   32 2453804.75468391 16.7 C  BC 874
 15 10 44.1910 -15 18 39.189   24   32 2453804.75622130 17.5 C  BC 874
 15 10 44.1848 -15 18 39.076   24   32 2453804.75775880 18.2 C  BC 874
 15 10 44.1469 -15 18 38.899   24   32 2453804.76239051 17.5 C  BC 874
 15 10 44.1243 -15 18 38.790   24   32 2453804.76546100 18.1 C  BC 874
 15 10 11.1900 -15 15 28.681   29   17 2453808.72073900 17.8 C  BC 874
 15 10 11.1669 -15 15 28.563   29   17 2453808.72312234 17.8 C  BC 874
 15 10 11.1248 -15 15 28.315   29   17 2453808.72726609 17.8 C  BC 874
 15 10 11.1108 -15 15 28.255   29   17 2453808.72881354 17.7 C  BC 874
 15 10 11.0924 -15 15 28.182   29   17 2453808.73035081 17.8 C  BC 874
 15 10 11.0276 -15 15 27.824   29   17 2453808.73651042 17.8 C  BC 874
 15 10 11.0112 -15 15 27.768   29   17 2453808.73804734 17.7 C  BC 874
 15 10 10.9912 -15 15 27.658   29   17 2453808.73958484 17.8 C  BC 874
 14 24 38.5528 -12 49 55.650   19   11 2453920.45846354 17.9 C  BC 874
 14 24 38.5446 -12 49 55.719   19   11 2453920.46000104 17.9 C  BC 874
 14 24 38.5335 -12 49 55.772   19   11 2453920.46153843 17.9 C  BC 874
 14 24 38.5246 -12 49 55.836   19   11 2453920.46308576 17.9 C  BC 874
 14 24 38.5185 -12 49 55.920   19   11 2453920.46463310 17.9 C  BC 874
 14 24 38.4879 -12 49 56.088   19   11 2453920.46924560 17.9 C  BC 874
 14 24 38.4592 -12 49 56.291   19   11 2453920.47387731 17.8 C  BC 874
 14 24 38.4534 -12 49 56.352   19   11 2453920.47541458 17.9 C  BC 874
 14 24 38.4433 -12 49 56.421   19   11 2453920.47696181 17.8 C  BC 874
 14 24 38.4339 -12 49 56.482   19   11 2453920.47850903 17.8 C  BC 874
 14 24 38.4169 -12 49 56.614   19   11 2453920.48159363 17.9 C  BC 874
 14 24 38.3898 -12 49 56.788   19   11 2453920.48621574 17.9 C  BC 874
 14 24 38.3023 -12 49 57.394   19   11 2453920.50069491 17.8 C  BC 874
 14 24 38.2920 -12 49 57.481   19   11 2453920.50223472 17.8 C  BC 874
 14 24 38.2564 -12 49 57.711   19   11 2453920.50840428 17.8 C  BC 874
 14 24 38.2357 -12 49 57.831   19   11 2453920.51147882 17.8 C  BC 874
 14 24 38.2182 -12 49 57.976   19   11 2453920.51456331 17.9 C  BC 874
 14 24 38.2100 -12 49 58.052   19   11 2453920.51610139 17.8 C  BC 874
 14 24 38.1928 -12 49 58.151   19   11 2453920.51917604 17.8 C  BC 874
 14 24 38.1733 -12 49 58.297   19   11 2453920.52227049 17.9 C  BC 874
 14 24 38.1656 -12 49 58.362   19   11 2453920.52380787 17.8 C  BC 874
 14 39 53.2363 -15 02 02.405  109   46 2453978.45940938 17.4 C  BC 874
 14 39 53.2926 -15 02 02.819  109   46 2453978.46083137 17.6 C  BC 874
 14 39 53.3766 -15 02 03.319  109   46 2453978.46367593 17.0 C  BC 874
 14 39 53.4365 -15 02 03.618  109   46 2453978.46509803 17.3 C  BC 874
 14 39 53.5454 -15 02 04.181  109   46 2453978.46796146 15.9 C  BC 874
 14 39 53.5820 -15 02 04.580  109   46 2453978.46938310 17.5 C  BC 874
 14 39 53.6910 -15 02 05.134  109   46 2453978.47222708 16.2 C  BC 874
 14 39 53.7358 -15 02 05.466  109   46 2453978.47365868 17.3 C  BC 874
 14 39 53.7803 -15 02 05.712  109   46 2453978.47508032 16.4 C  BC 874
 14 39 53.8155 -15 02 05.946  109   46 2453978.47650197 16.8 C  BC 874
 14 39 53.8828 -15 02 06.260  109   46 2453978.47792361 17.4 C  BC 874
 14 40 26.8017 -15 05 21.899   56   40 2453979.41392106 17.4 C  BC 874
 14 40 26.8577 -15 05 22.347   56   40 2453979.41583472 16.8 C  BC 874
 14 40 26.9070 -15 05 22.462   56   40 2453979.41702488 17.3 C  BC 874
 14 40 27.0253 -15 05 23.249   56   40 2453979.42060521 16.4 C  BC 874
 14 40 27.0735 -15 05 23.571   56   40 2453979.42180521 16.5 C  BC 874
 14 40 27.1992 -15 05 24.271   56   40 2453979.42537569 17.4 C  BC 874
 14 40 27.2347 -15 05 24.519   56   40 2453979.42657569 17.2 C  BC 874
 14 40 27.4023 -15 05 25.541   56   40 2453979.43133634 17.0 C  BC 874
 14 40 27.4481 -15 05 25.740   56   40 2453979.43253634 17.4 C  BC 874
 19 27 25.6517 -21 05 24.882   41   24 2454574.78289271 18.0 I  BC 874
 19 27 25.6937 -21 05 24.841   41   24 2454574.78571331 17.9 I  BC 874
 19 27 25.8105 -21 05 24.743   41   24 2454574.79414514 17.9 I  BC 874
 19 27 25.8426 -21 05 24.726   41   24 2454574.79695625 17.9 I  BC 874
 19 27 25.8851 -21 05 24.685   41   24 2454574.79977674 17.8 I  BC 874
 19 27 25.9219 -21 05 24.716   41   24 2454574.80258727 17.8 I  BC 874
 19 27 25.9937 -21 05 24.650   41   24 2454574.80821308 17.9 I  BC 874
 19 27 43.5876 -21 24 51.303   91   21 2454612.73134583 17.7 I  BC 874
 19 27 43.5422 -21 24 51.512   91   21 2454612.73444016 17.8 I  BC 874
 19 27 43.4987 -21 24 51.770   91   21 2454612.73819387 17.7 I  BC 874
 19 27 43.4654 -21 24 51.958   91   21 2454612.74066493 17.5 I  BC 874
 19 27 43.4198 -21 24 52.145   91   21 2454612.74313530 17.5 I  BC 874
 19 27 43.3859 -21 24 52.344   91   21 2454612.74560625 16.0 I  BC 874
 19 27 43.3557 -21 24 52.509   91   21 2454612.74807697 17.6 I  BC 874
 19 27 43.3093 -21 24 52.644   91   21 2454612.75055741 17.5 I  BC 874
 19 27 43.2509 -21 24 53.034   91   21 2454612.75549907 17.6 I  BC 874
 19 27 43.1991 -21 24 53.167   91   21 2454612.75796979 16.8 I  BC 874
 18 55 50.9190 -23 32 42.301   33   30 2454690.49973229 17.1 I  BC 874
 18 55 50.8724 -23 32 42.493   33   30 2454690.50258576 17.1 I  BC 874
 18 55 50.8506 -23 32 42.669   33   30 2454690.50400764 15.6 I  BC 874
 18 55 50.7267 -23 32 43.117   33   30 2454690.51128113 17.1 I  BC 874
 18 55 50.6389 -23 32 43.507   33   30 2454690.51625995 17.0 I  BC 874
 18 55 49.1919 -23 32 49.425   33   30 2454690.60335544 17.2 I  BC 874
 18 55 49.1446 -23 32 49.653   33   30 2454690.60625417 17.2 I  BC 874
 18 55 49.0694 -23 32 49.961   33   30 2454690.61051979 17.1 I  BC 874
 18 55 31.0825 -23 55 07.924   53   52 2454729.54704803 18.1 I  BC 874
 18 55 31.1075 -23 55 07.913   53   52 2454729.54898252 18.0 I  BC 874
 18 55 31.1284 -23 55 07.957   53   52 2454729.55075833 17.5 I  BC 874
 18 55 31.1525 -23 55 07.917   53   52 2454729.55253461 18.4 I  BC 874
 18 55 31.1851 -23 55 07.976   53   52 2454729.55431053 18.0 I  BC 874
 18 55 31.2438 -23 55 07.930   53   52 2454729.55786238 17.8 I  BC 874
 18 55 31.2650 -23 55 07.933   53   52 2454729.55963819 17.1 I  BC 874
 18 55 31.2903 -23 55 07.868   53   52 2454729.56141412 18.3 I  BC 874
 18 55 31.3201 -23 55 07.885   53   52 2454729.56318912 16.2 I  BC 874
 18 55 31.3746 -23 55 07.970   53   52 2454729.56688356 18.5 I  BC 874
 18 55 31.4013 -23 55 07.958   53   52 2454729.56865764 18.1 I  BC 874
 18 55 31.4325 -23 55 07.909   53   52 2454729.57043183 18.0 I  BC 874
 18 55 31.4491 -23 55 07.775   53   52 2454729.57220579 16.9 I  BC 874
 21 51 16.4196 -13 31 20.145  107   45 2455030.79565035 17.1 C  BC 874
 21 51 16.3820 -13 31 20.251  107   45 2455030.79696204 17.2 C  BC 874
 21 51 16.3480 -13 31 20.523  107   45 2455030.79827535 17.1 C  BC 874
 21 51 16.2833 -13 31 20.765  107   45 2455030.80089479 16.9 C  BC 874
 21 51 16.2019 -13 31 21.146  107   45 2455030.80483484 17.5 C  BC 874
 21 51 16.1529 -13 31 21.318  107   45 2455030.80614792 17.1 C  BC 874
 00 09 17.4638 +00 09 14.491   31   48 2455383.84000000 17.3 C  BC 874
 00 09 17.4853 +00 09 14.577   31   48 2455383.84120370 17.2 C  BC 874
 00 09 17.4943 +00 09 14.624   31   48 2455383.84180556 17.0 C  BC 874
 00 09 17.5064 +00 09 14.623   31   48 2455383.84241898 17.3 C  BC 874
 00 09 17.5215 +00 09 14.632   31   48 2455383.84362269 17.4 C  BC 874
 00 09 17.5333 +00 09 14.788   31   48 2455383.84423611 16.9 C  BC 874
 00 09 17.5414 +00 09 14.807   31   48 2455383.84483796 16.9 C  BC 874
 00 09 17.5570 +00 09 14.729   31   48 2455383.84543981 17.1 C  BC 874
