 23 58 05.8733 -02 32 15.532   26   43 2451039.47498553 17.1 R  OH 511
 23 58 05.7825 -02 32 16.463   26   43 2451039.48057627 17.1 R  OH 511
 23 58 05.7322 -02 32 16.993   26   43 2451039.48384884 17.1 R  OH 511
 23 58 05.6777 -02 32 17.565   26   43 2451039.48711088 17.1 R  OH 511
 23 58 05.6260 -02 32 17.977   26   43 2451039.49037488 17.2 R  OH 511
 23 58 05.5226 -02 32 19.064   26   43 2451039.49691111 17.3 R  OH 511
 23 58 05.4670 -02 32 19.667   26   43 2451039.50017280 17.1 R  OH 511
 23 58 05.4137 -02 32 20.202   26   43 2451039.50344525 17.3 R  OH 511
 23 58 05.3597 -02 32 20.749   26   43 2451039.50670914 17.2 R  OH 511
 23 58 05.3096 -02 32 21.299   26   43 2451039.50997315 17.3 R  OH 511
 23 58 05.1009 -02 32 23.317   26   43 2451039.52249363 17.3 R  OH 511
 01 49 27.7332 +10 21 41.510  115   39 2451460.52286238 16.1 R  OH 511
 01 49 27.2344 +10 21 39.208  115   39 2451460.53973160 16.7 R  OH 511
 01 49 27.1272 +10 21 38.795  115   39 2451460.54346400 16.5 R  OH 511
 01 49 26.9563 +10 21 38.013  115   39 2451460.54875683 16.0 R  OH 511
 01 49 26.8529 +10 21 37.527  115   39 2451460.55249282 16.4 R  OH 511
 01 49 26.7625 +10 21 37.060  115   39 2451460.55623681 16.5 R  OH 511
 01 49 26.6427 +10 21 36.585  115   39 2451460.55998241 16.5 R  OH 511
 01 49 26.5351 +10 21 36.094  115   39 2451460.56372245 16.5 R  OH 511
 01 48 02.9821 +10 15 12.473   55   17 2451463.45505139 16.3 R  OH 511
 01 48 02.8595 +10 15 11.935   55   17 2451463.45923183 16.2 R  OH 511
 01 48 02.7047 +10 15 11.215   55   17 2451463.46441921 16.3 R  OH 511
 01 48 02.5919 +10 15 10.725   55   17 2451463.46815266 16.2 R  OH 511
 01 48 02.4872 +10 15 10.236   55   17 2451463.47189144 16.4 R  OH 511
 01 48 02.3715 +10 15 09.706   55   17 2451463.47562442 16.4 R  OH 511
 01 48 02.2624 +10 15 09.222   55   17 2451463.47936331 16.3 R  OH 511
 01 48 01.5837 +10 15 06.193   55   17 2451463.50168310 16.4 R  OH 511
 01 48 01.4417 +10 15 05.533   55   17 2451463.50652222 16.4 R  OH 511
 01 48 01.3084 +10 15 04.915   55   17 2451463.51118576 16.4 R  OH 511
 01 34 08.1286 +09 10 46.926   30   29 2451492.33885671 16.7 R  OH 511
 01 34 08.0365 +09 10 46.463   30   29 2451492.34227488 16.7 R  OH 511
 01 34 07.9067 +09 10 45.845   30   29 2451492.34732975 16.8 R  OH 511
 01 34 07.7517 +09 10 45.176   30   29 2451492.35343148 16.8 R  OH 511
 01 34 07.6388 +09 10 44.724   30   29 2451492.35768634 16.8 R  OH 511
 01 34 07.5238 +09 10 44.230   30   29 2451492.36209167 16.8 R  OH 511
 01 34 07.4167 +09 10 43.730   30   29 2451492.36611921 16.8 R  OH 511
 01 34 07.3033 +09 10 43.211   30   29 2451492.37064387 16.8 R  OH 511
 01 34 07.1757 +09 10 42.618   30   29 2451492.37553252 16.8 R  OH 511
 01 34 07.0932 +09 10 42.284   30   29 2451492.37879826 16.8 R  OH 511
 01 34 07.0045 +09 10 41.904   30   29 2451492.38206042 16.8 R  OH 511
 01 34 06.9217 +09 10 41.534   30   29 2451492.38532986 16.8 R  OH 511
 01 27 08.9700 +08 41 01.179  101   58 2451514.39978495 16.9 R  OH 511
 01 27 08.9249 +08 41 00.839  101   58 2451514.40476215 16.9 R  OH 511
 01 27 08.8736 +08 41 00.673  101   58 2451514.40897975 16.9 R  OH 511
 01 27 08.8474 +08 41 00.609  101   58 2451514.41109016 16.9 R  OH 511
 01 27 08.8227 +08 41 00.520  101   58 2451514.41320428 16.9 R  OH 511
 01 26 46.8194 +08 39 48.005   28   88 2451516.45590868 17.0 R  OH 511
 01 26 46.8009 +08 39 47.980   28   88 2451516.45824896 16.9 R  OH 511
 01 26 46.7479 +08 39 47.993   28   88 2451516.46299144 16.8 R  OH 511
 01 26 46.7253 +08 39 47.829   28   88 2451516.46533403 16.7 R  OH 511
 01 26 46.7018 +08 39 47.583   28   88 2451516.46767257 16.7 R  OH 511
 01 26 46.6756 +08 39 47.553   28   88 2451516.47000833 16.7 R  OH 511
 01 26 46.6498 +08 39 47.583   28   88 2451516.47235683 16.6 R  OH 511
 01 26 46.6267 +08 39 47.409   28   88 2451516.47470104 16.6 R  OH 511
 01 26 46.6030 +08 39 47.272   28   88 2451516.47717917 16.7 R  OH 511
 01 26 37.3268 +08 39 19.185   27   39 2451517.44712245 16.9 R  OH 511
 01 26 37.3051 +08 39 19.243   27   39 2451517.44971667 16.7 R  OH 511
 01 26 37.2509 +08 39 19.027   27   39 2451517.45494282 16.9 R  OH 511
 01 26 37.2271 +08 39 18.971   27   39 2451517.45762535 16.9 R  OH 511
 01 26 37.1998 +08 39 18.874   27   39 2451517.46031123 16.9 R  OH 511
 01 26 37.1711 +08 39 18.789   27   39 2451517.46299329 17.0 R  OH 511
 01 26 37.1473 +08 39 18.699   27   39 2451517.46567720 16.9 R  OH 511
 01 26 37.1204 +08 39 18.702   27   39 2451517.46837361 17.0 R  OH 511
 01 26 37.0937 +08 39 18.585   27   39 2451517.47106505 17.0 R  OH 511
 01 26 07.8509 +08 38 08.022   29   11 2451521.29544363 16.9 R  OH 511
 01 26 07.8011 +08 38 07.955   29   11 2451521.30274884 16.9 R  OH 511
 01 26 07.7574 +08 38 07.875   29   11 2451521.30919051 16.9 R  OH 511
 01 26 07.7067 +08 38 07.799   29   11 2451521.31625324 16.9 R  OH 511
 01 26 07.6615 +08 38 07.749   29   11 2451521.32373982 16.8 R  OH 511
 04 14 42.2306 +18 57 40.558   23   11 2451873.45415625 16.9 R  OH 511
 04 14 42.1431 +18 57 40.375   23   11 2451873.45650035 16.9 R  OH 511
 04 14 42.0501 +18 57 40.165   23   11 2451873.45884583 16.9 R  OH 511
 04 14 41.9597 +18 57 39.968   23   11 2451873.46119491 16.9 R  OH 511
 04 14 41.8716 +18 57 39.775   23   11 2451873.46353518 16.9 R  OH 511
 07 05 28.8191 +23 26 53.293   16   10 2452235.50563183 17.3 R  OH 511
 07 05 28.7589 +23 26 53.546   16   10 2452235.51003079 17.3 R  OH 511
 07 05 28.7265 +23 26 53.682   16   10 2452235.51239306 17.3 R  OH 511
 07 05 28.6922 +23 26 53.803   16   10 2452235.51474873 17.3 R  OH 511
 07 05 28.6607 +23 26 53.933   16   10 2452235.51710579 17.3 R  OH 511
 07 05 28.6283 +23 26 54.063   16   10 2452235.51946146 17.3 R  OH 511
 07 05 28.5949 +23 26 54.219   16   10 2452235.52181400 17.3 R  OH 511
 07 05 28.5652 +23 26 54.343   16   10 2452235.52417049 17.3 R  OH 511
 07 05 28.5339 +23 26 54.455   16   10 2452235.52652627 17.3 R  OH 511
 07 05 28.5001 +23 26 54.577   16   10 2452235.52887662 17.3 R  OH 511
 06 55 50.7770 +23 53 23.174   13   12 2452261.42368484 17.0 R  OH 511
 06 55 50.6799 +23 53 23.375   13   12 2452261.42696817 16.9 R  OH 511
 06 55 50.5808 +23 53 23.620   13   12 2452261.43024375 16.9 R  OH 511
 06 55 50.4795 +23 53 23.816   13   12 2452261.43352650 17.0 R  OH 511
 06 55 50.3813 +23 53 24.053   13   12 2452261.43680208 16.9 R  OH 511
 06 55 50.2338 +23 53 24.359   13   12 2452261.44168148 17.0 R  OH 511
 06 55 50.1358 +23 53 24.569   13   12 2452261.44495498 16.9 R  OH 511
 06 55 50.0354 +23 53 24.784   13   12 2452261.44822812 17.0 R  OH 511
 06 55 49.9353 +23 53 25.013   13   12 2452261.45151007 17.0 R  OH 511
 06 55 49.8386 +23 53 25.222   13   12 2452261.45478333 17.0 R  OH 511
 06 54 14.8324 +23 56 40.972   37   13 2452264.59511053 16.8 R  OH 511
 06 54 14.6925 +23 56 41.227   37   13 2452264.59938333 16.7 R  OH 511
 06 54 14.6199 +23 56 41.355   37   13 2452264.60173368 16.7 R  OH 511
 06 54 14.5442 +23 56 41.493   37   13 2452264.60408854 16.8 R  OH 511
 06 54 14.4726 +23 56 41.626   37   13 2452264.60644039 16.8 R  OH 511
 06 54 14.3956 +23 56 41.755   37   13 2452264.60879271 16.8 R  OH 511
 06 43 08.6300 +24 14 54.721   25   18 2452285.41196088 16.8 R  OH 511
 06 43 08.5308 +24 14 54.880   25   18 2452285.41495231 16.9 R  OH 511
 06 43 08.4607 +24 14 54.972   25   18 2452285.41730660 16.8 R  OH 511
 06 43 08.3858 +24 14 55.080   25   18 2452285.41966100 16.8 R  OH 511
 06 43 08.3087 +24 14 55.169   25   18 2452285.42201863 16.9 R  OH 511
 06 43 08.2332 +24 14 55.282   25   18 2452285.42437685 16.8 R  OH 511
 06 43 08.1548 +24 14 55.381   25   18 2452285.42672384 16.9 R  OH 511
 06 43 08.0805 +24 14 55.488   25   18 2452285.42907639 16.8 R  OH 511
 06 43 08.0063 +24 14 55.601   25   18 2452285.43143449 16.8 R  OH 511
 06 43 07.9304 +24 14 55.657   25   18 2452285.43378854 16.8 R  OH 511
 06 31 30.8218 +24 24 51.920   31   56 2452313.48213079 17.3 R  OH 511
 06 31 30.7508 +24 24 52.024   31   56 2452313.48668796 17.2 R  OH 511
 06 31 30.6956 +24 24 52.028   31   56 2452313.48996863 17.2 R  OH 511
 06 31 30.6446 +24 24 52.044   31   56 2452313.49325243 17.2 R  OH 511
 06 31 30.5861 +24 24 52.061   31   56 2452313.49652847 17.2 R  OH 511
 06 31 16.4136 +24 24 53.753   16   35 2452314.40899676 17.0 R  OH 511
 06 31 16.3544 +24 24 53.818   16   35 2452314.41267824 17.0 R  OH 511
 06 31 16.2408 +24 24 53.762   16   35 2452314.41973322 17.1 R  OH 511
 06 34 39.4459 +24 06 06.334   64   22 2452362.34777431 17.6 R  OH 511
 06 34 39.5208 +24 06 06.232   64   22 2452362.35082072 18.2 R  OH 511
 06 34 39.5787 +24 06 06.043   64   22 2452362.35387083 16.5 R  OH 511
 06 34 39.7138 +24 06 05.745   64   22 2452362.35998345 17.7 R  OH 511
 09 10 38.2761 +15 56 38.805   32   25 2452637.62589803 17.0 R  OH 511
 09 10 38.1615 +15 56 39.440   32   25 2452637.63178437 17.0 R  OH 511
 09 10 38.1016 +15 56 39.709   32   25 2452637.63483542 17.0 R  OH 511
 09 10 38.0421 +15 56 39.982   32   25 2452637.63788484 17.1 R  OH 511
 09 10 37.9761 +15 56 40.326   32   25 2452637.64093414 17.0 R  OH 511
 09 10 18.1560 +15 58 23.492   38   18 2452638.64887315 16.9 R  OH 511
 09 10 18.0760 +15 58 23.907   38   18 2452638.65294792 17.0 R  OH 511
 09 10 18.0045 +15 58 24.274   38   18 2452638.65622106 17.0 R  OH 511
 09 10 17.8719 +15 58 24.921   38   18 2452638.66277998 16.9 R  OH 511
 09 10 17.8063 +15 58 25.245   38   18 2452638.66606042 17.0 R  OH 511
 09 10 17.7361 +15 58 25.584   38   18 2452638.66933403 16.9 R  OH 511
 09 10 17.6681 +15 58 25.929   38   18 2452638.67261065 16.9 R  OH 511
 09 10 17.6031 +15 58 26.242   38   18 2452638.67589248 16.9 R  OH 511
 09 10 17.5396 +15 58 26.624   38   18 2452638.67916736 16.9 R  OH 511
 09 10 17.4629 +15 58 26.969   38   18 2452638.68244063 16.9 R  OH 511
 09 03 51.1699 +16 31 18.398   24   27 2452654.46125324 17.4 R  OH 511
 09 03 51.0580 +16 31 19.006   24   27 2452654.46520868 17.4 R  OH 511
 09 03 51.0056 +16 31 19.211   24   27 2452654.46689850 17.4 R  OH 511
 09 03 50.9619 +16 31 19.451   24   27 2452654.46855069 17.4 R  OH 511
 09 03 50.9131 +16 31 19.648   24   27 2452654.47020521 17.4 R  OH 511
 09 03 50.8629 +16 31 19.902   24   27 2452654.47186204 17.5 R  OH 511
 09 03 50.8150 +16 31 20.194   24   27 2452654.47352176 17.4 R  OH 511
 08 36 03.7110 +18 53 08.527   12   14 2452724.31175301 17.5 R  OH 511
 08 36 03.6786 +18 53 08.784   12   14 2452724.31796725 17.3 R  OH 511
 08 36 03.3362 +18 53 11.745   12   14 2452724.38682685 17.3 R  OH 511
 08 36 03.3186 +18 53 11.893   12   14 2452724.39068738 17.3 R  OH 511
 08 36 03.2980 +18 53 12.073   12   14 2452724.39454190 17.3 R  OH 511
 08 36 03.2788 +18 53 12.243   12   14 2452724.39839803 17.2 R  OH 511
 08 35 56.2545 +18 54 32.207   20   53 2452726.38473900 17.3 R  OH 511
 08 35 56.2417 +18 54 32.398   20   53 2452726.38859931 17.4 R  OH 511
 08 35 56.2072 +18 54 32.701   20   53 2452726.40016215 16.9 R  OH 511
 08 35 56.1949 +18 54 33.020   20   53 2452726.40401366 17.2 R  OH 511
 08 35 56.1462 +18 54 33.379   20   53 2452726.41822650 16.3 R  OH 511
 08 35 56.1339 +18 54 33.545   20   53 2452726.42207905 17.3 R  OH 511
 08 35 56.1212 +18 54 33.646   20   53 2452726.42593970 17.9 R  OH 511
 08 35 56.1101 +18 54 33.829   20   53 2452726.42979329 17.4 R  OH 511
 08 35 56.0975 +18 54 33.984   20   53 2452726.43364572 17.3 R  OH 511
 08 35 56.0830 +18 54 34.151   20   53 2452726.43750336 16.9 R  OH 511
 11 00 17.7422 +09 05 19.426   58   77 2453090.55997801 17.4 R  OH 511
 11 00 17.5168 +09 05 20.651   58   77 2453090.56792558 17.5 R  OH 511
 11 00 17.3791 +09 05 21.223   58   77 2453090.57292326 17.6 R  OH 511
 11 00 17.2722 +09 05 21.744   58   77 2453090.57666620 17.3 R  OH 511
 11 00 17.1666 +09 05 22.182   58   77 2453090.58041088 17.4 R  OH 511
 11 00 17.0611 +09 05 22.928   58   77 2453090.58416123 17.7 R  OH 511
 11 00 16.8541 +09 05 23.958   58   77 2453090.59165243 17.6 R  OH 511
 11 00 16.7599 +09 05 24.435   58   77 2453090.59540486 17.5 R  OH 511
 10 51 24.0440 +09 45 32.625   25   14 2453115.36683299 16.5 R  OH 511
 10 51 23.9253 +09 45 33.018   25   14 2453115.37462535 16.4 R  OH 511
 10 51 23.8829 +09 45 33.150   25   14 2453115.37767095 16.4 R  OH 511
 10 51 23.8390 +09 45 33.264   25   14 2453115.38072269 16.4 R  OH 511
 10 51 23.7916 +09 45 33.441   25   14 2453115.38377083 16.3 R  OH 511
 10 51 23.7437 +09 45 33.553   25   14 2453115.38682222 16.3 R  OH 511
 10 51 23.6992 +09 45 33.706   25   14 2453115.38987407 16.4 R  OH 511
 10 51 23.6520 +09 45 33.836   25   14 2453115.39292685 16.3 R  OH 511
 10 51 10.1796 +09 46 15.948   19   35 2453116.34490648 16.0 R  OH 511
 10 51 10.0769 +09 46 16.122   19   35 2453116.35188576 16.5 R  OH 511
 10 51 10.0305 +09 46 16.320   19   35 2453116.35517234 16.6 R  OH 511
 10 51 09.9843 +09 46 16.446   19   35 2453116.35845972 16.6 R  OH 511
 10 51 09.9339 +09 46 16.603   19   35 2453116.36174387 16.6 R  OH 511
 10 51 09.8897 +09 46 16.708   19   35 2453116.36502697 16.8 R  OH 511
 10 51 09.8413 +09 46 16.869   19   35 2453116.36831042 16.6 R  OH 511
 10 51 09.7935 +09 46 17.015   19   35 2453116.37159606 16.6 R  OH 511
 10 51 09.7486 +09 46 17.101   19   35 2453116.37488137 16.6 R  OH 511
 10 48 55.2409 +09 38 57.588   54   74 2453143.40866238 17.7 R  OH 511
 10 48 55.2667 +09 38 57.197   54   74 2453143.41269549 17.5 R  OH 511
 10 48 55.2713 +09 38 56.942   54   74 2453143.41575197 17.7 R  OH 511
 10 48 55.2829 +09 38 56.794   54   74 2453143.41880023 17.6 R  OH 511
 10 48 55.2955 +09 38 56.492   54   74 2453143.42184907 17.4 R  OH 511
 10 48 55.3045 +09 38 56.327   54   74 2453143.42489977 16.8 R  OH 511
 10 48 55.3123 +09 38 56.209   54   74 2453143.42794734 17.6 R  OH 511
 10 48 55.3308 +09 38 55.889   54   74 2453143.43099792 17.4 R  OH 511
 10 48 55.3319 +09 38 55.792   54   74 2453143.43404641 17.7 R  OH 511
 10 48 55.3475 +09 38 55.362   54   74 2453143.43710336 17.6 R  OH 511
 10 48 55.3613 +09 38 55.116   54   74 2453143.44015266 16.9 R  OH 511
 10 49 15.4042 +09 33 42.555   92   77 2453147.33850660 17.6 R  OH 511
 10 49 15.4144 +09 33 41.929   92   77 2453147.34346227 18.0 R  OH 511
 10 49 15.5809 +09 33 39.645   92   77 2453147.36987407 17.2 R  OH 511
 10 49 15.6001 +09 33 39.353   92   77 2453147.37292280 17.4 R  OH 511
 10 49 15.6155 +09 33 39.136   92   77 2453147.37597338 17.3 R  OH 511
 10 49 15.6373 +09 33 38.809   92   77 2453147.37902639 17.2 R  OH 511
 10 49 15.6575 +09 33 38.505   92   77 2453147.38207581 17.6 R  OH 511
 10 49 15.7007 +09 33 37.884   92   77 2453147.39123113 16.2 R  OH 511
 13 07 22.1707 -06 07 34.864   40   26 2453437.52715590 17.6 R  OH 511
 13 07 22.0960 -06 07 34.260   40   26 2453437.53137338 17.6 R  OH 511
 13 07 22.0395 -06 07 33.818   40   26 2453437.53441968 17.5 R  OH 511
 13 07 21.9793 -06 07 33.399   40   26 2453437.53747049 17.6 R  OH 511
 13 07 21.9180 -06 07 32.967   40   26 2453437.54052373 17.4 R  OH 511
 13 07 21.8663 -06 07 32.515   40   26 2453437.54357662 17.6 R  OH 511
 13 07 21.8040 -06 07 32.018   40   26 2453437.54663090 17.5 R  OH 511
 13 07 21.7518 -06 07 31.592   40   26 2453437.54967778 17.5 R  OH 511
 13 07 21.6897 -06 07 31.180   40   26 2453437.55272731 17.5 R  OH 511
 13 06 24.7829 -06 00 08.927   38   32 2453440.54013611 17.5 R  OH 511
 13 06 24.6804 -06 00 08.171   38   32 2453440.54510185 17.5 R  OH 511
 13 06 24.6187 -06 00 07.660   38   32 2453440.54815405 17.5 R  OH 511
 13 06 24.5533 -06 00 07.236   38   32 2453440.55120093 17.5 R  OH 511
 13 06 24.4915 -06 00 06.696   38   32 2453440.55425104 17.5 R  OH 511
 13 06 24.4264 -06 00 06.268   38   32 2453440.55729954 17.4 R  OH 511
 13 06 24.3696 -06 00 05.797   38   32 2453440.56035255 17.3 R  OH 511
 13 06 24.3051 -06 00 05.291   38   32 2453440.56340394 17.5 R  OH 511
 13 06 24.2389 -06 00 04.894   38   32 2453440.56645231 17.5 R  OH 511
 12 53 00.6447 -04 20 55.683  100   45 2453473.54714213 16.5 R  OH 511
 12 53 00.5240 -04 20 54.702  100   45 2453473.55226713 16.0 R  OH 511
 12 53 00.4160 -04 20 53.863  100   45 2453473.55647280 16.1 R  OH 511
 12 53 00.2937 -04 20 53.069  100   45 2453473.56068576 16.1 R  OH 511
 12 53 00.1956 -04 20 52.299  100   45 2453473.56489062 16.3 R  OH 511
 12 45 10.0856 -03 23 50.196   32   16 2453494.44561319 17.0 R  OH 511
 12 45 09.9533 -03 23 49.287   32   16 2453494.45229259 17.0 R  OH 511
 12 45 09.8759 -03 23 48.759   32   16 2453494.45649861 17.0 R  OH 511
 12 45 09.7960 -03 23 48.163   32   16 2453494.46071331 17.0 R  OH 511
 12 45 09.7153 -03 23 47.616   32   16 2453494.46492546 17.0 R  OH 511
 12 45 09.6367 -03 23 47.028   32   16 2453494.46913935 17.0 R  OH 511
 12 45 09.5532 -03 23 46.459   32   16 2453494.47335104 17.0 R  OH 511
 12 45 09.4723 -03 23 45.899   32   16 2453494.47756678 17.0 R  OH 511
 12 42 45.9309 -03 06 04.554   29   29 2453503.39954653 17.7 R  OH 511
 12 42 45.8481 -03 06 03.990   29   29 2453503.40531227 17.7 R  OH 511
 12 42 45.7868 -03 06 03.475   29   29 2453503.40976574 17.6 R  OH 511
 12 42 45.7264 -03 06 03.102   29   29 2453503.41422176 17.7 R  OH 511
 12 42 45.6645 -03 06 02.651   29   29 2453503.41868067 17.7 R  OH 511
 12 42 45.5992 -03 06 02.171   29   29 2453503.42313426 17.7 R  OH 511
 12 42 45.5347 -03 06 01.739   29   29 2453503.42758171 17.7 R  OH 511
 12 42 45.4723 -03 06 01.246   29   29 2453503.43202928 17.6 R  OH 511
 14 37 21.5120 -13 10 16.628  119   57 2453880.40388056 16.3 R  OH 511
 14 37 21.3870 -13 10 16.174  119   57 2453880.40796470 16.4 R  OH 511
 14 37 20.6414 -13 10 13.996  119   57 2453880.43208704 16.2 R  OH 511
 14 37 20.5218 -13 10 13.643  119   57 2453880.43594456 16.4 R  OH 511
 14 37 20.3836 -13 10 13.359  119   57 2453880.43980150 15.9 R  OH 511
