 17 24 49.2276 -22 47 25.422   25   25 2454208.64438137 18.2 U  Z  874
 17 24 49.2195 -22 47 25.370   25   25 2454208.64547326 18.1 U  Z  874
 17 24 49.2085 -22 47 25.350   25   25 2454208.64655509 18.2 U  Z  874
 17 24 49.2010 -22 47 25.296   25   25 2454208.64763750 18.2 U  Z  874
 17 24 49.1929 -22 47 25.336   25   25 2454208.64871910 18.3 U  Z  874
 17 24 49.1865 -22 47 25.247   25   25 2454208.64980046 18.2 U  Z  874
 17 24 49.1751 -22 47 25.274   25   25 2454208.65088229 18.4 U  Z  874
 17 24 49.1654 -22 47 25.238   25   25 2454208.65196377 18.4 U  Z  874
 17 24 49.1633 -22 47 25.163   25   25 2454208.65304560 18.4 U  Z  874
 17 24 49.1502 -22 47 25.167   25   25 2454208.65412743 18.2 U  Z  874
 17 24 49.1347 -22 47 25.077   25   25 2454208.65631065 18.1 U  Z  874
