 19 06 20.8891 -22 28 17.309   16    8 2450256.60480324 18.2 C  PE 874
 19 06 20.7627 -22 28 17.388   16    8 2450256.60846065 18.1 C  PE 874
 19 06 20.6615 -22 28 17.454   16    8 2450256.61138889 18.1 C  PE 874
 19 06 20.5624 -22 28 17.498   16    8 2450256.61431713 18.1 C  PE 874
 18 45 37.9322 -22 43 06.685   52   52 2450289.55085937 18.3 un PE 874
 18 45 37.8570 -22 43 06.884   52   52 2450289.55296493 18.2 un PE 874
 18 45 37.8354 -22 43 06.864   52   52 2450289.55356690 18.3 un PE 874
 18 45 37.7631 -22 43 06.961   52   52 2450289.55537234 18.3 un PE 874
 18 45 37.7141 -22 43 07.005   52   52 2450289.55657569 18.3 un PE 874
 18 44 58.4129 -22 43 45.109   63   40 2450290.64397222 17.6 un PE 874
 18 44 58.3957 -22 43 45.065   63   40 2450290.64457431 18.4 un PE 874
 18 44 58.3708 -22 43 45.052   63   40 2450290.64517627 18.3 un PE 874
 18 44 58.3316 -22 43 45.113   63   40 2450290.64636759 17.0 un PE 874
 18 44 58.3146 -22 43 45.103   63   40 2450290.64698113 18.1 un PE 874
 18 44 58.2901 -22 43 45.131   63   40 2450290.64758380 18.4 un PE 874
 18 44 58.2700 -22 43 45.126   63   40 2450290.64818519 16.7 un PE 874
 21 13 26.8445 -17 36 44.949   56   53 2450674.61259259 17.0 un PE 874
 21 13 26.7534 -17 36 45.433   56   53 2450674.61582176 17.5 un PE 874
 21 13 23.7013 -17 37 00.579   56   53 2450674.72437500 17.6 un PE 874
 21 13 23.6140 -17 37 01.005   56   53 2450674.72760417 17.8 un PE 874
 21 12 59.2974 -17 39 07.368   40   20 2450675.62665509 18.2 un PE 874
 21 12 59.1123 -17 39 08.271   40   20 2450675.63348380 18.1 un PE 874
 21 12 56.7964 -17 39 19.745   40   20 2450675.71663194 18.1 un PE 874
 21 12 56.7039 -17 39 20.203   40   20 2450675.71987269 18.0 un PE 874
 18 52 26.1133 -22 59 20.994   20    6 2454729.49268218 18.2 I  PE 874
 18 52 26.1228 -22 59 21.029   20    6 2454729.49422118 19.1 I  PE 874
 18 52 26.1372 -22 59 21.119   20    6 2454729.49732037 18.9 I  PE 874
 18 52 26.1448 -22 59 21.165   20    6 2454729.49886887 19.2 I  PE 874
 18 52 26.1594 -22 59 21.258   20    6 2454729.50195521 18.8 I  PE 874
 18 52 26.1673 -22 59 21.290   20    6 2454729.50349306 19.1 I  PE 874
 18 52 26.1780 -22 59 21.391   20    6 2454729.50656875 19.1 I  PE 874
 18 52 55.0442 -23 01 13.312   23   17 2454733.47919757 18.9 I  PE 874
 18 52 55.0735 -23 01 13.389   23   17 2454733.48263507 17.4 I  PE 874
 18 52 55.1027 -23 01 13.464   23   17 2454733.48604815 19.0 I  PE 874
 18 52 55.1343 -23 01 13.559   23   17 2454733.48946065 19.4 I  PE 874
 18 52 55.1638 -23 01 13.601   23   17 2454733.49288507 17.5 I  PE 874
 00 05 04.4291 -01 15 04.383   14   16 2455367.78717593 18.7 R  PE 874
 00 05 04.4831 -01 15 04.057   14   16 2455367.78953704 18.8 R  PE 874
 00 05 04.5076 -01 15 03.874   14   16 2455367.79071759 18.8 R  PE 874
 00 05 04.5346 -01 15 03.709   14   16 2455367.79189815 18.7 R  PE 874
 00 05 04.5599 -01 15 03.541   14   16 2455367.79309028 18.6 R  PE 874
 00 05 04.6146 -01 15 03.218   14   16 2455367.79545139 18.7 R  PE 874
 00 05 04.6681 -01 15 02.831   14   16 2455367.79781250 18.8 R  PE 874
 00 05 04.6931 -01 15 02.655   14   16 2455367.79900463 18.7 R  PE 874
 00 05 04.7193 -01 15 02.506   14   16 2455367.80018519 18.7 R  PE 874
 00 05 04.7456 -01 15 02.359   14   16 2455367.80136574 18.6 R  PE 874
 00 05 04.7729 -01 15 02.163   14   16 2455367.80255787 18.7 R  PE 874
 00 05 04.7997 -01 15 01.994   14   16 2455367.80373843 18.8 R  PE 874
 00 05 04.8266 -01 15 01.850   14   16 2455367.80491898 18.8 R  PE 874
 00 05 04.8510 -01 15 01.671   14   16 2455367.80609954 18.9 R  PE 874
 00 05 04.8793 -01 15 01.482   14   16 2455367.80728009 18.7 R  PE 874
 00 05 04.9040 -01 15 01.346   14   16 2455367.80847222 18.7 R  PE 874
 00 05 04.9301 -01 15 01.144   14   16 2455367.80965278 18.6 R  PE 874
