 17 16 55.6495 -22 47 31.850   20   13 2454208.63043472 15.9 U  Z  874
 17 16 55.6415 -22 47 31.868   20   13 2454208.63117049 15.9 U  Z  874
 17 16 55.6366 -22 47 31.862   20   13 2454208.63190463 15.9 U  Z  874
 17 16 55.6347 -22 47 31.866   20   13 2454208.63263900 15.9 U  Z  874
 17 16 55.6289 -22 47 31.853   20   13 2454208.63337373 15.9 U  Z  874
 17 16 55.6247 -22 47 31.893   20   13 2454208.63410822 15.9 U  Z  874
 17 16 55.6157 -22 47 31.897   20   13 2454208.63484282 16.0 U  Z  874
 17 16 55.6149 -22 47 31.883   20   13 2454208.63528356 15.9 U  Z  874
 17 16 55.6090 -22 47 31.896   20   13 2454208.63601806 15.9 U  Z  874
 17 16 55.6047 -22 47 31.907   20   13 2454208.63676250 15.9 U  Z  874
 16 31 57.7225 -21 00 25.730   22   10 2454337.53887500 15.7 C  Z  874
 16 31 57.7357 -21 00 25.765   22   10 2454337.53966042 15.5 C  Z  874
 16 31 57.7470 -21 00 25.810   22   10 2454337.54045579 15.7 C  Z  874
 16 31 57.7578 -21 00 25.868   22   10 2454337.54125116 15.7 C  Z  874
 16 31 57.7802 -21 00 25.960   22   10 2454337.54282199 15.7 C  Z  874
 16 31 57.7928 -21 00 25.982   22   10 2454337.54360752 15.7 C  Z  874
 16 31 57.8039 -21 00 26.019   22   10 2454337.54440289 15.7 C  Z  874
 16 31 57.8112 -21 00 26.072   22   10 2454337.54519815 15.8 C  Z  874
 16 31 57.8231 -21 00 26.141   22   10 2454337.54598357 15.8 C  Z  874
 16 31 57.8326 -21 00 26.165   22   10 2454337.54676898 15.7 C  Z  874
 16 31 57.8443 -21 00 26.218   22   10 2454337.54755417 15.5 C  Z  874
 16 31 57.8552 -21 00 26.247   22   10 2454337.54834954 15.7 C  Z  874
 16 31 57.8662 -21 00 26.288   22   10 2454337.54914479 15.7 C  Z  874
 16 31 57.8795 -21 00 26.337   22   10 2454337.54992998 15.8 C  Z  874
 16 31 57.8880 -21 00 26.364   22   10 2454337.55071551 15.7 C  Z  874
 16 31 57.8984 -21 00 26.434   22   10 2454337.55150116 15.7 C  Z  874
 16 31 57.9077 -21 00 26.462   22   10 2454337.55229641 15.8 C  Z  874
 16 31 57.9222 -21 00 26.503   22   10 2454337.55309178 15.7 C  Z  874
 16 31 57.9295 -21 00 26.548   22   10 2454337.55387720 15.7 C  Z  874
 19 30 43.0921 -21 21 12.452   25   16 2454574.77724884 15.8 R  Z  874
 19 30 43.1100 -21 21 12.421   25   16 2454574.77869294 15.7 R  Z  874
 19 30 43.1223 -21 21 12.402   25   16 2454574.78013715 15.7 R  Z  874
 19 30 43.1574 -21 21 12.291   25   16 2454574.78303553 15.7 R  Z  874
 19 30 43.1716 -21 21 12.306   25   16 2454574.78447975 15.8 R  Z  874
 19 30 43.1894 -21 21 12.234   25   16 2454574.78592315 15.8 R  Z  874
 19 30 43.2020 -21 21 12.204   25   16 2454574.78736713 15.9 R  Z  874
 19 30 43.2195 -21 21 12.175   25   16 2454574.78881134 15.8 R  Z  874
 19 30 43.2374 -21 21 12.118   25   16 2454574.79025243 15.8 R  Z  874
 19 30 43.2716 -21 21 12.053   25   16 2454574.79337882 15.0 R  Z  874
 19 30 43.2978 -21 21 12.006   25   16 2454574.79626713 15.7 R  Z  874
 19 31 40.8823 -21 25 02.027   56   56 2454601.64209491 15.5 R  Z  874
 19 31 40.8408 -21 25 02.227   56   56 2454601.64714120 15.5 R  Z  874
 19 31 40.8199 -21 25 02.354   56   56 2454601.65083333 15.7 R  Z  874
 19 31 40.8038 -21 25 02.587   56   56 2454601.65335648 15.5 R  Z  874
 19 31 40.7613 -21 25 02.652   56   56 2454601.65774306 15.6 R  Z  874
 19 31 40.7648 -21 25 02.614   56   56 2454601.65831019 15.6 R  Z  874
 19 31 40.7496 -21 25 02.858   56   56 2454601.66054398 15.4 R  Z  874
 19 31 40.7430 -21 25 02.920   56   56 2454601.66109954 15.5 R  Z  874
 19 31 40.7338 -21 25 02.904   56   56 2454601.66165509 15.6 R  Z  874
 19 31 40.7262 -21 25 02.870   56   56 2454601.66277778 15.6 R  Z  874
 19 31 40.7158 -21 25 02.980   56   56 2454601.66390046 15.7 R  Z  874
 19 31 40.7184 -21 25 02.975   56   56 2454601.66445602 14.1 R  Z  874
 19 31 40.7110 -21 25 03.050   56   56 2454601.66501157 15.4 R  Z  874
 19 31 40.6945 -21 25 03.070   56   56 2454601.66613426 15.5 R  Z  874
 19 31 40.6840 -21 25 03.049   56   56 2454601.66781250 15.5 R  Z  874
 19 31 40.6824 -21 25 03.185   56   56 2454601.66836806 15.6 R  Z  874
