 19 19 20.8072 -21 25 43.899   31   42 2448782.79875000 19.1 un PE 874
 19 19 20.8072 -21 25 43.899   31   42 2448782.79875000 19.1 un PE 874
 19 19 20.6706 -21 25 44.218   31   42 2448782.82091435 19.5 un PE 874
 19 19 20.6706 -21 25 44.218   31   42 2448782.82091435 19.5 un PE 874
 19 45 19.2848 -20 40 10.838   12   20 2449905.66420139 18.9 C  PE 874
 19 45 19.2585 -20 40 10.934   12   20 2449905.66857639 18.9 C  PE 874
 19 45 19.2298 -20 40 10.969   12   20 2449905.67321759 19.0 C  PE 874
 19 45 19.2000 -20 40 11.069   12   20 2449905.67787037 18.9 C  PE 874
 19 45 19.1697 -20 40 11.152   12   20 2449905.68253472 18.9 C  PE 874
 19 45 19.1359 -20 40 11.227   12   20 2449905.68795139 18.7 C  PE 874
 19 45 19.0998 -20 40 11.332   12   20 2449905.69365741 18.8 C  PE 874
 19 45 19.0282 -20 40 11.522   12   20 2449905.70503472 18.6 C  PE 874
 19 45 18.9914 -20 40 11.582   12   20 2449905.71055556 18.5 C  PE 874
 19 45 18.9529 -20 40 11.660   12   20 2449905.71657407 18.8 C  PE 874
 19 44 54.1642 -20 41 13.219   20   32 2449909.65546296 18.6 C  PE 874
 19 44 54.1346 -20 41 13.325   20   32 2449909.65997685 18.5 C  PE 874
 19 44 54.0654 -20 41 13.457   20   32 2449909.67093750 18.5 C  PE 874
 19 44 54.0339 -20 41 13.519   20   32 2449909.67567130 18.4 C  PE 874
 19 44 54.0046 -20 41 13.625   20   32 2449909.68041667 18.5 C  PE 874
 19 44 53.9734 -20 41 13.641   20   32 2449909.68512731 18.8 C  PE 874
 19 44 53.9429 -20 41 13.711   20   32 2449909.68983796 18.5 C  PE 874
 19 44 53.9080 -20 41 13.782   20   32 2449909.69462963 18.8 C  PE 874
 19 38 38.2623 -20 58 00.874   29    9 2450002.45730324 19.5 C  PE 874
 19 38 38.2759 -20 58 00.870   29    9 2450002.46769676 19.5 C  PE 874
 19 38 38.2764 -20 58 00.886   29    9 2450002.47333333 19.4 C  PE 874
 19 38 38.2793 -20 58 00.864   29    9 2450002.47765046 19.5 C  PE 874
 19 38 38.2867 -20 58 00.866   29    9 2450002.48273148 19.4 C  PE 874
 19 38 38.2905 -20 58 00.861   29    9 2450002.48613426 19.4 C  PE 874
 19 38 39.2963 -20 58 00.078   53   52 2450003.44665509 19.4 C  PE 874
 19 38 39.3107 -20 58 00.066   53   52 2450003.45458333 19.4 C  PE 874
 19 38 39.3178 -20 58 00.183   53   52 2450003.45872685 19.4 C  PE 874
 19 38 39.3180 -20 58 00.060   53   52 2450003.46300926 19.4 C  PE 874
 19 38 39.3259 -20 58 00.067   53   52 2450003.46716435 19.5 C  PE 874
 20 33 42.4038 -18 37 27.359   75   70 2452207.43516458 18.2 C  PE 874
 20 33 42.4038 -18 37 27.359   75   70 2452207.43516458 18.2 C  PE 874
 20 33 42.4038 -18 37 27.359   75   70 2452207.43516458 18.2 C  PE 874
 20 33 42.4038 -18 37 27.359   75   70 2452207.43516458 18.2 C  PE 874
 20 33 42.4100 -18 37 27.235   75   70 2452207.44241273 18.7 C  PE 874
 20 33 42.4100 -18 37 27.235   75   70 2452207.44241273 18.7 C  PE 874
 20 33 42.4100 -18 37 27.235   75   70 2452207.44241273 18.7 C  PE 874
 20 33 42.4100 -18 37 27.235   75   70 2452207.44241273 18.7 C  PE 874
 20 33 42.4024 -18 37 27.386   75   70 2452207.44644861 19.0 C  PE 874
 20 33 42.4024 -18 37 27.386   75   70 2452207.44644861 19.0 C  PE 874
 20 33 42.4024 -18 37 27.386   75   70 2452207.44644861 19.0 C  PE 874
 20 33 42.4024 -18 37 27.386   75   70 2452207.44644861 19.0 C  PE 874
 20 33 43.4454 -18 37 24.512   59   57 2452208.49891574 20.1 C  PE 874
 20 33 43.4401 -18 37 24.464   59   57 2452208.50332014 19.4 C  PE 874
 20 33 43.4481 -18 37 24.437   59   57 2452208.50750417 19.4 C  PE 874
 20 33 43.4540 -18 37 24.486   59   57 2452208.51161111 18.7 C  PE 874
 20 33 43.4517 -18 37 24.495   59   57 2452208.51643171 19.4 C  PE 874
 20 33 43.4579 -18 37 24.379   59   57 2452208.52046921 19.4 C  PE 874
 20 33 43.4643 -18 37 24.363   59   57 2452208.52450637 19.5 C  PE 874
 20 33 43.4691 -18 37 24.466   59   57 2452208.53318194 19.4 C  PE 874
 20 33 43.4794 -18 37 24.404   59   57 2452208.54330961 19.7 C  PE 874
 20 33 43.4900 -18 37 24.450   59   57 2452208.54732558 19.6 C  PE 874
 20 33 43.4897 -18 37 24.416   59   57 2452208.55134317 19.1 C  PE 874
 20 33 43.5090 -18 37 24.305   59   57 2452208.57745937 18.1 C  PE 874
 20 33 44.5070 -18 37 21.836   50   34 2452209.43526956 19.5 C  PE 874
 20 33 44.5110 -18 37 21.789   50   34 2452209.43930660 19.5 C  PE 874
 20 33 44.5156 -18 37 21.769   50   34 2452209.44334479 18.7 C  PE 874
 20 33 44.5226 -18 37 21.746   50   34 2452209.44739282 19.1 C  PE 874
 20 33 44.5324 -18 37 21.819   50   34 2452209.45143067 19.6 C  PE 874
 20 33 44.5674 -18 37 21.634   50   34 2452209.49183229 19.4 C  PE 874
 20 33 45.8045 -18 37 18.107   23   22 2452210.45359294 19.5 C  PE 874
 20 33 45.8084 -18 37 18.060   23   22 2452210.45762269 19.4 C  PE 874
 20 33 45.8125 -18 37 18.034   23   22 2452210.46166343 19.6 C  PE 874
 20 33 45.8154 -18 37 18.038   23   22 2452210.46569201 19.5 C  PE 874
 20 33 45.8197 -18 37 17.985   23   22 2452210.46971979 19.4 C  PE 874
 20 33 45.8254 -18 37 17.994   23   22 2452210.47374664 19.5 C  PE 874
 20 33 45.8320 -18 37 17.993   23   22 2452210.47777558 19.5 C  PE 874
 20 33 45.8427 -18 37 17.985   23   22 2452210.48583241 19.5 C  PE 874
 20 47 22.9404 -17 49 01.489   73   69 2452496.47628993 18.6 C  PE 874
 20 47 22.8831 -17 49 01.560   73   69 2452496.48347315 18.6 C  PE 874
 20 47 22.8281 -17 49 01.946   73   69 2452496.49318600 19.1 C  PE 874
 20 47 22.7904 -17 49 01.951   73   69 2452496.49800185 18.8 C  PE 874
 20 47 22.7667 -17 49 02.193   73   69 2452496.50274514 19.1 C  PE 874
 20 47 22.7332 -17 49 02.325   73   69 2452496.50748981 19.2 C  PE 874
 20 47 22.6926 -17 49 02.349   73   69 2452496.51224329 19.1 C  PE 874
 20 47 22.6696 -17 49 02.638   73   69 2452496.51699745 18.8 C  PE 874
 20 47 22.6303 -17 49 02.606   73   69 2452496.52174572 19.1 C  PE 874
 20 47 10.1126 -17 49 52.990   20   36 2452498.47030556 18.5 un PE 874
 20 47 09.2066 -17 49 56.571   20   36 2452498.61007350 18.3 un PE 874
 20 47 09.1577 -17 49 56.752   20   36 2452498.61759583 18.3 un PE 874
 20 47 09.1061 -17 49 56.981   20   36 2452498.62511782 18.3 un PE 874
 20 47 09.0576 -17 49 57.123   20   36 2452498.63264039 18.4 un PE 874
 20 47 09.0079 -17 49 57.395   20   36 2452498.64017222 18.4 un PE 874
 20 47 08.9566 -17 49 57.623   20   36 2452498.64825914 18.5 un PE 874
 20 55 06.7888 -17 22 26.058   16    9 2452875.55050532 19.0 C  PE 874
 20 55 06.7622 -17 22 26.167   16    9 2452875.55454201 18.9 C  PE 874
 20 55 06.7391 -17 22 26.260   16    9 2452875.55857361 18.9 C  PE 874
 20 55 06.7121 -17 22 26.357   16    9 2452875.56261053 18.9 C  PE 874
 20 55 06.6875 -17 22 26.485   16    9 2452875.56664826 18.8 C  PE 874
 20 55 06.6610 -17 22 26.577   16    9 2452875.57068495 18.9 C  PE 874
 20 55 06.6381 -17 22 26.690   16    9 2452875.57472188 19.0 C  PE 874
 20 55 06.6115 -17 22 26.791   16    9 2452875.57875926 19.0 C  PE 874
 21 32 24.9484 -14 52 23.248   40   16 2454326.75362894 19.1 C  PE 874
 21 32 24.9182 -14 52 23.418   40   16 2454326.75904444 19.1 C  PE 874
 21 32 24.8664 -14 52 23.707   40   16 2454326.76736574 19.0 C  PE 874
 21 32 24.8239 -14 52 23.867   40   16 2454326.77392361 18.6 C  PE 874
 21 32 24.7710 -14 52 24.102   40   16 2454326.78129711 19.0 C  PE 874
 21 32 24.7528 -14 52 24.220   40   16 2454326.78457153 19.1 C  PE 874
 21 31 40.5044 -14 56 03.484   69   34 2454333.76159653 18.9 C  PE 874
 21 31 40.5016 -14 56 03.514   69   34 2454333.76224676 19.0 C  PE 874
 21 31 40.4932 -14 56 03.474   69   34 2454333.76257188 18.9 C  PE 874
 21 31 40.4830 -14 56 03.500   69   34 2454333.76320266 18.7 C  PE 874
 21 31 40.4830 -14 56 03.476   69   34 2454333.76416817 18.9 C  PE 874
 21 31 40.4854 -14 56 03.524   69   34 2454333.76448380 18.7 C  PE 874
 21 31 40.4828 -14 56 03.533   69   34 2454333.76479896 18.3 C  PE 874
 21 31 40.4747 -14 56 03.600   69   34 2454333.76575741 18.9 C  PE 874
 21 31 40.4617 -14 56 03.648   69   34 2454333.76638773 19.0 C  PE 874
 21 31 16.2971 -14 58 03.384   67   31 2454337.62640347 18.3 C  PE 874
 21 31 16.2851 -14 58 03.387   67   31 2454337.62736817 18.5 C  PE 874
 21 31 16.2813 -14 58 03.511   67   31 2454337.62977373 18.4 C  PE 874
 21 31 16.2558 -14 58 03.563   67   31 2454337.63141389 18.8 C  PE 874
 21 31 16.2571 -14 58 03.556   67   31 2454337.63252731 18.3 C  PE 874
 21 31 16.2341 -14 58 03.598   67   31 2454337.63526134 18.4 C  PE 874
 21 31 16.2382 -14 58 03.646   67   31 2454337.63581794 18.4 C  PE 874
 21 31 16.2148 -14 58 03.706   67   31 2454337.63858102 18.3 C  PE 874
 21 31 16.2049 -14 58 03.758   67   31 2454337.64024144 18.8 C  PE 874
 21 44 43.6966 -13 54 55.268   72   56 2454656.85571910 18.6 I  PE 874
 21 44 43.6893 -13 54 55.314   72   56 2454656.85786678 18.9 I  PE 874
 21 44 43.6750 -13 54 55.334   72   56 2454656.86000185 19.2 I  PE 874
 21 44 43.6645 -13 54 55.458   72   56 2454656.86213958 19.3 I  PE 874
 21 44 43.6390 -13 54 55.421   72   56 2454656.86657187 18.6 I  PE 874
 21 44 43.6311 -13 54 55.625   72   56 2454656.86885162 19.2 I  PE 874
 21 44 43.6122 -13 54 55.592   72   56 2454656.87100104 20.1 I  PE 874
 21 44 43.6050 -13 54 55.758   72   56 2454656.87316088 17.6 I  PE 874
 21 42 51.5894 -14 04 43.803   26   53 2454677.69095162 19.4 I  PE 874
 21 42 51.4981 -14 04 44.387   26   53 2454677.70533368 19.5 I  PE 874
 21 42 51.4541 -14 04 44.539   26   53 2454677.71271782 19.8 I  PE 874
 21 42 51.4084 -14 04 44.717   26   53 2454677.72006632 19.6 I  PE 874
 21 42 51.3679 -14 04 44.934   26   53 2454677.72741597 19.3 I  PE 874
 21 42 51.3228 -14 04 45.205   26   53 2454677.73476366 18.1 I  PE 874
 21 42 51.2753 -14 04 45.441   26   53 2454677.74211146 19.7 I  PE 874
 21 42 51.1857 -14 04 45.808   26   53 2454677.75681019 19.5 I  PE 874
 21 37 41.6095 -14 31 06.964   76   65 2454729.60531516 19.4 I  PE 874
 21 37 41.5646 -14 31 07.237   76   65 2454729.61390590 19.6 I  PE 874
 21 37 41.3844 -14 31 08.042   76   65 2454729.64824525 19.8 I  PE 874
 21 37 41.3650 -14 31 08.021   76   65 2454729.65222454 19.6 I  PE 874
 21 37 27.3407 -14 32 18.651   32   20 2454732.58380336 19.4 I  PE 874
 21 37 27.3190 -14 32 18.786   32   20 2454732.58878912 19.5 I  PE 874
 21 37 27.2960 -14 32 18.873   32   20 2454732.59267674 19.4 I  PE 874
 21 37 27.2767 -14 32 18.966   32   20 2454732.59660347 19.9 I  PE 874
 21 37 27.2545 -14 32 19.044   32   20 2454732.60195243 19.3 I  PE 874
 21 37 27.2312 -14 32 19.136   32   20 2454732.60583438 18.7 I  PE 874
 21 37 27.1993 -14 32 19.328   32   20 2454732.61359792 19.6 I  PE 874
 21 37 27.1620 -14 32 19.535   32   20 2454732.62135463 19.3 I  PE 874
 21 37 22.6204 -14 32 42.386   60   71 2454733.60467234 19.4 I  PE 874
 21 37 22.5996 -14 32 42.353   60   71 2454733.60879201 19.5 I  PE 874
 21 37 22.5597 -14 32 42.624   60   71 2454733.61700775 20.1 I  PE 874
 21 37 22.5455 -14 32 42.668   60   71 2454733.62111539 19.6 I  PE 874
 21 37 22.5152 -14 32 42.679   60   71 2454733.62522396 18.8 I  PE 874
 21 37 22.4980 -14 32 42.772   60   71 2454733.62943009 18.6 I  PE 874
 21 54 31.1716 -13 08 08.655   48   71 2455006.77115324 17.8 I  PE 874
 21 54 31.1616 -13 08 08.784   48   71 2455006.77390428 17.9 I  PE 874
 21 54 31.1549 -13 08 08.626   48   71 2455006.77663935 19.8 I  PE 874
 21 54 31.1318 -13 08 08.847   48   71 2455006.78490104 19.9 I  PE 874
 21 54 31.1193 -13 08 08.923   48   71 2455006.78768519 19.6 I  PE 874
 21 54 31.1181 -13 08 08.880   48   71 2455006.79049525 19.9 I  PE 874
 21 54 31.1108 -13 08 09.051   48   71 2455006.79323866 19.6 I  PE 874
 22 03 33.0072 -12 23 51.281   14    7 2455363.82175926 19.4 R  PE 874
 22 03 33.0058 -12 23 51.296   14    7 2455363.82317130 19.3 R  PE 874
 22 03 33.0015 -12 23 51.298   14    7 2455363.82458333 19.4 R  PE 874
 22 03 33.0011 -12 23 51.323   14    7 2455363.82599537 19.3 R  PE 874
 22 03 32.9973 -12 23 51.325   14    7 2455363.82740741 19.3 R  PE 874
 22 03 32.9937 -12 23 51.368   14    7 2455363.83024306 19.3 R  PE 874
 22 03 32.9893 -12 23 51.376   14    7 2455363.83165509 19.4 R  PE 874
 22 03 32.9887 -12 23 51.387   14    7 2455363.83306713 19.3 R  PE 874
 22 03 32.9841 -12 23 51.420   14    7 2455363.83447917 19.3 R  PE 874
 22 03 32.9799 -12 23 51.438   14    7 2455363.83730324 19.3 R  PE 874
 22 03 32.9753 -12 23 51.468   14    7 2455363.83871528 19.4 R  PE 874
 22 03 32.9741 -12 23 51.468   14    7 2455363.84012731 19.3 R  PE 874
 22 03 32.9702 -12 23 51.482   14    7 2455363.84153935 19.3 R  PE 874
 22 03 32.9691 -12 23 51.499   14    7 2455363.84295139 19.3 R  PE 874
 22 03 32.9672 -12 23 51.506   14    7 2455363.84436343 19.3 R  PE 874
 22 03 32.9651 -12 23 51.533   14    7 2455363.84577546 19.3 R  PE 874
 22 03 32.9613 -12 23 51.551   14    7 2455363.84718750 19.3 R  PE 874
 22 03 32.9594 -12 23 51.560   14    7 2455363.84859954 19.4 R  PE 874
 22 03 29.4498 -12 24 13.303   19    6 2455365.77285880 19.4 R  PE 874
 22 03 29.4402 -12 24 13.377   19    6 2455365.77850694 19.5 R  PE 874
 22 03 29.4347 -12 24 13.385   19    6 2455365.77991898 19.4 R  PE 874
 22 03 29.4280 -12 24 13.448   19    6 2455365.78415509 19.4 R  PE 874
 22 03 29.4236 -12 24 13.461   19    6 2455365.78556713 19.5 R  PE 874
 22 03 29.4171 -12 24 13.478   19    6 2455365.78839120 19.5 R  PE 874
 22 03 29.4172 -12 24 13.508   19    6 2455365.78980324 19.4 R  PE 874
 22 03 29.4141 -12 24 13.524   19    6 2455365.79121528 19.4 R  PE 874
 22 03 29.4112 -12 24 13.532   19    6 2455365.79262732 19.6 R  PE 874
 22 03 29.4068 -12 24 13.555   19    6 2455365.79402778 19.4 R  PE 874
 22 03 29.4016 -12 24 13.570   19    6 2455365.79543981 19.5 R  PE 874
 22 03 29.3984 -12 24 13.601   19    6 2455365.79826389 19.5 R  PE 874
 22 03 29.3961 -12 24 13.631   19    6 2455365.79967593 19.4 R  PE 874
 22 05 50.4066 -12 17 02.402   49   21 2455808.72568287 19.1 I  PE 874
 22 05 50.3919 -12 17 02.501   49   21 2455808.72780093 19.4 I  PE 874
 22 05 50.3786 -12 17 02.505   49   21 2455808.72993056 17.9 I  PE 874
 22 05 50.3235 -12 17 02.822   49   21 2455808.73841435 18.8 I  PE 874
 22 05 50.3158 -12 17 02.871   49   21 2455808.74053241 18.4 I  PE 874
 22 05 50.2995 -12 17 02.988   49   21 2455808.74266204 19.3 I  PE 874
 22 05 50.2944 -12 17 03.030   49   21 2455808.74478009 19.3 I  PE 874
 22 05 50.2504 -12 17 03.262   49   21 2455808.75114583 19.2 I  PE 874
 22 05 50.2283 -12 17 03.409   49   21 2455808.75539352 19.3 I  PE 874
 22 05 50.2096 -12 17 03.499   49   21 2455808.75751157 17.2 I  PE 874
 22 05 50.1990 -12 17 03.547   49   21 2455808.75962963 19.5 I  PE 874
 22 05 50.1764 -12 17 03.615   49   21 2455808.76174769 18.2 I  PE 874
 22 05 50.1649 -12 17 03.700   49   21 2455808.76387731 18.9 I  PE 874
 22 05 50.1063 -12 17 04.052   49   21 2455808.77376157 18.9 I  PE 874
 22 05 50.0979 -12 17 04.107   49   21 2455808.77589120 19.5 I  PE 874
 22 05 50.0803 -12 17 04.144   49   21 2455808.77800926 19.3 I  PE 874
 22 05 50.0733 -12 17 04.201   49   21 2455808.78012731 19.3 I  PE 874
 22 05 50.0422 -12 17 04.364   49   21 2455808.78437500 19.6 I  PE 874
 22 05 50.0185 -12 17 04.488   49   21 2455808.78862269 19.2 I  PE 874
 22 05 50.0038 -12 17 04.582   49   21 2455808.79074074 19.3 I  PE 874
 22 29 20.8266 -10 10 40.986   32   26 2456452.83503830 19.6 R  PE 874
 22 29 20.8318 -10 10 41.001   32   26 2456452.83718825 19.5 R  PE 874
 22 29 20.8296 -10 10 41.057   32   26 2456452.83933786 19.5 R  PE 874
 22 29 20.8303 -10 10 40.997   32   26 2456452.84148745 19.4 R  PE 874
 22 29 20.8289 -10 10 41.014   32   26 2456452.84363706 19.5 R  PE 874
 22 23 30.8906 -10 46 24.863   15   10 2456537.68332777 19.2 I  PE 874
 22 23 30.8688 -10 46 24.997   15   10 2456537.68664755 19.1 I  PE 874
 22 23 30.8554 -10 46 25.055   15   10 2456537.68878839 19.0 I  PE 874
 22 23 30.8300 -10 46 25.205   15   10 2456537.69307008 19.1 I  PE 874
 22 23 30.8143 -10 46 25.299   15   10 2456537.69521075 19.0 I  PE 874
 22 23 30.8023 -10 46 25.379   15   10 2456537.69735160 18.9 I  PE 874
 22 23 30.7896 -10 46 25.469   15   10 2456537.69949244 19.2 I  PE 874
 22 23 30.7769 -10 46 25.533   15   10 2456537.70163329 19.1 I  PE 874
 22 23 25.0759 -10 46 58.965   29   37 2456538.62475318 19.1 I  PE 874
 22 23 25.0759 -10 46 58.965   29   37 2456538.62475318 19.1 I  PE 874
 22 23 25.0526 -10 46 59.076   29   37 2456538.62772339 19.2 I  PE 874
 22 23 25.0526 -10 46 59.076   29   37 2456538.62772339 19.2 I  PE 874
 22 23 25.0428 -10 46 59.180   29   37 2456538.62986388 19.1 I  PE 874
 22 23 25.0428 -10 46 59.180   29   37 2456538.62986388 19.1 I  PE 874
 22 23 25.0298 -10 46 59.225   29   37 2456538.63200418 19.1 I  PE 874
 22 23 25.0298 -10 46 59.225   29   37 2456538.63200418 19.1 I  PE 874
 22 23 25.0128 -10 46 59.228   29   37 2456538.63414466 19.3 I  PE 874
 22 23 25.0128 -10 46 59.228   29   37 2456538.63414466 19.3 I  PE 874
 22 23 25.0008 -10 46 59.377   29   37 2456538.63628497 19.3 I  PE 874
 22 23 25.0008 -10 46 59.377   29   37 2456538.63628497 19.3 I  PE 874
 22 23 24.9851 -10 46 59.422   29   37 2456538.63842545 17.0 I  PE 874
 22 23 24.9851 -10 46 59.422   29   37 2456538.63842545 17.0 I  PE 874
 22 23 24.9743 -10 46 59.511   29   37 2456538.64056576 19.4 I  PE 874
 22 23 24.9743 -10 46 59.511   29   37 2456538.64056576 19.4 I  PE 874
 22 23 24.9446 -10 46 59.667   29   37 2456538.64484655 19.3 I  PE 874
 22 23 24.9446 -10 46 59.667   29   37 2456538.64484655 19.3 I  PE 874
 22 23 24.9225 -10 46 59.885   29   37 2456538.64912734 19.3 I  PE 874
 22 23 24.9225 -10 46 59.885   29   37 2456538.64912734 19.3 I  PE 874
 22 23 24.9032 -10 46 59.918   29   37 2456538.65126764 19.2 I  PE 874
 22 23 24.9032 -10 46 59.918   29   37 2456538.65126764 19.2 I  PE 874
 22 23 24.8935 -10 47 00.013   29   37 2456538.65340795 19.1 I  PE 874
 22 23 24.8935 -10 47 00.013   29   37 2456538.65340795 19.1 I  PE 874
 22 23 24.8792 -10 47 00.125   29   37 2456538.65554843 19.4 I  PE 874
 22 23 24.8792 -10 47 00.125   29   37 2456538.65554843 19.4 I  PE 874
 22 23 24.8626 -10 47 00.081   29   37 2456538.65768874 19.2 I  PE 874
 22 23 24.8626 -10 47 00.081   29   37 2456538.65768874 19.2 I  PE 874
 22 23 24.8532 -10 47 00.221   29   37 2456538.65982922 19.1 I  PE 874
 22 23 24.8532 -10 47 00.221   29   37 2456538.65982922 19.1 I  PE 874
 22 23 24.8362 -10 47 00.218   29   37 2456538.66196953 19.1 I  PE 874
 22 23 24.8362 -10 47 00.218   29   37 2456538.66196953 19.1 I  PE 874
 22 23 24.8251 -10 47 00.378   29   37 2456538.66411001 19.1 I  PE 874
 22 23 24.8251 -10 47 00.378   29   37 2456538.66411001 19.1 I  PE 874
 22 23 24.8091 -10 47 00.429   29   37 2456538.66625050 19.0 I  PE 874
 22 23 24.8091 -10 47 00.429   29   37 2456538.66625050 19.0 I  PE 874
 22 37 18.0411 -09 28 42.274   24   19 2456841.81383981 19.3 I  PE 874
 22 37 18.0378 -09 28 42.293   24   19 2456841.81494206 19.3 I  PE 874
 22 37 18.0334 -09 28 42.330   24   19 2456841.81714634 19.4 I  PE 874
 22 37 18.0289 -09 28 42.343   24   19 2456841.81824844 18.8 I  PE 874
 22 37 18.0257 -09 28 42.389   24   19 2456841.81935060 19.2 I  PE 874
 22 37 18.0226 -09 28 42.408   24   19 2456841.82045301 19.4 I  PE 874
 22 37 18.0234 -09 28 42.450   24   19 2456841.82155516 18.8 I  PE 874
 22 37 18.0136 -09 28 42.482   24   19 2456841.82486183 19.4 I  PE 874
 22 37 18.0033 -09 28 42.548   24   19 2456841.82816837 19.3 I  PE 874
 22 37 17.9973 -09 28 42.558   24   19 2456841.82927050 19.4 I  PE 874
 22 37 17.9950 -09 28 42.554   24   19 2456841.83037277 19.2 I  PE 874
 22 37 17.9967 -09 28 42.609   24   19 2456841.83147490 18.9 I  PE 874
 22 37 17.9888 -09 28 42.598   24   19 2456841.83257727 19.2 I  PE 874
 22 37 17.9879 -09 28 42.590   24   19 2456841.83367941 19.4 I  PE 874
 22 37 17.9833 -09 28 42.619   24   19 2456841.83478166 19.5 I  PE 874
 22 37 12.9646 -09 29 16.061   26   29 2456843.69122869 18.8 I  PE 874
 22 37 12.9631 -09 29 16.092   26   29 2456843.69233135 19.1 I  PE 874
 22 37 12.9550 -09 29 16.069   26   29 2456843.69563914 19.2 I  PE 874
 22 37 12.9514 -09 29 16.142   26   29 2456843.69674167 19.1 I  PE 874
 22 37 12.9410 -09 29 16.189   26   29 2456843.69894681 19.0 I  PE 874
 22 37 12.9372 -09 29 16.262   26   29 2456843.70115198 19.4 I  PE 874
 22 37 12.9348 -09 29 16.259   26   29 2456843.70225412 19.1 I  PE 874
 22 37 12.9290 -09 29 16.280   26   29 2456843.70445941 18.9 I  PE 874
 22 37 12.9246 -09 29 16.331   26   29 2456843.70556194 19.0 I  PE 874
 22 37 12.9177 -09 29 16.359   26   29 2456843.70666446 19.1 I  PE 874
 22 37 12.9151 -09 29 16.305   26   29 2456843.70776704 19.3 I  PE 874
 22 37 12.9122 -09 29 16.398   26   29 2456843.70886963 19.0 I  PE 874
 22 37 12.9093 -09 29 16.358   26   29 2456843.70997209 19.1 I  PE 874
 22 37 12.9083 -09 29 16.393   26   29 2456843.71107455 19.0 I  PE 874
