 19 31 06.8557 -21 23 15.225   19   18 2454621.82626131 19.0 RE E  809
 19 31 06.6410 -21 23 15.580   19   18 2454621.84082848 18.5 RE E  809
 21 57 13.8315 -13 31 28.470   42   49 2454973.82829289 18.8 RE E  809
 21 57 13.8500 -13 31 28.411   42   49 2454973.82945459 20.1 RE E  809
 21 57 13.8693 -13 31 28.357   42   49 2454973.83061247 20.2 RE E  809
 21 57 13.8882 -13 31 28.357   42   49 2454973.83177312 20.3 RE E  809
 21 57 13.9047 -13 31 28.254   42   49 2454973.83292533 20.3 RE E  809
 21 57 14.0905 -13 31 27.881   42   49 2454973.84461827 20.1 RE E  809
 21 57 14.1242 -13 31 27.814   42   49 2454973.84656987 20.2 RE E  809
 21 57 14.1572 -13 31 27.753   42   49 2454973.84850306 20.4 RE E  809
 21 57 14.1878 -13 31 27.665   42   49 2454973.85044239 20.0 RE E  809
 21 57 14.2163 -13 31 27.589   42   49 2454973.85230463 20.1 RE E  809
 21 57 14.2501 -13 31 27.525   42   49 2454973.85423852 20.3 RE E  809
 21 57 14.2804 -13 31 27.429   42   49 2454973.85611673 19.9 RE E  809
 21 57 14.3154 -13 31 27.360   42   49 2454973.85825214 20.1 RE E  809
 21 57 14.3595 -13 31 27.283   42   49 2454973.86085995 19.7 RE E  809
 21 57 14.3911 -13 31 27.201   42   49 2454973.86280657 19.6 RE E  809
 21 57 14.4219 -13 31 27.133   42   49 2454973.86474092 19.6 RE E  809
 21 57 14.4555 -13 31 27.068   42   49 2454973.86667956 19.7 RE E  809
 21 57 14.4841 -13 31 26.986   42   49 2454973.86854492 19.6 RE E  809
 21 57 14.5763 -13 31 26.764   42   49 2454973.87428731 19.8 RE E  809
 21 57 45.8749 -13 30 14.533   17   97 2454975.81946680 19.8 RE E  809
 21 57 45.9379 -13 30 14.348   17   97 2454975.82367466 20.1 RE E  809
 21 57 45.9521 -13 30 14.310   17   97 2454975.82480094 19.7 RE E  809
 21 57 45.9713 -13 30 14.270   17   97 2454975.82592872 18.9 RE E  809
 21 57 46.0250 -13 30 14.222   17   97 2454975.82960400 20.4 RE E  809
 21 57 46.0756 -13 30 14.084   17   97 2454975.83302856 19.8 RE E  809
 21 57 46.1148 -13 30 14.108   17   97 2454975.83557779 19.9 RE E  809
 21 57 46.1299 -13 30 14.030   17   97 2454975.83673787 20.1 RE E  809
 21 57 46.1654 -13 30 13.945   17   97 2454975.83904680 19.3 RE E  809
 21 57 46.1820 -13 30 13.903   17   97 2454975.84018153 18.2 RE E  809
 21 57 46.1980 -13 30 13.800   17   97 2454975.84134531 19.7 RE E  809
 21 57 46.2137 -13 30 13.738   17   97 2454975.84249590 19.4 RE E  809
 21 57 46.2467 -13 30 13.721   17   97 2454975.84476570 20.4 RE E  809
 21 57 46.6778 -13 30 12.922   17   97 2454975.87414178 20.2 RE E  809
 21 57 46.6919 -13 30 12.931   17   97 2454975.87529919 20.3 RE E  809
 21 57 46.7109 -13 30 12.908   17   97 2454975.87645534 20.2 RE E  809
 21 57 46.7257 -13 30 12.892   17   97 2454975.87761576 20.2 RE E  809
 21 57 46.7431 -13 30 12.810   17   97 2454975.87871918 18.7 RE E  809
 21 57 46.7890 -13 30 12.697   17   97 2454975.88185140 20.2 RE E  809
 21 57 46.8041 -13 30 12.699   17   97 2454975.88300789 20.1 RE E  809
 21 57 46.8402 -13 30 12.568   17   97 2454975.88528811 18.8 RE E  809
 21 57 46.8731 -13 30 12.476   17   97 2454975.88761313 21.2 RE E  809
 21 57 46.8899 -13 30 12.534   17   97 2454975.88876952 19.3 RE E  809
