 19 00 03.5485 -22 24 03.822   13    9 2450256.55099537 16.9 C  PE 874
 19 00 03.4884 -22 24 04.013   13    9 2450256.55334491 16.8 C  PE 874
 19 00 03.4569 -22 24 04.113   13    9 2450256.55458333 16.8 C  PE 874
 19 00 03.4204 -22 24 04.232   13    9 2450256.55596065 16.8 C  PE 874
 18 58 46.3327 -22 27 57.090   24   10 2450259.56603009 16.6 C  PE 874
 18 58 46.2453 -22 27 57.372   24   10 2450259.56921296 16.7 C  PE 874
 18 58 46.1808 -22 27 57.578   24   10 2450259.57179398 16.6 C  PE 874
 18 58 46.1124 -22 27 57.795   24   10 2450259.57437500 16.6 C  PE 874
 18 58 19.8562 -22 29 19.712   50    8 2450260.59775463 16.8 C  PE 874
 18 58 19.6074 -22 29 20.490   50    8 2450260.60706019 16.8 C  PE 874
 18 58 19.5473 -22 29 20.686   50    8 2450260.60964120 16.8 C  PE 874
 18 58 19.4751 -22 29 20.915   50    8 2450260.61222222 16.8 C  PE 874
 18 46 31.8280 -23 11 57.971   12   14 2450289.51206782 17.1 un PE 874
 18 46 31.8069 -23 11 58.039   12   14 2450289.51308102 17.0 un PE 874
 18 46 31.7935 -23 11 58.095   12   14 2450289.51368241 17.0 un PE 874
 18 46 31.7783 -23 11 58.121   12   14 2450289.51428438 17.0 un PE 874
 18 46 31.7665 -23 11 58.182   12   14 2450289.51488646 17.0 un PE 874
 18 46 31.7511 -23 11 58.217   12   14 2450289.51548773 17.0 un PE 874
 18 46 31.7380 -23 11 58.303   12   14 2450289.51608981 17.1 un PE 874
 18 46 31.7258 -23 11 58.355   12   14 2450289.51669178 17.1 un PE 874
 18 46 31.7109 -23 11 58.416   12   14 2450289.51729387 17.0 un PE 874
 18 46 31.6986 -23 11 58.440   12   14 2450289.51789525 17.1 un PE 874
 18 46 31.6834 -23 11 58.500   12   14 2450289.51849722 17.1 un PE 874
 18 46 31.6703 -23 11 58.559   12   14 2450289.51908785 17.1 un PE 874
 18 46 31.6330 -23 11 58.680   12   14 2450289.52071968 17.1 un PE 874
 18 45 47.5102 -23 14 51.229    7   12 2450291.58577778 17.1 un PE 874
 18 45 47.4962 -23 14 51.258    7   12 2450291.58637917 17.0 un PE 874
 18 45 47.4831 -23 14 51.301    7   12 2450291.58698183 17.1 un PE 874
 18 45 47.4702 -23 14 51.355    7   12 2450291.58758380 17.1 un PE 874
 18 45 47.4187 -23 14 51.569    7   12 2450291.58999063 17.1 un PE 874
 18 45 47.4046 -23 14 51.620    7   12 2450291.59059271 17.1 un PE 874
 21 20 33.8447 -16 51 56.673   62   50 2450674.59410880 16.2 un PE 874
 21 20 33.7989 -16 51 56.838   62   50 2450674.59525463 16.3 un PE 874
 21 20 29.7995 -16 52 11.130   62   50 2450674.70431713 16.3 un PE 874
 21 20 29.7044 -16 52 11.509   62   50 2450674.70685185 16.0 un PE 874
 18 43 16.6188 -23 48 24.616   49    6 2450358.42094144 17.7 C  PE 874
 18 43 17.0528 -23 48 24.048   49    6 2450358.44318750 17.9 C  PE 874
 18 43 17.0623 -23 48 24.030   49    6 2450358.44380035 17.7 C  PE 874
 21 19 57.9579 -16 54 07.818   37   68 2450675.59714120 15.9 un PE 874
 21 19 57.8592 -16 54 08.296   37   68 2450675.59968750 15.6 un PE 874
 21 19 54.3299 -16 54 20.639   37   68 2450675.69612268 16.0 un PE 874
 21 19 54.2347 -16 54 21.001   37   68 2450675.69866898 16.2 un PE 874
 22 00 02.4516 -13 40 33.930   10    8 2455003.74997755 17.2 I  PE 874
 22 00 02.4543 -13 40 34.033   10    8 2455003.75305521 17.2 I  PE 874
 22 00 02.4581 -13 40 34.107   10    8 2455003.75657350 17.2 I  PE 874
 22 00 02.4610 -13 40 34.179   10    8 2455003.75832245 17.2 I  PE 874
 22 00 02.4632 -13 40 34.223   10    8 2455003.76007407 17.2 I  PE 874
 22 00 02.4644 -13 40 34.284   10    8 2455003.76189757 17.2 I  PE 874
 22 00 02.4664 -13 40 34.343   10    8 2455003.76385914 17.2 I  PE 874
 22 00 02.4691 -13 40 34.375   10    8 2455003.76530000 17.2 I  PE 874
 22 00 02.4704 -13 40 34.418   10    8 2455003.76677812 17.2 I  PE 874
 22 00 02.4712 -13 40 34.480   10    8 2455003.76823333 17.2 I  PE 874
 22 00 02.4723 -13 40 34.507   10    8 2455003.76967731 17.2 I  PE 874
 22 00 02.4743 -13 40 34.551   10    8 2455003.77112234 17.2 I  PE 874
 22 00 02.4756 -13 40 34.601   10    8 2455003.77256725 17.2 I  PE 874
 22 00 02.4768 -13 40 34.651   10    8 2455003.77401238 17.2 I  PE 874
 22 00 03.8447 -13 41 05.061    9   11 2455004.76173125 17.1 C  PE 874
 22 00 03.8447 -13 41 05.091    9   11 2455004.76307824 17.1 C  PE 874
 22 00 03.8452 -13 41 05.174    9   11 2455004.76497581 17.1 C  PE 874
 22 00 03.8459 -13 41 05.201    9   11 2455004.76561343 17.1 C  PE 874
 22 00 03.8463 -13 41 05.220    9   11 2455004.76688669 17.2 C  PE 874
 22 00 03.8462 -13 41 05.262    9   11 2455004.76752338 17.1 C  PE 874
 22 00 03.8459 -13 41 05.276    9   11 2455004.76815984 17.2 C  PE 874
 22 00 03.8457 -13 41 05.299    9   11 2455004.76879711 17.2 C  PE 874
 22 00 03.8458 -13 41 05.307    9   11 2455004.76945891 17.2 C  PE 874
 22 00 03.8457 -13 41 05.353    9   11 2455004.77015613 17.1 C  PE 874
 22 00 03.8465 -13 41 05.368    9   11 2455004.77079282 17.1 C  PE 874
 22 00 03.8478 -13 41 05.419    9   11 2455004.77206690 17.1 C  PE 874
 22 00 03.8477 -13 41 05.439    9   11 2455004.77271319 17.1 C  PE 874
 22 00 03.8465 -13 41 05.532    9   11 2455004.77529190 17.1 C  PE 874
 22 00 03.8482 -13 41 05.536    9   11 2455004.77591840 17.1 C  PE 874
 22 00 03.8475 -13 41 05.553    9   11 2455004.77660845 17.2 C  PE 874
 22 00 03.8465 -13 41 05.561    9   11 2455004.77730231 17.1 C  PE 874
 22 00 03.8484 -13 41 05.622    9   11 2455004.77869225 17.2 C  PE 874
 22 00 03.8486 -13 41 05.658    9   11 2455004.77939630 17.2 C  PE 874
 22 00 03.8476 -13 41 05.669    9   11 2455004.78003044 17.2 C  PE 874
 22 00 03.8483 -13 41 05.696    9   11 2455004.78131007 17.2 C  PE 874
 22 00 03.8475 -13 41 05.726    9   11 2455004.78193738 17.2 C  PE 874
 22 00 03.8474 -13 41 05.730    9   11 2455004.78262477 17.1 C  PE 874
 22 00 03.8485 -13 41 05.774    9   11 2455004.78332755 17.1 C  PE 874
 22 00 03.8486 -13 41 05.793    9   11 2455004.78398333 17.2 C  PE 874
 22 00 04.0755 -13 42 18.554    8    5 2455006.81971273 17.3 I  PE 874
 22 00 04.0742 -13 42 18.598    8    5 2455006.82085544 17.3 I  PE 874
 22 00 04.0733 -13 42 18.635    8    5 2455006.82195255 17.2 I  PE 874
 22 00 04.0651 -13 42 18.808    8    5 2455006.82639884 17.2 I  PE 874
 22 00 04.0636 -13 42 18.893    8    5 2455006.82859826 17.1 I  PE 874
 22 00 04.0611 -13 42 18.943    8    5 2455006.82971389 17.3 I  PE 874
 22 00 04.0571 -13 42 19.027    8    5 2455006.83200289 17.2 I  PE 874
 22 00 04.0561 -13 42 19.071    8    5 2455006.83310220 17.3 I  PE 874
 22 00 04.0536 -13 42 19.103    8    5 2455006.83420185 17.2 I  PE 874
 22 00 04.0527 -13 42 19.143    8    5 2455006.83530127 17.2 I  PE 874
 22 00 04.0510 -13 42 19.184    8    5 2455006.83640046 17.2 I  PE 874
 22 00 04.0459 -13 42 19.338    8    5 2455006.84015498 17.2 I  PE 874
 23 41 04.2332 -03 57 29.864   22   40 2455489.63581019 16.5 I  PE 874
 23 41 04.1875 -03 57 30.317   22   40 2455489.63868056 16.4 I  PE 874
 23 41 04.1797 -03 57 30.446   22   40 2455489.63918981 16.3 I  PE 874
 23 41 04.1605 -03 57 30.522   22   40 2455489.64019676 16.6 I  PE 874
 23 41 04.1321 -03 57 30.772   22   40 2455489.64221065 16.4 I  PE 874
 23 41 04.1052 -03 57 31.006   22   40 2455489.64371528 16.5 I  PE 874
