 18 57 16.2628 -23 09 10.634   42   12 2450256.62115741 17.4 C  PE 874
 18 57 16.0492 -23 09 10.875   42   12 2450256.62865741 17.3 C  PE 874
 18 57 15.9668 -23 09 10.974   42   12 2450256.63158565 17.4 C  PE 874
 18 41 27.1476 -23 23 05.007   31   70 2450290.65199167 17.8 un PE 874
 18 41 27.1302 -23 23 04.871   31   70 2450290.65288437 17.8 un PE 874
 18 41 27.1130 -23 23 04.891   31   70 2450290.65349780 17.8 un PE 874
 18 41 27.0982 -23 23 04.812   31   70 2450290.65409977 16.4 un PE 874
 18 41 27.0797 -23 23 04.948   31   70 2450290.65470116 18.1 un PE 874
 18 41 27.0548 -23 23 04.864   31   70 2450290.65590521 17.3 un PE 874
 18 41 27.0236 -23 23 04.899   31   70 2450290.65710856 17.7 un PE 874
 18 41 27.0133 -23 23 04.858   31   70 2450290.65771065 17.2 un PE 874
 18 42 30.7107 -23 09 04.434   69   51 2450358.42901620 18.4 C  PE 874
 18 42 31.5908 -23 09 03.076   69   51 2450358.46319444 18.3 C  PE 874
 18 42 31.6160 -23 09 03.027   69   51 2450358.46401620 18.3 C  PE 874
 16 37 55.4049 -22 01 51.927   26   26 2454331.52455891 17.8 C  PE 874
 16 37 55.4022 -22 01 52.027   26   26 2454331.52481644 17.5 C  PE 874
 16 37 55.4083 -22 01 51.998   26   26 2454331.52558704 17.9 C  PE 874
 16 37 55.4107 -22 01 52.027   26   26 2454331.52637905 17.2 C  PE 874
 16 37 55.4136 -22 01 51.988   26   26 2454331.52663646 17.4 C  PE 874
 16 37 55.4174 -22 01 52.000   26   26 2454331.52768403 17.5 C  PE 874
 16 37 55.4225 -22 01 52.054   26   26 2454331.52820995 17.4 C  PE 874
 16 37 55.4232 -22 01 52.072   26   26 2454331.52899236 17.4 C  PE 874
 16 37 55.4256 -22 01 52.063   26   26 2454331.52925972 17.5 C  PE 874
 16 37 55.4287 -22 01 52.097   26   26 2454331.52977442 17.9 C  PE 874
 16 37 55.4266 -22 01 52.126   26   26 2454331.53003183 17.5 C  PE 874
 16 37 55.4365 -22 01 52.166   26   26 2454331.53134873 17.5 C  PE 874
 16 37 55.4382 -22 01 52.144   26   26 2454331.53186007 17.5 C  PE 874
 16 37 55.4382 -22 01 52.125   26   26 2454331.53211481 17.5 C  PE 874
 16 37 55.4397 -22 01 52.185   26   26 2454331.53238206 17.5 C  PE 874
 16 37 55.4494 -22 01 52.141   26   26 2454331.53344109 17.6 C  PE 874
 16 37 55.4507 -22 01 52.174   26   26 2454331.53422789 17.9 C  PE 874
 16 37 55.4539 -22 01 52.243   26   26 2454331.53553403 17.4 C  PE 874
 16 37 55.4613 -22 01 52.267   26   26 2454331.53686539 17.6 C  PE 874
 16 37 55.4764 -22 01 52.329   26   26 2454331.53978241 17.5 C  PE 874
 16 37 55.4847 -22 01 52.390   26   26 2454331.54161829 17.3 C  PE 874
 16 37 55.4922 -22 01 52.391   26   26 2454331.54215324 17.7 C  PE 874
 16 37 55.4981 -22 01 52.448   26   26 2454331.54373623 17.3 C  PE 874
 16 37 55.5068 -22 01 52.414   26   26 2454331.54506748 17.7 C  PE 874
 16 37 55.5115 -22 01 52.458   26   26 2454331.54612708 17.6 C  PE 874
 16 37 55.5142 -22 01 52.493   26   26 2454331.54718611 17.5 C  PE 874
 19 08 04.9720 -22 41 51.400   20   23 2454658.77027141 17.6 I  PE 874
 19 08 04.8591 -22 41 51.539   20   23 2454658.77393472 17.6 I  PE 874
 19 08 04.8056 -22 41 51.620   20   23 2454658.77572500 17.9 I  PE 874
 19 08 04.7002 -22 41 51.716   20   23 2454658.77931308 17.7 I  PE 874
 19 08 04.6466 -22 41 51.752   20   23 2454658.78110116 17.6 I  PE 874
 19 08 04.5347 -22 41 51.902   20   23 2454658.78473762 17.7 I  PE 874
 19 08 04.4817 -22 41 51.954   20   23 2454658.78658854 17.6 I  PE 874
 19 08 04.4163 -22 41 52.017   20   23 2454658.78876620 17.6 I  PE 874
 19 08 04.3617 -22 41 52.091   20   23 2454658.79055926 17.6 I  PE 874
 19 08 04.3083 -22 41 52.131   20   23 2454658.79235266 17.6 I  PE 874
 19 08 04.2557 -22 41 52.258   20   23 2454658.79414387 17.6 I  PE 874
 19 08 04.1989 -22 41 52.274   20   23 2454658.79593715 17.8 I  PE 874
 18 54 45.6006 -22 53 19.536   30   16 2454729.47467292 16.7 I  PE 874
 18 54 45.6163 -22 53 19.511   30   16 2454729.47586447 18.2 I  PE 874
 18 54 45.6348 -22 53 19.454   30   16 2454729.47705544 18.6 I  PE 874
 18 54 45.6524 -22 53 19.428   30   16 2454729.47824699 18.2 I  PE 874
 18 54 45.6669 -22 53 19.423   30   16 2454729.47944815 18.1 I  PE 874
 18 54 45.6900 -22 53 19.387   30   16 2454729.48065845 18.3 I  PE 874
 18 54 45.7084 -22 53 19.348   30   16 2454729.48185984 18.3 I  PE 874
 18 54 45.7222 -22 53 19.303   30   16 2454729.48306053 18.6 I  PE 874
 18 54 45.7380 -22 53 19.305   30   16 2454729.48426076 18.4 I  PE 874
 18 54 45.7541 -22 53 19.300   30   16 2454729.48545093 18.4 I  PE 874
 07 33 28.0135 +21 07 13.402    6    6 2456606.74360280 18.1 I  PE 874
 07 33 28.0215 +21 07 13.470    6    6 2456606.75843477 18.0 I  PE 874
 07 33 28.0235 +21 07 13.470    6    6 2456606.76057490 18.0 I  PE 874
 07 33 28.0244 +21 07 13.473    6    6 2456606.76271503 18.0 I  PE 874
 07 33 28.0255 +21 07 13.477    6    6 2456606.76485527 18.0 I  PE 874
 07 33 28.0260 +21 07 13.486    6    6 2456606.76699539 18.0 I  PE 874
