 19 09 32.3569 -23 35 13.116   63   48 2450256.63831019 18.6 C  PE 874
 19 09 32.2345 -23 35 13.203   63   48 2450256.64200231 17.5 C  PE 874
 19 09 32.1379 -23 35 13.303   63   48 2450256.64527778 17.9 C  PE 874
 19 09 32.0425 -23 35 13.522   63   48 2450256.64855324 18.5 C  PE 874
 18 52 35.3609 -23 51 38.759   98  111 2450289.57921169 18.4 un PE 874
 18 52 35.2885 -23 51 38.572   98  111 2450289.58112442 20.2 un PE 874
 18 52 35.2721 -23 51 38.714   98  111 2450289.58171690 18.5 un PE 874
 18 52 35.2382 -23 51 38.561   98  111 2450289.58291273 18.4 un PE 874
 18 52 35.2207 -23 51 38.571   98  111 2450289.58350521 18.2 un PE 874
 18 46 41.7754 -23 26 38.328   60    8 2450358.43130787 20.1 C  PE 874
 18 46 42.4578 -23 26 36.550   60    8 2450358.46540509 19.8 C  PE 874
 18 46 42.4926 -23 26 36.467   60    8 2450358.46690972 20.0 C  PE 874
 23 41 03.7197 -03 14 25.463   30    6 2451059.64993056 18.4 C  PE 874
 23 41 03.6083 -03 14 26.081   30    6 2451059.65324074 17.4 C  PE 874
 23 41 03.4981 -03 14 26.696   30    6 2451059.65655093 18.2 C  PE 874
 19 21 20.9837 -22 50 36.341   26   10 2454656.78896609 18.6 I  PE 874
 19 21 20.8851 -22 50 36.454   26   10 2454656.79216343 18.6 I  PE 874
 19 21 20.7784 -22 50 36.536   26   10 2454656.79537662 18.7 I  PE 874
 19 21 20.6791 -22 50 36.659   26   10 2454656.79856620 18.6 I  PE 874
 19 21 20.5744 -22 50 36.772   26   10 2454656.80174711 18.6 I  PE 874
 19 02 06.8329 -22 48 00.815   53   36 2454733.55182766 19.7 I  PE 874
 19 02 06.8968 -22 48 00.589   53   36 2454733.55777396 20.0 I  PE 874
 19 02 06.9577 -22 48 00.386   53   36 2454733.56326910 19.9 I  PE 874
 19 02 07.0290 -22 48 00.118   53   36 2454733.56876505 19.8 I  PE 874
 00 10 01.1765 +00 06 59.597   83   65 2455366.79181713 18.0 R  PE 874
 00 10 01.2003 +00 06 59.877   83   65 2455366.79299769 19.0 R  PE 874
 00 10 01.2216 +00 06 59.961   83   65 2455366.79416667 18.0 R  PE 874
 00 10 01.2677 +00 07 00.284   83   65 2455366.79652778 19.0 R  PE 874
 00 10 01.2878 +00 07 00.492   83   65 2455366.79770833 17.6 R  PE 874
 00 10 01.3104 +00 07 00.700   83   65 2455366.79888889 18.8 R  PE 874
 00 10 01.3365 +00 07 00.845   83   65 2455366.80006944 19.1 R  PE 874
 00 10 01.3620 +00 07 01.055   83   65 2455366.80125000 19.1 R  PE 874
 00 10 01.4031 +00 07 01.275   83   65 2455366.80361111 17.6 R  PE 874
 00 10 01.4497 +00 07 01.667   83   65 2455366.80597222 18.9 R  PE 874
 00 10 01.4835 +00 07 01.938   83   65 2455366.80833333 19.1 R  PE 874
 00 10 01.5820 +00 07 02.639   83   65 2455366.81304398 19.0 R  PE 874
 00 10 01.5935 +00 07 02.746   83   65 2455366.81422454 19.0 R  PE 874
 00 10 01.8428 +00 07 04.595   83   65 2455366.82646991 18.4 R  PE 874
 00 10 01.9507 +00 07 05.444   83   65 2455366.83278935 18.5 R  PE 874
 00 10 01.9937 +00 07 05.761   83   65 2455366.83489583 18.5 R  PE 874
 00 10 02.0324 +00 07 06.127   83   65 2455366.83700231 17.9 R  PE 874
 00 10 02.0738 +00 07 06.369   83   65 2455366.83910880 18.6 R  PE 874
 00 10 02.1064 +00 07 06.599   83   65 2455366.84121528 18.0 R  PE 874
 00 10 02.1518 +00 07 06.940   83   65 2455366.84332176 18.7 R  PE 874
 00 10 02.1934 +00 07 07.199   83   65 2455366.84542824 18.5 R  PE 874
 00 10 02.3075 +00 07 08.087   83   65 2455366.85163194 18.5 R  PE 874
 00 10 02.3445 +00 07 08.402   83   65 2455366.85373843 17.8 R  PE 874
 00 10 02.3786 +00 07 08.626   83   65 2455366.85584491 18.6 R  PE 874
 00 10 02.4193 +00 07 08.919   83   65 2455366.85795139 18.4 R  PE 874
 00 10 02.4609 +00 07 09.245   83   65 2455366.86005787 18.3 R  PE 874
 00 10 02.4959 +00 07 09.495   83   65 2455366.86216435 18.1 R  PE 874
 00 10 02.5365 +00 07 09.839   83   65 2455366.86427083 17.0 R  PE 874
