 16 34 17.9246 -22 00 00.480   18   16 2454353.51716085 19.4 RE E  809
 16 34 17.9903 -22 00 00.728   18   16 2454353.52011600 19.5 RE E  809
 16 34 18.0348 -22 00 00.841   18   16 2454353.52196182 19.4 RE E  809
 16 34 18.0764 -22 00 00.974   18   16 2454353.52378634 19.6 RE E  809
 16 34 18.1198 -22 00 01.154   18   16 2454353.52562325 19.3 RE E  809
 16 34 18.1577 -22 00 01.255   18   16 2454353.52736915 19.4 RE E  809
 16 34 18.2390 -22 00 01.564   18   16 2454353.53097569 19.3 RE E  809
 16 34 18.2813 -22 00 01.685   18   16 2454353.53279349 19.5 RE E  809
 16 34 18.3193 -22 00 01.809   18   16 2454353.53454147 19.4 RE E  809
 21 49 09.1485 -14 26 50.110   13   13 2454972.85907026 19.3 RE E  809
 21 49 09.1728 -14 26 50.070   13   13 2454972.86022374 19.3 RE E  809
 21 49 09.1950 -14 26 50.030   13   13 2454972.86135118 19.4 RE E  809
 21 49 09.2155 -14 26 49.965   13   13 2454972.86250791 19.2 RE E  809
 21 49 09.2596 -14 26 49.865   13   13 2454972.86482459 19.2 RE E  809
 21 49 09.2816 -14 26 49.806   13   13 2454972.86598108 19.4 RE E  809
 21 49 09.3057 -14 26 49.771   13   13 2454972.86714081 19.5 RE E  809
 21 49 09.3264 -14 26 49.711   13   13 2454972.86828943 19.3 RE E  809
 21 49 09.3487 -14 26 49.639   13   13 2454972.86945217 19.4 RE E  809
 21 49 09.3755 -14 26 49.604   13   13 2454972.87085881 19.3 RE E  809
 21 49 09.3971 -14 26 49.517   13   13 2454972.87202733 19.3 RE E  809
 21 49 09.4195 -14 26 49.468   13   13 2454972.87317155 19.3 RE E  809
 21 49 09.4428 -14 26 49.413   13   13 2454972.87434286 19.4 RE E  809
 21 49 09.4879 -14 26 49.326   13   13 2454972.87665480 19.4 RE E  809
 21 49 09.5314 -14 26 49.219   13   13 2454972.87897426 19.3 RE E  809
 21 49 09.5534 -14 26 49.163   13   13 2454972.88012612 19.4 RE E  809
 21 49 09.5746 -14 26 49.103   13   13 2454972.88128134 19.3 RE E  809
 21 49 09.6045 -14 26 49.029   13   13 2454972.88285350 19.4 RE E  809
 21 49 09.6262 -14 26 48.975   13   13 2454972.88401855 19.6 RE E  809
 21 49 09.6539 -14 26 48.918   13   13 2454972.88535110 19.5 RE E  809
 21 49 09.7006 -14 26 48.806   13   13 2454972.88788286 19.4 RE E  809
 21 49 09.7243 -14 26 48.783   13   13 2454972.88901574 19.4 RE E  809
 21 49 46.2005 -14 25 27.344   18   22 2454974.78845786 19.3 RE E  809
 21 49 46.2211 -14 25 27.272   18   22 2454974.78961459 19.4 RE E  809
 21 49 46.2419 -14 25 27.230   18   22 2454974.79073681 19.6 RE E  809
 21 49 46.2821 -14 25 27.139   18   22 2454974.79302004 19.3 RE E  809
 21 49 46.3039 -14 25 27.121   18   22 2454974.79413961 19.5 RE E  809
 21 49 46.3239 -14 25 27.090   18   22 2454974.79528719 19.4 RE E  809
 21 49 46.3464 -14 25 27.043   18   22 2454974.79644287 19.5 RE E  809
 21 49 46.3666 -14 25 26.988   18   22 2454974.79756660 19.5 RE E  809
 21 49 46.3858 -14 25 26.923   18   22 2454974.79871221 19.5 RE E  809
 21 49 46.4458 -14 25 26.847   18   22 2454974.80202344 19.4 RE E  809
 21 49 46.4662 -14 25 26.782   18   22 2454974.80315852 19.4 RE E  809
 21 49 46.4885 -14 25 26.749   18   22 2454974.80431269 19.3 RE E  809
 21 49 46.5148 -14 25 26.721   18   22 2454974.80567083 19.4 RE E  809
 21 49 46.5344 -14 25 26.671   18   22 2454974.80680324 19.4 RE E  809
 21 49 46.5552 -14 25 26.641   18   22 2454974.80794885 19.3 RE E  809
 21 49 46.5757 -14 25 26.595   18   22 2454974.80907235 19.4 RE E  809
 21 49 46.5965 -14 25 26.550   18   22 2454974.81020592 19.4 RE E  809
 21 49 46.6173 -14 25 26.511   18   22 2454974.81135338 19.4 RE E  809
 21 49 46.6381 -14 25 26.460   18   22 2454974.81251103 19.3 RE E  809
 21 49 46.6582 -14 25 26.427   18   22 2454974.81362990 19.3 RE E  809
 21 49 46.7008 -14 25 26.335   18   22 2454974.81593674 19.3 RE E  809
 21 49 46.7205 -14 25 26.301   18   22 2454974.81709023 19.3 RE E  809
 21 49 46.7391 -14 25 26.250   18   22 2454974.81812054 19.2 RE E  809
 21 49 46.7599 -14 25 26.199   18   22 2454974.81926893 19.3 RE E  809
 21 49 46.7811 -14 25 26.163   18   22 2454974.82039289 19.3 RE E  809
 21 49 46.8013 -14 25 26.104   18   22 2454974.82153804 19.2 RE E  809
