 16 43 20.3817 -22 09 26.366   58   61 2454353.55469836 19.3 RE E  809
 16 43 20.4307 -22 09 26.409   58   61 2454353.55650366 19.2 RE E  809
 16 43 20.4745 -22 09 26.441   58   61 2454353.55832273 19.2 RE E  809
 16 43 20.5279 -22 09 26.545   58   61 2454353.56032289 19.3 RE E  809
 16 43 20.5735 -22 09 26.598   58   61 2454353.56207134 19.2 RE E  809
 16 43 20.6213 -22 09 26.682   58   61 2454353.56390072 19.3 RE E  809
 16 43 20.6668 -22 09 26.739   58   61 2454353.56567638 19.2 RE E  809
 16 43 20.7155 -22 09 26.774   58   61 2454353.56749974 19.2 RE E  809
 16 43 20.7596 -22 09 26.843   58   61 2454353.56923915 19.2 RE E  809
 16 43 20.8409 -22 09 27.019   58   61 2454353.57201206 19.4 RE E  809
 16 43 20.8929 -22 09 27.053   58   61 2454353.57384213 19.4 RE E  809
 16 43 20.9384 -22 09 27.119   58   61 2454353.57567279 19.3 RE E  809
 16 43 20.9845 -22 09 27.149   58   61 2454353.57753274 19.3 RE E  809
 16 43 21.0338 -22 09 27.194   58   61 2454353.57930851 19.3 RE E  809
 16 43 21.0830 -22 09 27.301   58   61 2454353.58114276 19.2 RE E  809
 16 43 21.1281 -22 09 27.323   58   61 2454353.58290788 19.4 RE E  809
 16 43 21.1788 -22 09 27.371   58   61 2454353.58475543 19.4 RE E  809
 16 43 21.2266 -22 09 27.414   58   61 2454353.58650018 19.4 RE E  809
 19 34 34.4687 -22 01 09.675    6   10 2454621.86793985 18.1 RE E  809
 19 34 34.4171 -22 01 09.716    6   10 2454621.87124871 18.3 RE E  809
 21 54 23.5678 -13 10 49.722   24   24 2454971.91773082 18.9 RE E  809
 21 54 23.5820 -13 10 49.678   24   24 2454971.91888314 18.7 RE E  809
 21 54 23.5983 -13 10 49.606   24   24 2454971.92004507 18.8 RE E  809
 21 54 23.6326 -13 10 49.517   24   24 2454971.92234266 18.8 RE E  809
 21 54 23.6497 -13 10 49.441   24   24 2454971.92347137 18.6 RE E  809
 21 54 23.6782 -13 10 49.285   24   24 2454971.92578064 18.8 RE E  809
 21 54 23.6974 -13 10 49.274   24   24 2454971.92694095 18.6 RE E  809
 21 54 23.7383 -13 10 49.117   24   24 2454971.92966440 18.6 RE E  809
 21 54 23.7530 -13 10 49.082   24   24 2454971.93081788 18.6 RE E  809
 21 54 23.7689 -13 10 48.985   24   24 2454971.93196581 18.7 RE E  809
 21 54 23.8040 -13 10 48.948   24   24 2454971.93427231 18.7 RE E  809
 21 54 50.3399 -13 09 26.275   31   20 2454973.76546379 19.4 RE E  809
 21 54 50.3609 -13 09 26.211   31   20 2454973.76663197 19.2 RE E  809
 21 54 50.3743 -13 09 26.179   31   20 2454973.76779136 19.3 RE E  809
 21 54 50.3928 -13 09 26.123   31   20 2454973.76894426 19.2 RE E  809
 21 54 50.4075 -13 09 26.077   31   20 2454973.77006880 19.3 RE E  809
 21 54 50.4180 -13 09 26.068   31   20 2454973.77122946 19.2 RE E  809
 21 54 50.4565 -13 09 25.991   31   20 2454973.77377140 18.6 RE E  809
 21 54 50.4725 -13 09 25.945   31   20 2454973.77492164 18.6 RE E  809
 21 54 50.4878 -13 09 25.873   31   20 2454973.77605116 18.5 RE E  809
 21 54 50.5016 -13 09 25.828   31   20 2454973.77720811 18.5 RE E  809
 21 54 50.5163 -13 09 25.779   31   20 2454973.77836414 18.5 RE E  809
 21 54 50.5362 -13 09 25.775   31   20 2454973.77951368 18.6 RE E  809
 21 54 50.5479 -13 09 25.705   31   20 2454973.78067943 18.5 RE E  809
 21 55 03.7116 -13 08 48.694   18   17 2454974.76236432 18.4 RE E  809
 21 55 03.7268 -13 08 48.670   18   17 2454974.76353377 18.4 RE E  809
 21 55 03.7557 -13 08 48.603   18   17 2454974.76584398 18.8 RE E  809
 21 55 03.7840 -13 08 48.487   18   17 2454974.76815754 18.6 RE E  809
 21 55 03.7985 -13 08 48.464   18   17 2454974.76928034 18.5 RE E  809
 21 55 03.8123 -13 08 48.414   18   17 2454974.77042884 18.5 RE E  809
 21 55 03.8304 -13 08 48.363   18   17 2454974.77158510 18.6 RE E  809
 21 55 03.8446 -13 08 48.339   18   17 2454974.77274506 18.5 RE E  809
 21 55 03.8601 -13 08 48.260   18   17 2454974.77422115 18.6 RE E  809
 21 55 03.8754 -13 08 48.259   18   17 2454974.77538273 18.7 RE E  809
 21 55 03.8922 -13 08 48.191   18   17 2454974.77653853 18.7 RE E  809
 21 55 03.9043 -13 08 48.181   18   17 2454974.77769641 18.6 RE E  809
 21 55 03.9179 -13 08 48.116   18   17 2454974.77884966 18.6 RE E  809
 21 55 03.9361 -13 08 48.108   18   17 2454974.78000997 19.0 RE E  809
 21 55 03.9504 -13 08 48.080   18   17 2454974.78116854 18.8 RE E  809
 21 55 03.9636 -13 08 48.020   18   17 2454974.78232723 18.6 RE E  809
 21 55 03.9787 -13 08 47.980   18   17 2454974.78348279 18.9 RE E  809
 21 55 16.3896 -13 08 15.921   36   16 2454975.76499427 19.2 RE E  809
 21 55 16.4397 -13 08 15.832   36   16 2454975.76906311 18.6 RE E  809
 21 55 16.4616 -13 08 15.796   36   16 2454975.77134033 18.5 RE E  809
 21 55 16.5100 -13 08 15.642   36   16 2454975.77505867 18.7 RE E  809
 21 55 16.5480 -13 08 15.539   36   16 2454975.77861831 19.0 RE E  809
 21 55 16.5669 -13 08 15.498   36   16 2454975.77989715 18.2 RE E  809
 21 55 16.6026 -13 08 15.444   36   16 2454975.78327195 18.5 RE E  809
 21 55 16.6422 -13 08 15.344   36   16 2454975.78656210 18.6 RE E  809
 21 55 16.6588 -13 08 15.307   36   16 2454975.78807904 18.4 RE E  809
 21 55 16.6724 -13 08 15.268   36   16 2454975.78922419 18.5 RE E  809
 21 55 16.6887 -13 08 15.240   36   16 2454975.79035301 18.4 RE E  809
 21 55 16.7016 -13 08 15.212   36   16 2454975.79150881 18.4 RE E  809
 21 55 16.7175 -13 08 15.186   36   16 2454975.79263613 18.5 RE E  809
 21 55 16.7687 -13 08 15.036   36   16 2454975.79721891 18.5 RE E  809
 21 55 16.8090 -13 08 14.947   36   16 2454975.80092359 18.8 RE E  809
 21 55 16.8375 -13 08 14.892   36   16 2454975.80305252 18.3 RE E  809
 21 55 16.8506 -13 08 14.839   36   16 2454975.80417822 18.5 RE E  809
 21 55 16.8640 -13 08 14.799   36   16 2454975.80530786 18.4 RE E  809
 21 55 16.8787 -13 08 14.786   36   16 2454975.80645544 18.3 RE E  809
 21 55 16.8892 -13 08 14.739   36   16 2454975.80757639 18.3 RE E  809
 21 55 16.9032 -13 08 14.698   36   16 2454975.80872188 18.4 RE E  809
 21 55 16.9169 -13 08 14.679   36   16 2454975.80984458 18.4 RE E  809
 21 55 16.9299 -13 08 14.643   36   16 2454975.81099228 18.3 RE E  809
 21 55 16.9434 -13 08 14.613   36   16 2454975.81214969 18.4 RE E  809
 21 55 16.9569 -13 08 14.605   36   16 2454975.81330803 18.4 RE E  809
 21 55 17.3823 -13 08 13.533   36   16 2454975.84930392 18.6 RE E  809
 21 55 17.4505 -13 08 13.384   36   16 2454975.85504308 18.8 RE E  809
 21 55 17.4838 -13 08 13.326   36   16 2454975.85788484 18.7 RE E  809
 21 55 17.4996 -13 08 13.254   36   16 2454975.85925360 18.7 RE E  809
