 23 52 07.9610 -02 08 55.619   45    6 2451042.49680185 18.2 R  OH 511
 23 52 07.8877 -02 08 55.981   45    6 2451042.50124097 18.2 R  OH 511
 23 52 07.8113 -02 08 56.334   45    6 2451042.50568484 18.2 R  OH 511
 23 52 07.7348 -02 08 56.706   45    6 2451042.51012847 18.2 R  OH 511
 23 52 07.6522 -02 08 57.073   45    6 2451042.51456655 18.2 R  OH 511
 23 52 07.4237 -02 08 58.163   45    6 2451042.52789456 18.3 R  OH 511
 23 52 07.3410 -02 08 58.530   45    6 2451042.53233449 18.2 R  OH 511
 23 52 07.2618 -02 08 58.901   45    6 2451042.53677257 18.2 R  OH 511
 23 22 41.6417 -05 42 39.409   76   42 2451163.23487407 18.7 R  OH 511
 23 22 41.8307 -05 42 38.251   76   42 2451163.24384838 18.7 R  OH 511
 23 22 41.9460 -05 42 37.577   76   42 2451163.24943588 18.4 R  OH 511
 23 22 42.1792 -05 42 36.267   76   42 2451163.25987164 19.2 R  OH 511
 23 22 42.2940 -05 42 35.627   76   42 2451163.26546076 18.5 R  OH 511
 23 22 42.4704 -05 42 34.487   76   42 2451163.27379734 18.7 R  OH 511
 23 22 42.5793 -05 42 33.902   76   42 2451163.27937662 18.8 R  OH 511
 01 57 35.5431 +09 44 23.902  111   58 2451462.43208692 17.4 R  OH 511
 01 57 35.3618 +09 44 22.880  111   58 2451462.43757477 17.8 R  OH 511
 01 57 35.0842 +09 44 21.269  111   58 2451462.44602384 17.6 R  OH 511
 01 57 34.8649 +09 44 19.998  111   58 2451462.45279583 17.6 R  OH 511
 01 57 34.6153 +09 44 18.654  111   58 2451462.46023889 17.5 R  OH 511
 01 57 34.4627 +09 44 17.761  111   58 2451462.46467037 17.0 R  OH 511
 01 57 34.3305 +09 44 17.050  111   58 2451462.46910833 17.3 R  OH 511
 01 57 34.1898 +09 44 16.252  111   58 2451462.47354340 16.9 R  OH 511
 01 57 33.8714 +09 44 14.404  111   58 2451462.48240972 17.7 R  OH 511
 01 55 23.1867 +09 31 49.254   43   66 2451466.47358275 17.8 R  OH 511
 01 55 23.0382 +09 31 48.497   43   66 2451466.47802778 18.0 R  OH 511
 01 55 22.8185 +09 31 47.352   43   66 2451466.48465706 18.0 R  OH 511
 01 55 22.6309 +09 31 46.330   43   66 2451466.49019444 18.0 R  OH 511
 01 55 22.4871 +09 31 45.476   43   66 2451466.49463241 17.9 R  OH 511
 01 55 22.3314 +09 31 44.717   43   66 2451466.49907118 17.6 R  OH 511
 01 55 22.0333 +09 31 43.099   43   66 2451466.50795231 18.0 R  OH 511
 01 55 21.7353 +09 31 41.424   43   66 2451466.51682500 17.3 R  OH 511
 01 55 21.5868 +09 31 40.515   43   66 2451466.52128993 17.9 R  OH 511
 01 41 23.6992 +08 21 38.012   16   17 2451493.36794792 18.1 R  OH 511
 01 41 23.5457 +08 21 37.428   16   17 2451493.37359190 18.2 R  OH 511
 01 41 23.3816 +08 21 36.754   16   17 2451493.37962847 18.3 R  OH 511
 01 41 23.2905 +08 21 36.390   16   17 2451493.38289884 18.3 R  OH 511
 01 41 23.2053 +08 21 36.002   16   17 2451493.38616424 18.3 R  OH 511
 01 41 23.1157 +08 21 35.642   16   17 2451493.38942697 18.3 R  OH 511
 01 41 23.0257 +08 21 35.294   16   17 2451493.39269525 18.3 R  OH 511
 01 34 29.7633 +08 00 19.452   95   76 2451514.45155382 18.2 R  OH 511
 01 34 29.6246 +08 00 19.552   95   76 2451514.46230810 18.4 R  OH 511
 01 34 29.5754 +08 00 19.483   95   76 2451514.46557211 18.2 R  OH 511
 01 34 29.4984 +08 00 19.379   95   76 2451514.47211215 18.3 R  OH 511
 04 08 51.4157 +20 13 54.800   56   21 2451901.27767396 17.6 R  OH 511
 04 08 51.2796 +20 13 54.321   56   21 2451901.28233090 17.6 R  OH 511
 04 08 51.0954 +20 13 53.683   56   21 2451901.28874896 17.4 R  OH 511
 04 08 50.9725 +20 13 53.276   56   21 2451901.29318356 18.0 R  OH 511
 04 08 50.8372 +20 13 52.822   56   21 2451901.29762431 17.8 R  OH 511
 04 08 50.7148 +20 13 52.333   56   21 2451901.30206007 17.7 R  OH 511
 07 07 15.3546 +21 56 26.660   27   22 2452234.56615671 18.3 R  OH 511
 07 07 15.2549 +21 56 26.837   27   22 2452234.57059826 17.1 R  OH 511
 07 07 15.1597 +21 56 26.943   27   22 2452234.57504514 18.0 R  OH 511
 07 07 15.0638 +21 56 27.052   27   22 2452234.57949086 18.0 R  OH 511
 07 06 54.7524 +21 56 54.467   39   26 2452235.53389630 18.1 R  OH 511
 07 06 54.6403 +21 56 54.582   39   26 2452235.53897477 18.4 R  OH 511
 07 06 54.5369 +21 56 54.776   39   26 2452235.54342870 18.1 R  OH 511
 07 06 54.4467 +21 56 54.871   39   26 2452235.54788414 18.2 R  OH 511
 07 06 54.3392 +21 56 55.000   39   26 2452235.55233137 18.0 R  OH 511
 07 06 54.2425 +21 56 55.160   39   26 2452235.55678056 18.1 R  OH 511
 07 06 54.1442 +21 56 55.266   39   26 2452235.56123333 18.2 R  OH 511
 07 06 54.0470 +21 56 55.399   39   26 2452235.56568750 17.6 R  OH 511
 07 06 53.9432 +21 56 55.591   39   26 2452235.57013287 18.2 R  OH 511
 07 06 53.8438 +21 56 55.739   39   26 2452235.57458380 18.0 R  OH 511
 06 52 34.1578 +22 21 00.914   46   24 2452262.58399919 17.9 R  OH 511
 06 52 34.0121 +22 21 01.150   46   24 2452262.58774699 18.2 R  OH 511
 06 52 33.8645 +22 21 01.461   46   24 2452262.59149514 18.0 R  OH 511
 06 51 53.3814 +22 22 14.867   28   16 2452263.61533715 16.5 R  OH 511
 06 51 53.0795 +22 22 15.405   28   16 2452263.62283345 17.4 R  OH 511
 06 51 52.9315 +22 22 15.629   28   16 2452263.62658021 17.6 R  OH 511
 06 51 52.7757 +22 22 15.919   28   16 2452263.63033148 17.5 R  OH 511
 06 38 34.1482 +22 47 21.352   47   25 2452283.37729363 17.8 R  OH 511
 06 38 33.9604 +22 47 21.716   47   25 2452283.38210637 18.2 R  OH 511
 06 38 33.7960 +22 47 22.115   47   25 2452283.38630741 17.9 R  OH 511
 06 38 33.6297 +22 47 22.403   47   25 2452283.39050787 18.0 R  OH 511
 06 38 33.4566 +22 47 22.757   47   25 2452283.39470856 18.0 R  OH 511
 06 38 33.2860 +22 47 23.067   47   25 2452283.39891319 18.1 R  OH 511
 06 38 32.9500 +22 47 23.755   47   25 2452283.40732141 17.9 R  OH 511
 06 38 32.7896 +22 47 24.102   47   25 2452283.41152824 18.3 R  OH 511
 06 38 32.6217 +22 47 24.417   47   25 2452283.41573565 17.9 R  OH 511
 06 38 32.4533 +22 47 24.707   47   25 2452283.41994479 17.7 R  OH 511
 08 47 01.7405 +18 28 39.201   60   26 2452723.46968935 18.3 R  OH 511
 08 47 01.6634 +18 28 39.325   60   26 2452723.47717604 18.4 R  OH 511
 08 47 01.5799 +18 28 39.360   60   26 2452723.48466678 18.3 R  OH 511
