 16 42 49.9875 -22 16 05.265   14    8 2454353.55469836 18.9 RE E  809
 16 42 50.0272 -22 16 05.363   14    8 2454353.55650366 18.9 RE E  809
 16 42 50.0630 -22 16 05.437   14    8 2454353.55832273 18.9 RE E  809
 16 42 50.1047 -22 16 05.545   14    8 2454353.56032289 18.9 RE E  809
 16 42 50.1406 -22 16 05.608   14    8 2454353.56207134 18.9 RE E  809
 16 42 50.1794 -22 16 05.720   14    8 2454353.56390072 18.8 RE E  809
 16 42 50.2156 -22 16 05.799   14    8 2454353.56567638 18.9 RE E  809
 16 42 50.2518 -22 16 05.890   14    8 2454353.56749974 18.8 RE E  809
 16 42 50.2867 -22 16 05.970   14    8 2454353.56923915 18.8 RE E  809
 19 24 14.3511 -22 16 57.318    7    3 2454621.80637684 17.7 RE E  809
 19 24 14.2725 -22 16 57.442    7    3 2454621.81045124 17.5 RE E  809
 21 51 19.2997 -14 01 46.326   13   18 2454972.89199661 18.3 RE E  809
 21 51 19.3146 -14 01 46.273   13   18 2454972.89315912 18.4 RE E  809
 21 51 19.3312 -14 01 46.234   13   18 2454972.89429327 18.3 RE E  809
 21 51 19.3447 -14 01 46.139   13   18 2454972.89545092 18.4 RE E  809
 21 51 19.3606 -14 01 46.126   13   18 2454972.89657419 18.4 RE E  809
 21 51 19.3764 -14 01 46.048   13   18 2454972.89774214 18.3 RE E  809
 21 51 45.5520 -14 00 27.137   22   22 2454974.82385310 18.4 RE E  809
 21 51 45.5639 -14 00 27.087   22   22 2454974.82497799 18.3 RE E  809
 21 51 45.5783 -14 00 27.045   22   22 2454974.82615267 18.3 RE E  809
 21 51 45.5923 -14 00 27.005   22   22 2454974.82729873 18.4 RE E  809
 21 51 45.6087 -14 00 26.979   22   22 2454974.82842419 18.2 RE E  809
 21 51 45.6208 -14 00 26.922   22   22 2454974.82955846 18.4 RE E  809
 21 51 45.6357 -14 00 26.890   22   22 2454974.83070511 18.2 RE E  809
 21 51 45.6504 -14 00 26.848   22   22 2454974.83182560 18.1 RE E  809
 21 51 45.6661 -14 00 26.795   22   22 2454974.83297063 18.4 RE E  809
 21 51 45.6810 -14 00 26.770   22   22 2454974.83413268 18.3 RE E  809
 21 51 45.7103 -14 00 26.708   22   22 2454974.83644508 18.3 RE E  809
 21 51 45.7238 -14 00 26.689   22   22 2454974.83762368 18.4 RE E  809
 21 51 45.7391 -14 00 26.620   22   22 2454974.83878353 18.3 RE E  809
 21 51 45.7528 -14 00 26.593   22   22 2454974.83994140 18.4 RE E  809
 21 51 45.7666 -14 00 26.530   22   22 2454974.84107266 18.4 RE E  809
 21 51 45.7812 -14 00 26.507   22   22 2454974.84219477 18.3 RE E  809
 21 51 45.7931 -14 00 26.467   22   22 2454974.84334177 18.4 RE E  809
 21 51 45.8094 -14 00 26.429   22   22 2454974.84450023 18.3 RE E  809
 21 51 45.8240 -14 00 26.394   22   22 2454974.84565429 18.4 RE E  809
 21 51 45.8375 -14 00 26.357   22   22 2454974.84681472 18.4 RE E  809
