 21 57 35.0268 -13 41 58.103   53   35 2454973.84656987 20.3 RE E  809
 21 57 35.1088 -13 41 57.671   53   35 2454973.85230463 22.0 RE E  809
 21 57 35.1345 -13 41 57.472   53   35 2454973.85423852 22.4 RE E  809
 21 57 35.1675 -13 41 57.349   53   35 2454973.85611673 22.3 RE E  809
 21 57 35.1842 -13 41 57.072   53   35 2454973.85825214 22.4 RE E  809
 21 57 35.2291 -13 41 56.956   53   35 2454973.86085995 22.1 RE E  809
 21 57 35.2540 -13 41 56.718   53   35 2454973.86280657 21.2 RE E  809
 21 57 35.2803 -13 41 56.549   53   35 2454973.86474092 22.2 RE E  809
 21 57 35.3311 -13 41 56.254   53   35 2454973.86854492 22.1 RE E  809
 21 57 35.3611 -13 41 56.044   53   35 2454973.87047765 22.0 RE E  809
