 09 25 03.7831 +16 33 26.654   28   14 2454202.62106132 16.4 RE E  809
 09 25 03.7813 +16 33 26.655   28   14 2454202.62303681 16.4 RE E  809
 09 25 03.7691 +16 33 26.710   28   14 2454202.62705844 16.4 RE E  809
 09 25 03.7621 +16 33 26.743   28   14 2454202.62903301 16.4 RE E  809
 10 18 23.5493 +12 20 15.755   78   48 2454620.55612941 16.9 RE E  809
 10 18 23.5678 +12 20 15.497   78   48 2454620.55812598 16.8 RE E  809
 10 18 23.6371 +12 20 15.099   78   48 2454620.56375852 16.7 RE E  809
 10 19 03.1790 +12 16 11.394   35   32 2454623.46532162 16.9 RE E  809
 10 19 03.2020 +12 16 11.273   35   32 2454623.46685112 17.1 RE E  809
 10 19 03.2907 +12 16 10.619   35   32 2454623.47355226 16.5 RE E  809
 10 19 03.4111 +12 16 09.856   35   32 2454623.48235249 16.3 RE E  809
 10 19 03.5096 +12 16 09.272   35   32 2454623.48907434 16.4 RE E  809
 11 05 40.0935 +08 10 39.140   16   22 2454973.58254782 15.7 RE E  809
 11 05 40.0954 +08 10 39.114   16   22 2454973.58387412 15.6 RE E  809
 11 05 40.0973 +08 10 39.077   16   22 2454973.58503768 15.7 RE E  809
 11 05 40.0958 +08 10 39.073   16   22 2454973.58619197 15.7 RE E  809
 11 05 40.0986 +08 10 39.054   16   22 2454973.58734880 15.7 RE E  809
 11 05 40.0997 +08 10 39.005   16   22 2454973.58872881 16.5 RE E  809
 11 05 40.1010 +08 10 38.944   16   22 2454973.58987083 16.4 RE E  809
 11 05 40.1016 +08 10 38.940   16   22 2454973.59102894 16.6 RE E  809
 11 05 40.1016 +08 10 38.916   16   22 2454973.59218740 16.5 RE E  809
 11 05 40.1026 +08 10 38.898   16   22 2454973.59331831 16.5 RE E  809
 11 05 42.7025 +08 09 56.750   20   29 2454975.57925160 15.6 RE E  809
 11 05 42.7040 +08 09 56.764   20   29 2454975.58038448 15.6 RE E  809
 11 05 42.7077 +08 09 56.731   20   29 2454975.58154768 15.6 RE E  809
 11 05 42.7092 +08 09 56.655   20   29 2454975.58266910 15.6 RE E  809
 11 05 42.7121 +08 09 56.671   20   29 2454975.58380394 15.6 RE E  809
 11 05 42.7146 +08 09 56.567   20   29 2454975.58611171 16.9 RE E  809
 11 05 42.7179 +08 09 56.539   20   29 2454975.58726728 16.9 RE E  809
 11 05 42.7188 +08 09 56.516   20   29 2454975.58842666 17.0 RE E  809
 11 05 42.7200 +08 09 56.478   20   29 2454975.58958026 16.9 RE E  809
 11 05 42.7210 +08 09 56.427   20   29 2454975.59070144 16.9 RE E  809
