 04 53 59.4001 +20 52 05.327   11   16 2452147.79456227 16.9 B  BC 874
 04 53 59.4691 +20 52 05.419   11   16 2452147.79936910 16.8 B  BC 874
 04 53 59.4848 +20 52 05.438   11   16 2452147.80052500 16.9 B  BC 874
 04 53 59.5013 +20 52 05.452   11   16 2452147.80167188 16.8 B  BC 874
 04 53 59.5163 +20 52 05.439   11   16 2452147.80281875 16.8 B  BC 874
 04 53 59.5496 +20 52 05.484   11   16 2452147.80511215 16.8 B  BC 874
 04 53 59.5661 +20 52 05.527   11   16 2452147.80625926 16.8 B  BC 874
 04 53 59.5987 +20 52 05.553   11   16 2452147.80855139 16.8 B  BC 874
 04 53 59.6147 +20 52 05.564   11   16 2452147.80969734 16.8 B  BC 874
 04 53 59.6306 +20 52 05.591   11   16 2452147.81083472 16.8 B  BC 874
 04 53 59.6472 +20 52 05.644   11   16 2452147.81196979 16.8 B  BC 874
 04 53 59.6637 +20 52 05.638   11   16 2452147.81312581 16.8 B  BC 874
 04 53 59.6782 +20 52 05.681   11   16 2452147.81426991 16.8 B  BC 874
 04 53 59.7103 +20 52 05.699   11   16 2452147.81656250 16.8 B  BC 874
 04 53 59.7263 +20 52 05.718   11   16 2452147.81770787 16.8 B  BC 874
 04 53 59.7439 +20 52 05.724   11   16 2452147.81887755 16.8 B  BC 874
 04 53 59.7580 +20 52 05.784   11   16 2452147.82002211 16.8 B  BC 874
 07 54 35.4110 +20 44 17.227   24   29 2453287.79802512 16.8 V  BC 874
 07 54 35.5435 +20 44 16.882   24   29 2453287.80923183 16.6 V  BC 874
 07 54 35.5751 +20 44 16.789   24   29 2453287.81211678 16.5 V  BC 874
 07 54 35.6071 +20 44 16.731   24   29 2453287.81482106 16.0 V  BC 874
 07 54 35.7021 +20 44 16.449   24   29 2453287.82270938 16.7 V  BC 874
 07 26 03.8868 +22 03 29.762   29   28 2453462.48498692 16.6 C  BC 874
 07 26 03.8964 +22 03 29.704   29   28 2453462.48621447 16.6 C  BC 874
 07 26 03.9025 +22 03 29.669   29   28 2453462.48745150 16.7 C  BC 874
 07 26 03.9044 +22 03 29.720   29   28 2453462.48867836 16.5 C  BC 874
 07 26 03.9119 +22 03 29.696   29   28 2453462.48990486 16.5 C  BC 874
 07 26 03.9186 +22 03 29.686   29   28 2453462.49113160 16.6 C  BC 874
 07 26 03.9234 +22 03 29.672   29   28 2453462.49235868 16.6 C  BC 874
 07 26 03.9262 +22 03 29.715   29   28 2453462.49358611 16.5 C  BC 874
 07 26 03.9324 +22 03 29.675   29   28 2453462.49481343 16.6 C  BC 874
 07 26 03.9392 +22 03 29.625   29   28 2453462.49604109 16.6 C  BC 874
 07 26 03.9452 +22 03 29.666   29   28 2453462.49782766 16.4 C  BC 874
 07 26 03.9486 +22 03 29.638   29   28 2453462.49871736 16.6 C  BC 874
 07 26 03.9509 +22 03 29.682   29   28 2453462.49960752 16.6 C  BC 874
 07 26 03.9577 +22 03 29.593   29   28 2453462.50050833 16.7 C  BC 874
 07 26 03.9620 +22 03 29.638   29   28 2453462.50140891 16.6 C  BC 874
 07 26 03.9696 +22 03 29.619   29   28 2453462.50318750 16.6 C  BC 874
 07 26 03.9720 +22 03 29.627   29   28 2453462.50407766 16.3 C  BC 874
 07 26 03.9828 +22 03 29.569   29   28 2453462.50496725 16.6 C  BC 874
 07 26 14.2839 +22 03 15.380   25   36 2453464.43245683 16.5 C  BC 874
 07 26 14.2905 +22 03 15.367   25   36 2453464.43369398 16.5 C  BC 874
 07 26 14.3035 +22 03 15.360   25   36 2453464.43617014 16.5 C  BC 874
 07 26 14.3118 +22 03 15.384   25   36 2453464.43740729 16.5 C  BC 874
 07 26 14.3181 +22 03 15.331   25   36 2453464.43864468 16.6 C  BC 874
 07 26 14.3315 +22 03 15.282   25   36 2453464.44111875 16.5 C  BC 874
 07 26 14.3361 +22 03 15.281   25   36 2453464.44236644 16.5 C  BC 874
 07 26 14.3643 +22 03 15.295   25   36 2453464.44730567 16.4 C  BC 874
 07 26 14.3869 +22 03 15.215   25   36 2453464.45116921 16.5 C  BC 874
 07 26 14.3976 +22 03 15.209   25   36 2453464.45310081 16.5 C  BC 874
 07 26 14.4085 +22 03 15.199   25   36 2453464.45603241 15.5 V  BC 874
 07 26 14.4569 +22 03 15.085   25   36 2453464.46427477 16.7 V  BC 874
 07 26 14.4678 +22 03 15.010   25   36 2453464.46674769 16.8 V  BC 874
 07 26 14.4752 +22 03 15.012   25   36 2453464.46798484 16.7 V  BC 874
 07 26 14.4807 +22 03 14.975   25   36 2453464.46922326 16.8 V  BC 874
 07 26 14.4888 +22 03 14.964   25   36 2453464.47045972 16.7 V  BC 874
 07 26 14.4950 +22 03 15.011   25   36 2453464.47170637 16.7 V  BC 874
 07 26 14.5003 +22 03 14.937   25   36 2453464.47294352 16.7 V  BC 874
 07 26 14.5132 +22 03 14.932   25   36 2453464.47418021 16.8 V  BC 874
 07 26 14.5171 +22 03 14.947   25   36 2453464.47541725 16.7 V  BC 874
 07 26 14.5852 +22 03 14.871   25   36 2453464.48757419 16.7 C  BC 874
 07 26 14.5977 +22 03 14.854   25   36 2453464.49004988 16.7 C  BC 874
 07 26 14.6064 +22 03 14.833   25   36 2453464.49128715 16.6 C  BC 874
 07 26 14.6070 +22 03 14.847   25   36 2453464.49252465 16.6 C  BC 874
 07 26 14.6184 +22 03 14.834   25   36 2453464.49376273 16.7 C  BC 874
 07 26 14.6317 +22 03 14.774   25   36 2453464.49623877 16.6 C  BC 874
 07 26 14.6361 +22 03 14.832   25   36 2453464.49749479 16.6 C  BC 874
 07 26 14.6868 +22 03 14.672   25   36 2453464.50621528 16.7 R  BC 874
 07 26 14.7000 +22 03 14.666   25   36 2453464.50869988 16.7 R  BC 874
 07 26 14.7060 +22 03 14.644   25   36 2453464.50995116 16.5 R  BC 874
 07 26 14.7161 +22 03 14.583   25   36 2453464.51120243 16.2 R  BC 874
 07 26 20.3133 +22 03 06.558   17   46 2453465.43249861 16.7 C  BC 874
 07 26 20.3262 +22 03 06.476   17   46 2453465.43446863 16.6 C  BC 874
 07 26 20.3403 +22 03 06.503   17   46 2453465.43693241 16.6 C  BC 874
 07 26 20.3482 +22 03 06.491   17   46 2453465.43817060 16.7 C  BC 874
 07 26 20.3546 +22 03 06.427   17   46 2453465.43940856 16.7 C  BC 874
 07 26 20.3688 +22 03 06.393   17   46 2453465.44187454 16.7 C  BC 874
 07 26 20.3789 +22 03 06.388   17   46 2453465.44311285 16.8 C  BC 874
 07 26 20.4274 +22 03 06.362   17   46 2453465.45180706 16.6 C  BC 874
 07 26 20.4401 +22 03 06.306   17   46 2453465.45381725 16.6 C  BC 874
 07 26 20.4494 +22 03 06.330   17   46 2453465.45541181 16.6 C  BC 874
 07 26 20.4570 +22 03 06.306   17   46 2453465.45700532 16.6 C  BC 874
 07 26 20.4693 +22 03 06.341   17   46 2453465.45858912 16.6 C  BC 874
 07 26 20.4779 +22 03 06.255   17   46 2453465.46017373 16.6 C  BC 874
 07 26 20.5061 +22 03 06.268   17   46 2453465.46492917 16.6 C  BC 874
 07 26 20.5171 +22 03 06.255   17   46 2453465.46651574 16.6 C  BC 874
 07 26 20.6205 +22 03 06.059   17   46 2453465.48418287 16.6 V  BC 874
 07 26 20.6363 +22 03 05.916   17   46 2453465.48704537 16.6 V  BC 874
 07 26 20.6462 +22 03 06.062   17   46 2453465.48898681 16.6 V  BC 874
 07 26 20.6816 +22 03 05.859   17   46 2453465.49478264 16.5 V  BC 874
 07 26 20.7146 +22 03 05.890   17   46 2453465.50057940 15.0 V  BC 874
 08 33 11.7849 +19 36 07.352   25   22 2453795.54970868 16.4 C  BC 874
 08 33 11.7616 +19 36 07.389   25   22 2453795.55113032 16.3 C  BC 874
 08 33 11.7129 +19 36 07.555   25   22 2453795.55398356 16.3 C  BC 874
 08 33 11.6872 +19 36 07.687   25   22 2453795.55540301 16.3 C  BC 874
 08 33 11.6667 +19 36 07.716   25   22 2453795.55682442 16.3 C  BC 874
 08 33 11.6433 +19 36 07.805   25   22 2453795.55824630 16.3 C  BC 874
 08 33 11.6188 +19 36 07.912   25   22 2453795.55967778 16.3 C  BC 874
 08 33 11.5965 +19 36 07.975   25   22 2453795.56110926 16.2 C  BC 874
 08 33 11.5742 +19 36 08.059   25   22 2453795.56253090 16.2 C  BC 874
 08 30 05.8765 +19 47 32.087   15   23 2453809.45344178 16.3 C  BC 874
 08 30 05.8392 +19 47 32.234   15   23 2453809.45671030 16.3 C  BC 874
 08 30 05.8238 +19 47 32.280   15   23 2453809.45802593 16.3 C  BC 874
 08 30 05.8090 +19 47 32.305   15   23 2453809.45933183 16.3 C  BC 874
 08 30 05.7933 +19 47 32.339   15   23 2453809.46065116 16.3 C  BC 874
 08 30 05.7790 +19 47 32.388   15   23 2453809.46195660 16.3 C  BC 874
 08 30 05.7636 +19 47 32.486   15   23 2453809.46326273 16.3 C  BC 874
 08 30 05.7491 +19 47 32.506   15   23 2453809.46456852 16.3 C  BC 874
 08 30 05.7357 +19 47 32.609   15   23 2453809.46588449 16.3 C  BC 874
 08 30 05.7195 +19 47 32.648   15   23 2453809.46719051 16.3 C  BC 874
 09 24 59.3280 +16 33 47.257   30   19 2454205.52976319 16.4 B  BC 874
 09 24 59.3241 +16 33 47.277   30   19 2454205.53072176 16.4 B  BC 874
 09 24 59.3243 +16 33 47.253   30   19 2454205.53264931 16.4 B  BC 874
 09 24 59.3238 +16 33 47.254   30   19 2454205.53361782 16.4 B  BC 874
 09 24 59.3215 +16 33 47.290   30   19 2454205.53457928 16.5 B  BC 874
 09 24 59.3218 +16 33 47.254   30   19 2454205.53553796 16.4 B  BC 874
 09 24 59.3186 +16 33 47.269   30   19 2454205.53649664 16.4 B  BC 874
 09 24 59.3168 +16 33 47.254   30   19 2454205.53745521 16.4 B  BC 874
 09 24 59.3129 +16 33 47.329   30   19 2454205.53842373 16.4 B  BC 874
 09 24 59.3151 +16 33 47.309   30   19 2454205.54035093 16.5 B  BC 874
 09 24 59.3166 +16 33 47.305   30   19 2454205.54130984 16.4 B  BC 874
 09 24 59.3114 +16 33 47.314   30   19 2454205.54323738 16.5 B  BC 874
 09 24 59.3106 +16 33 47.300   30   19 2454205.54419618 16.5 B  BC 874
 09 24 59.3059 +16 33 47.349   30   19 2454205.54515486 16.5 B  BC 874
 09 24 59.3104 +16 33 47.337   30   19 2454205.54611354 16.4 B  BC 874
 09 24 59.3087 +16 33 47.323   30   19 2454205.54708218 16.4 B  BC 874
 09 24 59.3075 +16 33 47.329   30   19 2454205.54805081 16.4 B  BC 874
 09 24 59.3044 +16 33 47.346   30   19 2454205.54900949 16.5 B  BC 874
 09 24 59.2985 +16 33 47.354   30   19 2454205.54996829 16.5 B  BC 874
 09 24 59.3012 +16 33 47.338   30   19 2454205.55092743 16.5 B  BC 874
 09 24 59.2968 +16 33 47.360   30   19 2454205.55286481 16.4 B  BC 874
 09 24 59.3002 +16 33 47.342   30   19 2454205.55382350 16.5 B  BC 874
 09 24 59.2982 +16 33 47.325   30   19 2454205.55478218 16.5 B  BC 874
 09 24 59.2930 +16 33 47.363   30   19 2454205.55574074 16.5 B  BC 874
 09 24 59.2917 +16 33 47.357   30   19 2454205.55670926 16.4 B  BC 874
 09 24 59.2894 +16 33 47.338   30   19 2454205.55766806 16.4 B  BC 874
 09 24 59.2883 +16 33 47.340   30   19 2454205.55862685 16.4 B  BC 874
 09 24 59.2864 +16 33 47.363   30   19 2454205.55958542 16.5 B  BC 874
 09 24 59.2877 +16 33 47.402   30   19 2454205.56054398 16.5 B  BC 874
 09 24 59.2874 +16 33 47.332   30   19 2454205.56151250 16.4 B  BC 874
 09 24 59.2853 +16 33 47.389   30   19 2454205.56247118 16.4 B  BC 874
 09 24 59.2843 +16 33 47.369   30   19 2454205.56342986 16.4 B  BC 874
 09 24 59.2800 +16 33 47.387   30   19 2454205.56631620 16.4 B  BC 874
 09 24 59.2810 +16 33 47.399   30   19 2454205.56727488 16.4 B  BC 874
 09 24 58.5719 +16 33 50.539   19    8 2454206.54875208 16.6 U  BC 874
 09 24 58.5703 +16 33 50.542   19    8 2454206.54972060 16.6 U  BC 874
 09 24 58.5724 +16 33 50.541   19    8 2454206.55067917 16.6 U  BC 874
 09 24 58.5679 +16 33 50.533   19    8 2454206.55163866 16.5 U  BC 874
 09 24 58.5677 +16 33 50.531   19    8 2454206.55355625 16.5 U  BC 874
 09 24 58.5675 +16 33 50.528   19    8 2454206.55451493 16.6 U  BC 874
 09 24 58.5659 +16 33 50.552   19    8 2454206.55645370 16.6 U  BC 874
 09 24 58.5576 +16 33 50.559   19    8 2454206.56326725 16.6 U  BC 874
 09 24 58.3380 +16 33 50.997   37   28 2454208.58265625 16.6 U  BC 874
 09 24 58.3327 +16 33 50.959   37   28 2454208.59138831 16.6 U  BC 874
 09 24 58.3343 +16 33 50.940   37   28 2454208.59223866 16.6 U  BC 874
 09 24 58.3357 +16 33 50.989   37   28 2454208.59309942 16.6 U  BC 874
 09 24 58.3311 +16 33 50.960   37   28 2454208.59395197 16.6 U  BC 874
 09 24 58.3342 +16 33 50.939   37   28 2454208.59480278 16.6 U  BC 874
 09 24 58.3350 +16 33 51.009   37   28 2454208.59565347 16.6 U  BC 874
 09 24 58.3330 +16 33 50.933   37   28 2454208.59649398 16.6 U  BC 874
 09 24 58.3373 +16 33 50.957   37   28 2454208.59819491 16.6 U  BC 874
 09 24 58.3340 +16 33 50.941   37   28 2454208.59904514 16.6 U  BC 874
 09 24 58.3309 +16 33 50.944   37   28 2454208.60134132 16.6 U  BC 874
 09 24 58.3352 +16 33 50.962   37   28 2454208.60241238 16.6 U  BC 874
 09 24 58.3372 +16 33 50.888   37   28 2454208.60349375 16.6 U  BC 874
 09 24 58.3329 +16 33 50.961   37   28 2454208.60457535 16.5 U  BC 874
 09 24 58.3395 +16 33 50.871   37   28 2454208.60566910 16.5 U  BC 874
 09 24 58.3401 +16 33 50.902   37   28 2454208.60675081 16.6 U  BC 874
 09 24 58.3368 +16 33 50.900   37   28 2454208.60783229 16.6 U  BC 874
 09 24 58.3377 +16 33 50.904   37   28 2454208.60890405 16.7 U  BC 874
 09 24 58.3331 +16 33 50.956   37   28 2454208.60997569 16.6 U  BC 874
 09 24 58.8283 +16 33 48.335   33   40 2454209.54749086 16.8 U  BC 874
 09 24 58.8259 +16 33 48.392   33   40 2454209.54845278 16.7 U  BC 874
 09 24 58.8309 +16 33 48.314   33   40 2454209.54941829 16.7 U  BC 874
 09 24 58.8299 +16 33 48.364   33   40 2454209.55038669 16.7 U  BC 874
 09 24 58.8293 +16 33 48.290   33   40 2454209.55134479 16.8 U  BC 874
 09 24 58.8322 +16 33 48.375   33   40 2454209.55232234 16.7 U  BC 874
 09 24 58.8309 +16 33 48.362   33   40 2454209.55328808 16.7 U  BC 874
 09 24 58.8326 +16 33 48.323   33   40 2454209.56198287 16.7 U  BC 874
 09 24 58.8373 +16 33 48.322   33   40 2454209.56294861 16.8 U  BC 874
 09 24 58.8338 +16 33 48.358   33   40 2454209.56391435 16.7 U  BC 874
 09 24 58.8308 +16 33 48.310   33   40 2454209.56488079 16.7 U  BC 874
 09 24 58.8366 +16 33 48.236   33   40 2454209.56584641 16.8 U  BC 874
 09 24 58.8340 +16 33 48.192   33   40 2454209.56902350 16.7 U  BC 874
 09 24 58.8350 +16 33 48.253   33   40 2454209.57156354 16.4 U  BC 874
 09 24 58.8426 +16 33 48.230   33   40 2454209.57497361 16.7 U  BC 874
 09 24 59.6548 +16 33 44.345   26   32 2454210.44375891 16.8 U  BC 874
 09 24 59.6568 +16 33 44.257   26   32 2454210.44442384 16.6 U  BC 874
 09 24 59.6622 +16 33 44.279   26   32 2454210.44635718 16.6 U  BC 874
 09 24 59.6571 +16 33 44.344   26   32 2454210.44734259 16.6 U  BC 874
 09 24 59.6614 +16 33 44.334   26   32 2454210.44830590 16.6 U  BC 874
 09 24 59.6621 +16 33 44.230   26   32 2454210.44926053 16.7 U  BC 874
 09 24 59.6612 +16 33 44.241   26   32 2454210.45215278 16.6 U  BC 874
 09 24 59.6629 +16 33 44.286   26   32 2454210.45312373 16.6 U  BC 874
 09 24 59.6632 +16 33 44.251   26   32 2454210.45506030 16.7 U  BC 874
 09 24 59.6670 +16 33 44.251   26   32 2454210.45602639 16.7 U  BC 874
 09 24 59.6676 +16 33 44.232   26   32 2454210.45698264 16.6 U  BC 874
 09 24 59.6666 +16 33 44.262   26   32 2454210.45794676 16.6 U  BC 874
 09 24 59.6698 +16 33 44.228   26   32 2454210.45970278 16.6 U  BC 874
 09 24 59.6674 +16 33 44.243   26   32 2454210.46066701 16.7 U  BC 874
 09 24 59.6678 +16 33 44.285   26   32 2454210.46162187 16.7 U  BC 874
 09 24 59.6721 +16 33 44.220   26   32 2454210.46850602 16.7 U  BC 874
 09 24 59.6819 +16 33 44.135   26   32 2454210.48037303 16.5 U  BC 874
 09 24 59.6821 +16 33 44.135   26   32 2454210.48122072 16.7 U  BC 874
 09 24 59.6822 +16 33 44.133   26   32 2454210.48206910 16.7 U  BC 874
 09 24 59.6839 +16 33 44.078   26   32 2454210.48290764 16.7 U  BC 874
 09 24 59.6842 +16 33 44.086   26   32 2454210.48375544 16.6 U  BC 874
 09 24 59.6833 +16 33 44.135   26   32 2454210.48460370 16.7 U  BC 874
 09 24 59.6881 +16 33 44.128   26   32 2454210.48544132 16.7 U  BC 874
 09 24 59.6863 +16 33 44.118   26   32 2454210.48713889 16.6 U  BC 874
 09 24 59.6860 +16 33 44.083   26   32 2454210.48797650 16.6 U  BC 874
 09 24 59.6900 +16 33 44.034   26   32 2454210.48882465 16.6 U  BC 874
 09 24 59.6901 +16 33 44.054   26   32 2454210.48967211 16.6 U  BC 874
 09 24 59.6916 +16 33 44.020   26   32 2454210.49051956 16.6 U  BC 874
 09 24 59.6898 +16 33 44.012   26   32 2454210.49135718 16.6 U  BC 874
 09 24 59.6886 +16 33 44.071   26   32 2454210.49220509 16.6 U  BC 874
 09 24 59.6883 +16 33 44.046   26   32 2454210.49366794 16.6 U  BC 874
 09 24 59.7005 +16 33 43.928   26   32 2454210.50467014 16.6 U  BC 874
 09 24 59.7021 +16 33 43.913   26   32 2454210.50551042 16.6 U  BC 874
 09 24 59.7035 +16 33 43.927   26   32 2454210.50635810 16.6 U  BC 874
 09 24 59.7035 +16 33 43.956   26   32 2454210.50720718 16.6 U  BC 874
 09 24 59.7028 +16 33 43.919   26   32 2454210.50806829 16.6 U  BC 874
 09 24 59.7035 +16 33 43.934   26   32 2454210.50891933 16.6 U  BC 874
 09 24 59.6997 +16 33 43.929   26   32 2454210.50977222 16.7 U  BC 874
 09 24 59.7036 +16 33 43.971   26   32 2454210.51062500 16.6 U  BC 874
 09 24 59.7072 +16 33 43.895   26   32 2454210.51147303 16.6 U  BC 874
 10 16 39.8740 +12 31 07.533   24   28 2454611.46640359 17.1 I  BC 874
 10 16 39.8900 +12 31 07.407   24   28 2454611.46797384 16.8 I  BC 874
 10 16 39.9134 +12 31 07.294   24   28 2454611.47014757 16.9 I  BC 874
 10 16 39.9319 +12 31 07.162   24   28 2454611.47246875 17.0 I  BC 874
 10 16 39.9533 +12 31 06.970   24   28 2454611.47482928 16.9 I  BC 874
 10 16 39.9696 +12 31 06.896   24   28 2454611.47625833 16.8 I  BC 874
 10 16 39.9802 +12 31 06.831   24   28 2454611.47767755 16.9 I  BC 874
 10 16 39.9918 +12 31 06.780   24   28 2454611.47868600 16.9 I  BC 874
 10 16 40.0047 +12 31 06.677   24   28 2454611.48011516 17.0 I  BC 874
 10 16 40.0208 +12 31 06.556   24   28 2454611.48153333 16.8 I  BC 874
 10 16 40.0458 +12 31 06.338   24   28 2454611.48439086 17.0 I  BC 874
 10 16 40.0726 +12 31 06.247   24   28 2454611.48723819 16.8 I  BC 874
 10 16 40.0841 +12 31 06.109   24   28 2454611.48866748 17.0 I  BC 874
 10 16 40.1097 +12 31 05.903   24   28 2454611.49152535 17.0 I  BC 874
 10 16 40.1273 +12 31 05.842   24   28 2454611.49295463 17.0 I  BC 874
 10 16 40.1412 +12 31 05.771   24   28 2454611.49438356 16.9 I  BC 874
 10 16 40.1500 +12 31 05.722   24   28 2454611.49580243 17.0 I  BC 874
 10 16 40.1651 +12 31 05.526   24   28 2454611.49723160 17.0 I  BC 874
 10 16 40.1794 +12 31 05.488   24   28 2454611.49866065 16.9 I  BC 874
 10 16 40.1925 +12 31 05.383   24   28 2454611.50008924 16.8 I  BC 874
 10 16 40.2135 +12 31 05.268   24   28 2454611.50233669 17.0 I  BC 874
 10 16 40.2298 +12 31 05.170   24   28 2454611.50376539 17.0 I  BC 874
 10 16 40.2382 +12 31 05.026   24   28 2454611.50519410 17.0 I  BC 874
 10 16 40.2525 +12 31 05.012   24   28 2454611.50662303 17.2 I  BC 874
 10 16 59.7182 +12 29 00.885   16   28 2454613.43730891 17.2 I  BC 874
 10 16 59.7507 +12 29 00.698   16   28 2454613.44048808 17.1 I  BC 874
 10 16 59.8240 +12 29 00.233   16   28 2454613.44786296 17.2 I  BC 874
 10 16 59.8443 +12 29 00.049   16   28 2454613.44987153 17.2 I  BC 874
 10 16 59.8876 +12 28 59.797   16   28 2454613.45389884 17.2 I  BC 874
 10 16 59.9068 +12 28 59.698   16   28 2454613.45590718 17.2 I  BC 874
 10 16 59.9259 +12 28 59.517   16   28 2454613.45791470 17.2 I  BC 874
 10 16 59.9457 +12 28 59.435   16   28 2454613.45993229 17.1 I  BC 874
 10 16 59.9667 +12 28 59.305   16   28 2454613.46193970 17.2 I  BC 874
 10 16 59.9877 +12 28 59.157   16   28 2454613.46394745 17.2 I  BC 874
 10 17 00.0098 +12 28 58.996   16   28 2454613.46595521 17.1 I  BC 874
 10 17 00.0284 +12 28 58.920   16   28 2454613.46796319 17.2 I  BC 874
 10 17 00.0506 +12 28 58.775   16   28 2454613.46997141 17.2 I  BC 874
 10 17 00.0680 +12 28 58.610   16   28 2454613.47197917 17.3 I  BC 874
 10 17 00.0889 +12 28 58.508   16   28 2454613.47398715 17.1 I  BC 874
 10 17 00.1081 +12 28 58.388   16   28 2454613.47599468 17.2 I  BC 874
 10 17 00.1322 +12 28 58.245   16   28 2454613.47800289 17.3 I  BC 874
 10 17 00.1502 +12 28 58.088   16   28 2454613.48001493 17.2 I  BC 874
 10 17 00.1707 +12 28 57.951   16   28 2454613.48202280 17.2 I  BC 874
 10 17 00.1913 +12 28 57.800   16   28 2454613.48402546 17.3 I  BC 874
 10 17 10.0611 +12 27 55.364   75   22 2454614.40989850 17.2 I  BC 874
 10 17 10.0875 +12 27 55.195   75   22 2454614.41278553 17.1 I  BC 874
 10 17 10.1121 +12 27 54.972   75   22 2454614.41551424 17.1 I  BC 874
 10 17 10.1392 +12 27 54.776   75   22 2454614.41834132 17.1 I  BC 874
 10 17 10.1650 +12 27 54.609   75   22 2454614.42108993 17.1 I  BC 874
 10 17 10.2295 +12 27 54.242   75   22 2454614.42588738 17.2 I  BC 874
 10 17 10.2608 +12 27 54.087   75   22 2454614.42869468 17.2 I  BC 874
 10 17 10.2856 +12 27 53.814   75   22 2454614.43206690 17.1 I  BC 874
 10 17 10.3336 +12 27 53.628   75   22 2454614.43576690 17.2 I  BC 874
 10 17 10.3584 +12 27 53.428   75   22 2454614.43854479 17.2 I  BC 874
 10 17 10.3891 +12 27 53.202   75   22 2454614.44138299 17.1 I  BC 874
 10 17 10.4188 +12 27 53.013   75   22 2454614.44417095 17.2 I  BC 874
 11 17 39.2935 +06 43 41.733   70   32 2455034.42774653 17.1 I  BC 874
 11 17 39.3276 +06 43 41.541   70   32 2455034.42911354 16.7 I  BC 874
 11 17 39.3558 +06 43 41.301   70   32 2455034.43063356 17.3 I  BC 874
 11 17 39.3764 +06 43 41.109   70   32 2455034.43171829 17.2 I  BC 874
 11 17 39.3915 +06 43 40.951   70   32 2455034.43280046 17.2 I  BC 874
 12 16 59.5903 +00 51 19.929   51   11 2455248.64826817 16.5 C  BC 874
 12 16 59.4740 +00 51 20.836   51   11 2455248.65780035 16.5 C  BC 874
 12 16 59.4583 +00 51 20.938   51   11 2455248.65899051 16.4 C  BC 874
 12 16 59.4431 +00 51 21.021   51   11 2455248.66019051 16.5 C  BC 874
 12 16 59.4272 +00 51 21.143   51   11 2455248.66138067 16.4 C  BC 874
 12 16 59.4136 +00 51 21.242   51   11 2455248.66257083 16.4 C  BC 874
 12 16 57.9014 +00 51 32.486   51   11 2455248.78395116 16.3 C  BC 874
 12 16 57.8850 +00 51 32.579   51   11 2455248.78514132 16.5 C  BC 874
 12 16 57.8689 +00 51 32.701   51   11 2455248.78633148 16.4 C  BC 874
 12 16 57.8528 +00 51 32.804   51   11 2455248.78752176 16.4 C  BC 874
 12 16 57.8454 +00 51 32.909   51   11 2455248.78871204 16.3 C  BC 874
 12 16 57.8273 +00 51 33.051   51   11 2455248.78991215 16.3 C  BC 874
 12 16 57.7952 +00 51 33.265   51   11 2455248.79229259 16.4 C  BC 874
 12 16 57.7841 +00 51 33.363   51   11 2455248.79348275 16.3 C  BC 874
 12 16 57.7359 +00 51 33.710   51   11 2455248.79706343 16.3 C  BC 874
 12 16 57.7216 +00 51 33.786   51   11 2455248.79825359 16.4 C  BC 874
 12 16 57.7066 +00 51 33.911   51   11 2455248.79944375 16.3 C  BC 874
 12 16 57.6904 +00 51 34.025   51   11 2455248.80063403 16.5 C  BC 874
 12 16 57.6038 +00 51 34.675   51   11 2455248.80781516 16.4 C  BC 874
 12 16 57.5913 +00 51 34.792   51   11 2455248.80900544 16.2 C  BC 874
 12 16 57.5764 +00 51 34.901   51   11 2455248.81019595 16.2 C  BC 874
 12 16 57.5479 +00 51 35.126   51   11 2455248.81258623 16.2 C  BC 874
 12 16 57.5315 +00 51 35.254   51   11 2455248.81377639 16.3 C  BC 874
 12 16 57.5034 +00 51 35.465   51   11 2455248.81615671 16.2 C  BC 874
 12 16 57.4866 +00 51 35.560   51   11 2455248.81734699 16.3 C  BC 874
 12 16 57.4745 +00 51 35.672   51   11 2455248.81854711 16.2 C  BC 874
 12 16 46.7221 +00 52 57.835   26   28 2455249.69897940 16.4 C  BC 874
 12 16 46.7034 +00 52 57.906   26   28 2455249.70018449 16.4 C  BC 874
 12 16 46.6876 +00 52 58.034   26   28 2455249.70137523 16.5 C  BC 874
 12 16 46.6736 +00 52 58.177   26   28 2455249.70257546 16.5 C  BC 874
 12 16 46.6598 +00 52 58.308   26   28 2455249.70377569 16.3 C  BC 874
 12 16 46.6286 +00 52 58.484   26   28 2455249.70615613 16.3 C  BC 874
 12 16 46.5980 +00 52 58.766   26   28 2455249.70854664 16.5 C  BC 874
 12 16 46.5807 +00 52 58.799   26   28 2455249.70973681 16.5 C  BC 874
 12 16 46.5541 +00 52 59.085   26   28 2455249.71211759 16.5 C  BC 874
 12 16 46.5074 +00 52 59.404   26   28 2455249.71570833 16.3 C  BC 874
 12 16 46.4941 +00 52 59.490   26   28 2455249.71689861 16.4 C  BC 874
 12 16 46.4742 +00 52 59.603   26   28 2455249.71808877 16.3 C  BC 874
 12 16 46.4614 +00 52 59.699   26   28 2455249.71928889 16.3 C  BC 874
 12 16 46.4472 +00 52 59.858   26   28 2455249.72048889 16.5 C  BC 874
 12 16 46.3984 +00 53 00.146   26   28 2455249.72406007 16.5 C  BC 874
 12 16 46.3870 +00 53 00.314   26   28 2455249.72526007 16.3 C  BC 874
 12 16 46.3547 +00 53 00.526   26   28 2455249.72764039 16.3 C  BC 874
 12 16 46.3403 +00 53 00.648   26   28 2455249.72883056 16.4 C  BC 874
 12 16 46.3104 +00 53 00.855   26   28 2455249.73122095 16.3 C  BC 874
 12 16 46.2971 +00 53 00.944   26   28 2455249.73242106 16.2 C  BC 874
 12 16 46.2350 +00 53 01.367   26   28 2455249.73686215 16.5 C  BC 874
 12 16 46.2212 +00 53 01.533   26   28 2455249.73806250 16.3 C  BC 874
 12 16 46.2066 +00 53 01.611   26   28 2455249.73926262 16.3 C  BC 874
 12 16 46.1946 +00 53 01.753   26   28 2455249.74045278 16.2 C  BC 874
 12 16 46.1594 +00 53 01.903   26   28 2455249.74283333 16.4 C  BC 874
 12 16 46.1297 +00 53 02.128   26   28 2455249.74523368 16.3 C  BC 874
 12 16 46.1144 +00 53 02.221   26   28 2455249.74642407 16.3 C  BC 874
 12 16 46.1000 +00 53 02.378   26   28 2455249.74761424 16.6 C  BC 874
 12 16 46.0851 +00 53 02.520   26   28 2455249.74880440 16.4 C  BC 874
 12 16 46.0704 +00 53 02.592   26   28 2455249.75000463 16.2 C  BC 874
 12 16 46.0520 +00 53 02.705   26   28 2455249.75119479 16.4 C  BC 874
 12 16 46.0382 +00 53 02.845   26   28 2455249.75238495 16.3 C  BC 874
 12 16 46.0257 +00 53 02.951   26   28 2455249.75357523 16.4 C  BC 874
 12 16 46.0092 +00 53 03.063   26   28 2455249.75476563 16.3 C  BC 874
 12 16 45.9939 +00 53 03.177   26   28 2455249.75596574 16.4 C  BC 874
 12 16 45.9787 +00 53 03.242   26   28 2455249.75715602 16.2 C  BC 874
 12 16 45.9649 +00 53 03.381   26   28 2455249.75834618 16.5 C  BC 874
 12 16 45.9507 +00 53 03.517   26   28 2455249.75953657 16.4 C  BC 874
 12 16 45.9316 +00 53 03.609   26   28 2455249.76072836 16.3 C  BC 874
 12 16 45.9201 +00 53 03.727   26   28 2455249.76191898 16.4 C  BC 874
 12 16 45.9011 +00 53 03.787   26   28 2455249.76311910 16.3 C  BC 874
 12 16 45.8874 +00 53 03.904   26   28 2455249.76430926 16.5 C  BC 874
 12 16 45.8722 +00 53 04.072   26   28 2455249.76549942 16.4 C  BC 874
 12 16 45.8589 +00 53 04.221   26   28 2455249.76668958 16.4 C  BC 874
 12 16 45.8401 +00 53 04.288   26   28 2455249.76787975 16.6 C  BC 874
 12 16 45.8244 +00 53 04.355   26   28 2455249.76907986 16.5 C  BC 874
 12 16 45.5549 +00 53 06.374   26   28 2455249.79006944 16.4 C  BC 874
 12 16 45.5101 +00 53 06.718   26   28 2455249.79367986 16.4 C  BC 874
 12 16 45.4839 +00 53 06.989   26   28 2455249.79607986 16.4 C  BC 874
 12 16 45.4513 +00 53 07.124   26   28 2455249.79846030 16.4 C  BC 874
 12 16 45.4068 +00 53 07.485   26   28 2455249.80205069 16.6 C  BC 874
 12 16 45.3757 +00 53 07.719   26   28 2455249.80443137 16.3 C  BC 874
 12 16 45.2772 +00 53 08.411   26   28 2455249.81215567 16.4 C  BC 874
 12 16 45.1272 +00 53 09.534   26   28 2455249.82408750 16.4 C  BC 874
 12 16 33.8710 +00 54 34.959   22   18 2455250.72535903 16.3 C  BC 874
 12 16 33.8603 +00 54 34.991   22   18 2455250.72620197 16.0 C  BC 874
 12 16 33.7945 +00 54 35.534   22   18 2455250.73129109 16.1 C  BC 874
 12 16 33.7831 +00 54 35.607   22   18 2455250.73214398 16.1 C  BC 874
 12 16 33.7524 +00 54 35.796   22   18 2455250.73467373 16.2 C  BC 874
 12 16 33.7181 +00 54 36.059   22   18 2455250.73722234 16.3 C  BC 874
 12 16 33.6944 +00 54 36.254   22   18 2455250.73891817 16.4 C  BC 874
 12 16 33.6610 +00 54 36.469   22   18 2455250.74145694 16.1 C  BC 874
 12 16 33.6279 +00 54 36.687   22   18 2455250.74401655 16.0 C  BC 874
 12 16 33.6184 +00 54 36.776   22   18 2455250.74485972 16.1 C  BC 874
 12 16 33.6076 +00 54 36.879   22   18 2455250.74570289 16.0 C  BC 874
 12 16 33.5830 +00 54 37.031   22   18 2455250.74739919 16.0 C  BC 874
 12 16 33.5740 +00 54 37.092   22   18 2455250.74824213 16.2 C  BC 874
 12 16 33.5540 +00 54 37.266   22   18 2455250.74992824 16.1 C  BC 874
 12 16 33.3299 +00 54 38.908   22   18 2455250.76696343 16.1 C  BC 874
 12 16 33.3099 +00 54 39.062   22   18 2455250.76865938 16.1 C  BC 874
 12 16 33.2864 +00 54 39.234   22   18 2455250.77034595 16.1 C  BC 874
 12 16 33.2762 +00 54 39.322   22   18 2455250.77118889 16.1 C  BC 874
 12 16 33.2663 +00 54 39.364   22   18 2455250.77204178 16.2 C  BC 874
 12 16 33.2427 +00 54 39.571   22   18 2455250.77372766 16.0 C  BC 874
 12 16 33.2221 +00 54 39.733   22   18 2455250.77541481 16.1 C  BC 874
 12 16 33.1565 +00 54 40.193   22   18 2455250.78050347 16.1 C  BC 874
 12 16 33.1202 +00 54 40.460   22   18 2455250.78304271 16.2 C  BC 874
 12 16 33.1107 +00 54 40.534   22   18 2455250.78388565 16.3 C  BC 874
 12 16 33.0994 +00 54 40.613   22   18 2455250.78473843 16.1 C  BC 874
 12 16 33.0690 +00 54 40.828   22   18 2455250.78726771 16.2 C  BC 874
 12 16 33.0421 +00 54 41.023   22   18 2455250.78897361 16.2 C  BC 874
 12 16 33.0326 +00 54 41.099   22   18 2455250.78981690 16.1 C  BC 874
 12 16 33.0253 +00 54 41.156   22   18 2455250.79066088 16.1 C  BC 874
 12 16 32.9106 +00 54 42.007   22   18 2455250.79935868 16.0 C  BC 874
 12 16 32.8888 +00 54 42.146   22   18 2455250.80105463 16.2 C  BC 874
 12 16 32.8761 +00 54 42.207   22   18 2455250.80189757 16.1 C  BC 874
 12 16 32.8649 +00 54 42.313   22   18 2455250.80275046 16.3 C  BC 874
 12 16 32.8557 +00 54 42.394   22   18 2455250.80360336 16.2 C  BC 874
 12 16 32.8119 +00 54 42.736   22   18 2455250.80698507 16.2 C  BC 874
 12 16 32.7949 +00 54 42.843   22   18 2455250.80825440 16.0 C  BC 874
 12 16 32.7727 +00 54 42.998   22   18 2455250.80994028 16.1 C  BC 874
 12 16 32.7505 +00 54 43.163   22   18 2455250.81164595 16.0 C  BC 874
 11 59 24.1828 +02 48 44.124   27   19 2455320.42841435 16.7 C  BC 874
 11 59 24.1607 +02 48 44.260   27   19 2455320.43056713 16.6 C  BC 874
 11 59 24.1565 +02 48 44.300   27   19 2455320.43128472 16.7 C  BC 874
 11 59 24.1496 +02 48 44.350   27   19 2455320.43200231 16.6 C  BC 874
 11 59 24.1270 +02 48 44.486   27   19 2455320.43414352 16.7 C  BC 874
 11 59 24.1029 +02 48 44.604   27   19 2455320.43629630 16.6 C  BC 874
 11 59 24.0933 +02 48 44.611   27   19 2455320.43700231 16.7 C  BC 874
 11 59 24.0888 +02 48 44.713   27   19 2455320.43771991 16.6 C  BC 874
 11 59 24.0805 +02 48 44.699   27   19 2455320.43843750 16.6 C  BC 874
 11 59 24.0649 +02 48 44.779   27   19 2455320.43987269 16.7 C  BC 874
 11 59 24.0554 +02 48 44.825   27   19 2455320.44057870 16.6 C  BC 874
 11 59 24.0402 +02 48 44.937   27   19 2455320.44201389 16.8 C  BC 874
 11 59 23.4165 +02 48 48.365   27   19 2455320.50120370 16.8 C  BC 874
 11 59 23.4131 +02 48 48.373   27   19 2455320.50192130 16.8 C  BC 874
 11 59 23.4079 +02 48 48.434   27   19 2455320.50263889 16.7 C  BC 874
 11 59 23.3967 +02 48 48.463   27   19 2455320.50334491 16.8 C  BC 874
 11 59 23.3875 +02 48 48.530   27   19 2455320.50406250 16.8 C  BC 874
 11 59 23.3832 +02 48 48.550   27   19 2455320.50478009 16.6 C  BC 874
 11 59 23.3721 +02 48 48.595   27   19 2455320.50549769 16.8 C  BC 874
 11 59 23.3614 +02 48 48.669   27   19 2455320.50693287 16.7 C  BC 874
 11 59 23.3511 +02 48 48.714   27   19 2455320.50763889 16.8 C  BC 874
 11 59 22.7090 +02 48 52.278   27   19 2455320.56891204 16.6 C  BC 874
 11 59 22.7001 +02 48 52.302   27   19 2455320.56962963 16.6 C  BC 874
 11 59 22.6940 +02 48 52.361   27   19 2455320.57034722 16.7 C  BC 874
 11 59 22.6865 +02 48 52.374   27   19 2455320.57105324 16.6 C  BC 874
 11 59 22.6780 +02 48 52.423   27   19 2455320.57177083 16.7 C  BC 874
 11 59 22.6743 +02 48 52.461   27   19 2455320.57248843 16.7 C  BC 874
 11 59 22.6610 +02 48 52.523   27   19 2455320.57320602 16.6 C  BC 874
 11 59 22.6542 +02 48 52.517   27   19 2455320.57392361 16.6 C  BC 874
 11 59 22.6463 +02 48 52.560   27   19 2455320.57464120 16.7 C  BC 874
 11 59 14.3784 +02 49 39.720   40   14 2455321.40833333 16.9 C  BC 874
 11 59 14.3653 +02 49 39.766   40   14 2455321.40940972 16.9 C  BC 874
 11 59 14.3556 +02 49 39.836   40   14 2455321.41048611 16.9 C  BC 874
 11 59 14.3446 +02 49 39.908   40   14 2455321.41156250 16.9 C  BC 874
 11 59 14.3341 +02 49 39.974   40   14 2455321.41263889 16.9 C  BC 874
 11 59 14.3217 +02 49 40.006   40   14 2455321.41371528 16.9 C  BC 874
 11 59 14.3105 +02 49 40.072   40   14 2455321.41479167 16.9 C  BC 874
 11 59 14.2997 +02 49 40.138   40   14 2455321.41586806 16.8 C  BC 874
 11 59 14.2889 +02 49 40.192   40   14 2455321.41694444 16.9 C  BC 874
 11 59 14.2787 +02 49 40.262   40   14 2455321.41802083 16.9 C  BC 874
 11 59 13.9481 +02 49 42.054   40   14 2455321.44969907 16.7 C  BC 874
 11 59 13.9415 +02 49 42.077   40   14 2455321.45041667 16.8 C  BC 874
 11 59 13.9354 +02 49 42.124   40   14 2455321.45112269 16.8 C  BC 874
 11 59 13.9288 +02 49 42.171   40   14 2455321.45184028 16.7 C  BC 874
 11 59 13.9220 +02 49 42.189   40   14 2455321.45255787 16.7 C  BC 874
 11 59 13.9024 +02 49 42.331   40   14 2455321.45471065 16.7 C  BC 874
 11 58 54.7384 +02 51 29.475   10   24 2455323.46001157 16.8 C  BC 874
 11 58 54.7251 +02 51 29.579   10   24 2455323.46144676 16.7 C  BC 874
 11 58 54.7176 +02 51 29.588   10   24 2455323.46215278 16.8 C  BC 874
 11 58 54.7102 +02 51 29.619   10   24 2455323.46287037 16.8 C  BC 874
 11 58 54.7036 +02 51 29.612   10   24 2455323.46358796 16.8 C  BC 874
 11 58 54.6901 +02 51 29.700   10   24 2455323.46502315 16.8 C  BC 874
 11 58 54.1729 +02 51 32.464   10   24 2455323.51870370 16.9 C  BC 874
 11 58 54.1582 +02 51 32.570   10   24 2455323.52012731 16.8 C  BC 874
 11 58 54.1532 +02 51 32.597   10   24 2455323.52084491 16.8 C  BC 874
 11 58 54.1463 +02 51 32.597   10   24 2455323.52156250 16.7 C  BC 874
 11 58 54.1308 +02 51 32.676   10   24 2455323.52299769 16.9 C  BC 874
 11 58 54.1241 +02 51 32.727   10   24 2455323.52371528 16.8 C  BC 874
 11 58 53.4302 +02 51 36.438   10   24 2455323.59612269 17.0 C  BC 874
 11 58 53.4240 +02 51 36.491   10   24 2455323.59682870 17.0 C  BC 874
 11 58 53.4183 +02 51 36.491   10   24 2455323.59754630 17.0 C  BC 874
 11 58 53.4100 +02 51 36.545   10   24 2455323.59826389 17.0 C  BC 874
 11 58 53.4025 +02 51 36.522   10   24 2455323.59898148 17.0 C  BC 874
 11 58 53.3894 +02 51 36.653   10   24 2455323.60041667 17.0 C  BC 874
 11 58 53.3754 +02 51 36.678   10   24 2455323.60185185 17.1 C  BC 874
 11 58 45.2663 +02 52 21.633   67   11 2455324.50057870 16.7 C  BC 874
 11 58 45.2248 +02 52 21.840   67   11 2455324.50436343 16.7 C  BC 874
 11 58 45.2173 +02 52 21.873   67   11 2455324.50531250 16.7 C  BC 874
 11 58 45.2032 +02 52 21.941   67   11 2455324.50626157 16.8 C  BC 874
 11 58 45.2009 +02 52 21.964   67   11 2455324.50719907 16.6 C  BC 874
 11 58 44.1442 +02 52 27.547   67   11 2455324.62166667 16.7 C  BC 874
 11 58 44.1277 +02 52 27.617   67   11 2455324.62273148 16.8 C  BC 874
 11 58 44.1182 +02 52 27.707   67   11 2455324.62484954 16.9 C  BC 874
 11 58 44.1057 +02 52 27.749   67   11 2455324.62591435 16.8 C  BC 874
 11 58 44.0989 +02 52 27.805   67   11 2455324.62697917 16.8 C  BC 874
 11 58 44.0880 +02 52 27.870   67   11 2455324.62804398 16.8 C  BC 874
 11 58 44.0797 +02 52 27.920   67   11 2455324.62910880 16.9 C  BC 874
 11 58 44.0693 +02 52 27.955   67   11 2455324.63017361 16.9 C  BC 874
 11 58 44.0511 +02 52 27.992   67   11 2455324.63122685 16.8 C  BC 874
 11 59 43.0465 +02 34 43.819   23   12 2455382.39825231 17.0 R  BC 874
 11 59 43.0524 +02 34 43.750   23   12 2455382.39920139 17.1 R  BC 874
 11 59 43.0654 +02 34 43.669   23   12 2455382.40015046 17.0 R  BC 874
 11 59 43.0847 +02 34 43.512   23   12 2455382.40203704 17.0 R  BC 874
 11 59 43.0964 +02 34 43.421   23   12 2455382.40298611 17.0 R  BC 874
 11 59 43.1049 +02 34 43.371   23   12 2455382.40393519 17.0 R  BC 874
 11 59 43.1156 +02 34 43.293   23   12 2455382.40488426 17.0 R  BC 874
 11 59 43.1239 +02 34 43.209   23   12 2455382.40583333 17.1 R  BC 874
 11 59 43.1323 +02 34 43.138   23   12 2455382.40678241 17.0 R  BC 874
 11 59 43.1457 +02 34 43.041   23   12 2455382.40773148 17.0 R  BC 874
 11 59 43.1551 +02 34 42.971   23   12 2455382.40866898 17.0 R  BC 874
 11 59 43.1753 +02 34 42.799   23   12 2455382.41056713 17.1 R  BC 874
 11 59 43.1861 +02 34 42.746   23   12 2455382.41151620 17.0 R  BC 874
 11 59 43.1933 +02 34 42.656   23   12 2455382.41246528 17.0 R  BC 874
 11 59 43.2048 +02 34 42.560   23   12 2455382.41341435 17.0 R  BC 874
 11 59 43.2227 +02 34 42.397   23   12 2455382.41530093 16.9 R  BC 874
 11 59 43.2324 +02 34 42.362   23   12 2455382.41625000 17.0 R  BC 874
 11 59 43.2447 +02 34 42.255   23   12 2455382.41719907 17.0 R  BC 874
 11 59 43.2568 +02 34 42.177   23   12 2455382.41814815 17.0 R  BC 874
 11 59 43.2675 +02 34 42.125   23   12 2455382.41908565 17.2 R  BC 874
 11 59 43.2833 +02 34 41.963   23   12 2455382.42098380 17.0 R  BC 874
 11 59 43.3060 +02 34 41.783   23   12 2455382.42288194 17.0 R  BC 874
 11 59 43.3123 +02 34 41.697   23   12 2455382.42383102 17.0 R  BC 874
 11 59 43.3251 +02 34 41.624   23   12 2455382.42476852 17.0 R  BC 874
 11 59 43.3341 +02 34 41.564   23   12 2455382.42571759 17.1 R  BC 874
 11 59 55.0356 +02 33 12.868   28   19 2455383.48650463 17.2 R  BC 874
 11 59 55.0833 +02 33 12.539   28   19 2455383.49064815 17.1 R  BC 874
 11 59 55.0964 +02 33 12.395   28   19 2455383.49208333 17.1 R  BC 874
 11 59 55.1133 +02 33 12.266   28   19 2455383.49350694 17.3 R  BC 874
 11 59 55.1205 +02 33 12.238   28   19 2455383.49422454 17.1 R  BC 874
 11 59 55.1253 +02 33 12.161   28   19 2455383.49494213 17.2 R  BC 874
 11 59 55.1334 +02 33 12.104   28   19 2455383.49565972 17.2 R  BC 874
 11 59 55.1468 +02 33 12.007   28   19 2455383.49637731 17.2 R  BC 874
 11 59 55.1548 +02 33 11.961   28   19 2455383.49709491 17.2 R  BC 874
 11 59 55.1597 +02 33 11.897   28   19 2455383.49781250 17.2 R  BC 874
 11 59 55.1655 +02 33 11.856   28   19 2455383.49853009 17.2 R  BC 874
 11 59 55.1830 +02 33 11.711   28   19 2455383.49996528 17.2 R  BC 874
 11 59 55.1999 +02 33 11.577   28   19 2455383.50140046 17.2 R  BC 874
 11 59 55.2101 +02 33 11.527   28   19 2455383.50211806 17.3 R  BC 874
 11 59 55.2166 +02 33 11.494   28   19 2455383.50283565 17.2 R  BC 874
 11 59 55.2225 +02 33 11.460   28   19 2455383.50355324 17.2 R  BC 874
 11 59 55.2406 +02 33 11.327   28   19 2455383.50498843 17.2 R  BC 874
 11 59 55.2497 +02 33 11.209   28   19 2455383.50570602 17.2 R  BC 874
 11 59 55.2584 +02 33 11.178   28   19 2455383.50642361 17.2 R  BC 874
 11 59 55.2653 +02 33 11.113   28   19 2455383.50714120 17.3 R  BC 874
 11 59 55.2803 +02 33 11.008   28   19 2455383.50857639 17.2 R  BC 874
 11 59 55.2849 +02 33 10.939   28   19 2455383.50929398 17.2 R  BC 874
 11 59 55.2936 +02 33 10.871   28   19 2455383.51001157 17.1 R  BC 874
 11 59 55.3038 +02 33 10.851   28   19 2455383.51072917 17.2 R  BC 874
 12 00 06.4212 +02 31 47.121   26   27 2455384.48842593 17.1 R  BC 874
 12 00 06.4768 +02 31 46.626   26   27 2455384.49340278 17.1 R  BC 874
 12 00 06.4873 +02 31 46.559   26   27 2455384.49412037 17.2 R  BC 874
 12 00 06.4933 +02 31 46.548   26   27 2455384.49482639 17.1 R  BC 874
 12 00 06.4991 +02 31 46.520   26   27 2455384.49554398 17.0 R  BC 874
 12 00 06.5132 +02 31 46.377   26   27 2455384.49626157 17.1 R  BC 874
 12 00 06.5211 +02 31 46.353   26   27 2455384.49697917 17.1 R  BC 874
 12 00 06.5267 +02 31 46.274   26   27 2455384.49769676 17.1 R  BC 874
 12 00 06.5350 +02 31 46.223   26   27 2455384.49840278 17.1 R  BC 874
 12 00 06.5453 +02 31 46.150   26   27 2455384.49912037 17.2 R  BC 874
 12 00 06.5509 +02 31 46.084   26   27 2455384.49983796 17.2 R  BC 874
 12 00 06.5561 +02 31 46.084   26   27 2455384.50055556 17.0 R  BC 874
 12 00 06.5681 +02 31 45.934   26   27 2455384.50126157 17.0 R  BC 874
 12 00 06.5734 +02 31 45.935   26   27 2455384.50197917 17.1 R  BC 874
 12 00 06.5851 +02 31 45.829   26   27 2455384.50269676 17.1 R  BC 874
 12 00 06.5909 +02 31 45.804   26   27 2455384.50341435 17.1 R  BC 874
 12 00 06.6002 +02 31 45.756   26   27 2455384.50413194 17.0 R  BC 874
 12 00 06.6172 +02 31 45.612   26   27 2455384.50555556 17.1 R  BC 874
 12 00 06.6228 +02 31 45.539   26   27 2455384.50627315 17.1 R  BC 874
 12 42 29.5245 -01 44 14.363   56   46 2455705.41027778 17.1 I  BC 874
 12 42 29.5052 -01 44 14.434   56   46 2455705.41276620 15.4 I  BC 874
 12 42 29.4916 -01 44 14.317   56   46 2455705.41491898 16.3 I  BC 874
 12 42 29.4940 -01 44 14.320   56   46 2455705.41563657 17.0 I  BC 874
 12 42 29.4830 -01 44 14.204   56   46 2455705.41778935 17.2 I  BC 874
 12 42 29.4750 -01 44 14.256   56   46 2455705.41850694 17.1 I  BC 874
 12 42 29.4514 -01 44 14.084   56   46 2455705.42208333 16.9 I  BC 874
 12 42 29.4448 -01 44 14.026   56   46 2455705.42280093 15.9 I  BC 874
 12 42 29.4438 -01 44 14.122   56   46 2455705.42351852 16.8 I  BC 874
 12 42 29.3407 -01 44 13.654   56   46 2455705.43912037 17.0 I  BC 874
 12 42 29.2679 -01 44 13.422   56   46 2455705.44885417 17.0 I  BC 874
 12 42 29.2537 -01 44 13.332   56   46 2455705.45067130 16.9 I  BC 874
 12 42 29.2425 -01 44 13.243   56   46 2455705.45283565 17.0 I  BC 874
 12 42 29.1750 -01 44 13.095   56   46 2455705.46269676 17.1 I  BC 874
 12 42 29.1772 -01 44 12.982   56   46 2455705.46341435 16.8 I  BC 874
 12 42 29.1588 -01 44 13.085   56   46 2455705.46484954 17.0 I  BC 874
 12 42 29.1554 -01 44 12.983   56   46 2455705.46556713 16.9 I  BC 874
 12 42 29.1458 -01 44 13.045   56   46 2455705.46628472 16.7 I  BC 874
 12 42 29.1257 -01 44 12.881   56   46 2455705.46986111 16.9 I  BC 874
 12 42 29.1208 -01 44 12.851   56   46 2455705.47057870 17.1 I  BC 874
 12 42 29.1238 -01 44 12.819   56   46 2455705.47129630 16.4 I  BC 874
 12 42 29.1113 -01 44 12.761   56   46 2455705.47201389 15.8 I  BC 874
 12 42 29.1032 -01 44 12.802   56   46 2455705.47273148 17.0 I  BC 874
 12 42 29.0915 -01 44 12.789   56   46 2455705.47415509 17.0 I  BC 874
 12 42 29.0925 -01 44 12.789   56   46 2455705.47487269 16.9 I  BC 874
 12 42 29.0889 -01 44 12.716   56   46 2455705.47559028 16.9 I  BC 874
 12 42 29.0807 -01 44 12.686   56   46 2455705.47630787 17.0 I  BC 874
 12 42 29.0779 -01 44 12.759   56   46 2455705.47702546 17.0 I  BC 874
 12 42 29.0726 -01 44 12.638   56   46 2455705.47774306 16.2 I  BC 874
 13 28 24.8415 -06 18 59.615   20   15 2456071.55311343 16.6 C  BC 874
 13 28 24.8280 -06 18 59.489   20   15 2456071.55453704 16.6 C  BC 874
 13 28 24.7906 -06 18 59.347   20   15 2456071.55741898 16.6 C  BC 874
 13 28 24.7736 -06 18 59.298   20   15 2456071.55884259 16.7 C  BC 874
 13 28 24.7596 -06 18 59.176   20   15 2456071.56026620 16.6 C  BC 874
 13 28 24.7396 -06 18 59.145   20   15 2456071.56168982 16.7 C  BC 874
 13 28 24.7224 -06 18 59.051   20   15 2456071.56311343 16.6 C  BC 874
 13 28 24.6746 -06 18 58.825   20   15 2456071.56738426 16.7 C  BC 874
 13 28 24.6573 -06 18 58.730   20   15 2456071.56880787 16.6 C  BC 874
 13 28 24.6414 -06 18 58.668   20   15 2456071.57023148 16.7 C  BC 874
 13 28 24.6234 -06 18 58.591   20   15 2456071.57165509 16.6 C  BC 874
 13 28 24.6062 -06 18 58.484   20   15 2456071.57307870 16.8 C  BC 874
 13 28 24.5893 -06 18 58.422   20   15 2456071.57450231 16.6 C  BC 874
 13 28 24.5553 -06 18 58.273   20   15 2456071.57734954 16.6 C  BC 874
 13 28 24.5196 -06 18 58.113   20   15 2456071.58019676 16.6 C  BC 874
 13 28 24.5035 -06 18 58.049   20   15 2456071.58162037 16.7 C  BC 874
 13 28 24.4697 -06 18 57.867   20   15 2456071.58446759 16.7 C  BC 874
 13 28 24.4550 -06 18 57.800   20   15 2456071.58589120 16.6 C  BC 874
 13 28 24.4345 -06 18 57.720   20   15 2456071.58731481 16.7 C  BC 874
 13 28 24.4212 -06 18 57.638   20   15 2456071.58873843 16.6 C  BC 874
 13 28 24.4018 -06 18 57.568   20   15 2456071.59016204 16.7 C  BC 874
 13 28 24.3882 -06 18 57.512   20   15 2456071.59158565 16.6 C  BC 874
 13 28 24.3691 -06 18 57.400   20   15 2456071.59300926 16.7 C  BC 874
 13 28 24.3514 -06 18 57.368   20   15 2456071.59443287 16.6 C  BC 874
 13 28 24.3356 -06 18 57.254   20   15 2456071.59585648 16.7 C  BC 874
 13 28 14.8112 -06 18 12.356   58   19 2456072.43700231 16.9 I  BC 874
 13 28 14.7851 -06 18 12.170   58   19 2456072.43984954 16.9 I  BC 874
 13 28 14.7494 -06 18 12.059   58   19 2456072.44269676 16.9 I  BC 874
 13 28 14.7259 -06 18 11.947   58   19 2456072.44412037 16.8 I  BC 874
 13 28 14.6953 -06 18 11.825   58   19 2456072.44696759 16.8 I  BC 874
 13 27 52.4753 -06 16 29.445   16   24 2456074.47720486 17.0 I  BC 874
 13 27 52.4560 -06 16 29.403   16   24 2456074.47901042 17.0 I  BC 874
 13 27 52.4478 -06 16 29.348   16   24 2456074.47991319 16.4 I  BC 874
 13 27 52.4373 -06 16 29.308   16   24 2456074.48081597 17.0 I  BC 874
 13 27 52.4140 -06 16 29.186   16   24 2456074.48262153 16.6 I  BC 874
 13 27 52.4073 -06 16 29.171   16   24 2456074.48352431 17.0 I  BC 874
 13 27 52.3561 -06 16 28.918   16   24 2456074.48803819 17.0 I  BC 874
 13 27 52.3465 -06 16 28.905   16   24 2456074.48894097 16.9 I  BC 874
 13 27 52.3386 -06 16 28.842   16   24 2456074.48984375 17.1 I  BC 874
 13 27 52.2964 -06 16 28.716   16   24 2456074.49343750 16.6 C  BC 874
 13 27 52.2910 -06 16 28.697   16   24 2456074.49393519 16.6 C  BC 874
 13 27 52.2855 -06 16 28.665   16   24 2456074.49443287 16.6 C  BC 874
 13 27 52.2808 -06 16 28.640   16   24 2456074.49493056 16.6 C  BC 874
 13 27 52.2765 -06 16 28.609   16   24 2456074.49542824 16.7 C  BC 874
 13 27 52.2700 -06 16 28.613   16   24 2456074.49592593 16.7 C  BC 874
 13 27 52.2632 -06 16 28.584   16   24 2456074.49642361 16.6 C  BC 874
 13 27 52.2579 -06 16 28.518   16   24 2456074.49692130 16.6 C  BC 874
 13 27 52.2520 -06 16 28.504   16   24 2456074.49741898 16.6 C  BC 874
 13 27 52.2475 -06 16 28.500   16   24 2456074.49791667 16.7 C  BC 874
 13 27 52.2409 -06 16 28.472   16   24 2456074.49841435 16.7 C  BC 874
 13 27 52.2368 -06 16 28.467   16   24 2456074.49891204 16.6 C  BC 874
 13 27 52.2321 -06 16 28.435   16   24 2456074.49940972 16.7 C  BC 874
 13 27 52.2275 -06 16 28.401   16   24 2456074.49990741 16.7 C  BC 874
 13 27 52.2206 -06 16 28.413   16   24 2456074.50040509 16.7 C  BC 874
 13 27 42.6177 -06 15 44.818   29   26 2456075.42040509 16.9 I  BC 874
 13 27 42.6073 -06 15 44.751   29   26 2456075.42148148 16.8 I  BC 874
 13 27 42.5938 -06 15 44.731   29   26 2456075.42255787 16.8 I  BC 874
 13 27 42.5806 -06 15 44.653   29   26 2456075.42363426 16.9 I  BC 874
 13 27 42.5706 -06 15 44.595   29   26 2456075.42471065 16.8 I  BC 874
 13 27 42.5462 -06 15 44.521   29   26 2456075.42686343 16.8 I  BC 874
 13 27 42.5371 -06 15 44.474   29   26 2456075.42793981 16.8 I  BC 874
 13 27 42.5115 -06 15 44.334   29   26 2456075.43009259 16.8 I  BC 874
 13 27 42.5011 -06 15 44.312   29   26 2456075.43116898 16.9 I  BC 874
 13 27 42.4935 -06 15 44.318   29   26 2456075.43224537 17.0 I  BC 874
 13 27 42.4657 -06 15 44.182   29   26 2456075.43439815 17.0 I  BC 874
 13 27 42.4567 -06 15 44.108   29   26 2456075.43547454 16.8 I  BC 874
 13 27 42.3859 -06 15 43.869   29   26 2456075.44203704 16.6 C  BC 874
 13 27 42.3797 -06 15 43.818   29   26 2456075.44253472 16.6 C  BC 874
 13 27 42.3743 -06 15 43.812   29   26 2456075.44303241 16.6 C  BC 874
 13 27 42.3703 -06 15 43.775   29   26 2456075.44353009 16.6 C  BC 874
 13 27 42.3653 -06 15 43.745   29   26 2456075.44402778 16.5 C  BC 874
 13 27 42.3593 -06 15 43.720   29   26 2456075.44452546 16.5 C  BC 874
 13 27 42.3558 -06 15 43.694   29   26 2456075.44502315 16.6 C  BC 874
 13 27 42.3496 -06 15 43.688   29   26 2456075.44552083 16.6 C  BC 874
 13 27 42.3437 -06 15 43.669   29   26 2456075.44601852 16.5 C  BC 874
 13 27 42.3401 -06 15 43.625   29   26 2456075.44651620 16.6 C  BC 874
 13 27 42.2306 -06 15 43.190   29   26 2456075.45699074 16.6 C  BC 874
 13 27 42.2253 -06 15 43.096   29   26 2456075.45748843 16.6 C  BC 874
 13 27 42.2205 -06 15 43.069   29   26 2456075.45798611 16.6 C  BC 874
 13 27 42.2147 -06 15 43.019   29   26 2456075.45848380 16.6 C  BC 874
 13 27 32.2038 -06 14 58.399   72   27 2456076.44554398 17.1 I  BC 874
 13 27 31.1266 -06 14 53.725   72   27 2456076.55028935 16.2 I  BC 874
 13 27 31.0881 -06 14 53.645   72   27 2456076.55310185 16.8 I  BC 874
 13 27 31.0549 -06 14 53.532   72   27 2456076.55591435 16.9 I  BC 874
 13 27 31.0412 -06 14 53.363   72   27 2456076.55873843 16.4 I  BC 874
 13 27 31.0036 -06 14 53.299   72   27 2456076.56155093 16.9 I  BC 874
 13 27 30.9435 -06 14 53.044   72   27 2456076.56718750 16.6 I  BC 874
 13 27 30.9152 -06 14 52.867   72   27 2456076.57000000 16.9 I  BC 874
 13 27 30.8855 -06 14 52.792   72   27 2456076.57282407 16.8 I  BC 874
 13 25 55.9952 -06 18 09.025   14   14 2456119.41149306 16.8 un BC 874
 13 25 56.0318 -06 18 09.373   14   14 2456119.41806713 16.8 un BC 874
 13 25 56.0359 -06 18 09.413   14   14 2456119.41913194 17.0 un BC 874
 13 25 56.0421 -06 18 09.495   14   14 2456119.42019676 16.8 un BC 874
 13 25 56.0479 -06 18 09.549   14   14 2456119.42127315 16.8 un BC 874
 13 25 56.0557 -06 18 09.576   14   14 2456119.42233796 16.8 un BC 874
 13 25 56.0648 -06 18 09.693   14   14 2456119.42447917 16.8 un BC 874
 13 25 56.0715 -06 18 09.736   14   14 2456119.42554398 16.7 un BC 874
 13 25 56.0788 -06 18 09.826   14   14 2456119.42660880 16.8 un BC 874
 13 25 56.0844 -06 18 09.848   14   14 2456119.42767361 16.8 un BC 874
 13 25 56.0894 -06 18 09.922   14   14 2456119.42875000 16.7 un BC 874
 13 25 56.0947 -06 18 10.002   14   14 2456119.42981482 16.9 un BC 874
 13 25 56.1001 -06 18 10.042   14   14 2456119.43087963 16.8 un BC 874
 13 25 56.1141 -06 18 10.168   14   14 2456119.43302083 16.9 un BC 874
 13 25 56.1204 -06 18 10.215   14   14 2456119.43408565 16.8 un BC 874
 13 25 56.1236 -06 18 10.284   14   14 2456119.43516204 16.8 un BC 874
 13 25 56.1375 -06 18 10.374   14   14 2456119.43729167 16.8 un BC 874
 13 27 13.8336 -06 28 56.922   19   16 2456129.50879060 16.9 R  BC 874
 13 27 13.8555 -06 28 57.059   19   16 2456129.51072674 16.9 R  BC 874
 13 27 13.8599 -06 28 57.081   19   16 2456129.51147308 16.9 R  BC 874
 13 27 13.8746 -06 28 57.215   19   16 2456129.51296560 16.9 R  BC 874
 13 27 13.8796 -06 28 57.299   19   16 2456129.51371177 16.9 R  BC 874
 13 27 13.8878 -06 28 57.330   19   16 2456129.51445812 17.0 R  BC 874
 13 27 13.9009 -06 28 57.437   19   16 2456129.51595064 17.0 R  BC 874
 13 27 13.9182 -06 28 57.531   19   16 2456129.51744297 17.0 R  BC 874
 13 27 13.9224 -06 28 57.603   19   16 2456129.51818860 16.9 R  BC 874
 13 27 13.9508 -06 28 57.849   19   16 2456129.52117362 17.0 R  BC 874
 13 27 13.9584 -06 28 57.891   19   16 2456129.52191980 16.9 R  BC 874
 13 27 13.9659 -06 28 57.938   19   16 2456129.52266578 16.9 R  BC 874
 13 27 13.9733 -06 28 57.968   19   16 2456129.52341194 17.0 R  BC 874
 13 27 22.7610 -06 30 06.179   27   26 2456130.42500168 17.1 R  BC 874
 13 27 22.7643 -06 30 06.283   27   26 2456130.42574785 17.0 R  BC 874
 13 27 22.7713 -06 30 06.342   27   26 2456130.42649420 17.1 R  BC 874
 13 27 22.7789 -06 30 06.400   27   26 2456130.42724037 17.0 R  BC 874
 13 27 22.7844 -06 30 06.441   27   26 2456130.42798654 17.0 R  BC 874
 13 27 22.7948 -06 30 06.504   27   26 2456130.42873307 17.1 R  BC 874
 13 27 22.8016 -06 30 06.604   27   26 2456130.42947924 17.1 R  BC 874
 13 27 22.8092 -06 30 06.617   27   26 2456130.43022522 17.1 R  BC 874
 13 27 22.8198 -06 30 06.718   27   26 2456130.43171775 17.1 R  BC 874
 13 27 22.8294 -06 30 06.795   27   26 2456130.43246411 17.1 R  BC 874
 13 27 22.8345 -06 30 06.858   27   26 2456130.43321027 17.1 R  BC 874
 13 27 22.8494 -06 30 07.008   27   26 2456130.43470243 17.4 R  BC 874
 13 27 22.8551 -06 30 06.973   27   26 2456130.43544860 17.1 R  BC 874
 13 27 22.8660 -06 30 07.069   27   26 2456130.43619494 17.1 R  BC 874
 13 27 22.8750 -06 30 07.096   27   26 2456130.43694094 17.1 R  BC 874
 13 27 22.8776 -06 30 07.213   27   26 2456130.43768711 17.1 R  BC 874
 14 26 06.1065 -11 39 05.098   41   34 2456415.51099869 16.5 I  BC 874
 14 26 06.0207 -11 39 04.718   41   34 2456415.51571718 16.5 I  BC 874
 14 26 05.9434 -11 39 04.304   41   34 2456415.51957791 16.8 I  BC 874
 14 26 05.9240 -11 39 04.181   41   34 2456415.52067583 16.6 I  BC 874
 14 26 05.9004 -11 39 04.116   41   34 2456415.52177394 16.4 I  BC 874
 14 26 05.8808 -11 39 03.995   41   34 2456415.52287258 15.9 I  BC 874
 14 26 05.8421 -11 39 03.815   41   34 2456415.52506970 16.8 I  BC 874
 14 26 05.8169 -11 39 03.706   41   34 2456415.52616835 15.5 I  BC 874
 14 26 05.7397 -11 39 03.347   41   34 2456415.53049910 16.7 I  BC 874
 14 26 05.6712 -11 39 03.063   41   34 2456415.53379485 16.9 I  BC 874
 14 26 05.6344 -11 39 02.860   41   34 2456415.53599197 15.4 I  BC 874
 14 26 05.5525 -11 39 02.355   41   34 2456415.54038638 16.7 I  BC 874
 14 26 05.4557 -11 39 01.878   41   34 2456415.54548049 16.3 I  BC 874
 14 26 05.3518 -11 39 01.412   41   34 2456415.55097337 16.5 I  BC 874
 14 26 05.3059 -11 39 01.181   41   34 2456415.55317066 16.6 I  BC 874
 14 26 04.0295 -11 38 55.028   41   34 2456415.62044458 16.3 I  BC 874
 14 26 03.9720 -11 38 54.779   41   34 2456415.62333905 16.8 I  BC 874
 14 26 03.9496 -11 38 54.617   41   34 2456415.62443697 16.8 I  BC 874
 14 26 03.9362 -11 38 54.575   41   34 2456415.62553561 16.9 I  BC 874
 14 26 03.9066 -11 38 54.475   41   34 2456415.62663426 16.9 I  BC 874
 14 26 03.8942 -11 38 54.362   41   34 2456415.62773292 16.9 I  BC 874
 14 26 03.8705 -11 38 54.227   41   34 2456415.62883156 16.7 I  BC 874
 14 26 03.8424 -11 38 54.148   41   34 2456415.62993021 16.9 I  BC 874
 14 26 03.8275 -11 38 54.095   41   34 2456415.63102885 16.6 I  BC 874
 14 26 03.8025 -11 38 53.923   41   34 2456415.63212769 16.6 I  BC 874
 14 26 03.7866 -11 38 53.839   41   34 2456415.63322633 16.7 I  BC 874
 14 26 03.7638 -11 38 53.754   41   34 2456415.63432498 16.7 I  BC 874
 14 26 03.7383 -11 38 53.598   41   34 2456415.63542381 16.8 I  BC 874
 14 25 48.6135 -11 37 38.499   28   18 2456416.45146060 16.4 I  BC 874
 14 25 48.5651 -11 37 38.254   28   18 2456416.45365789 16.6 I  BC 874
 14 25 48.5498 -11 37 38.169   28   18 2456416.45475637 16.7 I  BC 874
 14 25 48.5260 -11 37 38.067   28   18 2456416.45585501 16.6 I  BC 874
 14 25 48.5033 -11 37 38.001   28   18 2456416.45695366 16.6 I  BC 874
 14 25 48.4848 -11 37 37.888   28   18 2456416.45805230 16.7 I  BC 874
 14 25 48.4671 -11 37 37.788   28   18 2456416.45915095 16.1 I  BC 874
 14 25 48.4444 -11 37 37.698   28   18 2456416.46024941 16.7 I  BC 874
 14 25 48.4262 -11 37 37.600   28   18 2456416.46134806 16.6 I  BC 874
 14 25 48.4058 -11 37 37.459   28   18 2456416.46244670 16.6 I  BC 874
 14 25 48.3619 -11 37 37.291   28   18 2456416.46464382 16.5 I  BC 874
 14 25 48.2982 -11 37 36.989   28   18 2456416.46793958 16.8 I  BC 874
 14 25 48.2767 -11 37 36.892   28   18 2456416.46903823 16.7 I  BC 874
 14 25 48.2576 -11 37 36.797   28   18 2456416.47013687 16.6 I  BC 874
 14 25 48.1416 -11 37 36.249   28   18 2456416.47633360 16.5 I  BC 874
 14 25 48.0485 -11 37 35.785   28   18 2456416.48113907 16.7 I  BC 874
 14 25 48.0293 -11 37 35.652   28   18 2456416.48223772 16.7 I  BC 874
 14 25 48.0093 -11 37 35.596   28   18 2456416.48333618 16.7 I  BC 874
 14 25 47.8816 -11 37 34.945   28   18 2456416.49008522 16.6 I  BC 874
 14 25 47.8413 -11 37 34.762   28   18 2456416.49228251 16.8 I  BC 874
 14 25 27.0470 -11 35 52.547   16   17 2456417.60863774 16.9 I  BC 874
 14 25 26.9946 -11 35 52.260   16   17 2456417.61136926 16.5 I  BC 874
 14 25 26.9555 -11 35 52.068   16   17 2456417.61356655 16.6 I  BC 874
 14 25 26.9337 -11 35 51.960   16   17 2456417.61466520 16.8 I  BC 874
 14 25 26.8723 -11 35 51.681   16   17 2456417.61796150 16.8 I  BC 874
 14 25 26.8519 -11 35 51.549   16   17 2456417.61905997 16.7 I  BC 874
 14 25 26.8312 -11 35 51.473   16   17 2456417.62015861 16.8 I  BC 874
 14 25 26.7464 -11 35 51.094   16   17 2456417.62455338 16.7 I  BC 874
 14 25 26.7251 -11 35 50.992   16   17 2456417.62565204 16.7 I  BC 874
 14 25 26.6839 -11 35 50.761   16   17 2456417.62784933 16.7 I  BC 874
 14 25 26.6648 -11 35 50.675   16   17 2456417.62894797 16.9 I  BC 874
 14 25 26.6205 -11 35 50.449   16   17 2456417.63114562 16.6 I  BC 874
 14 24 52.6425 -11 33 03.317   60   21 2456419.46847449 16.4 I  BC 874
 14 24 52.6179 -11 33 03.167   60   21 2456419.46992145 16.8 I  BC 874
 14 24 52.5903 -11 33 03.056   60   21 2456419.47136733 16.5 I  BC 874
 14 24 52.5730 -11 33 02.958   60   21 2456419.47281338 17.0 I  BC 874
 14 24 52.5356 -11 33 02.794   60   21 2456419.47425943 17.1 I  BC 874
 14 24 52.4810 -11 33 02.577   60   21 2456419.47715172 16.8 I  BC 874
 14 24 52.4590 -11 33 02.407   60   21 2456419.47859759 16.5 I  BC 874
 14 24 31.8951 -11 31 22.177   42   32 2456420.59100601 16.5 I  BC 874
 14 24 31.8753 -11 31 22.081   42   32 2456420.59210483 16.8 I  BC 874
 14 24 31.8367 -11 31 21.825   42   32 2456420.59430248 16.7 I  BC 874
 14 24 31.8132 -11 31 21.796   42   32 2456420.59540111 17.0 I  BC 874
 14 24 31.7873 -11 31 21.685   42   32 2456420.59649976 16.9 I  BC 874
 14 24 31.7672 -11 31 21.564   42   32 2456420.59759858 16.7 I  BC 874
 14 24 31.7291 -11 31 21.419   42   32 2456420.59979586 16.8 I  BC 874
 14 24 31.7099 -11 31 21.286   42   32 2456420.60089469 16.8 I  BC 874
 14 24 31.6721 -11 31 21.016   42   32 2456420.60309214 15.9 I  BC 874
 14 24 31.6447 -11 31 20.965   42   32 2456420.60419079 16.9 I  BC 874
 14 24 12.9345 -11 29 49.688   18   31 2456421.62278197 16.2 I  BC 874
 14 24 12.9069 -11 29 49.524   18   31 2456421.62422801 16.7 I  BC 874
 14 24 12.8758 -11 29 49.382   18   31 2456421.62580681 17.0 I  BC 874
 14 24 12.8583 -11 29 49.292   18   31 2456421.62690544 16.7 I  BC 874
 14 24 12.8384 -11 29 49.267   18   31 2456421.62800427 16.8 I  BC 874
 14 24 12.8167 -11 29 49.146   18   31 2456421.62910328 16.5 I  BC 874
 14 24 12.7954 -11 29 49.056   18   31 2456421.63020191 16.6 I  BC 874
 14 24 12.7738 -11 29 48.955   18   31 2456421.63130073 16.7 I  BC 874
 14 24 12.7556 -11 29 48.814   18   31 2456421.63239956 16.8 I  BC 874
 14 24 12.7356 -11 29 48.762   18   31 2456421.63349819 16.7 I  BC 874
 14 23 55.1482 -11 28 23.180   22    7 2456422.59584090 16.7 I  BC 874
 14 23 55.1293 -11 28 23.109   22    7 2456422.59676611 16.8 I  BC 874
 14 23 55.1161 -11 28 23.013   22    7 2456422.59769132 16.8 I  BC 874
 14 23 55.0951 -11 28 22.921   22    7 2456422.59861581 17.0 I  BC 874
 14 23 55.0804 -11 28 22.854   22    7 2456422.59954156 16.8 I  BC 874
 14 23 55.0288 -11 28 22.610   22    7 2456422.60231737 16.7 I  BC 874
 14 23 55.0116 -11 28 22.526   22    7 2456422.60324547 16.8 I  BC 874
