 19 04 30.0789 -23 15 46.759   32    9 2450255.57457176 17.2 C  PE 874
 19 04 30.0122 -23 15 47.009   32    9 2450255.57703704 17.2 C  PE 874
 19 04 29.8842 -23 15 47.471   32    9 2450255.58159722 17.2 C  PE 874
 19 04 29.8188 -23 15 47.708   32    9 2450255.58402778 17.2 C  PE 874
 19 04 03.8762 -23 17 21.169   24    6 2450256.56313657 16.9 C  PE 874
 19 04 03.8139 -23 17 21.378   24    6 2450256.56530093 16.9 C  PE 874
 19 04 03.7609 -23 17 21.571   24    6 2450256.56733796 17.0 C  PE 874
 19 04 03.7045 -23 17 21.762   24    6 2450256.56928241 17.0 C  PE 874
 19 02 13.1641 -23 23 46.216   66   16 2450260.61912037 16.7 C  PE 874
 19 02 13.0264 -23 23 46.671   66   16 2450260.62427083 16.9 C  PE 874
 19 02 12.9221 -23 23 47.016   66   16 2450260.62754630 16.8 C  PE 874
 19 02 12.8311 -23 23 47.321   66   16 2450260.63082176 16.9 C  PE 874
 18 47 51.8209 -24 05 12.414    8   11 2450291.59537257 17.1 un PE 874
 18 47 51.8053 -24 05 12.431    8   11 2450291.59597396 17.1 un PE 874
 18 47 51.7898 -24 05 12.488    8   11 2450291.59657604 17.1 un PE 874
 18 47 51.7766 -24 05 12.498    8   11 2450291.59717870 17.1 un PE 874
 18 47 51.7611 -24 05 12.558    8   11 2450291.59777940 17.1 un PE 874
 18 47 51.7465 -24 05 12.599    8   11 2450291.59837002 17.1 un PE 874
 18 47 51.7154 -24 05 12.667    8   11 2450291.59958542 17.1 un PE 874
 18 47 51.7003 -24 05 12.698    8   11 2450291.60018750 17.1 un PE 874
 18 40 18.9146 -24 24 45.779    4   22 2450321.52970949 17.8 un PE 874
 18 40 18.9112 -24 24 45.789    4   22 2450321.53038009 17.8 un PE 874
 18 40 18.8359 -24 24 46.019    4   22 2450321.54483681 17.8 un PE 874
 18 40 18.7367 -24 24 46.387    4   22 2450321.56433924 17.7 un PE 874
 18 40 18.7337 -24 24 46.354    4   22 2450321.56502130 17.7 un PE 874
 21 14 55.2239 -16 52 42.769   50   15 2450674.59864583 17.1 un PE 874
 21 14 55.1403 -16 52 43.081   50   15 2450674.60118056 17.1 un PE 874
 21 14 51.4482 -16 52 56.461   50   15 2450674.71082176 16.8 un PE 874
 21 14 51.3568 -16 52 56.797   50   15 2450674.71335648 16.9 un PE 874
 16 43 38.1868 -21 19 25.816   24   11 2454330.57369271 17.7 C  PE 874
 16 43 38.1849 -21 19 25.818   24   11 2454330.57398032 17.7 C  PE 874
 16 43 38.1880 -21 19 25.848   24   11 2454330.57447731 17.7 C  PE 874
 16 43 38.1984 -21 19 25.835   24   11 2454330.57643090 17.6 C  PE 874
 16 43 38.2004 -21 19 25.849   24   11 2454330.57670845 17.7 C  PE 874
 16 43 38.2012 -21 19 25.837   24   11 2454330.57698611 17.6 C  PE 874
 16 43 38.2040 -21 19 25.834   24   11 2454330.57754120 17.7 C  PE 874
 16 43 38.2055 -21 19 25.840   24   11 2454330.57781875 17.6 C  PE 874
 16 43 38.2114 -21 19 25.842   24   11 2454330.57866516 17.6 C  PE 874
 16 43 38.2110 -21 19 25.836   24   11 2454330.57894317 17.6 C  PE 874
 16 43 38.2137 -21 19 25.835   24   11 2454330.57922072 17.7 C  PE 874
 16 43 38.2136 -21 19 25.827   24   11 2454330.57949826 17.6 C  PE 874
 16 43 38.2166 -21 19 25.842   24   11 2454330.58005370 17.6 C  PE 874
 16 43 38.2200 -21 19 25.859   24   11 2454330.58033183 17.6 C  PE 874
 16 43 38.2225 -21 19 25.822   24   11 2454330.58060938 17.7 C  PE 874
 16 43 38.2249 -21 19 25.861   24   11 2454330.58116690 17.7 C  PE 874
 16 43 38.2275 -21 19 25.860   24   11 2454330.58144468 17.7 C  PE 874
 16 43 38.2288 -21 19 25.849   24   11 2454330.58173264 17.7 C  PE 874
 16 43 38.2273 -21 19 25.858   24   11 2454330.58202037 17.8 C  PE 874
 16 43 38.2327 -21 19 25.840   24   11 2454330.58229792 17.7 C  PE 874
 16 43 38.2297 -21 19 25.858   24   11 2454330.58257546 17.7 C  PE 874
 16 43 38.2361 -21 19 25.846   24   11 2454330.58314433 17.7 C  PE 874
 16 43 38.2388 -21 19 25.846   24   11 2454330.58342187 17.7 C  PE 874
 16 43 38.2380 -21 19 25.835   24   11 2454330.58369942 17.7 C  PE 874
 16 43 38.2402 -21 19 25.829   24   11 2454330.58397743 17.7 C  PE 874
 16 43 38.2410 -21 19 25.859   24   11 2454330.58425498 17.8 C  PE 874
 16 43 38.2439 -21 19 25.843   24   11 2454330.58453252 17.6 C  PE 874
 16 43 38.2461 -21 19 25.842   24   11 2454330.58481007 17.8 C  PE 874
 16 43 38.2451 -21 19 25.851   24   11 2454330.58508773 17.8 C  PE 874
 16 43 38.2482 -21 19 25.845   24   11 2454330.58536528 17.7 C  PE 874
 16 43 38.2501 -21 19 25.850   24   11 2454330.58564282 17.8 C  PE 874
 16 43 50.4253 -21 19 39.589   12    9 2454332.51822384 18.0 C  PE 874
 16 43 50.4317 -21 19 39.594   12    9 2454332.51909572 18.1 C  PE 874
 16 43 50.4412 -21 19 39.591   12    9 2454332.52039896 17.9 C  PE 874
 16 43 50.4435 -21 19 39.599   12    9 2454332.52093900 18.0 C  PE 874
 16 43 50.4468 -21 19 39.609   12    9 2454332.52137002 18.0 C  PE 874
 16 43 50.4495 -21 19 39.607   12    9 2454332.52180116 18.0 C  PE 874
 16 43 50.4522 -21 19 39.628   12    9 2454332.52223229 18.0 C  PE 874
 16 43 50.4593 -21 19 39.623   12    9 2454332.52354560 17.9 C  PE 874
 16 43 50.4650 -21 19 39.614   12    9 2454332.52430914 17.9 C  PE 874
 16 43 50.4708 -21 19 39.634   12    9 2454332.52517951 18.0 C  PE 874
 16 43 50.4743 -21 19 39.626   12    9 2454332.52561065 18.0 C  PE 874
 16 43 50.4784 -21 19 39.635   12    9 2454332.52605162 18.0 C  PE 874
 16 43 50.4819 -21 19 39.635   12    9 2454332.52692396 17.9 C  PE 874
 16 43 50.4853 -21 19 39.657   12    9 2454332.52735208 17.9 C  PE 874
 16 43 50.4924 -21 19 39.661   12    9 2454332.52821435 17.9 C  PE 874
 16 43 50.4923 -21 19 39.658   12    9 2454332.52865521 17.9 C  PE 874
 16 43 50.4974 -21 19 39.649   12    9 2454332.52909606 17.9 C  PE 874
 16 43 50.5005 -21 19 39.673   12    9 2454332.52952697 17.9 C  PE 874
 16 43 50.5009 -21 19 39.652   12    9 2454332.52995787 17.9 C  PE 874
 16 43 50.5050 -21 19 39.675   12    9 2454332.53038877 17.9 C  PE 874
 16 43 50.5079 -21 19 39.671   12    9 2454332.53081979 17.9 C  PE 874
 16 43 50.5118 -21 19 39.681   12    9 2454332.53126065 17.9 C  PE 874
 16 43 50.5172 -21 19 39.681   12    9 2454332.53214225 17.9 C  PE 874
 16 43 50.5225 -21 19 39.680   12    9 2454332.53300451 17.9 C  PE 874
 16 43 50.5284 -21 19 39.680   12    9 2454332.53386655 17.9 C  PE 874
 16 43 50.5359 -21 19 39.688   12    9 2454332.53515938 18.0 C  PE 874
 16 43 50.5428 -21 19 39.697   12    9 2454332.53604120 18.0 C  PE 874
 16 43 50.5488 -21 19 39.697   12    9 2454332.53690336 18.0 C  PE 874
 16 43 50.5508 -21 19 39.690   12    9 2454332.53733426 17.9 C  PE 874
 16 43 50.5569 -21 19 39.696   12    9 2454332.53821644 17.9 C  PE 874
 16 43 50.5589 -21 19 39.721   12    9 2454332.53865729 17.9 C  PE 874
 16 43 50.5667 -21 19 39.729   12    9 2454332.53995035 17.9 C  PE 874
 16 43 50.5716 -21 19 39.736   12    9 2454332.54039120 17.9 C  PE 874
 16 43 50.5725 -21 19 39.735   12    9 2454332.54083206 18.0 C  PE 874
 16 43 50.5820 -21 19 39.728   12    9 2454332.54211435 18.0 C  PE 874
 16 48 12.2928 -21 26 22.068   23   16 2454351.48667060 17.2 C  PE 874
 16 48 12.3147 -21 26 22.102   23   16 2454351.48784664 17.4 C  PE 874
 16 48 12.3315 -21 26 22.157   23   16 2454351.48862627 17.3 C  PE 874
 16 48 12.3660 -21 26 22.191   23   16 2454351.49018634 17.3 C  PE 874
 16 48 12.3979 -21 26 22.253   23   16 2454351.49175428 17.3 C  PE 874
 16 48 12.4104 -21 26 22.290   23   16 2454351.49254410 17.2 C  PE 874
 16 48 12.4865 -21 26 22.364   23   16 2454351.49645579 17.2 C  PE 874
 16 48 12.5032 -21 26 22.426   23   16 2454351.49724537 17.4 C  PE 874
 16 48 12.5193 -21 26 22.444   23   16 2454351.49802500 17.2 C  PE 874
 16 48 12.5352 -21 26 22.452   23   16 2454351.49881447 17.3 C  PE 874
 16 48 12.5988 -21 26 22.550   23   16 2454351.50195278 17.3 C  PE 874
 16 48 12.6992 -21 26 22.716   23   16 2454351.50697917 17.3 C  PE 874
 21 58 32.4511 -13 00 16.035   24    8 2455003.78317211 17.9 I  PE 874
 21 58 32.4380 -13 00 16.081   24    8 2455003.78497894 18.0 I  PE 874
 21 58 32.4243 -13 00 16.117   24    8 2455003.78678056 18.0 I  PE 874
 21 58 32.3971 -13 00 16.182   24    8 2455003.79036956 17.9 I  PE 874
 21 58 32.3801 -13 00 16.221   24    8 2455003.79216470 18.1 I  PE 874
 21 58 32.3386 -13 00 16.341   24    8 2455003.79754630 17.9 I  PE 874
 21 58 32.3147 -13 00 16.419   24    8 2455003.80113380 18.0 I  PE 874
 21 58 32.3020 -13 00 16.456   24    8 2455003.80292674 18.0 I  PE 874
 21 58 08.4724 -13 01 39.775   21   17 2455006.80057049 17.6 I  PE 874
 21 58 08.4629 -13 01 39.771   21   17 2455006.80168032 17.7 I  PE 874
 21 58 08.4521 -13 01 39.839   21   17 2455006.80277812 17.7 I  PE 874
 21 58 08.4389 -13 01 39.865   21   17 2455006.80387755 16.0 I  PE 874
 21 58 08.4324 -13 01 39.894   21   17 2455006.80497743 17.7 I  PE 874
 21 58 08.4177 -13 01 39.978   21   17 2455006.80607685 17.7 I  PE 874
 21 58 08.4083 -13 01 39.991   21   17 2455006.80717477 17.6 I  PE 874
 21 58 08.3960 -13 01 40.017   21   17 2455006.80827431 17.7 I  PE 874
 21 58 08.3863 -13 01 40.061   21   17 2455006.80937303 17.7 I  PE 874
 21 58 08.3777 -13 01 40.098   21   17 2455006.81047164 17.7 I  PE 874
 23 48 33.9226 -03 39 24.338   26   20 2455489.64674769 17.3 I  PE 874
 23 48 33.8705 -03 39 24.730   26   20 2455489.64946759 17.3 I  PE 874
 23 48 33.8228 -03 39 25.004   26   20 2455489.65167824 17.2 I  PE 874
 23 48 33.8111 -03 39 25.153   26   20 2455489.65240741 17.1 I  PE 874
 23 48 33.7967 -03 39 25.219   26   20 2455489.65314815 17.2 I  PE 874
 23 48 33.7668 -03 39 25.424   26   20 2455489.65461806 17.3 I  PE 874
 23 48 33.7561 -03 39 25.496   26   20 2455489.65534722 17.1 I  PE 874
 07 24 18.4726 +23 11 13.112   26   12 2456606.71500487 17.1 I  PE 874
 07 24 18.4707 +23 11 13.224   26   12 2456606.71736017 17.1 I  PE 874
 07 24 18.4661 +23 11 13.306   26   12 2456606.72025150 17.1 I  PE 874
 07 24 18.4654 +23 11 13.364   26   12 2456606.72169740 17.1 I  PE 874
 07 24 18.4666 +23 11 13.405   26   12 2456606.72314309 17.1 I  PE 874
 07 24 18.4654 +23 11 13.469   26   12 2456606.72458892 17.1 I  PE 874
 07 24 18.4656 +23 11 13.501   26   12 2456606.72603462 17.1 I  PE 874
 07 24 18.4646 +23 11 13.534   26   12 2456606.72748023 17.1 I  PE 874
 07 24 18.4607 +23 11 13.585   26   12 2456606.72892604 17.1 I  PE 874
 07 24 18.4528 +23 11 13.746   26   12 2456606.73326324 17.1 I  PE 874
 07 24 18.4564 +23 11 13.791   26   12 2456606.73470890 17.1 I  PE 874
 07 24 18.4546 +23 11 13.859   26   12 2456606.73615470 17.1 I  PE 874
