 16 38 05.6133 -21 01 06.868   19   20 2454353.53757570 19.1 RE E  809
 16 38 05.6492 -21 01 06.987   19   20 2454353.53943321 19.0 RE E  809
 16 38 05.6868 -21 01 07.087   19   20 2454353.54123585 19.0 RE E  809
 16 38 05.7263 -21 01 07.176   19   20 2454353.54309522 19.0 RE E  809
 16 38 05.7623 -21 01 07.296   19   20 2454353.54484182 18.9 RE E  809
 16 38 05.7994 -21 01 07.376   19   20 2454353.54667131 19.0 RE E  809
 16 38 05.8335 -21 01 07.438   19   20 2454353.54839556 19.0 RE E  809
 16 38 05.8684 -21 01 07.544   19   20 2454353.55021429 18.9 RE E  809
 16 38 05.9059 -21 01 07.681   19   20 2454353.55195000 18.9 RE E  809
 19 27 49.2622 -22 24 13.213  104   61 2454620.71855566 18.3 RE E  809
 19 27 49.2231 -22 24 13.502  104   61 2454620.72141134 17.5 RE E  809
