 16 37 00.5920 -21 22 09.447   70   79 2454353.48345198 17.3 RE E  809
 16 37 00.6176 -21 22 09.496   70   79 2454353.48452182 17.4 RE E  809
 16 37 00.6455 -21 22 09.527   70   79 2454353.48559421 17.4 RE E  809
 16 37 00.6741 -21 22 09.582   70   79 2454353.48674128 17.4 RE E  809
 16 37 00.7019 -21 22 09.618   70   79 2454353.48786369 17.4 RE E  809
 16 37 00.7291 -21 22 09.679   70   79 2454353.48897243 17.4 RE E  809
 16 37 00.7579 -21 22 09.728   70   79 2454353.49009472 17.3 RE E  809
 16 37 00.7852 -21 22 09.770   70   79 2454353.49120636 17.3 RE E  809
 16 37 00.8130 -21 22 09.810   70   79 2454353.49233618 17.3 RE E  809
 16 37 00.8479 -21 22 09.780   70   79 2454353.49411346 17.0 RE E  809
 16 37 00.8764 -21 22 09.824   70   79 2454353.49524328 17.0 RE E  809
 16 37 00.9320 -21 22 09.915   70   79 2454353.49747003 17.0 RE E  809
 16 37 01.0158 -21 22 10.053   70   79 2454353.50085797 17.0 RE E  809
 16 37 01.0437 -21 22 10.099   70   79 2454353.50198651 17.0 RE E  809
 16 37 01.0732 -21 22 10.147   70   79 2454353.50311992 16.9 RE E  809
 16 37 03.2474 -21 22 13.763   70   79 2454353.58938916 17.6 RE E  809
 16 37 03.3003 -21 22 13.844   70   79 2454353.59144976 17.6 RE E  809
 16 37 03.3524 -21 22 13.927   70   79 2454353.59349936 17.6 RE E  809
 16 37 03.4036 -21 22 14.004   70   79 2454353.59555626 17.6 RE E  809
 16 37 03.4545 -21 22 14.064   70   79 2454353.59754010 17.6 RE E  809
 16 37 03.5073 -21 22 14.151   70   79 2454353.59959317 17.6 RE E  809
 16 37 03.5573 -21 22 14.242   70   79 2454353.60158303 17.5 RE E  809
 16 37 03.6094 -21 22 14.325   70   79 2454353.60361967 17.6 RE E  809
 16 37 03.6596 -21 22 14.406   70   79 2454353.60560721 17.6 RE E  809
 19 30 04.8519 -21 31 00.522   78    7 2454618.74278898 17.1 RE E  809
 19 30 04.7215 -21 31 00.697   78    7 2454618.74827064 17.2 RE E  809
 19 30 04.6308 -21 31 00.821   78    7 2454618.75276894 17.2 RE E  809
 19 28 54.5585 -21 32 37.748    3    7 2454621.81553304 16.9 RE E  809
 19 28 54.4511 -21 32 37.907    3    7 2454621.81988766 17.1 RE E  809
 21 53 54.2166 -13 48 01.258   16   12 2454974.86827824 17.4 RE E  809
 21 53 54.3053 -13 48 01.032   16   12 2454974.87227624 17.8 RE E  809
 21 53 54.4248 -13 48 00.729   16   12 2454974.87754880 17.6 RE E  809
 21 53 54.4737 -13 48 00.580   16   12 2454974.87984847 17.2 RE E  809
 21 53 54.5459 -13 48 00.390   16   12 2454974.88311258 17.4 RE E  809
 21 53 55.0731 -13 47 59.054   16   12 2454974.90695453 17.3 RE E  809
 21 53 55.1226 -13 47 58.923   16   12 2454974.90923765 17.3 RE E  809
 21 53 55.1946 -13 47 58.727   16   12 2454974.91243510 17.3 RE E  809
 21 53 55.2352 -13 47 58.634   16   12 2454974.91426377 17.3 RE E  809
 21 53 55.2765 -13 47 58.527   16   12 2454974.91608167 17.3 RE E  809
 21 53 55.3163 -13 47 58.431   16   12 2454974.91791069 17.4 RE E  809
 21 53 55.3541 -13 47 58.334   16   12 2454974.91965798 17.3 RE E  809
 21 53 55.4023 -13 47 58.221   16   12 2454974.92193566 17.4 RE E  809
 21 53 55.4487 -13 47 58.088   16   12 2454974.92396076 17.3 RE E  809
 21 53 55.4877 -13 47 58.006   16   12 2454974.92577947 17.3 RE E  809
 21 53 55.5275 -13 47 57.884   16   12 2454974.92762076 17.3 RE E  809
 21 53 55.5662 -13 47 57.794   16   12 2454974.92936713 17.4 RE E  809
