 04 34 30.1957 +19 36 29.522   26   71 2452262.41334977 18.3 R  OH 511
 04 34 29.5857 +19 36 28.161   26   71 2452262.44268831 17.6 R  OH 511
 04 34 29.4158 +19 36 27.939   26   71 2452262.45103900 18.0 R  OH 511
 04 33 51.1410 +19 35 06.532  117   99 2452264.35559525 19.7 R  OH 511
 04 33 50.9675 +19 35 06.416  117   99 2452264.36350625 19.4 R  OH 511
 04 33 50.8062 +19 35 06.047  117   99 2452264.37141366 18.8 R  OH 511
 04 33 50.6410 +19 35 05.599  117   99 2452264.37932164 20.0 R  OH 511
 04 28 22.7232 +19 24 12.999   58   50 2452283.32773183 17.6 R  OH 511
 04 28 22.4226 +19 24 12.499   58   50 2452283.34817824 19.5 R  OH 511
 04 28 22.2824 +19 24 12.316   58   50 2452283.35840509 18.9 R  OH 511
 04 27 55.2080 +19 23 24.152   17   42 2452285.32418021 19.3 R  OH 511
 04 27 55.0661 +19 23 23.976   17   42 2452285.33439919 19.7 R  OH 511
 04 27 54.9251 +19 23 23.656   17   42 2452285.34462824 20.3 R  OH 511
 04 27 42.5052 +19 23 01.934   77   41 2452286.28850891 19.5 R  OH 511
 04 27 42.3565 +19 23 01.618   77   41 2452286.29873507 19.0 R  OH 511
 04 27 41.9379 +19 23 00.945   77   41 2452286.33069688 20.0 R  OH 511
 04 27 41.7974 +19 23 00.753   77   41 2452286.34092280 19.8 R  OH 511
 05 34 02.7147 +21 21 00.543  100   50 2452637.47449560 19.6 R  OH 511
 05 34 02.5420 +21 21 00.496  100   50 2452637.48239942 20.2 R  OH 511
 05 34 02.3822 +21 21 00.597  100   50 2452637.49087083 19.7 R  OH 511
