 17 17 42.3919 -22 45 26.851   18   21 2454208.67818241 17.7 U  Z  874
 17 17 42.3842 -22 45 26.907   18   21 2454208.67891655 17.7 U  Z  874
 17 17 42.3778 -22 45 26.923   18   21 2454208.67964225 17.7 U  Z  874
 17 17 42.3747 -22 45 26.912   18   21 2454208.68037662 17.7 U  Z  874
 17 17 42.3672 -22 45 26.982   18   21 2454208.68112176 17.7 U  Z  874
 17 17 42.3581 -22 45 26.995   18   21 2454208.68185683 17.7 U  Z  874
 17 17 42.3543 -22 45 26.981   18   21 2454208.68258194 17.7 U  Z  874
 17 17 42.3469 -22 45 27.005   18   21 2454208.68331667 17.7 U  Z  874
 17 17 42.3405 -22 45 27.041   18   21 2454208.68406146 17.7 U  Z  874
 17 17 42.3338 -22 45 27.014   18   21 2454208.68479711 17.7 U  Z  874
