 23 47 10.0504 -02 40 38.492   34   12 2451040.60173819 16.7 R  OH 511
 23 47 09.9335 -02 40 39.512   34   12 2451040.60725255 16.7 R  OH 511
 23 47 09.8562 -02 40 40.185   34   12 2451040.61099514 16.7 R  OH 511
 23 47 09.7761 -02 40 40.904   34   12 2451040.61472616 16.8 R  OH 511
 23 47 09.6756 -02 40 41.825   34   12 2451040.61971725 16.6 R  OH 511
 23 47 09.5380 -02 40 43.052   34   12 2451040.62630486 16.5 R  OH 511
 23 47 09.4302 -02 40 43.995   34   12 2451040.63140660 16.5 R  OH 511
 23 47 09.3666 -02 40 44.535   34   12 2451040.63444201 16.5 R  OH 511
 23 47 09.3012 -02 40 45.128   34   12 2451040.63747986 16.5 R  OH 511
 23 47 09.2382 -02 40 45.725   34   12 2451040.64063576 16.5 R  OH 511
 23 45 28.0052 -02 56 10.830   15   20 2451045.42909826 16.4 R  OH 511
 23 45 27.8800 -02 56 11.960   15   20 2451045.43463958 16.4 R  OH 511
 23 45 27.7776 -02 56 12.869   15   20 2451045.43923056 16.4 R  OH 511
 23 45 27.6720 -02 56 13.811   15   20 2451045.44388021 16.4 R  OH 511
 23 45 27.6217 -02 56 14.244   15   20 2451045.44622037 16.4 R  OH 511
 23 45 27.5673 -02 56 14.763   15   20 2451045.44856424 16.4 R  OH 511
 23 45 27.5156 -02 56 15.211   15   20 2451045.45091123 16.4 R  OH 511
 23 45 27.4626 -02 56 15.695   15   20 2451045.45325370 16.4 R  OH 511
 23 45 27.4104 -02 56 16.142   15   20 2451045.45559132 16.4 R  OH 511
 23 45 27.3588 -02 56 16.596   15   20 2451045.45793542 16.4 R  OH 511
 23 45 27.3075 -02 56 17.125   15   20 2451045.46028194 16.3 R  OH 511
 23 45 27.2014 -02 56 17.995   15   20 2451045.46496632 16.4 R  OH 511
 23 29 11.6194 -05 11 41.694   18   34 2451163.32825660 17.2 R  OH 511
 23 29 11.6917 -05 11 41.065   18   34 2451163.33152951 17.3 R  OH 511
 23 29 11.8084 -05 11 40.171   18   34 2451163.33671979 17.2 R  OH 511
 23 29 11.8829 -05 11 39.512   18   34 2451163.33999456 17.2 R  OH 511
 23 29 11.9587 -05 11 38.888   18   34 2451163.34326574 17.2 R  OH 511
 23 29 12.0302 -05 11 38.367   18   34 2451163.34654086 17.3 R  OH 511
 23 29 12.1069 -05 11 37.700   18   34 2451163.34980498 17.2 R  OH 511
 02 05 46.9718 +10 55 46.388   28   20 2451460.41066250 16.0 R  OH 511
 02 05 46.8565 +10 55 45.936   28   20 2451460.41467303 16.0 R  OH 511
 02 05 46.7342 +10 55 45.460   28   20 2451460.41908113 16.2 R  OH 511
 02 05 46.6587 +10 55 45.192   28   20 2451460.42176493 16.1 R  OH 511
 02 05 46.5836 +10 55 44.854   28   20 2451460.42444988 16.1 R  OH 511
 02 05 46.5097 +10 55 44.575   28   20 2451460.42714410 16.1 R  OH 511
 02 05 46.4366 +10 55 44.294   28   20 2451460.42982569 16.2 R  OH 511
 02 05 46.3569 +10 55 44.024   28   20 2451460.43251238 16.2 R  OH 511
 02 05 46.2836 +10 55 43.685   28   20 2451460.43520463 16.1 R  OH 511
 02 05 46.2309 +10 55 43.492   28   20 2451460.43723183 16.2 R  OH 511
 02 05 46.0348 +10 55 42.690   28   20 2451460.44424074 16.1 R  OH 511
 02 04 22.9099 +10 50 09.054   22   19 2451463.41359120 16.0 R  OH 511
 02 04 22.8233 +10 50 08.702   22   19 2451463.41667581 16.0 R  OH 511
 02 04 22.7025 +10 50 08.254   22   19 2451463.42071528 16.2 R  OH 511
 02 04 22.4470 +10 50 07.250   22   19 2451463.42939630 16.0 R  OH 511
 02 04 22.3596 +10 50 06.929   22   19 2451463.43244352 16.1 R  OH 511
 02 04 22.2714 +10 50 06.553   22   19 2451463.43548021 16.0 R  OH 511
 02 04 22.1836 +10 50 06.192   22   19 2451463.43851551 16.1 R  OH 511
 02 04 22.0927 +10 50 05.828   22   19 2451463.44154965 16.1 R  OH 511
 02 04 22.0066 +10 50 05.493   22   19 2451463.44458854 16.0 R  OH 511
 01 48 58.3335 +09 48 20.689   40   34 2451492.55056134 16.2 R  OH 511
 01 48 58.2287 +09 48 20.198   40   34 2451492.55394016 16.2 R  OH 511
 01 48 58.1611 +09 48 19.912   40   34 2451492.55604838 16.2 R  OH 511
 01 48 58.0914 +09 48 19.674   40   34 2451492.55816007 16.2 R  OH 511
 01 48 58.0299 +09 48 19.446   40   34 2451492.56026956 16.2 R  OH 511
 01 46 30.3227 +09 38 29.194   39   14 2451497.34833900 15.5 R  OH 511
 01 46 30.2535 +09 38 28.914   39   14 2451497.35050625 15.6 R  OH 511
 01 46 30.1286 +09 38 28.417   39   14 2451497.35453588 15.6 R  OH 511
 01 46 30.0464 +09 38 28.110   39   14 2451497.35723299 15.5 R  OH 511
 01 46 29.9703 +09 38 27.793   39   14 2451497.35992442 15.5 R  OH 511
 01 46 29.8957 +09 38 27.533   39   14 2451497.36224815 15.6 R  OH 511
 01 46 28.3547 +09 38 21.519   39   14 2451497.41222685 15.6 R  OH 511
 01 46 28.2724 +09 38 21.200   39   14 2451497.41491296 15.6 R  OH 511
 01 46 28.1666 +09 38 20.768   39   14 2451497.41845775 15.6 R  OH 511
 01 46 28.0805 +09 38 20.433   39   14 2451497.42114583 15.6 R  OH 511
 01 46 27.9946 +09 38 20.122   39   14 2451497.42404954 15.6 R  OH 511
 01 46 27.9053 +09 38 19.792   39   14 2451497.42673356 15.6 R  OH 511
 01 38 41.2782 +09 07 31.850   30   40 2451515.45262025 16.7 R  OH 511
 01 38 41.2271 +09 07 31.635   30   40 2451515.45520845 16.5 R  OH 511
 01 38 41.1089 +09 07 31.212   30   40 2451515.46071644 16.4 R  OH 511
 01 38 41.0632 +09 07 31.027   30   40 2451515.46271482 16.3 R  OH 511
 01 38 41.0220 +09 07 30.811   30   40 2451515.46471030 16.4 R  OH 511
 01 38 40.9793 +09 07 30.653   30   40 2451515.46670289 16.4 R  OH 511
 01 38 40.9357 +09 07 30.569   30   40 2451515.46869595 16.5 R  OH 511
 01 38 40.8878 +09 07 30.422   30   40 2451515.47088310 16.4 R  OH 511
 01 38 23.0264 +09 06 19.953   21   17 2451516.34870440 16.5 R  OH 511
 01 38 22.9216 +09 06 19.538   21   17 2451516.35385579 16.6 R  OH 511
 01 38 22.8734 +09 06 19.356   21   17 2451516.35606424 16.4 R  OH 511
 01 38 22.8271 +09 06 19.164   21   17 2451516.35817176 16.5 R  OH 511
 01 38 22.7857 +09 06 18.993   21   17 2451516.36028206 16.4 R  OH 511
 01 38 22.6946 +09 06 18.650   21   17 2451516.36470440 16.4 R  OH 511
 01 38 22.6499 +09 06 18.492   21   17 2451516.36682049 16.5 R  OH 511
 01 37 42.1495 +09 03 39.519   16   10 2451518.45116505 16.6 R  OH 511
 01 37 42.0579 +09 03 39.161   16   10 2451518.45598900 16.6 R  OH 511
 01 37 42.0193 +09 03 39.018   16   10 2451518.45810266 16.5 R  OH 511
 01 37 41.9773 +09 03 38.844   16   10 2451518.46021250 16.6 R  OH 511
 01 37 41.8971 +09 03 38.555   16   10 2451518.46443125 16.6 R  OH 511
 04 17 57.4049 +19 59 13.423   23   23 2451869.48693542 16.3 R  OH 511
 04 17 57.1565 +19 59 12.629   23   23 2451869.49420046 16.2 R  OH 511
 04 17 51.9535 +19 58 55.424   23   23 2451869.64729595 16.2 R  OH 511
 04 17 51.8362 +19 58 54.987   23   23 2451869.65075046 16.2 R  OH 511
 04 17 51.7565 +19 58 54.753   23   23 2451869.65310312 16.2 R  OH 511
 04 17 51.6368 +19 58 54.336   23   23 2451869.65667384 16.2 R  OH 511
 04 17 51.5181 +19 58 53.989   23   23 2451869.66014259 16.2 R  OH 511
 04 17 51.4368 +19 58 53.683   23   23 2451869.66258877 16.2 R  OH 511
 04 17 51.3551 +19 58 53.419   23   23 2451869.66510278 16.2 R  OH 511
 04 15 46.6150 +19 52 04.961   13   22 2451873.41782407 16.1 R  OH 511
 04 15 46.5061 +19 52 04.656   13   22 2451873.42099005 16.2 R  OH 511
 04 15 46.4357 +19 52 04.457   13   22 2451873.42309931 16.2 R  OH 511
 04 15 46.3651 +19 52 04.228   13   22 2451873.42520463 16.1 R  OH 511
 04 15 46.2945 +19 52 03.983   13   22 2451873.42731863 16.1 R  OH 511
 04 15 46.2210 +19 52 03.754   13   22 2451873.42942720 16.2 R  OH 511
 04 15 46.1515 +19 52 03.574   13   22 2451873.43153449 16.2 R  OH 511
 04 15 46.0790 +19 52 03.356   13   22 2451873.43364028 16.2 R  OH 511
 04 13 34.5562 +19 45 06.897   20   17 2451877.43967187 15.1 R  OH 511
 04 13 34.4709 +19 45 06.667   20   17 2451877.44226053 15.1 R  OH 511
 04 13 34.4016 +19 45 06.426   20   17 2451877.44436887 15.1 R  OH 511
 04 13 34.3340 +19 45 06.215   20   17 2451877.44647222 15.1 R  OH 511
 04 13 34.2610 +19 45 05.999   20   17 2451877.44858206 15.1 R  OH 511
 04 13 34.1900 +19 45 05.766   20   17 2451877.45069734 15.1 R  OH 511
 06 55 00.5669 +22 57 42.137   22   18 2452263.47157350 16.7 R  OH 511
 06 55 00.4391 +22 57 42.488   22   18 2452263.47617662 17.0 R  OH 511
 06 55 00.3688 +22 57 42.685   22   18 2452263.47852870 16.9 R  OH 511
 06 55 00.3019 +22 57 42.893   22   18 2452263.48088125 16.9 R  OH 511
 06 55 00.2330 +22 57 43.053   22   18 2452263.48323252 16.6 R  OH 511
 06 55 00.1692 +22 57 43.302   22   18 2452263.48558090 16.6 R  OH 511
 06 55 00.0976 +22 57 43.466   22   18 2452263.48793947 16.5 R  OH 511
 06 55 00.0304 +22 57 43.691   22   18 2452263.49029363 15.8 R  OH 511
 06 54 59.8963 +22 57 44.073   22   18 2452263.49499803 16.5 R  OH 511
 06 54 59.8286 +22 57 44.271   22   18 2452263.49735590 16.6 R  OH 511
 06 43 54.3841 +23 26 09.835    9    7 2452285.38389225 16.5 R  OH 511
 06 43 54.2365 +23 26 10.153    9    7 2452285.38859572 16.5 R  OH 511
 06 43 54.1597 +23 26 10.312    9    7 2452285.39095081 16.5 R  OH 511
 06 43 54.0863 +23 26 10.480    9    7 2452285.39329977 16.5 R  OH 511
 06 43 54.0113 +23 26 10.636    9    7 2452285.39565451 16.5 R  OH 511
 06 43 53.9370 +23 26 10.814    9    7 2452285.39800833 16.5 R  OH 511
 06 43 53.8613 +23 26 10.972    9    7 2452285.40036400 16.5 R  OH 511
 06 43 53.7875 +23 26 11.147    9    7 2452285.40271458 16.6 R  OH 511
 06 31 16.8098 +23 46 55.804   38    9 2452313.31101007 16.9 R  OH 511
 06 31 15.5209 +23 46 56.898   38    9 2452313.37087292 17.0 R  OH 511
 06 31 15.3762 +23 46 57.012   38    9 2452313.37762836 17.0 R  OH 511
 06 31 15.2334 +23 46 57.128   38    9 2452313.38437627 17.1 R  OH 511
 06 31 15.0601 +23 46 57.268   38    9 2452313.39254687 17.0 R  OH 511
 06 31 14.9069 +23 46 57.358   38    9 2452313.39929201 17.1 R  OH 511
 06 30 55.1576 +23 47 13.078   45   38 2452314.36196887 16.0 R  OH 511
 06 30 55.1110 +23 47 13.039   45   38 2452314.36432106 17.3 R  OH 511
 06 30 55.0059 +23 47 13.161   45   38 2452314.36903368 17.0 R  OH 511
 09 01 54.8570 +17 15 44.516   57   42 2452668.47382616 16.6 R  OH 511
 09 01 54.7688 +17 15 44.787   57   42 2452668.47617650 16.7 R  OH 511
 09 01 54.6774 +17 15 45.206   57   42 2452668.47852558 16.7 R  OH 511
 09 01 54.5945 +17 15 45.570   57   42 2452668.48087859 16.7 R  OH 511
 09 01 54.5134 +17 15 45.900   57   42 2452668.48322766 16.7 R  OH 511
 09 01 18.6695 +17 18 06.617   21   22 2452669.46310069 16.5 R  OH 511
 09 01 18.3316 +17 18 07.988   21   22 2452669.47218090 16.1 R  OH 511
 09 01 18.2466 +17 18 08.284   21   22 2452669.47453299 16.7 R  OH 511
 09 01 18.1544 +17 18 08.622   21   22 2452669.47689062 16.5 R  OH 511
 09 01 18.0686 +17 18 08.990   21   22 2452669.47923912 16.5 R  OH 511
 09 01 17.9821 +17 18 09.326   21   22 2452669.48159074 16.5 R  OH 511
 08 39 23.1899 +18 55 20.627   31   24 2452723.29539514 16.9 R  OH 511
 08 39 23.1602 +18 55 20.787   31   24 2452723.29951273 17.3 R  OH 511
 08 39 23.1292 +18 55 21.050   31   24 2452723.30543900 16.9 R  OH 511
 08 39 23.0897 +18 55 21.353   31   24 2452723.31211458 16.9 R  OH 511
 08 39 23.0105 +18 55 21.960   31   24 2452723.32615463 17.0 R  OH 511
 08 39 13.7352 +18 56 52.110   36   16 2452725.48138646 17.3 R  OH 511
 08 39 13.7221 +18 56 52.214   36   16 2452725.48466620 17.3 R  OH 511
 08 39 13.7109 +18 56 52.401   36   16 2452725.48974201 17.4 R  OH 511
 08 39 13.6955 +18 56 52.498   36   16 2452725.49301979 17.4 R  OH 511
 08 39 13.6847 +18 56 52.649   36   16 2452725.49629340 17.4 R  OH 511
 08 39 13.6582 +18 56 52.863   36   16 2452725.50285023 17.1 R  OH 511
 08 39 13.6458 +18 56 52.995   36   16 2452725.50612407 17.4 R  OH 511
 08 39 13.6373 +18 56 53.105   36   16 2452725.50940301 17.4 R  OH 511
 08 39 13.6271 +18 56 53.259   36   16 2452725.51267697 17.3 R  OH 511
 08 39 13.6117 +18 56 53.327   36   16 2452725.51595093 17.4 R  OH 511
 11 15 43.0053 +06 10 31.483   48   20 2453026.62202986 17.5 R  OH 511
 11 15 42.9861 +06 10 31.808   48   20 2453026.62472488 17.0 R  OH 511
 11 15 42.9580 +06 10 32.113   48   20 2453026.62742789 17.2 R  OH 511
 11 15 42.8756 +06 10 32.983   48   20 2453026.63552118 17.1 R  OH 511
 10 48 18.1449 +09 22 59.691   24   12 2453116.31832107 17.0 R  OH 511
 10 48 18.0770 +09 22 59.820   24   12 2453116.32474525 16.9 R  OH 511
 10 48 18.0484 +09 22 59.828   24   12 2453116.32709988 17.1 R  OH 511
 10 48 17.9967 +09 22 59.920   24   12 2453116.33180799 16.9 R  OH 511
 10 48 17.9455 +09 23 00.008   24   12 2453116.33651933 17.0 R  OH 511
 10 48 17.9198 +09 23 00.042   24   12 2453116.33887153 17.1 R  OH 511
 10 48 17.8897 +09 23 00.067   24   12 2453116.34122454 17.0 R  OH 511
 12 46 46.9237 -03 50 34.984   46   33 2453473.38537720 16.0 R  OH 511
 12 46 46.7927 -03 50 34.177   46   33 2453473.38924144 16.2 R  OH 511
 12 46 46.6675 -03 50 33.363   46   33 2453473.39310324 16.3 R  OH 511
 12 46 46.5428 -03 50 32.551   46   33 2453473.39696053 16.1 R  OH 511
 12 46 46.4139 -03 50 31.780   46   33 2453473.40082581 16.4 R  OH 511
 12 46 46.2783 -03 50 30.982   46   33 2453473.40468947 16.3 R  OH 511
 12 46 46.1515 -03 50 30.080   46   33 2453473.40855660 16.3 R  OH 511
 12 36 50.7834 -02 43 54.457   52   14 2453494.40697859 16.8 R  OH 511
 12 36 50.6427 -02 43 53.494   52   14 2453494.41315995 16.9 R  OH 511
 12 36 50.4475 -02 43 52.114   52   14 2453494.42158171 16.8 R  OH 511
 12 36 50.3384 -02 43 51.441   52   14 2453494.42578611 17.1 R  OH 511
 12 36 50.2466 -02 43 50.768   52   14 2453494.42999028 16.7 R  OH 511
 12 36 50.1491 -02 43 50.085   52   14 2453494.43420289 16.8 R  OH 511
 12 36 50.0474 -02 43 49.434   52   14 2453494.43840845 16.7 R  OH 511
