 16 37 23.9333 -21 19 53.077   74    5 2454353.48345198 14.9 RE E  809
 16 37 23.9614 -21 19 53.174   74    5 2454353.48452182 14.9 RE E  809
 16 37 23.9894 -21 19 53.270   74    5 2454353.48559421 14.9 RE E  809
 16 37 24.0183 -21 19 53.363   74    5 2454353.48674128 14.9 RE E  809
 16 37 24.0481 -21 19 53.458   74    5 2454353.48786369 14.9 RE E  809
 16 37 24.0769 -21 19 53.546   74    5 2454353.48897243 14.9 RE E  809
 16 37 24.1056 -21 19 53.647   74    5 2454353.49009472 15.0 RE E  809
 16 37 24.1353 -21 19 53.749   74    5 2454353.49120636 14.9 RE E  809
 16 37 24.1631 -21 19 53.849   74    5 2454353.49233618 14.9 RE E  809
 16 37 24.2272 -21 19 54.084   74    5 2454353.49524328 15.3 RE E  809
 16 37 24.2567 -21 19 54.184   74    5 2454353.49635607 15.3 RE E  809
 16 37 24.2863 -21 19 54.275   74    5 2454353.49747003 15.3 RE E  809
 16 37 24.3159 -21 19 54.374   74    5 2454353.49859452 15.3 RE E  809
 16 37 24.3441 -21 19 54.475   74    5 2454353.49971449 15.3 RE E  809
 16 37 24.3742 -21 19 54.570   74    5 2454353.50085797 15.3 RE E  809
 16 37 24.4033 -21 19 54.663   74    5 2454353.50198651 15.3 RE E  809
 16 37 24.4334 -21 19 54.772   74    5 2454353.50311992 15.2 RE E  809
 21 55 35.9387 -13 50 43.087   12   13 2454974.93116082 15.3 RE E  809
 21 55 35.9625 -13 50 42.991   12   13 2454974.93231812 15.4 RE E  809
 21 55 35.9864 -13 50 42.850   12   13 2454974.93348190 15.3 RE E  809
 21 55 36.0253 -13 50 42.665   12   13 2454974.93523892 16.0 RE E  809
 21 55 36.0492 -13 50 42.549   12   13 2454974.93637214 16.0 RE E  809
 21 55 36.0725 -13 50 42.425   12   13 2454974.93755282 16.0 RE E  809
