 01 56 55.6191 +10 37 51.016   97   79 2451462.52513229 19.3 R  OH 511
 01 56 54.6068 +10 37 46.721   97   79 2451462.55286782 18.7 R  OH 511
 01 56 54.4347 +10 37 45.992   97   79 2451462.55800208 19.6 R  OH 511
 01 56 54.2485 +10 37 45.202   97   79 2451462.56314028 19.6 R  OH 511
 01 56 54.0679 +10 37 44.591   97   79 2451462.56827847 19.3 R  OH 511
 01 39 41.1514 +09 19 25.314   90   84 2451493.40137674 19.1 R  OH 511
 01 39 40.9804 +09 19 24.444   90   84 2451493.40785255 19.5 R  OH 511
 01 39 40.7693 +09 19 23.483   90   84 2451493.41458762 19.5 R  OH 511
 01 39 40.3944 +09 19 21.567   90   84 2451493.42806852 20.2 R  OH 511
 01 39 40.0034 +09 19 19.678   90   84 2451493.44171817 19.2 R  OH 511
 01 39 39.8375 +09 19 18.961   90   84 2451493.44729873 19.4 R  OH 511
 01 39 39.6888 +09 19 18.280   90   84 2451493.45288530 18.3 R  OH 511
 01 39 39.5283 +09 19 17.511   90   84 2451493.45846817 19.3 R  OH 511
 01 32 57.4458 +08 46 16.670   59   95 2451512.33279676 19.8 R  OH 511
 01 32 57.3568 +08 46 16.171   59   95 2451512.33838275 19.6 R  OH 511
 01 32 57.2762 +08 46 15.863   59   95 2451512.34396100 20.3 R  OH 511
 01 32 57.1913 +08 46 15.401   59   95 2451512.34953692 20.2 R  OH 511
 01 32 56.8741 +08 46 13.685   59   95 2451512.37155359 20.0 R  OH 511
 01 32 56.7143 +08 46 13.005   59   95 2451512.38251331 20.0 R  OH 511
 01 32 56.6234 +08 46 12.439   59   95 2451512.38809120 19.9 R  OH 511
 01 32 56.4709 +08 46 11.876   59   95 2451512.39849144 19.7 R  OH 511
 01 32 56.3951 +08 46 11.389   59   95 2451512.40407836 20.0 R  OH 511
 01 32 56.3063 +08 46 10.975   59   95 2451512.40965706 19.9 R  OH 511
 01 32 44.3213 +08 45 09.831   34   60 2451513.29366389 19.8 R  OH 511
 01 32 44.2820 +08 45 09.633   34   60 2451513.29669016 20.1 R  OH 511
 01 32 44.1733 +08 45 08.983   34   60 2451513.30424271 19.8 R  OH 511
 01 32 44.0820 +08 45 08.731   34   60 2451513.31097917 19.6 R  OH 511
 01 32 43.9821 +08 45 08.133   34   60 2451513.31771910 19.3 R  OH 511
 01 32 43.8911 +08 45 07.649   34   60 2451513.32446435 19.3 R  OH 511
 01 32 43.7988 +08 45 07.230   34   60 2451513.33119896 19.9 R  OH 511
 01 32 43.7027 +08 45 06.848   34   60 2451513.33793542 19.9 R  OH 511
 01 32 43.6137 +08 45 06.345   34   60 2451513.34467535 19.4 R  OH 511
 01 32 42.0393 +08 44 58.720   34   60 2451513.45851921 20.1 R  OH 511
 01 32 41.9322 +08 44 58.152   34   60 2451513.46641262 19.8 R  OH 511
 01 32 31.1951 +08 44 03.177   76   73 2451514.31280058 20.0 R  OH 511
 01 32 31.0993 +08 44 02.739   76   73 2451514.31954595 18.7 R  OH 511
 01 32 31.0066 +08 44 02.203   76   73 2451514.32628206 20.1 R  OH 511
 01 32 30.1654 +08 43 58.072   76   73 2451514.39125104 20.4 R  OH 511
 01 32 18.8543 +08 43 00.134   44   54 2451515.33889421 19.6 R  OH 511
 01 32 18.7528 +08 42 59.580   44   54 2451515.34679306 20.4 R  OH 511
 01 32 18.6571 +08 42 59.214   44   54 2451515.35469502 19.8 R  OH 511
 01 32 18.5618 +08 42 58.679   44   54 2451515.36259236 19.9 R  OH 511
 01 32 18.4708 +08 42 58.312   44   54 2451515.37049329 19.8 R  OH 511
 01 31 31.3099 +08 38 54.351   89   50 2451520.37451921 19.9 R  OH 511
 01 31 31.2441 +08 38 53.979   89   50 2451520.38364954 20.0 R  OH 511
 01 31 31.1426 +08 38 53.509   89   50 2451520.39688090 19.4 R  OH 511
 01 31 31.0798 +08 38 53.235   89   50 2451520.40594317 19.6 R  OH 511
 01 31 30.7406 +08 38 51.558   89   50 2451520.44878889 19.4 R  OH 511
