 16 30 30.0725 -20 47 13.562   21   22 2449877.66006910 14.6 C  PE 874
 16 30 30.0471 -20 47 13.534   21   22 2449877.66104051 14.5 C  PE 874
 16 30 30.0139 -20 47 13.560   21   22 2449877.66211806 14.3 C  PE 874
 19 05 47.0036 -22 42 48.968    9    5 2450255.56083565 15.0 C  PE 874
 19 05 46.9331 -22 42 48.987    9    5 2450255.56273264 15.0 C  PE 874
 19 05 46.9007 -22 42 49.011    9    5 2450255.56363993 15.0 C  PE 874
 19 05 46.8684 -22 42 49.023    9    5 2450255.56453993 15.0 C  PE 874
 19 03 58.2058 -22 43 27.773    3    7 2450258.55265046 14.9 C  PE 874
 19 03 58.1422 -22 43 27.784    3    7 2450258.55432870 14.8 C  PE 874
 19 03 58.0973 -22 43 27.811    3    7 2450258.55552083 14.9 C  PE 874
 19 03 58.0519 -22 43 27.824    3    7 2450258.55671296 14.9 C  PE 874
 19 03 20.7165 -22 43 40.468   18    5 2450259.55634259 14.5 C  PE 874
 19 03 20.6141 -22 43 40.517   18    5 2450259.55894676 14.7 C  PE 874
 19 03 20.5689 -22 43 40.526   18    5 2450259.56013889 14.7 C  PE 874
 19 03 20.5241 -22 43 40.543   18    5 2450259.56133102 14.7 C  PE 874
 19 02 41.8561 -22 43 53.328   17    4 2450260.58834491 14.6 C  PE 874
 19 02 41.7730 -22 43 53.361   17    4 2450260.59045139 14.8 C  PE 874
 19 02 41.7277 -22 43 53.371   17    4 2450260.59164352 14.7 C  PE 874
 19 02 41.6794 -22 43 53.398   17    4 2450260.59283565 14.6 C  PE 874
 18 43 57.0335 -22 48 34.434    8   12 2450289.50114977 15.1 un PE 874
 18 43 56.9944 -22 48 34.438    8   12 2450289.50221829 15.1 un PE 874
 18 43 56.9739 -22 48 34.461    8   12 2450289.50280949 15.1 un PE 874
 18 43 56.9673 -22 48 34.442    8   12 2450289.50300521 15.1 un PE 874
 18 43 56.9585 -22 48 34.434    8   12 2450289.50320231 15.1 un PE 874
 18 43 56.9449 -22 48 34.445    8   12 2450289.50359641 15.1 un PE 874
 18 43 56.9384 -22 48 34.445    8   12 2450289.50379225 15.1 un PE 874
 18 43 56.9315 -22 48 34.445    8   12 2450289.50398935 15.1 un PE 874
 18 43 56.9241 -22 48 34.434    8   12 2450289.50418646 15.1 un PE 874
 18 43 56.9156 -22 48 34.432    8   12 2450289.50438287 15.1 un PE 874
 18 43 56.9085 -22 48 34.456    8   12 2450289.50457928 15.1 un PE 874
 18 43 56.9020 -22 48 34.471    8   12 2450289.50477639 15.1 un PE 874
 18 43 56.8804 -22 48 34.475    8   12 2450289.50536632 15.1 un PE 874
 18 43 56.8736 -22 48 34.462    8   12 2450289.50556400 15.1 un PE 874
 18 43 56.8662 -22 48 34.472    8   12 2450289.50575984 15.1 un PE 874
 18 43 18.1707 -22 48 43.199    5   10 2450290.60347778 15.2 un PE 874
 18 43 18.1303 -22 48 43.215    5   10 2450290.60460289 15.3 un PE 874
 18 43 18.1115 -22 48 43.207    5   10 2450290.60514641 15.1 un PE 874
 18 43 18.0918 -22 48 43.213    5   10 2450290.60569132 15.1 un PE 874
 18 43 18.0727 -22 48 43.226    5   10 2450290.60622338 15.2 un PE 874
 18 43 18.0337 -22 48 43.244    5   10 2450290.60732315 15.2 un PE 874
 18 43 18.0139 -22 48 43.221    5   10 2450290.60786736 15.0 un PE 874
 18 43 17.9952 -22 48 43.221    5   10 2450290.60841088 15.1 un PE 874
 18 43 17.9747 -22 48 43.247    5   10 2450290.60895498 15.1 un PE 874
 18 42 44.4963 -22 48 50.904    6   26 2450291.57708032 15.0 un PE 874
 18 42 44.4770 -22 48 50.854    6   26 2450291.57762315 15.1 un PE 874
 18 42 44.4569 -22 48 50.925    6   26 2450291.57816806 15.0 un PE 874
 18 42 44.4377 -22 48 50.887    6   26 2450291.57871157 15.0 un PE 874
 18 42 44.4191 -22 48 50.877    6   26 2450291.57925567 15.0 un PE 874
 18 42 44.4000 -22 48 50.902    6   26 2450291.57979919 15.0 un PE 874
 18 42 44.3807 -22 48 50.938    6   26 2450291.58034410 15.0 un PE 874
 18 42 44.3619 -22 48 50.885    6   26 2450291.58088819 15.1 un PE 874
 18 35 26.3874 -23 01 40.608   29    8 2450357.45423576 15.9 C  PE 874
 18 35 26.4047 -23 01 40.601   29    8 2450357.45517465 15.8 C  PE 874
 18 35 27.6208 -23 01 41.013   29    8 2450357.50933935 15.8 C  PE 874
 21 13 50.6932 -17 19 10.730    9    5 2450675.59245370 14.7 un PE 874
 21 13 50.6655 -17 19 10.905    9    5 2450675.59359954 14.7 un PE 874
 21 13 48.2452 -17 19 25.495    9    5 2450675.69005787 14.6 un PE 874
 21 13 48.2161 -17 19 25.666    9    5 2450675.69120370 14.7 un PE 874
 21 04 29.1307 -17 54 25.562   16   37 2450745.49646991 15.7 V  PE 874
 21 04 29.1509 -17 54 25.435   16   37 2450745.49850694 16.1 V  PE 874
 21 04 29.1669 -17 54 25.290   16   37 2450745.49982639 16.3 V  PE 874
 21 04 29.1810 -17 54 25.170   16   37 2450745.50112269 16.4 V  PE 874
 19 03 01.9539 -23 13 04.879   14    8 2454678.44292072 15.2 I  PE 874
 19 03 01.9337 -23 13 04.947   14    8 2454678.44385602 15.2 I  PE 874
 19 03 01.9113 -23 13 05.017   14    8 2454678.44478993 15.3 I  PE 874
 19 03 01.8913 -23 13 05.085   14    8 2454678.44571539 15.3 I  PE 874
 19 03 01.8713 -23 13 05.135   14    8 2454678.44664051 15.3 I  PE 874
 19 03 01.8516 -23 13 05.221   14    8 2454678.44756551 15.3 I  PE 874
 19 03 01.8284 -23 13 05.283   14    8 2454678.44849051 15.3 I  PE 874
 19 03 01.7889 -23 13 05.421   14    8 2454678.45034838 15.3 I  PE 874
 19 03 01.7469 -23 13 05.562   14    8 2454678.45219803 15.2 I  PE 874
 19 03 01.7256 -23 13 05.618   14    8 2454678.45312384 15.2 I  PE 874
 19 03 01.4269 -23 13 06.578   14    8 2454678.46669063 15.2 I  PE 874
 19 03 01.4010 -23 13 06.661   14    8 2454678.46772778 15.1 I  PE 874
 19 03 01.3342 -23 13 06.878   14    8 2454678.47085752 15.2 I  PE 874
 19 03 01.3094 -23 13 06.954   14    8 2454678.47189664 15.0 I  PE 874
 19 03 01.2650 -23 13 07.111   14    8 2454678.47398241 15.4 I  PE 874
 19 03 01.1236 -23 13 07.555   14    8 2454678.48022014 15.2 I  PE 874
 19 03 01.1004 -23 13 07.607   14    8 2454678.48126100 15.1 I  PE 874
 19 03 01.0788 -23 13 07.689   14    8 2454678.48230058 15.2 I  PE 874
 19 03 01.0562 -23 13 07.772   14    8 2454678.48334063 15.2 I  PE 874
 19 03 00.9867 -23 13 07.991   14    8 2454678.48646146 15.2 I  PE 874
 19 03 00.9638 -23 13 08.076   14    8 2454678.48750197 15.3 I  PE 874
 19 03 00.9404 -23 13 08.129   14    8 2454678.48853194 15.3 I  PE 874
 19 03 00.9163 -23 13 08.204   14    8 2454678.48958414 15.1 I  PE 874
 19 03 00.8697 -23 13 08.364   14    8 2454678.49167801 15.3 I  PE 874
 19 03 00.8456 -23 13 08.444   14    8 2454678.49271782 15.3 I  PE 874
 19 03 00.8009 -23 13 08.579   14    8 2454678.49479954 15.2 I  PE 874
 19 03 00.7533 -23 13 08.718   14    8 2454678.49687963 15.2 I  PE 874
 19 03 00.7302 -23 13 08.786   14    8 2454678.49792940 15.1 I  PE 874
 19 03 00.7079 -23 13 08.884   14    8 2454678.49896898 15.2 I  PE 874
 19 03 00.6853 -23 13 08.946   14    8 2454678.50000903 15.2 I  PE 874
 19 03 00.6370 -23 13 09.084   14    8 2454678.50208819 15.2 I  PE 874
 19 03 00.6147 -23 13 09.162   14    8 2454678.50313796 15.2 I  PE 874
 22 00 39.7340 -13 18 27.703   14    6 2455003.82432940 15.7 I  PE 874
 22 00 39.7292 -13 18 27.689   14    6 2455003.82612419 15.7 I  PE 874
 22 00 39.7236 -13 18 27.658   14    6 2455003.82797928 15.7 I  PE 874
 22 00 39.7209 -13 18 27.618   14    6 2455003.82982755 15.7 I  PE 874
 22 00 39.7156 -13 18 27.581   14    6 2455003.83161921 15.7 I  PE 874
 22 00 39.7108 -13 18 27.545   14    6 2455003.83348113 15.7 I  PE 874
 22 00 39.7068 -13 18 27.511   14    6 2455003.83527384 15.7 I  PE 874
 22 00 39.7019 -13 18 27.478   14    6 2455003.83711458 15.7 I  PE 874
 22 00 39.6931 -13 18 27.408   14    6 2455003.84070116 15.7 I  PE 874
 22 00 39.6887 -13 18 27.384   14    6 2455003.84250359 15.7 I  PE 874
 22 00 39.6840 -13 18 27.348   14    6 2455003.84429687 15.6 I  PE 874
 22 00 39.6765 -13 18 27.290   14    6 2455003.84721678 15.6 I  PE 874
 22 00 39.6710 -13 18 27.268   14    6 2455003.84906875 15.6 I  PE 874
 22 00 39.6651 -13 18 27.242   14    6 2455003.85087581 15.5 I  PE 874
 22 00 39.6611 -13 18 27.183   14    6 2455003.85353322 15.6 I  PE 874
 22 00 39.6543 -13 18 27.148   14    6 2455003.85534306 15.5 I  PE 874
 22 00 39.6497 -13 18 27.124   14    6 2455003.85714120 15.5 I  PE 874
 22 00 37.4656 -13 18 11.819    3    8 2455004.84839062 15.4 I  PE 874
 22 00 37.4634 -13 18 11.820    3    8 2455004.84901539 15.5 I  PE 874
 22 00 37.4613 -13 18 11.803    3    8 2455004.84965324 15.5 I  PE 874
 22 00 37.4566 -13 18 11.792    3    8 2455004.85092650 15.4 I  PE 874
 22 00 37.4543 -13 18 11.778    3    8 2455004.85156331 15.5 I  PE 874
 22 00 37.4527 -13 18 11.789    3    8 2455004.85219896 15.5 I  PE 874
 22 00 37.4504 -13 18 11.775    3    8 2455004.85283565 15.5 I  PE 874
 22 00 37.4421 -13 18 11.724    3    8 2455004.85538299 15.5 I  PE 874
 22 00 37.4348 -13 18 11.697    3    8 2455004.85737697 15.5 I  PE 874
 22 00 37.4324 -13 18 11.687    3    8 2455004.85808171 15.4 I  PE 874
 22 00 37.4262 -13 18 11.662    3    8 2455004.86003924 15.5 I  PE 874
 22 00 37.4235 -13 18 11.650    3    8 2455004.86068600 15.5 I  PE 874
 22 00 37.4214 -13 18 11.641    3    8 2455004.86131898 15.5 I  PE 874
 22 00 37.4137 -13 18 11.617    3    8 2455004.86367593 15.4 I  PE 874
 22 00 37.4114 -13 18 11.598    3    8 2455004.86431250 15.3 I  PE 874
 22 00 37.4091 -13 18 11.587    3    8 2455004.86494965 15.4 I  PE 874
 22 00 37.4072 -13 18 11.594    3    8 2455004.86558727 15.4 I  PE 874
 22 00 37.4003 -13 18 11.562    3    8 2455004.86750359 15.3 I  PE 874
 22 00 37.3986 -13 18 11.534    3    8 2455004.86815012 15.4 I  PE 874
 22 00 37.3967 -13 18 11.538    3    8 2455004.86878646 15.5 I  PE 874
 22 00 37.3942 -13 18 11.525    3    8 2455004.86948507 15.4 I  PE 874
 22 00 37.3823 -13 18 11.466    3    8 2455004.87289259 15.4 I  PE 874
 22 00 37.3763 -13 18 11.460    3    8 2455004.87474352 15.4 I  PE 874
 22 00 34.3899 -13 18 00.499    6    4 2455005.83898796 15.5 C  PE 874
 22 00 34.3873 -13 18 00.486    6    4 2455005.83967211 15.5 C  PE 874
 22 00 34.3846 -13 18 00.482    6    4 2455005.84030660 15.5 C  PE 874
 22 00 34.3790 -13 18 00.475    6    4 2455005.84165023 15.5 C  PE 874
 22 00 34.3699 -13 18 00.447    6    4 2455005.84362269 15.5 C  PE 874
 22 00 34.3614 -13 18 00.422    6    4 2455005.84568183 15.5 C  PE 874
 22 00 34.3579 -13 18 00.416    6    4 2455005.84638102 15.5 C  PE 874
 22 00 34.3514 -13 18 00.411    6    4 2455005.84773148 15.5 C  PE 874
 22 00 34.3400 -13 18 00.385    6    4 2455005.85051019 15.5 C  PE 874
 22 00 34.3370 -13 18 00.371    6    4 2455005.85115104 15.5 C  PE 874
 22 00 34.3338 -13 18 00.363    6    4 2455005.85180174 15.5 C  PE 874
 22 00 34.3314 -13 18 00.360    6    4 2455005.85245139 15.5 C  PE 874
 22 00 34.3261 -13 18 00.345    6    4 2455005.85381308 15.5 C  PE 874
 22 00 34.3225 -13 18 00.341    6    4 2455005.85445185 15.5 C  PE 874
 22 00 34.3139 -13 18 00.313    6    4 2455005.85660752 15.5 C  PE 874
 22 00 34.3087 -13 18 00.303    6    4 2455005.85789456 15.4 C  PE 874
 22 00 34.3059 -13 18 00.291    6    4 2455005.85857153 15.4 C  PE 874
 22 00 34.3020 -13 18 00.285    6    4 2455005.85922130 15.4 C  PE 874
 22 00 34.3003 -13 18 00.279    6    4 2455005.85986053 15.4 C  PE 874
 22 00 34.2968 -13 18 00.270    6    4 2455005.86054051 15.4 C  PE 874
 22 00 34.2941 -13 18 00.270    6    4 2455005.86117488 15.4 C  PE 874
 22 00 34.2882 -13 18 00.258    6    4 2455005.86253345 15.4 C  PE 874
 22 00 34.2852 -13 18 00.241    6    4 2455005.86329861 15.4 C  PE 874
 22 00 34.2818 -13 18 00.239    6    4 2455005.86399954 15.4 C  PE 874
 22 00 34.2789 -13 18 00.228    6    4 2455005.86464595 15.4 C  PE 874
 22 00 34.2706 -13 18 00.205    6    4 2455005.86663738 15.4 C  PE 874
 22 00 30.3361 -13 17 52.987    5    5 2455006.84438912 15.5 I  PE 874
 22 00 30.3290 -13 17 52.977    5    5 2455006.84561192 15.5 I  PE 874
 22 00 30.3239 -13 17 52.968    5    5 2455006.84656354 15.5 I  PE 874
 22 00 30.3186 -13 17 52.951    5    5 2455006.84763623 15.5 I  PE 874
 22 00 30.3140 -13 17 52.961    5    5 2455006.84851389 15.5 I  PE 874
 22 00 30.3087 -13 17 52.951    5    5 2455006.84942222 15.5 I  PE 874
 22 00 30.3049 -13 17 52.934    5    5 2455006.85030810 15.5 I  PE 874
 22 00 30.2997 -13 17 52.941    5    5 2455006.85125266 15.5 I  PE 874
 22 00 30.2949 -13 17 52.936    5    5 2455006.85214537 15.5 I  PE 874
 22 00 30.2857 -13 17 52.910    5    5 2455006.85389051 15.7 I  PE 874
 22 00 30.2811 -13 17 52.911    5    5 2455006.85475926 15.5 I  PE 874
 22 00 30.2766 -13 17 52.906    5    5 2455006.85562743 15.7 I  PE 874
 22 00 30.2721 -13 17 52.907    5    5 2455006.85649375 15.5 I  PE 874
 22 00 30.2671 -13 17 52.906    5    5 2455006.85736227 15.5 I  PE 874
 22 00 30.2630 -13 17 52.889    5    5 2455006.85822882 15.6 I  PE 874
 22 00 30.2587 -13 17 52.882    5    5 2455006.85913727 15.5 I  PE 874
 22 00 30.2540 -13 17 52.877    5    5 2455006.86002731 15.5 I  PE 874
 22 00 30.2443 -13 17 52.871    5    5 2455006.86186204 15.6 I  PE 874
 22 00 30.2392 -13 17 52.859    5    5 2455006.86274086 15.7 I  PE 874
 22 00 30.2345 -13 17 52.854    5    5 2455006.86359896 15.7 I  PE 874
 22 00 30.2313 -13 17 52.857    5    5 2455006.86446690 15.6 I  PE 874
 22 00 30.2260 -13 17 52.845    5    5 2455006.86536192 15.6 I  PE 874
 22 00 30.2207 -13 17 52.834    5    5 2455006.86628681 15.7 I  PE 874
 22 00 30.2160 -13 17 52.827    5    5 2455006.86714444 15.7 I  PE 874
 22 00 30.2122 -13 17 52.822    5    5 2455006.86803657 15.6 I  PE 874
 22 00 30.1979 -13 17 52.812    5    5 2455006.87071100 15.7 I  PE 874
 22 00 30.1841 -13 17 52.798    5    5 2455006.87348900 15.5 I  PE 874
 23 44 32.4508 -03 43 59.947   12   12 2455489.62443287 15.0 I  PE 874
 23 44 32.4383 -03 44 00.002   12   12 2455489.62531250 15.0 I  PE 874
 23 44 32.4239 -03 44 00.049   12   12 2455489.62613426 15.0 I  PE 874
 23 44 32.4201 -03 44 00.052   12   12 2455489.62640046 15.0 I  PE 874
 23 44 32.4151 -03 44 00.065   12   12 2455489.62667824 15.0 I  PE 874
 23 44 32.4118 -03 44 00.055   12   12 2455489.62694444 15.0 I  PE 874
 23 44 32.4015 -03 44 00.090   12   12 2455489.62748843 15.0 I  PE 874
 23 44 32.3969 -03 44 00.128   12   12 2455489.62776620 14.9 I  PE 874
 23 44 32.3922 -03 44 00.134   12   12 2455489.62803241 15.0 I  PE 874
 23 44 32.3867 -03 44 00.128   12   12 2455489.62831019 15.0 I  PE 874
 23 44 32.3821 -03 44 00.133   12   12 2455489.62857639 14.9 I  PE 874
 23 44 32.3794 -03 44 00.163   12   12 2455489.62885417 15.0 I  PE 874
 23 44 32.3753 -03 44 00.199   12   12 2455489.62912037 15.0 I  PE 874
 23 44 32.3703 -03 44 00.186   12   12 2455489.62939815 15.0 I  PE 874
 23 44 32.3598 -03 44 00.208   12   12 2455489.62994213 15.0 I  PE 874
 23 44 32.3564 -03 44 00.236   12   12 2455489.63020833 14.9 I  PE 874
 23 44 32.3528 -03 44 00.224   12   12 2455489.63048611 15.0 I  PE 874
 23 44 32.3478 -03 44 00.267   12   12 2455489.63075231 14.9 I  PE 874
 23 44 32.3397 -03 44 00.282   12   12 2455489.63129630 15.0 I  PE 874
 23 44 32.3349 -03 44 00.307   12   12 2455489.63157407 15.0 I  PE 874
 23 44 32.3273 -03 44 00.336   12   12 2455489.63211806 15.0 I  PE 874
 23 44 32.3211 -03 44 00.329   12   12 2455489.63238426 15.0 I  PE 874
 23 44 32.3166 -03 44 00.339   12   12 2455489.63265046 15.0 I  PE 874
 23 44 32.3119 -03 44 00.366   12   12 2455489.63292824 15.0 I  PE 874
 23 44 32.3075 -03 44 00.382   12   12 2455489.63319444 15.0 I  PE 874
 07 32 02.4741 +22 05 40.248   12   22 2456605.73660663 15.5 I  PE 874
 07 32 02.4752 +22 05 40.205   12   22 2456605.73744330 15.5 I  PE 874
 07 32 02.4752 +22 05 40.269   12   22 2456605.73784742 15.5 I  PE 874
 07 32 02.4742 +22 05 40.213   12   22 2456605.73825153 15.5 I  PE 874
 07 32 02.4739 +22 05 40.219   12   22 2456605.73865564 15.5 I  PE 874
 07 32 02.4739 +22 05 40.224   12   22 2456605.73905969 15.5 I  PE 874
 07 32 02.4764 +22 05 40.181   12   22 2456605.73946375 15.5 I  PE 874
 07 32 02.4756 +22 05 40.183   12   22 2456605.74027193 15.5 I  PE 874
 07 32 02.4768 +22 05 40.186   12   22 2456605.74067602 15.5 I  PE 874
 07 32 02.4744 +22 05 40.188   12   22 2456605.74108010 15.5 I  PE 874
 07 32 02.4745 +22 05 40.182   12   22 2456605.74148419 15.5 I  PE 874
 07 32 02.4750 +22 05 40.192   12   22 2456605.74188853 15.5 I  PE 874
 07 32 02.4757 +22 05 40.151   12   22 2456605.74229262 15.5 I  PE 874
 07 32 02.4767 +22 05 40.190   12   22 2456605.74269668 15.5 I  PE 874
 07 32 02.4761 +22 05 40.167   12   22 2456605.74310074 15.5 I  PE 874
 07 32 02.4757 +22 05 40.120   12   22 2456605.74350484 15.5 I  PE 874
 07 32 02.4774 +22 05 40.111   12   22 2456605.74431300 15.5 I  PE 874
 07 32 02.4776 +22 05 40.160   12   22 2456605.74471708 15.4 I  PE 874
 07 32 02.4767 +22 05 40.152   12   22 2456605.74552523 15.5 I  PE 874
 07 32 02.4768 +22 05 40.132   12   22 2456605.74592929 15.5 I  PE 874
 07 32 02.4766 +22 05 40.123   12   22 2456605.74673743 15.4 I  PE 874
 07 32 02.4758 +22 05 40.096   12   22 2456605.74714150 15.5 I  PE 874
 07 32 02.4766 +22 05 40.097   12   22 2456605.74754557 15.4 I  PE 874
 07 32 02.4762 +22 05 40.126   12   22 2456605.74794966 15.5 I  PE 874
 07 32 02.4774 +22 05 40.059   12   22 2456605.74835374 15.5 I  PE 874
 07 32 02.4775 +22 05 40.097   12   22 2456605.74875789 15.5 I  PE 874
