 16 48 54.7173 -21 27 30.046   16   15 2454353.50485505 18.0 RE E  809
 16 48 54.7405 -21 27 30.072   16   15 2454353.50599227 18.0 RE E  809
 16 48 54.7638 -21 27 30.111   16   15 2454353.50712475 18.0 RE E  809
 16 48 54.7860 -21 27 30.144   16   15 2454353.50826001 18.0 RE E  809
 16 48 54.8105 -21 27 30.195   16   15 2454353.50938890 18.0 RE E  809
 16 48 54.8329 -21 27 30.246   16   15 2454353.51051327 18.0 RE E  809
 16 48 54.8591 -21 27 30.289   16   15 2454353.51164703 18.0 RE E  809
 16 48 54.8859 -21 27 30.335   16   15 2454353.51293327 18.0 RE E  809
 16 48 54.9107 -21 27 30.377   16   15 2454353.51406459 18.0 RE E  809
 19 25 36.0063 -21 35 26.486   25   29 2454620.70732523 16.7 RE E  809
 19 25 35.9223 -21 35 26.823   25   29 2454620.71154717 17.1 RE E  809
 19 25 35.8640 -21 35 27.167   25   29 2454620.71475645 17.0 RE E  809
 21 56 02.3381 -13 20 21.502   18   18 2454971.91656241 17.7 RE E  809
 21 56 02.3549 -13 20 21.365   18   18 2454971.91773082 17.8 RE E  809
 21 56 02.3735 -13 20 21.265   18   18 2454971.91888314 17.7 RE E  809
 21 56 02.3886 -13 20 21.143   18   18 2454971.92004507 17.7 RE E  809
 21 56 02.4235 -13 20 20.896   18   18 2454971.92234266 17.8 RE E  809
 21 56 02.4413 -13 20 20.817   18   18 2454971.92347137 17.7 RE E  809
 21 56 02.4784 -13 20 20.622   18   18 2454971.92578064 17.7 RE E  809
 21 56 02.4966 -13 20 20.480   18   18 2454971.92694095 17.7 RE E  809
 21 56 31.5001 -13 17 25.182   15   12 2454973.82595317 17.7 RE E  809
 21 56 31.5326 -13 17 24.963   15   12 2454973.82829289 17.7 RE E  809
 21 56 31.5496 -13 17 24.854   15   12 2454973.82945459 17.7 RE E  809
 21 56 31.6183 -13 17 24.455   15   12 2454973.83430395 17.8 RE E  809
 21 56 31.6353 -13 17 24.357   15   12 2454973.83547306 17.8 RE E  809
 21 56 31.6512 -13 17 24.266   15   12 2454973.83662874 17.7 RE E  809
 21 56 31.6676 -13 17 24.149   15   12 2454973.83778396 17.8 RE E  809
 21 56 31.6839 -13 17 24.053   15   12 2454973.83890930 17.9 RE E  809
 21 56 31.6999 -13 17 23.935   15   12 2454973.84005433 17.7 RE E  809
 21 56 31.7161 -13 17 23.834   15   12 2454973.84121349 17.9 RE E  809
 21 56 31.7654 -13 17 23.562   15   12 2454973.84461827 17.8 RE E  809
 21 56 31.7933 -13 17 23.390   15   12 2454973.84656987 17.7 RE E  809
 21 56 31.8206 -13 17 23.223   15   12 2454973.84850306 17.8 RE E  809
 21 56 31.8460 -13 17 23.054   15   12 2454973.85044239 17.7 RE E  809
 21 56 31.8738 -13 17 22.895   15   12 2454973.85230463 17.8 RE E  809
 21 56 31.8997 -13 17 22.713   15   12 2454973.85423852 17.7 RE E  809
 21 56 31.9254 -13 17 22.544   15   12 2454973.85611673 17.7 RE E  809
 21 56 31.9557 -13 17 22.362   15   12 2454973.85825214 17.7 RE E  809
 21 56 31.9936 -13 17 22.103   15   12 2454973.86085995 17.8 RE E  809
 21 56 32.0205 -13 17 21.963   15   12 2454973.86280657 17.7 RE E  809
 21 56 32.0482 -13 17 21.782   15   12 2454973.86474092 17.6 RE E  809
 21 56 32.0742 -13 17 21.622   15   12 2454973.86667956 17.7 RE E  809
 21 56 32.1012 -13 17 21.441   15   12 2454973.86854492 17.8 RE E  809
 21 56 32.1286 -13 17 21.273   15   12 2454973.87047765 17.7 RE E  809
 21 56 32.1555 -13 17 21.101   15   12 2454973.87235355 17.6 RE E  809
 21 56 32.1819 -13 17 20.938   15   12 2454973.87428731 17.6 RE E  809
 21 56 59.5004 -13 14 33.336   73   26 2454975.83673787 17.7 RE E  809
 21 56 59.5287 -13 14 33.160   73   26 2454975.83904680 18.3 RE E  809
 21 56 59.5430 -13 14 33.033   73   26 2454975.84018153 17.9 RE E  809
 21 56 59.5583 -13 14 32.973   73   26 2454975.84134531 17.8 RE E  809
 21 56 59.5679 -13 14 32.856   73   26 2454975.84249590 17.6 RE E  809
 21 56 59.5893 -13 14 32.774   73   26 2454975.84361928 17.8 RE E  809
 21 56 59.6042 -13 14 32.707   73   26 2454975.84476570 17.9 RE E  809
 21 56 59.8919 -13 14 30.823   73   26 2454975.86863389 18.2 RE E  809
 21 56 59.9490 -13 14 30.449   73   26 2454975.87298587 17.9 RE E  809
 21 56 59.9628 -13 14 30.327   73   26 2454975.87414178 18.0 RE E  809
 21 56 59.9801 -13 14 30.274   73   26 2454975.87529919 18.1 RE E  809
 21 57 00.0214 -13 14 30.001   73   26 2454975.87871918 17.9 RE E  809
 21 57 00.0480 -13 14 29.792   73   26 2454975.88068797 18.0 RE E  809
 21 57 00.0605 -13 14 29.720   73   26 2454975.88185140 17.9 RE E  809
 21 57 00.0751 -13 14 29.619   73   26 2454975.88300789 17.9 RE E  809
 21 57 00.0887 -13 14 29.480   73   26 2454975.88416334 17.9 RE E  809
 21 57 00.1049 -13 14 29.445   73   26 2454975.88528811 17.8 RE E  809
 21 57 00.1170 -13 14 29.359   73   26 2454975.88645965 17.1 RE E  809
 21 57 00.1339 -13 14 29.217   73   26 2454975.88761313 17.9 RE E  809
 21 57 00.1494 -13 14 29.165   73   26 2454975.88876952 17.9 RE E  809
