 23 54 25.2334 -01 48 44.024   46   34 2451037.46378438 14.9 R  OH 511
 23 54 25.1527 -01 48 44.350   46   34 2451037.46754711 14.8 R  OH 511
 23 54 25.1216 -01 48 44.651   46   34 2451037.46952373 14.8 R  OH 511
 23 54 25.0547 -01 48 44.880   46   34 2451037.47246250 14.8 R  OH 511
 23 54 24.9982 -01 48 45.257   46   34 2451037.47553067 14.9 R  OH 511
 23 54 24.9493 -01 48 45.457   46   34 2451037.47805602 14.9 R  OH 511
 23 54 24.8851 -01 48 45.753   46   34 2451037.48116829 14.9 R  OH 511
 23 54 24.8444 -01 48 45.959   46   34 2451037.48326389 15.2 I  OH 511
 23 54 24.7993 -01 48 46.215   46   34 2451037.48574433 14.7 V  OH 511
 23 54 24.7537 -01 48 46.471   46   34 2451037.48798553 15.1 I  OH 511
 23 54 24.6958 -01 48 46.660   46   34 2451037.49060810 15.0 R  OH 511
 23 54 05.2419 -01 50 27.680   26   37 2451038.47741146 15.0 R  OH 511
 23 54 04.9232 -01 50 29.384   26   37 2451038.49300069 15.0 R  OH 511
 23 54 04.8254 -01 50 29.801   26   37 2451038.49757662 15.0 R  OH 511
 23 54 04.7406 -01 50 30.308   26   37 2451038.50175150 15.0 R  OH 511
 23 54 04.6946 -01 50 30.529   26   37 2451038.50409375 15.0 R  OH 511
 23 54 04.6460 -01 50 30.810   26   37 2451038.50643218 15.0 R  OH 511
 23 54 04.5948 -01 50 31.023   26   37 2451038.50877269 15.0 R  OH 511
 23 54 04.4978 -01 50 31.556   26   37 2451038.51345498 15.0 R  OH 511
 23 54 04.4535 -01 50 31.823   26   37 2451038.51580498 15.0 R  OH 511
 23 54 04.3999 -01 50 32.025   26   37 2451038.51814907 15.0 R  OH 511
 23 54 04.3546 -01 50 32.342   26   37 2451038.52048773 15.1 R  OH 511
 23 54 04.3054 -01 50 32.532   26   37 2451038.52283773 15.0 R  OH 511
 23 54 04.2591 -01 50 32.765   26   37 2451038.52518044 15.0 R  OH 511
 23 54 04.2089 -01 50 33.028   26   37 2451038.52751690 15.1 R  OH 511
 23 54 04.1609 -01 50 33.318   26   37 2451038.52986250 15.1 R  OH 511
 23 54 04.1121 -01 50 33.552   26   37 2451038.53220995 15.0 R  OH 511
 23 54 04.0624 -01 50 33.833   26   37 2451038.53455613 15.0 R  OH 511
 23 22 02.7322 -05 37 09.392   27   19 2451164.23281574 15.4 R  OH 511
 23 22 02.9097 -05 37 08.425   27   19 2451164.23982546 15.5 R  OH 511
 23 22 03.0116 -05 37 07.818   27   19 2451164.24399132 15.4 R  OH 511
 23 22 03.0752 -05 37 07.442   27   19 2451164.24633310 15.3 R  OH 511
 23 22 03.1939 -05 37 06.806   27   19 2451164.25101748 15.4 R  OH 511
 23 22 03.2491 -05 37 06.468   27   19 2451164.25336701 15.5 R  OH 511
 23 22 03.3099 -05 37 06.117   27   19 2451164.25570775 15.4 R  OH 511
 23 22 03.3694 -05 37 05.764   27   19 2451164.25805440 15.5 R  OH 511
 23 22 03.4311 -05 37 05.437   27   19 2451164.26040116 15.4 R  OH 511
 23 22 03.4871 -05 37 05.122   27   19 2451164.26273924 15.4 R  OH 511
 23 22 03.5472 -05 37 04.750   27   19 2451164.26508403 15.5 R  OH 511
 01 58 38.5094 +09 57 21.857   19   11 2451460.57602442 14.5 R  OH 511
 01 58 38.4206 +09 57 21.354   19   11 2451460.57957072 14.5 R  OH 511
 01 58 38.3800 +09 57 21.149   19   11 2451460.58121852 14.6 R  OH 511
 01 58 38.3364 +09 57 20.915   19   11 2451460.58286319 14.4 R  OH 511
 01 58 38.2527 +09 57 20.462   19   11 2451460.58615903 14.5 R  OH 511
 01 58 38.1707 +09 57 20.019   19   11 2451460.58945509 14.4 R  OH 511
 01 58 38.1291 +09 57 19.796   19   11 2451460.59109711 14.5 R  OH 511
 01 58 38.0834 +09 57 19.549   19   11 2451460.59274537 14.4 R  OH 511
 01 58 38.0446 +09 57 19.356   19   11 2451460.59438819 14.4 R  OH 511
 01 57 28.3962 +09 51 02.876   16   22 2451463.38622095 14.4 R  OH 511
 01 57 28.3262 +09 51 02.487   16   22 2451463.38902928 14.4 R  OH 511
 01 57 28.2700 +09 51 02.223   16   22 2451463.39112870 14.2 R  OH 511
 01 57 28.1224 +09 51 01.468   16   22 2451463.39690197 14.2 R  OH 511
 01 57 28.0847 +09 51 01.258   16   22 2451463.39838808 14.3 R  OH 511
 01 57 28.0432 +09 51 01.012   16   22 2451463.40003264 14.2 R  OH 511
 01 57 28.0088 +09 51 00.875   16   22 2451463.40138576 14.2 R  OH 511
 01 57 27.9754 +09 51 00.725   16   22 2451463.40268495 14.2 R  OH 511
 01 57 27.9428 +09 51 00.483   16   22 2451463.40397951 14.3 R  OH 511
 01 38 59.2857 +08 53 00.574   14   14 2451516.29178762 15.1 R  OH 511
 01 38 59.2643 +08 53 00.609   14   14 2451516.29387373 15.1 R  OH 511
 01 38 59.2224 +08 53 00.670   14   14 2451516.29735914 15.1 R  OH 511
 01 38 59.2037 +08 53 00.659   14   14 2451516.29900313 15.1 R  OH 511
 01 38 59.1844 +08 53 00.710   14   14 2451516.30065521 15.1 R  OH 511
 01 38 59.1669 +08 53 00.696   14   14 2451516.30230405 15.2 R  OH 511
 01 38 59.1461 +08 53 00.726   14   14 2451516.30395116 15.1 R  OH 511
 01 38 58.7920 +08 53 01.057   14   14 2451516.33515880 15.1 R  OH 511
 01 38 58.7723 +08 53 01.066   14   14 2451516.33682164 15.0 R  OH 511
 01 38 37.7313 +08 53 28.507   26   22 2451518.39629734 15.1 R  OH 511
 01 38 37.7110 +08 53 28.542   26   22 2451518.39800382 15.1 R  OH 511
 01 38 37.7008 +08 53 28.513   26   22 2451518.39942407 15.1 R  OH 511
 01 38 37.6852 +08 53 28.547   26   22 2451518.40107384 15.1 R  OH 511
 01 38 37.6674 +08 53 28.568   26   22 2451518.40272546 15.1 R  OH 511
 01 38 37.6492 +08 53 28.598   26   22 2451518.40437569 15.1 R  OH 511
 01 38 37.6318 +08 53 28.615   26   22 2451518.40601979 15.1 R  OH 511
 01 38 28.7640 +08 53 45.311   13   12 2451519.36051227 14.8 R  OH 511
 01 38 28.7372 +08 53 45.385   13   12 2451519.36335984 15.0 R  OH 511
 01 38 28.6987 +08 53 45.444   13   12 2451519.36711597 14.9 R  OH 511
 01 38 28.6661 +08 53 45.506   13   12 2451519.37053588 14.8 R  OH 511
 01 38 28.6389 +08 53 45.552   13   12 2451519.37337465 14.8 R  OH 511
 01 38 28.6118 +08 53 45.596   13   12 2451519.37602234 14.8 R  OH 511
 01 38 28.5915 +08 53 45.634   13   12 2451519.37829225 14.8 R  OH 511
 01 38 28.5697 +08 53 45.662   13   12 2451519.38051493 15.0 R  OH 511
 01 38 28.5481 +08 53 45.715   13   12 2451519.38278843 14.7 R  OH 511
 01 38 28.5256 +08 53 45.759   13   12 2451519.38503530 15.0 R  OH 511
 01 38 28.5124 +08 53 45.808   13   12 2451519.38644630 14.8 R  OH 511
 01 38 28.4998 +08 53 45.812   13   12 2451519.38785729 14.8 R  OH 511
 01 38 28.4697 +08 53 45.855   13   12 2451519.39077639 15.0 R  OH 511
 01 38 12.7670 +08 54 25.820   15   22 2451521.25416470 14.8 R  OH 511
 01 38 12.7442 +08 54 25.863   15   22 2451521.25691678 14.8 R  OH 511
 01 38 12.7297 +08 54 25.876   15   22 2451521.25867870 14.8 R  OH 511
 01 38 12.7166 +08 54 25.967   15   22 2451521.26043889 14.8 R  OH 511
 01 38 12.6994 +08 54 26.007   15   22 2451521.26220069 14.9 R  OH 511
 04 30 56.2030 +21 20 55.345   19   10 2451858.52772419 14.8 R  OH 511
 04 30 56.0307 +21 20 54.878   19   10 2451858.53269282 14.9 R  OH 511
 04 30 55.8677 +21 20 54.425   19   10 2451858.53746227 14.8 R  OH 511
 04 30 55.6906 +21 20 53.915   19   10 2451858.54265081 14.8 R  OH 511
 04 30 55.5770 +21 20 53.575   19   10 2451858.54591343 14.8 R  OH 511
 04 30 55.4688 +21 20 53.277   19   10 2451858.54918160 14.8 R  OH 511
 04 30 55.3563 +21 20 52.961   19   10 2451858.55244433 14.7 R  OH 511
 04 30 55.1302 +21 20 52.336   19   10 2451858.55897581 14.8 R  OH 511
 04 24 56.7112 +21 03 05.027    8   14 2451868.51083009 14.3 R  OH 511
 04 24 56.5740 +21 03 04.638    8   14 2451868.51438345 14.4 R  OH 511
 04 24 56.3576 +21 03 03.977    8   14 2451868.51993947 14.6 R  OH 511
 04 24 18.1012 +21 01 06.067   24   22 2451869.52227812 14.5 R  OH 511
 04 24 18.0336 +21 01 05.825   24   22 2451869.52407002 14.4 R  OH 511
 04 24 17.9614 +21 01 05.630   24   22 2451869.52598171 14.4 R  OH 511
 04 24 17.8515 +21 01 05.243   24   22 2451869.52878148 14.4 R  OH 511
 04 24 17.7869 +21 01 05.085   24   22 2451869.53042558 14.4 R  OH 511
 04 24 17.7242 +21 01 04.881   24   22 2451869.53207558 14.4 R  OH 511
 04 24 17.6550 +21 01 04.686   24   22 2451869.53371956 14.4 R  OH 511
 04 24 17.4483 +21 01 04.064   24   22 2451869.53912535 14.4 R  OH 511
 04 24 17.3513 +21 01 03.762   24   22 2451869.54157454 14.4 R  OH 511
 04 24 17.2307 +21 01 03.363   24   22 2451869.54468218 14.4 R  OH 511
 04 24 14.8426 +21 00 55.984   24   22 2451869.60589722 14.5 R  OH 511
 04 24 13.8840 +21 00 52.998   24   22 2451869.63062164 14.5 R  OH 511
 04 24 13.7792 +21 00 52.723   24   22 2451869.63332037 14.4 R  OH 511
 04 24 13.5845 +21 00 52.055   24   22 2451869.63830683 14.4 R  OH 511
 04 24 13.4629 +21 00 51.715   24   22 2451869.64151042 14.4 R  OH 511
 04 21 46.2683 +20 53 10.370    6    5 2451873.43963565 14.5 R  OH 511
 04 21 46.2026 +20 53 10.164    6    5 2451873.44128160 14.5 R  OH 511
 04 21 46.1362 +20 53 09.957    6    5 2451873.44293218 14.5 R  OH 511
 04 21 46.0720 +20 53 09.771    6    5 2451873.44457940 14.6 R  OH 511
 04 21 46.0063 +20 53 09.560    6    5 2451873.44622130 14.5 R  OH 511
 04 21 45.9398 +20 53 09.357    6    5 2451873.44786829 14.4 R  OH 511
 04 21 45.8743 +20 53 09.155    6    5 2451873.44951331 14.5 R  OH 511
 04 21 45.8087 +20 53 08.951    6    5 2451873.45115521 14.5 R  OH 511
 07 02 43.4537 +22 09 40.502   50   30 2452231.62693611 15.1 R  OH 511
 07 02 43.4281 +22 09 40.581   50   30 2452231.62824618 14.8 R  OH 511
 07 02 43.3863 +22 09 40.672   50   30 2452231.63077558 14.0 R  OH 511
 07 02 43.3407 +22 09 40.819   50   30 2452231.63409653 14.1 R  OH 511
 07 02 11.9102 +22 11 29.183   15   18 2452233.61417940 15.0 R  OH 511
 07 02 11.8677 +22 11 29.351   15   18 2452233.61650150 15.1 R  OH 511
 07 02 11.8425 +22 11 29.443   15   18 2452233.61816100 15.0 R  OH 511
 07 02 11.8146 +22 11 29.499   15   18 2452233.61982025 15.1 R  OH 511
 07 02 11.7841 +22 11 29.636   15   18 2452233.62147546 15.1 R  OH 511
 07 02 11.7569 +22 11 29.695   15   18 2452233.62313056 15.1 R  OH 511
 07 02 11.7269 +22 11 29.833   15   18 2452233.62481088 15.0 R  OH 511
 07 02 11.6980 +22 11 29.901   15   18 2452233.62647199 15.1 R  OH 511
 07 02 11.6703 +22 11 29.986   15   18 2452233.62813275 15.0 R  OH 511
 07 02 11.6419 +22 11 30.093   15   18 2452233.62979734 15.1 R  OH 511
 07 01 22.3077 +22 14 21.254   19   34 2452236.47917593 15.1 R  OH 511
 07 01 22.2060 +22 14 21.648   19   34 2452236.48458623 15.1 R  OH 511
 07 01 22.1543 +22 14 21.850   19   34 2452236.48728021 15.1 R  OH 511
 07 01 22.1044 +22 14 22.033   19   34 2452236.48997847 15.0 R  OH 511
 07 01 22.0564 +22 14 22.202   19   34 2452236.49267141 15.1 R  OH 511
 07 01 22.0047 +22 14 22.407   19   34 2452236.49537685 15.0 R  OH 511
 07 01 21.9012 +22 14 22.774   19   34 2452236.50076817 15.1 R  OH 511
 06 50 29.2903 +22 52 14.691    9   11 2452263.58550359 14.7 R  OH 511
 06 50 29.1214 +22 52 15.261    9   11 2452263.59143461 14.6 R  OH 511
 06 50 29.0668 +22 52 15.451    9   11 2452263.59332986 14.6 R  OH 511
 06 50 29.0124 +22 52 15.626    9   11 2452263.59522292 14.6 R  OH 511
 06 50 28.9573 +22 52 15.804    9   11 2452263.59710880 14.6 R  OH 511
 06 50 28.9049 +22 52 15.970    9   11 2452263.59900231 14.6 R  OH 511
 06 50 28.8506 +22 52 16.132    9   11 2452263.60089074 14.6 R  OH 511
 06 50 28.7957 +22 52 16.324    9   11 2452263.60277998 14.6 R  OH 511
 06 50 28.7421 +22 52 16.491    9   11 2452263.60466609 14.6 R  OH 511
 06 49 38.8140 +22 55 04.996    8    9 2452265.38305058 14.7 R  OH 511
 06 49 38.7131 +22 55 05.324    8    9 2452265.38653738 14.7 R  OH 511
 06 49 38.6655 +22 55 05.486    8    9 2452265.38819248 14.6 R  OH 511
 06 49 38.6174 +22 55 05.649    8    9 2452265.38985220 14.7 R  OH 511
 06 49 38.5694 +22 55 05.827    8    9 2452265.39150729 14.6 R  OH 511
 06 49 38.5223 +22 55 05.965    8    9 2452265.39317002 14.6 R  OH 511
 06 40 17.7258 +23 24 31.389   10   10 2452285.37628403 14.7 R  OH 511
 06 40 16.0251 +23 24 36.240   10   10 2452285.43843137 14.7 R  OH 511
 06 40 15.9653 +23 24 36.430   10   10 2452285.44065856 14.3 R  OH 511
 06 40 15.9135 +23 24 36.573   10   10 2452285.44254653 14.6 R  OH 511
 06 40 15.8611 +23 24 36.705   10   10 2452285.44443391 14.6 R  OH 511
 06 40 15.8094 +23 24 36.861   10   10 2452285.44632431 14.6 R  OH 511
 06 40 15.7576 +23 24 36.995   10   10 2452285.44821146 14.8 R  OH 511
 06 40 15.7075 +23 24 37.166   10   10 2452285.45010278 13.9 R  OH 511
 06 40 15.6023 +23 24 37.447   10   10 2452285.45388484 14.9 R  OH 511
 06 40 15.5520 +23 24 37.601   10   10 2452285.45577569 14.6 R  OH 511
 06 40 15.4982 +23 24 37.745   10   10 2452285.45767002 14.6 R  OH 511
 06 30 29.2621 +23 49 27.565   10    8 2452313.24401192 15.1 R  OH 511
 06 30 29.2322 +23 49 27.629   10    8 2452313.24612928 15.2 R  OH 511
 06 30 29.2005 +23 49 27.691   10    8 2452313.24825231 15.2 R  OH 511
 06 30 29.1720 +23 49 27.769   10    8 2452313.25036921 15.1 R  OH 511
 06 30 29.1421 +23 49 27.813   10    8 2452313.25248449 15.1 R  OH 511
 06 30 14.8883 +23 49 57.277   29   23 2452314.31349919 15.0 R  OH 511
 06 30 14.8419 +23 49 57.355   29   23 2452314.31684502 15.0 R  OH 511
 06 30 14.7941 +23 49 57.420   29   23 2452314.32016053 15.7 R  OH 511
 06 30 14.7765 +23 49 57.520   29   23 2452314.32181366 15.0 R  OH 511
 06 32 06.6629 +23 45 07.532   25   17 2452358.37302500 15.5 R  OH 511
 06 32 06.6962 +23 45 07.511   25   17 2452358.37468681 15.5 R  OH 511
 06 32 06.7238 +23 45 07.437   25   17 2452358.37634178 15.4 R  OH 511
 06 32 06.7543 +23 45 07.375   25   17 2452358.37799711 15.5 R  OH 511
 06 32 06.7832 +23 45 07.308   25   17 2452358.37966262 15.5 R  OH 511
 06 32 06.8128 +23 45 07.260   25   17 2452358.38131539 15.4 R  OH 511
 06 32 06.8410 +23 45 07.158   25   17 2452358.38296632 15.4 R  OH 511
 06 32 06.8723 +23 45 07.094   25   17 2452358.38462917 15.4 R  OH 511
 06 32 06.9035 +23 45 07.061   25   17 2452358.38628148 15.5 R  OH 511
 06 32 06.9345 +23 45 07.009   25   17 2452358.38794410 15.5 R  OH 511
 06 33 03.1207 +23 43 20.492   26   12 2452361.32201007 15.5 R  OH 511
 06 33 03.1930 +23 43 20.357   26   12 2452361.32575787 15.5 R  OH 511
 06 33 03.2224 +23 43 20.277   26   12 2452361.32742211 15.4 R  OH 511
 06 33 03.4013 +23 43 19.951   26   12 2452361.33645278 15.5 R  OH 511
 06 33 03.4370 +23 43 19.875   26   12 2452361.33811586 15.5 R  OH 511
 06 33 03.4660 +23 43 19.813   26   12 2452361.33976933 15.6 R  OH 511
 06 33 03.7761 +23 43 19.158   26   12 2452361.35563032 15.6 R  OH 511
 06 33 03.8123 +23 43 19.102   26   12 2452361.35729097 15.6 R  OH 511
 06 33 24.3867 +23 42 40.286   34   27 2452362.36452894 15.6 R  OH 511
 06 33 24.4972 +23 42 40.129   34   27 2452362.37005625 15.6 R  OH 511
 06 33 24.5399 +23 42 39.980   34   27 2452362.37194954 15.6 R  OH 511
 06 33 24.5808 +23 42 39.916   34   27 2452362.37383935 15.7 R  OH 511
 06 33 24.6186 +23 42 39.839   34   27 2452362.37572963 15.6 R  OH 511
 06 33 24.6558 +23 42 39.780   34   27 2452362.37761354 15.5 R  OH 511
 09 23 35.4748 +16 13 49.063   27    9 2452637.49886100 15.5 R  OH 511
 09 23 35.3953 +16 13 49.353   27    9 2452637.50310428 15.4 R  OH 511
 09 23 35.3570 +16 13 49.486   27    9 2452637.50522083 15.4 R  OH 511
 09 23 35.3156 +16 13 49.623   27    9 2452637.50734167 15.4 R  OH 511
 09 23 35.2797 +16 13 49.756   27    9 2452637.50946412 15.4 R  OH 511
 09 23 35.2359 +16 13 49.876   27    9 2452637.51159375 15.4 R  OH 511
 09 23 16.6605 +16 14 53.314    9    2 2452638.49939965 15.3 R  OH 511
 09 23 16.5079 +16 14 53.842    9    2 2452638.50720949 15.3 R  OH 511
 09 23 16.4599 +16 14 53.995    9    2 2452638.50956343 15.3 R  OH 511
 09 23 16.3681 +16 14 54.314    9    2 2452638.51426725 15.3 R  OH 511
 09 23 16.3215 +16 14 54.471    9    2 2452638.51661447 15.3 R  OH 511
 09 23 16.2743 +16 14 54.631    9    2 2452638.51896285 15.3 R  OH 511
 09 23 16.1824 +16 14 54.949    9    2 2452638.52367292 15.3 R  OH 511
 09 23 16.1360 +16 14 55.104    9    2 2452638.52602419 15.3 R  OH 511
 09 16 34.8963 +16 38 28.457   43   39 2452654.41626875 14.9 R  OH 511
 09 16 34.8117 +16 38 28.718   43   39 2452654.41912720 15.1 R  OH 511
 09 16 34.6827 +16 38 29.145   43   39 2452654.42339745 15.0 R  OH 511
 09 16 34.5635 +16 38 29.573   43   39 2452654.42720671 15.0 R  OH 511
 09 16 34.4363 +16 38 29.964   43   39 2452654.43121123 15.0 R  OH 511
 09 16 34.3482 +16 38 30.365   43   39 2452654.43394699 15.1 R  OH 511
 09 16 34.2126 +16 38 30.795   43   39 2452654.43830694 15.1 R  OH 511
 09 16 34.1620 +16 38 30.989   43   39 2452654.43996285 14.9 R  OH 511
 09 16 34.1101 +16 38 31.219   43   39 2452654.44146181 15.0 R  OH 511
 09 16 34.0270 +16 38 31.485   43   39 2452654.44435127 15.0 R  OH 511
 09 16 33.9586 +16 38 31.742   43   39 2452654.44660729 15.0 R  OH 511
 09 16 33.8874 +16 38 31.987   43   39 2452654.44872187 15.1 R  OH 511
 09 16 33.8382 +16 38 32.150   43   39 2452654.45038194 15.1 R  OH 511
 09 16 33.7849 +16 38 32.374   43   39 2452654.45203426 15.1 R  OH 511
 09 16 33.7311 +16 38 32.591   43   39 2452654.45368565 15.0 R  OH 511
 09 16 01.8359 +16 40 26.126   25   21 2452655.48363646 15.2 R  OH 511
 09 16 01.7476 +16 40 26.502   25   21 2452655.48655116 15.1 R  OH 511
 09 16 01.6843 +16 40 26.729   25   21 2452655.48846019 15.2 R  OH 511
 09 16 01.6160 +16 40 26.926   25   21 2452655.49066181 15.1 R  OH 511
 09 16 01.5801 +16 40 27.045   25   21 2452655.49174468 15.1 R  OH 511
 09 16 01.5483 +16 40 27.177   25   21 2452655.49282083 15.1 R  OH 511
 09 16 01.5141 +16 40 27.313   25   21 2452655.49389630 15.2 R  OH 511
 09 16 01.4768 +16 40 27.424   25   21 2452655.49497269 15.1 R  OH 511
 09 04 17.7217 +17 22 07.182   25   19 2452675.37783160 14.8 R  OH 511
 09 04 17.4257 +17 22 08.227   25   19 2452675.38546146 14.8 R  OH 511
 09 04 17.3830 +17 22 08.372   25   19 2452675.38665602 14.8 R  OH 511
 09 04 17.3346 +17 22 08.575   25   19 2452675.38784780 14.8 R  OH 511
 09 04 17.3346 +17 22 08.575   25   19 2452675.38784780 14.8 R  OH 511
 09 04 16.2050 +17 22 12.527   25   19 2452675.41733241 14.9 R  OH 511
 08 39 51.3218 +18 55 42.976   17   10 2452731.29180035 15.5 R  OH 511
 08 39 51.3074 +18 55 43.054   17   10 2452731.29421921 15.4 R  OH 511
 08 39 51.2913 +18 55 43.200   17   10 2452731.29727361 15.3 R  OH 511
 08 39 51.2747 +18 55 43.312   17   10 2452731.30032060 15.6 R  OH 511
 08 39 51.2579 +18 55 43.445   17   10 2452731.30337431 15.4 R  OH 511
 08 39 51.2423 +18 55 43.581   17   10 2452731.30642708 15.5 R  OH 511
 08 49 23.0166 +18 42 33.296   32   38 2452772.35277685 15.8 R  OH 511
 08 49 23.0790 +18 42 33.130   32   38 2452772.35501933 15.9 R  OH 511
 08 49 23.1278 +18 42 32.922   32   38 2452772.35667292 15.9 R  OH 511
 08 49 23.1767 +18 42 32.733   32   38 2452772.35832593 15.8 R  OH 511
 08 49 23.2254 +18 42 32.578   32   38 2452772.35998032 15.9 R  OH 511
 08 49 23.2777 +18 42 32.478   32   38 2452772.36163669 15.9 R  OH 511
 08 49 23.3253 +18 42 32.336   32   38 2452772.36329456 15.8 R  OH 511
 08 49 23.3759 +18 42 32.207   32   38 2452772.36495486 15.9 R  OH 511
 08 49 23.4295 +18 42 32.084   32   38 2452772.36661667 15.9 R  OH 511
 08 49 53.1246 +18 41 07.941   24   14 2452773.34150984 15.9 R  OH 511
 08 49 53.2964 +18 41 07.434   24   14 2452773.34715405 15.9 R  OH 511
 08 49 53.4374 +18 41 07.001   24   14 2452773.35185324 15.7 R  OH 511
 08 49 53.5110 +18 41 06.802   24   14 2452773.35421030 15.9 R  OH 511
 08 49 53.5821 +18 41 06.559   24   14 2452773.35656655 15.9 R  OH 511
 08 49 53.6510 +18 41 06.359   24   14 2452773.35891505 15.9 R  OH 511
 08 49 53.7220 +18 41 06.128   24   14 2452773.36126516 15.9 R  OH 511
 08 49 53.7945 +18 41 05.953   24   14 2452773.36361563 15.9 R  OH 511
 08 49 53.8696 +18 41 05.745   24   14 2452773.36597025 15.9 R  OH 511
 08 49 53.9382 +18 41 05.526   24   14 2452773.36832731 15.9 R  OH 511
 10 48 26.0300 +09 23 18.754   24   18 2453115.33396400 15.8 R  OH 511
 10 48 25.9618 +09 23 18.838   24   18 2453115.34158495 15.5 R  OH 511
 10 48 25.9289 +09 23 18.881   24   18 2453115.34544572 15.4 R  OH 511
 10 48 25.8990 +09 23 18.922   24   18 2453115.34849456 15.4 R  OH 511
 10 48 25.8423 +09 23 18.954   24   18 2453115.35459803 14.7 R  OH 511
 10 48 25.8144 +09 23 19.025   24   18 2453115.35764896 15.3 R  OH 511
 10 48 25.7893 +09 23 19.034   24   18 2453115.36072176 15.4 R  OH 511
 10 48 18.0054 +09 23 25.920   28   10 2453116.31832107 15.4 R  OH 511
 10 48 17.9337 +09 23 25.975   28   10 2453116.32709988 15.3 R  OH 511
 10 48 17.9164 +09 23 25.999   28   10 2453116.32945579 15.3 R  OH 511
 10 48 17.8946 +09 23 26.007   28   10 2453116.33180799 15.3 R  OH 511
 10 48 17.8750 +09 23 26.013   28   10 2453116.33416447 15.3 R  OH 511
 10 48 17.8556 +09 23 26.020   28   10 2453116.33651933 15.4 R  OH 511
 10 48 17.8368 +09 23 26.044   28   10 2453116.33887153 15.3 R  OH 511
 10 48 17.8123 +09 23 26.030   28   10 2453116.34122454 15.4 R  OH 511
 10 48 15.4217 +09 02 48.902   18   24 2453143.33360521 15.9 R  OH 511
 10 48 15.4438 +09 02 48.605   18   24 2453143.33672882 15.8 R  OH 511
 10 48 15.5219 +09 02 47.622   18   24 2453143.34722720 15.9 R  OH 511
 10 48 15.5394 +09 02 47.412   18   24 2453143.34958194 15.8 R  OH 511
 10 48 15.5568 +09 02 47.197   18   24 2453143.35193704 15.9 R  OH 511
 10 48 15.5736 +09 02 46.977   18   24 2453143.35429282 15.9 R  OH 511
 10 48 15.5899 +09 02 46.750   18   24 2453143.35665359 15.9 R  OH 511
 10 48 15.6066 +09 02 46.484   18   24 2453143.35900590 15.8 R  OH 511
 10 48 15.6242 +09 02 46.241   18   24 2453143.36136667 15.8 R  OH 511
 10 48 15.6431 +09 02 46.062   18   24 2453143.36371968 15.8 R  OH 511
 10 48 15.6577 +09 02 45.791   18   24 2453143.36607558 15.8 R  OH 511
 10 48 41.3699 +08 57 47.873   12   20 2453146.37346505 15.7 R  OH 511
 10 48 41.3908 +08 57 47.649   12   20 2453146.37581991 15.7 R  OH 511
 10 48 41.4099 +08 57 47.418   12   20 2453146.37818044 15.7 R  OH 511
 10 48 41.4321 +08 57 47.126   12   20 2453146.38054178 15.8 R  OH 511
 10 48 41.4529 +08 57 46.897   12   20 2453146.38289514 15.7 R  OH 511
 10 48 41.4739 +08 57 46.630   12   20 2453146.38525498 15.7 R  OH 511
 10 48 41.5167 +08 57 46.178   12   20 2453146.38996088 15.7 R  OH 511
 10 48 41.5379 +08 57 45.884   12   20 2453146.39231389 15.8 R  OH 511
 13 08 03.6071 -05 56 29.301   39   40 2453437.44406863 15.4 R  OH 511
 13 08 03.4715 -05 56 28.609   39   40 2453437.44979757 15.4 R  OH 511
 13 08 03.4220 -05 56 28.386   39   40 2453437.45192928 15.4 R  OH 511
 13 08 03.3756 -05 56 28.139   39   40 2453437.45405139 15.4 R  OH 511
 13 08 03.2774 -05 56 27.597   39   40 2453437.45830150 15.4 R  OH 511
 13 08 03.2318 -05 56 27.395   39   40 2453437.46042257 15.4 R  OH 511
 13 08 03.1754 -05 56 27.031   39   40 2453437.46254468 15.3 R  OH 511
 13 08 03.1296 -05 56 26.787   39   40 2453437.46467118 15.3 R  OH 511
 13 08 03.0762 -05 56 26.471   39   40 2453437.46679340 15.3 R  OH 511
 13 08 03.0302 -05 56 26.300   39   40 2453437.46891863 15.3 R  OH 511
 13 07 40.0318 -05 54 20.389   34   15 2453438.47192176 15.3 R  OH 511
 13 07 39.9765 -05 54 20.100   34   15 2453438.47427789 15.4 R  OH 511
 13 07 39.9152 -05 54 19.779   34   15 2453438.47664028 15.3 R  OH 511
 13 07 39.8632 -05 54 19.504   34   15 2453438.47899884 15.3 R  OH 511
 13 07 39.8041 -05 54 19.215   34   15 2453438.48135231 15.4 R  OH 511
 13 07 39.7483 -05 54 18.885   34   15 2453438.48370556 15.3 R  OH 511
 13 07 39.6966 -05 54 18.593   34   15 2453438.48606435 15.3 R  OH 511
 13 07 39.6358 -05 54 18.268   34   15 2453438.48842292 15.3 R  OH 511
 13 06 52.2514 -05 49 55.702   22   16 2453440.47511076 15.7 R  OH 511
 13 06 52.1543 -05 49 55.162   22   16 2453440.47913519 15.4 R  OH 511
 13 06 52.0926 -05 49 54.865   22   16 2453440.48161100 15.5 R  OH 511
 13 06 52.0374 -05 49 54.536   22   16 2453440.48373692 15.5 R  OH 511
 13 06 51.9868 -05 49 54.252   22   16 2453440.48589653 15.5 R  OH 511
 13 06 51.9302 -05 49 53.954   22   16 2453440.48802211 15.5 R  OH 511
 13 06 51.8774 -05 49 53.669   22   16 2453440.49014792 15.5 R  OH 511
 13 06 51.8250 -05 49 53.374   22   16 2453440.49230787 15.5 R  OH 511
 13 06 51.7696 -05 49 53.116   22   16 2453440.49443218 15.5 R  OH 511
 13 06 51.7189 -05 49 52.821   22   16 2453440.49655787 15.5 R  OH 511
 13 06 51.6665 -05 49 52.508   22   16 2453440.49868391 15.4 R  OH 511
 12 53 17.8448 -04 27 06.471   40   18 2453467.46438171 15.2 R  OH 511
 12 53 17.6896 -04 27 05.466   40   18 2453467.46914271 14.5 R  OH 511
 12 53 17.5966 -04 27 04.849   40   18 2453467.47184155 14.8 R  OH 511
 12 53 17.5014 -04 27 04.286   40   18 2453467.47454109 14.4 R  OH 511
 12 53 17.4116 -04 27 03.674   40   18 2453467.47724016 14.7 R  OH 511
 12 49 27.1757 -04 01 21.563   11   18 2453474.39482234 15.0 R  OH 511
 12 49 27.0474 -04 01 20.673   11   18 2453474.39867292 15.0 R  OH 511
 12 49 26.8784 -04 01 19.530   11   18 2453474.40371377 15.0 R  OH 511
 12 49 24.7794 -04 01 05.501   11   18 2453474.46626053 15.0 R  OH 511
 12 49 24.5399 -04 01 03.869   11   18 2453474.47336030 14.6 R  OH 511
 12 49 24.4387 -04 01 03.177   11   18 2453474.47640868 14.8 R  OH 511
 12 48 55.2549 -03 57 42.787   50   11 2453475.36601481 15.0 R  OH 511
 12 48 54.3845 -03 57 36.866   50   11 2453475.39241748 15.4 R  OH 511
 12 48 54.2752 -03 57 36.166   50   11 2453475.39546852 15.0 R  OH 511
 12 48 54.1762 -03 57 35.491   50   11 2453475.39852674 14.9 R  OH 511
 12 48 54.0719 -03 57 34.780   50   11 2453475.40157708 14.9 R  OH 511
 12 48 53.9679 -03 57 34.091   50   11 2453475.40463148 14.9 R  OH 511
 12 48 53.8666 -03 57 33.424   50   11 2453475.40768403 14.9 R  OH 511
 18 56 56.5665 -23 32 09.071   21   38 2454704.34217789 15.3 R  OH 511
 18 56 56.5397 -23 32 09.099   21   38 2454704.34594919 15.2 R  OH 511
 18 56 56.5245 -23 32 09.111   21   38 2454704.34872488 15.3 R  OH 511
