 12 55 29.3809 -04 41 17.762   21   13 2453463.51414919 15.1 V  BC 874
 12 55 29.3394 -04 41 17.534   21   13 2453463.51538692 15.1 V  BC 874
 12 55 29.3002 -04 41 17.280   21   13 2453463.51662442 14.9 V  BC 874
 12 55 29.2592 -04 41 17.007   21   13 2453463.51786192 14.9 V  BC 874
 12 55 29.2179 -04 41 16.728   21   13 2453463.51910104 14.9 V  BC 874
 12 55 29.1737 -04 41 16.462   21   13 2453463.52033889 14.9 V  BC 874
 12 55 29.1320 -04 41 16.201   21   13 2453463.52157662 15.0 V  BC 874
 12 55 29.0919 -04 41 15.960   21   13 2453463.52281285 15.0 V  BC 874
 12 55 29.0485 -04 41 15.685   21   13 2453463.52404942 15.1 V  BC 874
 12 55 29.0056 -04 41 15.427   21   13 2453463.52529630 15.0 V  BC 874
 12 54 55.4369 -04 37 39.363   17   15 2453464.53765752 14.9 C  BC 874
 12 54 55.3950 -04 37 39.076   17   15 2453464.53890567 14.8 C  BC 874
 12 54 55.3113 -04 37 38.524   17   15 2453464.54138044 14.8 C  BC 874
 12 54 55.2711 -04 37 38.289   17   15 2453464.54261852 15.0 C  BC 874
 12 54 55.2278 -04 37 38.010   17   15 2453464.54385544 14.8 C  BC 874
 12 54 55.1866 -04 37 37.754   17   15 2453464.54509352 14.8 C  BC 874
 12 54 55.1044 -04 37 37.213   17   15 2453464.54756690 14.6 C  BC 874
 12 54 54.9423 -04 37 36.241   17   15 2453464.55229803 14.7 C  BC 874
 12 54 54.9019 -04 37 35.965   17   15 2453464.55353600 14.8 C  BC 874
 12 54 54.8165 -04 37 35.428   17   15 2453464.55600995 14.8 C  BC 874
 12 54 54.7746 -04 37 35.169   17   15 2453464.55726227 14.8 C  BC 874
 12 54 54.6888 -04 37 34.614   17   15 2453464.55973738 14.9 C  BC 874
 12 54 54.6503 -04 37 34.368   17   15 2453464.56096377 14.8 C  BC 874
 14 33 21.2875 -13 43 48.260   24   18 2453894.45998681 15.3 C  BC 874
 14 33 21.2335 -13 43 48.231   24   18 2453894.46323403 15.1 C  BC 874
 14 33 21.2239 -13 43 48.197   24   18 2453894.46396551 15.2 C  BC 874
 14 33 21.2111 -13 43 48.150   24   18 2453894.46468727 15.3 C  BC 874
 14 33 21.1837 -13 43 48.149   24   18 2453894.46615197 15.3 C  BC 874
 14 33 21.1744 -13 43 48.116   24   18 2453894.46688970 15.2 C  BC 874
 14 33 21.1479 -13 43 48.112   24   18 2453894.46835324 15.3 C  BC 874
 14 33 21.1366 -13 43 48.093   24   18 2453894.46909456 15.2 C  BC 874
 14 33 21.1016 -13 43 48.022   24   18 2453894.47125139 15.3 C  BC 874
 14 33 21.0915 -13 43 48.008   24   18 2453894.47198299 15.2 C  BC 874
 14 33 21.0790 -13 43 47.978   24   18 2453894.47271042 15.4 C  BC 874
 14 33 21.0625 -13 43 48.012   24   18 2453894.47344190 15.3 C  BC 874
 14 33 21.0551 -13 43 47.969   24   18 2453894.47416539 15.4 C  BC 874
 14 33 21.0424 -13 43 47.952   24   18 2453894.47489688 15.3 C  BC 874
 14 33 21.0299 -13 43 47.968   24   18 2453894.47562824 15.3 C  BC 874
 14 33 21.0158 -13 43 47.932   24   18 2453894.47635984 15.3 C  BC 874
 14 33 21.0021 -13 43 47.926   24   18 2453894.47709120 15.3 C  BC 874
 14 29 44.5275 -13 46 53.831   14   12 2453918.45419815 15.4 C  BC 874
 14 29 44.5258 -13 46 53.877   14   12 2453918.45505093 15.4 C  BC 874
 14 29 44.4837 -13 46 54.523   14   12 2453918.47199931 15.5 C  BC 874
 14 29 44.4796 -13 46 54.580   14   12 2453918.47370590 15.5 C  BC 874
 14 29 44.4785 -13 46 54.627   14   12 2453918.47454884 15.5 C  BC 874
 14 29 44.3649 -13 46 56.404   14   12 2453918.52129583 15.4 C  BC 874
 14 29 44.3586 -13 46 56.492   14   12 2453918.52384468 15.5 C  BC 874
 14 29 44.3567 -13 46 56.519   14   12 2453918.52468750 15.6 C  BC 874
 14 29 44.3484 -13 46 56.705   14   12 2453918.52891204 15.6 C  BC 874
 14 29 44.3438 -13 46 56.773   14   12 2453918.53059838 15.7 C  BC 874
 14 29 44.3415 -13 46 56.782   14   12 2453918.53145116 15.5 C  BC 874
 14 29 44.3413 -13 46 56.815   14   12 2453918.53230394 15.5 C  BC 874
 14 29 44.3357 -13 46 56.834   14   12 2453918.53314687 15.4 C  BC 874
 14 29 44.3286 -13 46 57.003   14   12 2453918.53653877 15.6 C  BC 874
 14 29 44.3266 -13 46 56.997   14   12 2453918.53738171 15.5 C  BC 874
 14 29 44.3272 -13 46 57.043   14   12 2453918.53822535 15.6 C  BC 874
 14 29 44.3235 -13 46 57.072   14   12 2453918.53907824 15.6 C  BC 874
 14 29 44.3203 -13 46 57.096   14   12 2453918.53992106 15.6 C  BC 874
 14 29 44.3176 -13 46 57.182   14   12 2453918.54161725 15.5 C  BC 874
 14 29 44.3153 -13 46 57.214   14   12 2453918.54247083 15.6 C  BC 874
 14 29 44.3144 -13 46 57.220   14   12 2453918.54332373 15.6 C  BC 874
 14 29 44.3114 -13 46 57.257   14   12 2453918.54416667 15.6 C  BC 874
 14 29 44.3092 -13 46 57.299   14   12 2453918.54500949 15.7 C  BC 874
 14 29 44.3085 -13 46 57.353   14   12 2453918.54585255 15.6 C  BC 874
 14 29 44.3026 -13 46 57.444   14   12 2453918.54840498 15.5 C  BC 874
 14 29 44.2988 -13 46 57.459   14   12 2453918.54959525 15.4 C  BC 874
 14 29 44.2971 -13 46 57.514   14   12 2453918.55078542 15.4 C  BC 874
 14 29 44.2956 -13 46 57.570   14   12 2453918.55197546 15.5 C  BC 874
 14 29 44.2920 -13 46 57.602   14   12 2453918.55317558 15.5 C  BC 874
 14 29 44.2889 -13 46 57.636   14   12 2453918.55437558 15.5 C  BC 874
 14 29 44.2861 -13 46 57.680   14   12 2453918.55556505 15.6 C  BC 874
 14 29 44.2842 -13 46 57.754   14   12 2453918.55675521 15.5 C  BC 874
 14 29 44.2814 -13 46 57.797   14   12 2453918.55795556 15.5 C  BC 874
 14 29 44.2789 -13 46 57.839   14   12 2453918.55914560 15.5 C  BC 874
 14 45 32.4473 -15 23 29.597   35   34 2453978.49562431 15.9 C  BC 874
 14 45 32.4697 -15 23 29.671   35   34 2453978.49646748 16.0 C  BC 874
 14 45 32.4978 -15 23 29.771   35   34 2453978.49731065 15.9 C  BC 874
 14 45 32.5282 -15 23 29.905   35   34 2453978.49815370 15.9 C  BC 874
 14 45 32.5518 -15 23 30.053   35   34 2453978.49900660 16.0 C  BC 874
 14 45 32.5767 -15 23 30.101   35   34 2453978.49985937 15.9 C  BC 874
 14 45 32.6029 -15 23 30.218   35   34 2453978.50066933 16.0 C  BC 874
 14 45 32.6337 -15 23 30.309   35   34 2453978.50151227 16.0 C  BC 874
 14 45 32.6537 -15 23 30.401   35   34 2453978.50235544 16.0 C  BC 874
 14 45 32.6813 -15 23 30.535   35   34 2453978.50320822 16.0 C  BC 874
 14 45 32.7096 -15 23 30.728   35   34 2453978.50406111 16.0 C  BC 874
 14 45 32.7310 -15 23 30.809   35   34 2453978.50490405 15.9 C  BC 874
 14 45 32.7640 -15 23 30.843   35   34 2453978.50574722 16.2 C  BC 874
 14 46 03.0525 -15 25 39.522    7   22 2453979.46969850 16.0 C  BC 874
 14 46 03.1326 -15 25 39.838    7   22 2453979.47223819 16.0 C  BC 874
 14 46 03.1589 -15 25 39.985    7   22 2453979.47309097 16.0 C  BC 874
 14 46 03.1864 -15 25 40.089    7   22 2453979.47393391 16.1 C  BC 874
 14 46 03.2398 -15 25 40.293    7   22 2453979.47561979 15.9 C  BC 874
 14 46 03.2656 -15 25 40.394    7   22 2453979.47647269 16.0 C  BC 874
 14 46 03.2924 -15 25 40.480    7   22 2453979.47731563 15.9 C  BC 874
 14 46 03.3184 -15 25 40.642    7   22 2453979.47815868 16.0 C  BC 874
 14 46 03.3453 -15 25 40.780    7   22 2453979.47900162 16.1 C  BC 874
 14 46 03.3711 -15 25 40.867    7   22 2453979.47984456 16.0 C  BC 874
 16 59 11.2816 -22 00 43.970   17   12 2454147.77243970 15.8 C  BC 874
 16 59 11.3154 -22 00 44.059   17   12 2454147.77335312 15.9 C  BC 874
 16 59 11.3804 -22 00 44.232   17   12 2454147.77517465 15.9 C  BC 874
 16 59 11.4498 -22 00 44.373   17   12 2454147.77697650 16.0 C  BC 874
 16 59 11.4825 -22 00 44.448   17   12 2454147.77788762 15.8 C  BC 874
 16 59 11.5177 -22 00 44.545   17   12 2454147.77879884 15.9 C  BC 874
 16 59 11.5852 -22 00 44.675   17   12 2454147.78060069 15.9 C  BC 874
 16 59 11.6151 -22 00 44.773   17   12 2454147.78150231 15.9 C  BC 874
 16 59 11.6508 -22 00 44.855   17   12 2454147.78241319 16.0 C  BC 874
 16 59 11.6845 -22 00 44.932   17   12 2454147.78332384 15.8 C  BC 874
 16 59 11.7181 -22 00 44.978   17   12 2454147.78422477 16.0 C  BC 874
 16 59 11.7818 -22 00 45.143   17   12 2454147.78602662 15.9 C  BC 874
 16 59 11.8188 -22 00 45.232   17   12 2454147.78693750 16.0 C  BC 874
 17 17 11.0344 -22 47 19.415   31   25 2454205.63885463 16.1 U  BC 874
 17 17 11.0270 -22 47 19.381   31   25 2454205.63959167 16.1 U  BC 874
 17 17 11.0258 -22 47 19.366   31   25 2454205.64031875 16.1 U  BC 874
 17 17 11.0192 -22 47 19.417   31   25 2454205.64104583 16.1 U  BC 874
 17 17 11.0177 -22 47 19.397   31   25 2454205.64177303 16.1 U  BC 874
 16 31 19.1984 -20 57 46.963   13   14 2454334.56437106 15.6 C  BC 874
 16 31 19.2268 -20 57 47.067   13   14 2454334.56692245 15.7 C  BC 874
 16 31 19.2367 -20 57 47.116   13   14 2454334.56777257 15.7 C  BC 874
 16 31 19.2451 -20 57 47.178   13   14 2454334.56862303 15.7 C  BC 874
 16 31 19.2577 -20 57 47.203   13   14 2454334.56947350 15.7 C  BC 874
 16 31 19.2656 -20 57 47.264   13   14 2454334.57032407 15.7 C  BC 874
 16 31 19.2856 -20 57 47.329   13   14 2454334.57202593 15.7 C  BC 874
 16 31 19.2934 -20 57 47.343   13   14 2454334.57287650 15.7 C  BC 874
 16 31 19.3037 -20 57 47.423   13   14 2454334.57372708 15.7 C  BC 874
 16 31 19.3142 -20 57 47.435   13   14 2454334.57457697 15.8 C  BC 874
 16 31 19.3248 -20 57 47.490   13   14 2454334.57542731 15.8 C  BC 874
 16 31 30.7950 -20 58 35.764   40   28 2454335.52081412 15.6 C  BC 874
 16 31 30.8040 -20 58 35.804   40   28 2454335.52155856 15.6 C  BC 874
 16 31 30.8119 -20 58 35.884   40   28 2454335.52229317 15.6 C  BC 874
 16 31 30.8242 -20 58 35.898   40   28 2454335.52302581 15.5 C  BC 874
 16 31 30.8437 -20 58 36.016   40   28 2454335.52448542 15.5 C  BC 874
 16 31 30.8545 -20 58 36.029   40   28 2454335.52521991 15.6 C  BC 874
 16 31 30.8878 -20 58 36.192   40   28 2454335.52814815 15.6 C  BC 874
 16 31 43.8063 -20 59 29.398   21   16 2454336.52740880 15.7 C  BC 874
 16 31 43.8282 -20 59 29.507   21   16 2454336.52910660 15.7 C  BC 874
 16 31 43.8403 -20 59 29.541   21   16 2454336.52995370 15.7 C  BC 874
 16 31 43.8478 -20 59 29.586   21   16 2454336.53080069 15.7 C  BC 874
 16 31 43.8623 -20 59 29.649   21   16 2454336.53164803 15.7 C  BC 874
 16 31 43.8703 -20 59 29.653   21   16 2454336.53250498 15.7 C  BC 874
 16 31 43.8789 -20 59 29.692   21   16 2454336.53335220 15.6 C  BC 874
 16 31 43.8930 -20 59 29.738   21   16 2454336.53419919 15.6 C  BC 874
 16 31 43.9021 -20 59 29.794   21   16 2454336.53504630 15.7 C  BC 874
 16 31 43.9258 -20 59 29.889   21   16 2454336.53674444 15.6 C  BC 874
 16 31 43.9348 -20 59 29.949   21   16 2454336.53759155 15.7 C  BC 874
 16 31 43.9477 -20 59 29.982   21   16 2454336.53843900 15.7 C  BC 874
 16 31 43.9577 -20 59 30.004   21   16 2454336.53928600 15.7 C  BC 874
 16 31 43.9918 -20 59 30.119   21   16 2454336.54181736 15.7 C  BC 874
 16 31 44.0015 -20 59 30.205   21   16 2454336.54266458 15.7 C  BC 874
 16 31 56.9127 -21 00 22.466    7   10 2454337.47952384 15.7 C  BC 874
 16 31 56.9477 -21 00 22.599    7   10 2454337.48205556 15.6 C  BC 874
 16 31 56.9701 -21 00 22.699    7   10 2454337.48375058 15.6 C  BC 874
 16 31 56.9814 -21 00 22.736    7   10 2454337.48460775 15.6 C  BC 874
 16 31 56.9931 -21 00 22.771    7   10 2454337.48544780 15.7 C  BC 874
 16 31 57.0050 -21 00 22.838    7   10 2454337.48629514 15.7 C  BC 874
 16 31 57.0165 -21 00 22.871    7   10 2454337.48714248 15.6 C  BC 874
 16 31 57.0270 -21 00 22.939    7   10 2454337.48798970 15.7 C  BC 874
 16 31 57.0380 -21 00 22.971    7   10 2454337.48883727 15.6 C  BC 874
 16 31 57.0499 -21 00 23.021    7   10 2454337.48968634 15.6 C  BC 874
 16 31 57.0610 -21 00 23.046    7   10 2454337.49052292 15.7 C  BC 874
 16 31 57.0729 -21 00 23.094    7   10 2454337.49137037 15.6 C  BC 874
 16 31 57.0848 -21 00 23.158    7   10 2454337.49221794 15.6 C  BC 874
 16 31 57.0956 -21 00 23.190    7   10 2454337.49306123 15.6 C  BC 874
 16 31 57.1079 -21 00 23.237    7   10 2454337.49390857 15.7 C  BC 874
 16 31 57.1198 -21 00 23.308    7   10 2454337.49474745 15.7 C  BC 874
 16 38 45.8180 -21 24 19.647   42   36 2454356.46089236 14.5 C  BC 874
 16 38 45.9631 -21 24 20.062   42   36 2454356.46589572 14.5 C  BC 874
 16 38 46.0814 -21 24 20.409   42   36 2454356.47014931 14.5 C  BC 874
 16 38 46.1248 -21 24 20.592   42   36 2454356.47173380 14.6 C  BC 874
 16 38 46.2204 -21 24 20.882   42   36 2454356.47505787 14.6 C  BC 874
 16 38 46.2813 -21 24 21.149   42   36 2454356.47737500 14.6 C  BC 874
 16 38 46.3146 -21 24 21.167   42   36 2454356.47857211 14.6 C  BC 874
 16 38 46.4236 -21 24 21.464   42   36 2454356.48215532 14.6 C  BC 874
 16 38 46.4510 -21 24 21.610   42   36 2454356.48336250 14.6 C  BC 874
 16 38 46.4928 -21 24 21.796   42   36 2454356.48455949 14.6 C  BC 874
 16 38 46.5230 -21 24 21.895   42   36 2454356.48575799 14.5 C  BC 874
 16 38 46.5551 -21 24 21.944   42   36 2454356.48695498 14.6 C  BC 874
 16 38 46.5883 -21 24 22.088   42   36 2454356.48815324 14.6 C  BC 874
 16 38 46.6236 -21 24 22.185   42   36 2454356.48935035 14.5 C  BC 874
 16 38 46.6570 -21 24 22.294   42   36 2454356.49054826 14.6 C  BC 874
 16 38 46.6948 -21 24 22.362   42   36 2454356.49174525 14.6 C  BC 874
 16 38 46.7237 -21 24 22.530   42   36 2454356.49293310 14.5 C  BC 874
 19 30 42.5019 -21 21 13.724    8   13 2454574.72409282 15.7 R  BC 874
 19 30 42.5192 -21 21 13.656    8   13 2454574.72551458 15.7 R  BC 874
 19 30 42.5508 -21 21 13.593    8   13 2454574.72835810 15.7 R  BC 874
 19 30 42.5655 -21 21 13.568    8   13 2454574.72977986 15.7 R  BC 874
 19 30 42.5982 -21 21 13.508    8   13 2454574.73263322 15.7 R  BC 874
 19 30 42.6293 -21 21 13.455    8   13 2454574.73547708 15.6 R  BC 874
 19 30 42.6448 -21 21 13.406    8   13 2454574.73689884 15.6 R  BC 874
 19 30 07.5168 -21 33 00.418   18   23 2454610.74403218 15.4 I  BC 874
 19 30 07.4784 -21 33 00.609   18   23 2454610.74697361 15.3 I  BC 874
 19 30 07.4596 -21 33 00.713   18   23 2454610.74817095 15.3 I  BC 874
 19 30 07.4444 -21 33 00.754   18   23 2454610.74936840 15.4 I  BC 874
 19 30 07.4278 -21 33 00.842   18   23 2454610.75056597 15.3 I  BC 874
 19 30 07.3780 -21 33 01.109   18   23 2454610.75416840 15.5 I  BC 874
 19 30 07.3578 -21 33 01.161   18   23 2454610.75536609 15.4 I  BC 874
 19 30 07.3243 -21 33 01.340   18   23 2454610.75776192 15.4 I  BC 874
 19 30 07.3087 -21 33 01.360   18   23 2454610.75894931 15.5 I  BC 874
 19 30 07.2919 -21 33 01.506   18   23 2454610.76014711 15.4 I  BC 874
 19 30 07.2750 -21 33 01.528   18   23 2454610.76133484 15.3 I  BC 874
 19 30 07.2567 -21 33 01.604   18   23 2454610.76253218 15.4 I  BC 874
 19 30 07.2416 -21 33 01.705   18   23 2454610.76371944 15.4 I  BC 874
 19 30 07.2243 -21 33 01.789   18   23 2454610.76491690 15.4 I  BC 874
 19 30 07.2091 -21 33 01.875   18   23 2454610.76611470 15.4 I  BC 874
 19 30 07.1915 -21 33 01.909   18   23 2454610.76731192 15.3 I  BC 874
 19 30 07.1581 -21 33 02.077   18   23 2454610.76969757 15.3 I  BC 874
 19 30 07.1430 -21 33 02.157   18   23 2454610.77089514 15.5 I  BC 874
 19 30 07.1241 -21 33 02.216   18   23 2454610.77209236 15.4 I  BC 874
 19 30 07.1101 -21 33 02.315   18   23 2454610.77329005 15.4 I  BC 874
 19 30 07.0922 -21 33 02.384   18   23 2454610.77448785 15.3 I  BC 874
 19 30 07.0739 -21 33 02.406   18   23 2454610.77567558 15.4 I  BC 874
 19 30 07.0562 -21 33 02.531   18   23 2454610.77687292 15.4 I  BC 874
 19 30 07.0048 -21 33 02.728   18   23 2454610.78045544 15.4 I  BC 874
 19 30 06.9733 -21 33 02.889   18   23 2454610.78286019 15.3 I  BC 874
 19 30 06.9556 -21 33 02.927   18   23 2454610.78405787 15.4 I  BC 874
 19 30 06.9386 -21 33 03.029   18   23 2454610.78525521 15.4 I  BC 874
 19 30 06.9221 -21 33 03.088   18   23 2454610.78645301 15.4 I  BC 874
 19 29 39.1365 -21 35 12.810   13   19 2454612.79442951 15.3 I  BC 874
 19 29 39.1150 -21 35 12.902   13   19 2454612.79584954 15.4 I  BC 874
 19 29 39.1032 -21 35 12.955   13   19 2454612.79658438 15.3 I  BC 874
 19 29 39.0919 -21 35 12.967   13   19 2454612.79731875 15.3 I  BC 874
 19 29 39.0808 -21 35 13.041   13   19 2454612.79805093 15.3 I  BC 874
 19 29 39.0679 -21 35 13.100   13   19 2454612.79877627 15.3 I  BC 874
 19 29 39.0570 -21 35 13.128   13   19 2454612.79951065 15.2 I  BC 874
 19 29 39.0460 -21 35 13.209   13   19 2454612.80023565 15.3 I  BC 874
 19 29 39.0363 -21 35 13.231   13   19 2454612.80097002 15.3 I  BC 874
 19 29 39.0249 -21 35 13.267   13   19 2454612.80170706 15.3 I  BC 874
 19 29 39.0124 -21 35 13.337   13   19 2454612.80244190 15.3 I  BC 874
 19 29 39.0016 -21 35 13.394   13   19 2454612.80317731 15.3 I  BC 874
 19 29 38.9913 -21 35 13.443   13   19 2454612.80390278 15.3 I  BC 874
 19 29 38.9800 -21 35 13.508   13   19 2454612.80463900 15.3 I  BC 874
 19 29 38.9692 -21 35 13.505   13   19 2454612.80537361 15.3 I  BC 874
 19 29 38.9564 -21 35 13.557   13   19 2454612.80611088 15.3 I  BC 874
 19 29 38.9454 -21 35 13.611   13   19 2454612.80684549 15.3 I  BC 874
 19 29 38.9349 -21 35 13.698   13   19 2454612.80758021 15.3 I  BC 874
 19 29 38.9220 -21 35 13.752   13   19 2454612.80831632 15.3 I  BC 874
 19 29 38.9110 -21 35 13.729   13   19 2454612.80905174 15.2 I  BC 874
 19 29 38.9026 -21 35 13.776   13   19 2454612.80978576 15.3 I  BC 874
 19 29 38.8887 -21 35 13.881   13   19 2454612.81052025 15.3 I  BC 874
 19 29 38.8794 -21 35 13.902   13   19 2454612.81125463 15.3 I  BC 874
 19 29 38.8663 -21 35 13.958   13   19 2454612.81199028 15.3 I  BC 874
 19 29 38.8559 -21 35 14.011   13   19 2454612.81272512 15.3 I  BC 874
 19 29 38.8464 -21 35 14.045   13   19 2454612.81346019 15.2 I  BC 874
 18 59 21.2915 -23 24 39.580    5   16 2454690.46375671 15.4 I  BC 874
 18 59 21.2359 -23 24 39.741    5   16 2454690.46731736 15.4 I  BC 874
 18 59 21.2108 -23 24 39.836    5   16 2454690.46892766 15.4 I  BC 874
 18 59 21.1928 -23 24 39.888    5   16 2454690.47011794 15.4 I  BC 874
 18 59 21.1543 -23 24 39.971    5   16 2454690.47250891 15.4 I  BC 874
 18 59 21.1363 -23 24 40.046    5   16 2454690.47370914 15.4 I  BC 874
 18 59 20.2343 -23 24 42.771    5   16 2454690.53115417 15.5 I  BC 874
 18 59 20.2152 -23 24 42.793    5   16 2454690.53235440 15.4 I  BC 874
 18 59 20.1782 -23 24 42.933    5   16 2454690.53473484 15.4 I  BC 874
 18 58 11.1371 -23 28 33.015   12   18 2454729.47887488 16.1 I  BC 874
 18 58 11.1468 -23 28 32.995   12   18 2454729.47983079 16.1 I  BC 874
 18 58 11.1584 -23 28 32.945   12   18 2454729.48080127 16.1 I  BC 874
 18 58 11.1935 -23 28 32.851   12   18 2454729.48405139 16.0 I  BC 874
 18 58 11.2050 -23 28 32.789   12   18 2454729.48524676 16.0 I  BC 874
 18 58 11.2191 -23 28 32.725   12   18 2454729.48644699 16.0 I  BC 874
 18 58 11.2330 -23 28 32.672   12   18 2454729.48764502 15.9 I  BC 874
 18 58 11.2443 -23 28 32.643   12   18 2454729.48884248 16.0 I  BC 874
 18 58 11.3159 -23 28 32.427   12   18 2454729.49541725 15.9 I  BC 874
 18 58 11.3281 -23 28 32.373   12   18 2454729.49661574 16.0 I  BC 874
 18 58 11.3467 -23 28 32.293   12   18 2454729.49831227 15.9 I  BC 874
 18 58 11.3602 -23 28 32.274   12   18 2454729.49950961 16.0 I  BC 874
 18 58 11.3751 -23 28 32.240   12   18 2454729.50071539 15.9 I  BC 874
 18 58 11.3863 -23 28 32.172   12   18 2454729.50190255 15.9 I  BC 874
 18 58 11.3988 -23 28 32.107   12   18 2454729.50310012 15.9 I  BC 874
 18 58 11.4137 -23 28 32.067   12   18 2454729.50430752 15.9 I  BC 874
 18 58 11.4268 -23 28 32.066   12   18 2454729.50550509 16.0 I  BC 874
 18 58 11.4371 -23 28 31.977   12   18 2454729.50669502 15.9 I  BC 874
 18 58 11.4523 -23 28 31.953   12   18 2454729.50789259 15.9 I  BC 874
 18 58 11.4655 -23 28 31.905   12   18 2454729.50909537 15.9 I  BC 874
 18 58 11.5485 -23 28 31.619   12   18 2454729.51679884 15.8 I  BC 874
 18 58 11.5673 -23 28 31.569   12   18 2454729.51857465 15.8 I  BC 874
 18 58 11.6050 -23 28 31.455   12   18 2454729.52212685 15.8 I  BC 874
 18 58 11.6259 -23 28 31.385   12   18 2454729.52389259 15.8 I  BC 874
 18 58 11.6832 -23 28 31.193   12   18 2454729.52922338 15.8 I  BC 874
 18 58 11.7034 -23 28 31.091   12   18 2454729.53100197 15.8 I  BC 874
 18 58 11.7226 -23 28 31.053   12   18 2454729.53277824 15.9 I  BC 874
 18 58 12.2430 -23 28 29.298   12   18 2454729.57979363 15.8 I  BC 874
 18 58 12.2842 -23 28 29.157   12   18 2454729.58334537 15.8 I  BC 874
 18 58 12.3031 -23 28 29.090   12   18 2454729.58512245 15.8 I  BC 874
 18 58 12.3245 -23 28 29.005   12   18 2454729.58689815 15.7 I  BC 874
 21 54 27.3401 -13 35 50.695   14    7 2455030.75558275 15.2 I  BC 874
 21 54 27.3087 -13 35 50.779   14    7 2455030.75666736 15.2 I  BC 874
 21 54 27.2818 -13 35 50.887   14    7 2455030.75774896 15.3 I  BC 874
 21 54 27.1964 -13 35 51.201   14    7 2455030.76100475 15.1 I  BC 874
 21 54 27.1674 -13 35 51.296   14    7 2455030.76207662 15.2 I  BC 874
 21 54 27.1107 -13 35 51.513   14    7 2455030.76424028 15.2 I  BC 874
 21 54 27.0556 -13 35 51.701   14    7 2455030.76640394 15.2 I  BC 874
 21 54 27.0269 -13 35 51.818   14    7 2455030.76748519 15.2 I  BC 874
 21 54 26.9702 -13 35 52.014   14    7 2455030.76963877 15.1 I  BC 874
 21 54 26.9414 -13 35 52.112   14    7 2455030.77071042 15.2 I  BC 874
 21 54 26.9156 -13 35 52.213   14    7 2455030.77179178 15.2 I  BC 874
 21 54 26.8865 -13 35 52.327   14    7 2455030.77288356 15.2 I  BC 874
 21 54 26.8304 -13 35 52.521   14    7 2455030.77504745 15.1 I  BC 874
 00 09 28.4661 -00 16 46.420   11   20 2455382.82018519 15.6 R  BC 874
 00 09 28.4721 -00 16 46.389   11   20 2455382.82067130 15.6 R  BC 874
 00 09 28.4750 -00 16 46.400   11   20 2455382.82115741 15.7 R  BC 874
 00 09 28.4841 -00 16 46.394   11   20 2455382.82212963 15.7 R  BC 874
 00 09 28.4903 -00 16 46.361   11   20 2455382.82261574 15.6 R  BC 874
 00 09 28.4957 -00 16 46.366   11   20 2455382.82310185 15.6 R  BC 874
 00 09 28.4982 -00 16 46.342   11   20 2455382.82358796 15.5 R  BC 874
 00 09 28.5091 -00 16 46.386   11   20 2455382.82454861 15.7 R  BC 874
 00 09 28.5127 -00 16 46.320   11   20 2455382.82503472 15.7 R  BC 874
 00 09 28.5187 -00 16 46.325   11   20 2455382.82552083 15.7 R  BC 874
 00 09 28.5239 -00 16 46.336   11   20 2455382.82600694 15.7 R  BC 874
 00 09 28.5330 -00 16 46.306   11   20 2455382.82697917 15.6 R  BC 874
 00 09 28.5370 -00 16 46.338   11   20 2455382.82746528 15.8 R  BC 874
 00 09 28.5418 -00 16 46.276   11   20 2455382.82795139 15.6 R  BC 874
 00 09 28.5465 -00 16 46.277   11   20 2455382.82843750 15.5 R  BC 874
 00 09 28.5516 -00 16 46.276   11   20 2455382.82892361 15.7 R  BC 874
 00 09 28.5603 -00 16 46.257   11   20 2455382.82989583 15.4 R  BC 874
 00 09 28.5662 -00 16 46.296   11   20 2455382.83038194 15.5 R  BC 874
 00 09 28.5699 -00 16 46.300   11   20 2455382.83085648 15.7 R  BC 874
 00 09 28.5734 -00 16 46.263   11   20 2455382.83134259 15.6 R  BC 874
 00 09 28.5790 -00 16 46.248   11   20 2455382.83182870 15.6 R  BC 874
 00 09 28.5846 -00 16 46.253   11   20 2455382.83231481 15.9 R  BC 874
 00 09 28.5893 -00 16 46.287   11   20 2455382.83280093 15.6 R  BC 874
 00 09 28.5976 -00 16 46.242   11   20 2455382.83377315 15.8 R  BC 874
 00 09 28.6021 -00 16 46.219   11   20 2455382.83425926 15.8 R  BC 874
 00 09 38.8817 -00 16 37.142   30   23 2455383.84916667 15.4 C  BC 874
 00 09 38.8932 -00 16 37.147   30   23 2455383.85052083 15.4 C  BC 874
 00 09 38.9036 -00 16 37.161   30   23 2455383.85197917 15.4 C  BC 874
 00 09 38.9143 -00 16 37.182   30   23 2455383.85246528 15.5 C  BC 874
 00 09 38.9161 -00 16 37.178   30   23 2455383.85295139 15.5 C  BC 874
 00 09 38.9216 -00 16 37.141   30   23 2455383.85343750 15.5 C  BC 874
 00 09 38.9226 -00 16 37.129   30   23 2455383.85393519 15.3 C  BC 874
 00 09 38.9294 -00 16 37.115   30   23 2455383.85442130 15.3 C  BC 874
 00 09 48.3830 -00 16 32.852   21   16 2455384.84953704 15.4 C  BC 874
 00 09 48.4010 -00 16 32.850   21   16 2455384.85131944 15.5 C  BC 874
 00 09 48.4003 -00 16 32.890   21   16 2455384.85157407 15.5 C  BC 874
 00 09 48.4037 -00 16 32.867   21   16 2455384.85182870 15.4 C  BC 874
 00 09 48.4104 -00 16 32.853   21   16 2455384.85233796 15.4 C  BC 874
 00 09 48.4120 -00 16 32.846   21   16 2455384.85261574 15.4 C  BC 874
 00 09 48.4126 -00 16 32.877   21   16 2455384.85285880 15.5 C  BC 874
 00 09 48.4157 -00 16 32.874   21   16 2455384.85311343 15.4 C  BC 874
 02 35 26.0609 +14 14 23.399   32   41 2455807.84625000 15.6 I  BC 874
 02 35 26.0584 +14 14 23.492   32   41 2455807.84839120 15.6 I  BC 874
 02 35 26.0518 +14 14 23.397   32   41 2455807.85052083 15.2 I  BC 874
 02 35 26.0439 +14 14 23.418   32   41 2455807.85265046 15.5 I  BC 874
 02 35 26.0445 +14 14 23.417   32   41 2455807.85478009 15.4 I  BC 874
 02 35 24.2323 +14 14 25.044   16   28 2455808.77120370 15.5 I  BC 874
 02 35 24.2272 +14 14 25.010   16   28 2455808.77239583 14.9 I  BC 874
 02 35 24.2184 +14 14 25.038   16   28 2455808.77479167 15.4 I  BC 874
 02 35 24.2092 +14 14 25.054   16   28 2455808.77836806 15.5 I  BC 874
 02 35 24.2066 +14 14 25.008   16   28 2455808.77956019 15.5 I  BC 874
 02 35 24.2012 +14 14 25.041   16   28 2455808.78076389 15.4 I  BC 874
 02 35 24.1949 +14 14 25.009   16   28 2455808.78195602 15.4 I  BC 874
 02 35 24.1906 +14 14 25.061   16   28 2455808.78434028 15.4 I  BC 874
 02 35 24.1822 +14 14 25.060   16   28 2455808.78673611 15.4 I  BC 874
 02 35 24.1643 +14 14 25.074   16   28 2455808.79151620 15.4 I  BC 874
 02 35 24.1541 +14 14 25.003   16   28 2455808.79489583 15.4 I  BC 874
 02 35 24.1491 +14 14 25.070   16   28 2455808.79608796 15.5 I  BC 874
 02 35 24.1431 +14 14 25.005   16   28 2455808.79848380 15.4 I  BC 874
 02 35 24.1388 +14 14 25.016   16   28 2455808.79967593 15.4 I  BC 874
 02 35 24.1340 +14 14 25.057   16   28 2455808.80086806 15.4 I  BC 874
 02 35 24.1289 +14 14 24.983   16   28 2455808.80206019 15.3 I  BC 874
 02 35 24.1254 +14 14 25.059   16   28 2455808.80326389 15.4 I  BC 874
 02 35 24.1227 +14 14 24.994   16   28 2455808.80445602 15.3 I  BC 874
 02 35 24.1192 +14 14 25.007   16   28 2455808.80564815 15.4 I  BC 874
 02 35 24.1143 +14 14 24.968   16   28 2455808.80685185 15.4 I  BC 874
 02 35 24.1103 +14 14 25.045   16   28 2455808.80804398 15.4 I  BC 874
 02 35 24.1089 +14 14 25.043   16   28 2455808.80923611 15.4 I  BC 874
 02 35 24.1036 +14 14 25.008   16   28 2455808.81042824 15.4 I  BC 874
 02 35 24.1005 +14 14 24.991   16   28 2455808.81163194 15.4 I  BC 874
 02 35 24.0959 +14 14 25.029   16   28 2455808.81282407 15.4 I  BC 874
 02 35 24.0872 +14 14 25.021   16   28 2455808.81520833 15.4 I  BC 874
 02 35 24.0833 +14 14 25.014   16   28 2455808.81641204 15.4 I  BC 874
 02 35 24.0815 +14 14 24.996   16   28 2455808.81760417 15.4 I  BC 874
 02 35 24.0766 +14 14 25.022   16   28 2455808.81879630 15.4 I  BC 874
 02 35 24.0724 +14 14 25.016   16   28 2455808.81998843 15.4 I  BC 874
 02 35 24.0680 +14 14 24.965   16   28 2455808.82119213 15.4 I  BC 874
 02 35 24.0601 +14 14 25.031   16   28 2455808.82357639 15.4 I  BC 874
 02 35 24.0578 +14 14 25.036   16   28 2455808.82476852 15.4 I  BC 874
 02 35 24.0521 +14 14 24.971   16   28 2455808.82596065 15.4 I  BC 874
 02 35 24.0486 +14 14 24.985   16   28 2455808.82715278 15.4 I  BC 874
 02 35 24.0449 +14 14 24.945   16   28 2455808.82835648 15.3 I  BC 874
 02 35 24.0421 +14 14 24.985   16   28 2455808.82954861 15.4 I  BC 874
 02 35 24.0295 +14 14 25.025   16   28 2455808.83261574 14.9 I  BC 874
 02 35 24.0257 +14 14 24.971   16   28 2455808.83380787 15.4 I  BC 874
 02 35 24.0215 +14 14 24.997   16   28 2455808.83500000 15.3 I  BC 874
 02 35 24.0145 +14 14 25.004   16   28 2455808.83739583 15.3 I  BC 874
 02 35 24.0115 +14 14 24.961   16   28 2455808.83858796 15.4 I  BC 874
 02 35 24.0026 +14 14 24.994   16   28 2455808.84098380 15.4 I  BC 874
 02 35 23.9975 +14 14 24.965   16   28 2455808.84336806 15.4 I  BC 874
 02 35 23.9860 +14 14 24.957   16   28 2455808.84576389 15.4 I  BC 874
 02 35 23.9842 +14 14 24.955   16   28 2455808.84695602 15.3 I  BC 874
 02 35 23.9811 +14 14 24.922   16   28 2455808.84815972 15.6 I  BC 874
 02 35 23.9753 +14 14 24.905   16   28 2455808.84935185 15.4 I  BC 874
 02 35 23.9721 +14 14 24.959   16   28 2455808.85054398 15.4 I  BC 874
 02 35 23.9676 +14 14 24.925   16   28 2455808.85174769 15.5 I  BC 874
 02 35 23.9616 +14 14 24.886   16   28 2455808.85413194 15.3 I  BC 874
 04 56 53.0667 +21 25 56.951   27   18 2456186.78288943 15.3 un BC 874
 04 56 53.0755 +21 25 56.926   27   18 2456186.78365153 15.4 un BC 874
 04 56 53.0788 +21 25 56.923   27   18 2456186.78441362 15.4 un BC 874
 04 56 53.0852 +21 25 56.921   27   18 2456186.78517572 15.3 un BC 874
 04 56 53.0980 +21 25 56.915   27   18 2456186.78593800 15.3 un BC 874
 04 56 53.1026 +21 25 56.887   27   18 2456186.78670028 15.4 un BC 874
 04 56 53.1129 +21 25 56.918   27   18 2456186.78746273 15.3 un BC 874
 04 56 53.1204 +21 25 56.918   27   18 2456186.78822573 15.4 un BC 874
 04 56 53.1284 +21 25 56.848   27   18 2456186.78898854 15.4 un BC 874
 04 56 53.1381 +21 25 56.881   27   18 2456186.78975082 15.4 un BC 874
 04 56 53.1412 +21 25 56.857   27   18 2456186.79051256 15.4 un BC 874
 04 56 53.1494 +21 25 56.874   27   18 2456186.79127483 15.4 un BC 874
 04 56 53.1593 +21 25 56.825   27   18 2456186.79203692 15.4 un BC 874
 04 56 53.1660 +21 25 56.817   27   18 2456186.79279920 15.4 un BC 874
 04 56 53.1729 +21 25 56.820   27   18 2456186.79356220 15.3 un BC 874
 04 56 53.1819 +21 25 56.848   27   18 2456186.79432520 15.3 un BC 874
 04 56 53.1921 +21 25 56.828   27   18 2456186.79508765 15.4 un BC 874
 04 56 53.1949 +21 25 56.786   27   18 2456186.79585010 15.4 un BC 874
 04 56 53.2041 +21 25 56.782   27   18 2456186.79661237 15.4 un BC 874
 04 56 53.2132 +21 25 56.782   27   18 2456186.79737465 15.3 un BC 874
 04 57 03.9399 +21 25 43.406   28   22 2456187.80746902 15.3 un BC 874
 04 57 03.9408 +21 25 43.373   28   22 2456187.80799963 15.4 un BC 874
 04 57 03.9481 +21 25 43.357   28   22 2456187.80853024 15.3 un BC 874
 04 57 03.9483 +21 25 43.372   28   22 2456187.80906122 15.4 un BC 874
 04 57 03.9541 +21 25 43.330   28   22 2456187.80959200 15.3 un BC 874
 04 57 03.9629 +21 25 43.378   28   22 2456187.81012369 15.3 un BC 874
 04 57 03.9639 +21 25 43.327   28   22 2456187.81065466 15.3 un BC 874
 04 57 03.9744 +21 25 43.289   28   22 2456187.81171606 15.4 un BC 874
 04 57 03.9814 +21 25 43.305   28   22 2456187.81224685 15.3 un BC 874
 04 57 03.9885 +21 25 43.280   28   22 2456187.81277747 15.4 un BC 874
 04 57 03.9953 +21 25 43.278   28   22 2456187.81383904 15.3 un BC 874
 04 57 04.0023 +21 25 43.254   28   22 2456187.81437020 15.4 un BC 874
 04 57 04.0041 +21 25 43.275   28   22 2456187.81490080 15.4 un BC 874
 04 57 04.0124 +21 25 43.258   28   22 2456187.81543159 15.4 un BC 874
 04 57 04.0189 +21 25 43.277   28   22 2456187.81596220 15.4 un BC 874
 04 57 04.0190 +21 25 43.225   28   22 2456187.81649280 15.4 un BC 874
 04 57 04.0267 +21 25 43.281   28   22 2456187.81702341 15.4 un BC 874
 04 57 04.0320 +21 25 43.250   28   22 2456187.81755475 15.3 un BC 874
 04 57 13.4651 +21 25 29.923   27   47 2456188.77394646 15.4 un BC 874
 04 57 13.4634 +21 25 29.810   27   47 2456188.77436169 15.4 un BC 874
 04 57 13.4691 +21 25 29.868   27   47 2456188.77477728 15.3 un BC 874
 04 57 13.4742 +21 25 29.808   27   47 2456188.77519251 15.3 un BC 874
 04 57 13.4759 +21 25 29.820   27   47 2456188.77560810 15.4 un BC 874
 04 57 13.4828 +21 25 29.898   27   47 2456188.77602387 15.3 un BC 874
 04 57 13.4849 +21 25 29.812   27   47 2456188.77643964 15.4 un BC 874
 04 57 13.4887 +21 25 29.792   27   47 2456188.77685505 15.3 un BC 874
 04 57 13.4908 +21 25 29.803   27   47 2456188.77727064 15.4 un BC 874
 04 57 13.4963 +21 25 29.791   27   47 2456188.77768550 15.3 un BC 874
 04 57 13.5021 +21 25 29.766   27   47 2456188.77810109 15.3 un BC 874
 04 57 13.5030 +21 25 29.867   27   47 2456188.77851632 15.3 un BC 874
 04 57 13.5076 +21 25 29.786   27   47 2456188.77893155 15.3 un BC 874
 04 57 13.5133 +21 25 29.772   27   47 2456188.77934660 15.3 un BC 874
 04 57 13.5113 +21 25 29.850   27   47 2456188.77976236 15.4 un BC 874
 04 57 13.5148 +21 25 29.732   27   47 2456188.78017850 15.4 un BC 874
 04 57 13.5178 +21 25 29.810   27   47 2456188.78059373 15.3 un BC 874
 04 57 13.5273 +21 25 29.691   27   47 2456188.78142418 15.3 un BC 874
 04 57 13.5327 +21 25 29.833   27   47 2456188.78183940 15.4 un BC 874
 04 57 22.4394 +21 25 15.371   20   12 2456189.76593168 15.4 un BC 874
 04 57 22.4428 +21 25 15.379   20   12 2456189.76669449 15.4 un BC 874
 04 57 22.4516 +21 25 15.360   20   12 2456189.76745767 15.5 un BC 874
 04 57 22.4555 +21 25 15.340   20   12 2456189.76821977 15.5 un BC 874
 04 57 22.4598 +21 25 15.340   20   12 2456189.76898241 15.4 un BC 874
 04 57 22.4656 +21 25 15.315   20   12 2456189.76974486 15.4 un BC 874
 04 57 22.4710 +21 25 15.301   20   12 2456189.77050733 15.5 un BC 874
 04 57 22.4791 +21 25 15.298   20   12 2456189.77126959 15.4 un BC 874
 04 57 22.4863 +21 25 15.292   20   12 2456189.77203223 15.5 un BC 874
 04 57 22.4907 +21 25 15.262   20   12 2456189.77279469 15.4 un BC 874
 04 57 22.4953 +21 25 15.274   20   12 2456189.77355678 15.4 un BC 874
 04 57 22.5038 +21 25 15.267   20   12 2456189.77431851 15.5 un BC 874
 04 57 22.5158 +21 25 15.234   20   12 2456189.77584360 15.5 un BC 874
 04 57 22.5200 +21 25 15.242   20   12 2456189.77660588 15.5 un BC 874
 04 57 22.5271 +21 25 15.244   20   12 2456189.77736852 15.4 un BC 874
 04 57 22.5344 +21 25 15.191   20   12 2456189.77813116 15.4 un BC 874
 04 57 22.5400 +21 25 15.181   20   12 2456189.77889433 15.4 un BC 874
 04 57 22.5435 +21 25 15.197   20   12 2456189.77965751 15.5 un BC 874
 04 55 40.6199 +21 15 27.202   69   48 2456219.67893587 15.2 un BC 874
 04 55 40.6014 +21 15 27.054   69   48 2456219.68068067 15.3 un BC 874
 04 55 40.5781 +21 15 27.102   69   48 2456219.68143228 15.1 un BC 874
 04 55 40.5703 +21 15 27.052   69   48 2456219.68218388 14.1 un BC 874
 04 55 40.5634 +21 15 27.059   69   48 2456219.68293566 14.1 un BC 874
 04 55 40.5387 +21 15 27.157   69   48 2456219.68368744 15.4 un BC 874
 04 55 40.5423 +21 15 27.075   69   48 2456219.68443922 14.8 un BC 874
 04 55 40.5209 +21 15 27.040   69   48 2456219.68519101 15.5 un BC 874
 04 55 40.5189 +21 15 27.030   69   48 2456219.68594279 15.4 un BC 874
 04 55 40.4941 +21 15 26.992   69   48 2456219.68669439 14.5 un BC 874
 04 55 40.4935 +21 15 26.944   69   48 2456219.68744617 14.4 un BC 874
 04 55 40.4354 +21 15 27.029   69   48 2456219.69103236 14.5 un BC 874
 04 55 40.4268 +21 15 27.002   69   48 2456219.69178397 14.1 un BC 874
 04 55 40.3612 +21 15 26.889   69   48 2456219.69554270 15.1 un BC 874
 04 55 40.3548 +21 15 26.781   69   48 2456219.69629375 15.2 un BC 874
 04 55 39.9918 +21 15 26.472   69   48 2456219.71870633 15.1 un BC 874
 04 55 39.9813 +21 15 26.446   69   48 2456219.71945811 15.2 un BC 874
 04 55 39.9634 +21 15 26.419   69   48 2456219.72020917 15.4 un BC 874
 04 55 39.9540 +21 15 26.413   69   48 2456219.72096095 15.2 un BC 874
 04 55 39.9414 +21 15 26.314   69   48 2456219.72171273 15.2 un BC 874
 04 55 39.9350 +21 15 26.310   69   48 2456219.72246451 15.2 un BC 874
 04 55 39.9183 +21 15 26.284   69   48 2456219.72321611 15.3 un BC 874
 04 55 39.9041 +21 15 26.313   69   48 2456219.72396771 15.2 un BC 874
 04 55 39.8944 +21 15 26.276   69   48 2456219.72471968 15.3 un BC 874
 04 55 39.8790 +21 15 26.240   69   48 2456219.72547127 15.1 un BC 874
 07 22 42.5636 +22 24 37.491   27   11 2456571.79947713 15.8 I  BC 874
 07 22 42.6347 +22 24 37.398   27   11 2456571.80182287 15.8 I  BC 874
 07 22 42.6572 +22 24 37.374   27   11 2456571.80257476 15.8 I  BC 874
 07 22 42.6813 +22 24 37.359   27   11 2456571.80332682 15.7 I  BC 874
 07 22 42.7258 +22 24 37.288   27   11 2456571.80483066 15.9 I  BC 874
 07 22 42.7735 +22 24 37.202   27   11 2456571.80633483 15.9 I  BC 874
 07 22 42.7923 +22 24 37.180   27   11 2456571.80708671 15.9 I  BC 874
 07 22 42.8374 +22 24 37.115   27   11 2456571.80859056 15.9 I  BC 874
 07 22 42.8601 +22 24 37.106   27   11 2456571.80934255 15.9 I  BC 874
 07 22 42.8810 +22 24 37.064   27   11 2456571.81009446 15.9 I  BC 874
 07 22 42.9073 +22 24 37.040   27   11 2456571.81084627 15.8 I  BC 874
 07 22 42.9325 +22 24 37.000   27   11 2456571.81159791 15.8 I  BC 874
 07 22 42.9515 +22 24 36.983   27   11 2456571.81234987 15.9 I  BC 874
 07 22 42.9743 +22 24 36.937   27   11 2456571.81310148 15.9 I  BC 874
 07 22 42.9998 +22 24 36.892   27   11 2456571.81385332 15.8 I  BC 874
 07 22 43.0216 +22 24 36.885   27   11 2456571.81460501 15.9 I  BC 874
 07 22 43.0424 +22 24 36.846   27   11 2456571.81535703 15.9 I  BC 874
 07 22 43.0629 +22 24 36.804   27   11 2456571.81610894 15.9 I  BC 874
 07 22 43.1103 +22 24 36.758   27   11 2456571.81761284 16.0 I  BC 874
 07 22 43.1532 +22 24 36.697   27   11 2456571.81911682 15.9 I  BC 874
 07 22 43.1747 +22 24 36.662   27   11 2456571.81986868 15.9 I  BC 874
 07 22 43.1973 +22 24 36.622   27   11 2456571.82062059 15.9 I  BC 874
 07 22 43.2236 +22 24 36.590   27   11 2456571.82137257 15.8 I  BC 874
 07 22 43.4612 +22 24 36.246   27   11 2456571.82949188 15.9 I  BC 874
 07 22 43.4858 +22 24 36.208   27   11 2456571.83024390 15.8 I  BC 874
 07 22 43.5507 +22 24 36.136   27   11 2456571.83249975 16.0 I  BC 874
 07 22 43.6181 +22 24 36.009   27   11 2456571.83475505 15.9 I  BC 874
 07 22 43.6664 +22 24 35.945   27   11 2456571.83625898 16.3 I  BC 874
 06 48 22.4708 +22 42 08.756   14   21 2456697.48442665 15.3 I  BC 874
 06 48 22.4349 +22 42 08.799   14   21 2456697.48569856 15.2 I  BC 874
 06 48 22.3837 +22 42 08.854   14   21 2456697.48760597 15.2 I  BC 874
 06 48 22.3646 +22 42 08.843   14   21 2456697.48824183 15.1 I  BC 874
 06 48 22.3461 +22 42 08.866   14   21 2456697.48887751 15.3 I  BC 874
 06 48 22.3297 +22 42 08.884   14   21 2456697.48951338 15.2 I  BC 874
 06 48 22.3124 +22 42 08.900   14   21 2456697.49014924 15.4 I  BC 874
 06 48 22.2962 +22 42 08.968   14   21 2456697.49078510 15.2 I  BC 874
 06 48 22.2784 +22 42 08.921   14   21 2456697.49142079 15.2 I  BC 874
 06 48 22.2585 +22 42 08.949   14   21 2456697.49205647 15.2 I  BC 874
 06 48 22.2423 +22 42 09.012   14   21 2456697.49269233 15.2 I  BC 874
 06 48 22.2233 +22 42 09.011   14   21 2456697.49332801 15.2 I  BC 874
 06 48 22.2059 +22 42 09.029   14   21 2456697.49396388 15.2 I  BC 874
 06 48 22.1707 +22 42 09.071   14   21 2456697.49523542 15.2 I  BC 874
 06 48 22.1540 +22 42 09.089   14   21 2456697.49587110 15.2 I  BC 874
 06 48 22.1365 +22 42 09.066   14   21 2456697.49650697 15.1 I  BC 874
 06 48 22.1195 +22 42 09.127   14   21 2456697.49714282 15.2 I  BC 874
 06 48 22.0999 +22 42 09.124   14   21 2456697.49777869 15.1 I  BC 874
 06 48 22.0648 +22 42 09.163   14   21 2456697.49905023 15.1 I  BC 874
 06 48 22.0133 +22 42 09.232   14   21 2456697.50095782 15.2 I  BC 874
 06 48 21.9951 +22 42 09.236   14   21 2456697.50159351 15.2 I  BC 874
 06 48 21.9794 +22 42 09.206   14   21 2456697.50222936 15.2 I  BC 874
 06 48 21.9603 +22 42 09.266   14   21 2456697.50286505 15.2 I  BC 874
 06 48 21.9435 +22 42 09.280   14   21 2456697.50350091 15.2 I  BC 874
 06 48 21.9264 +22 42 09.293   14   21 2456697.50413660 15.1 I  BC 874
 06 48 21.9085 +22 42 09.283   14   21 2456697.50477245 15.1 I  BC 874
 06 48 21.8882 +22 42 09.349   14   21 2456697.50540814 15.1 I  BC 874
 06 48 21.8740 +22 42 09.350   14   21 2456697.50604400 15.2 I  BC 874
 06 48 21.8555 +22 42 09.329   14   21 2456697.50667969 15.2 I  BC 874
 06 48 21.8186 +22 42 09.433   14   21 2456697.50795141 15.2 I  BC 874
 06 48 21.7828 +22 42 09.441   14   21 2456697.50922278 15.2 I  BC 874
 06 48 21.7650 +22 42 09.430   14   21 2456697.50985863 15.1 I  BC 874
 06 48 21.7495 +22 42 09.458   14   21 2456697.51049450 15.2 I  BC 874
 06 48 21.7328 +22 42 09.508   14   21 2456697.51113036 15.2 I  BC 874
 06 48 21.7133 +22 42 09.538   14   21 2456697.51176623 15.2 I  BC 874
 06 48 21.6949 +22 42 09.553   14   21 2456697.51240191 15.2 I  BC 874
 06 48 21.6799 +22 42 09.524   14   21 2456697.51303777 15.1 I  BC 874
 06 48 21.6433 +22 42 09.555   14   21 2456697.51430932 15.2 I  BC 874
 06 48 21.6245 +22 42 09.582   14   21 2456697.51494500 15.2 I  BC 874
 06 48 21.6070 +22 42 09.646   14   21 2456697.51558068 15.2 I  BC 874
