   0.085  -0.117  183.48  120.95 1.752    796.95    787.69 25.051 24.982 99.999 17.797 17.728 99.999 99.999 99.999  0.287 99.999 99.999 99.999 99.999  99.999  99.999  99.999  99.999  0.016  0.016  0.030  0.026  0.052  0.045    4    4 99.999 99.999   99  16.727264960 -21.323825323  1 38 19.49 2007  8 18 2454330.56828113    20    Clear               pasiphae_rf_0002.fits                              Pasiphae               376   268     1   0.000   0.000
   0.157  -0.148  171.84  119.28 1.453    968.66    817.43 25.166 25.089 99.999 17.701 17.623 99.999 99.999 99.999  0.269 99.999 99.999 99.999 99.999  99.999  99.999  99.999  99.999  0.023  0.023  0.030  0.043  0.056  0.080    7    6 99.999 99.999   99  16.727274115 -21.323837708  1 46  7.05 2007  8 18 2454330.57369271    20    Clear               pasiphae_rf_0003.fits                              Pasiphae               376   268     1   0.000   0.000
   0.109  -0.150  170.14  119.19 1.476   1004.98    797.00 25.179 25.067 99.999 17.674 17.562 99.999 99.999 99.999  0.261 99.999 99.999 99.999 99.999  99.999  99.999  99.999  99.999  0.028  0.028  0.043  0.036  0.083  0.070    7    7 99.999 99.999   99  16.727273579 -21.323838387  1 46 31.90 2007  8 18 2454330.57398032    20    Clear               pasiphae_rf_0004.fits                              Pasiphae               376   268     1   0.000   0.000
   0.124  -0.132  169.48  119.03 1.372    699.05    538.74 24.714 24.803 99.999 17.603 17.692 99.999 99.999 99.999  0.329 99.999 99.999 99.999 99.999  99.999  99.999  99.999  99.999  0.029  0.029  0.033  0.042  0.062  0.079    7    6 99.999 99.999   99  16.727274300 -21.323833700  1 46 56.74 2007  8 18 2454330.57426782    20    Clear               pasiphae_rf_0005.fits                              Pasiphae               376   268     1   0.000   0.000
   0.117  -0.178  169.40  119.18 1.438   1010.08    815.47 25.224 25.132 99.999 17.713 17.621 99.999 99.999 99.999  0.275 99.999 99.999 99.999 99.999  99.999  99.999  99.999  99.999  0.026  0.026  0.035  0.041  0.064  0.077    7    6 99.999 99.999   99  16.727274456 -21.323846643  1 47 14.84 2007  8 18 2454330.57447731    20    Clear               pasiphae_rf_0006.fits                              Pasiphae               376   268     1   0.000   0.000
   0.123  -0.122  168.68  118.95 1.363   1074.53    827.17 25.165 25.360 99.999 17.587 17.782 99.999 99.999 99.999  0.395 99.999 99.999 99.999 99.999  99.999  99.999  99.999  99.999  0.020  0.020  0.044  0.035  0.085  0.068    8    7 99.999 99.999   99  16.727274981 -21.323831047  1 47 39.68 2007  8 18 2454330.57476481    20    Clear               pasiphae_rf_0007.fits                              Pasiphae               376   268     1   0.000   0.000
   0.095  -0.103  168.40  118.94 1.287   1290.94    803.32 25.376 25.595 99.999 17.599 17.817 99.999 99.999 99.999  0.478 99.999 99.999 99.999 99.999  99.999  99.999  99.999  99.999  0.024  0.025  0.054  0.022  0.094  0.039    7    5 99.999 99.999   99  16.727274837 -21.323826174  1 48  3.67 2007  8 18 2454330.57504248    20    Clear               pasiphae_rf_0008.fits                              Pasiphae               376   268     1   0.000   0.000
   0.085  -0.156  166.70  118.74 1.313   1215.48    810.41 25.291 25.441 99.999 17.579 17.730 99.999 99.999 99.999  0.396 99.999 99.999 99.999 99.999  99.999  99.999  99.999  99.999  0.025  0.025  0.038  0.039  0.074  0.075    8    7 99.999 99.999   99  16.727275026 -21.323840978  1 48 27.65 2007  8 18 2454330.57532002    20    Clear               pasiphae_rf_0009.fits                              Pasiphae               376   268     1   0.000   0.000
   0.116  -0.130  166.29  118.49 1.331   1382.96    752.17 25.386 25.519 99.999 17.534 17.667 99.999 99.999 99.999  0.458 99.999 99.999 99.999 99.999  99.999  99.999  99.999  99.999  0.027  0.027  0.039  0.046  0.076  0.090    7    6 99.999 99.999   99  16.727276030 -21.323833945  1 48 51.63 2007  8 18 2454330.57559757    20    Clear               pasiphae_rf_0010.fits                              Pasiphae               376   268     1   0.000   0.000
   0.115  -0.123  165.95  118.64 1.437    950.39    831.80 25.135 25.270 99.999 17.690 17.825 99.999 99.999 99.999  0.347 99.999 99.999 99.999 99.999  99.999  99.999  99.999  99.999  0.005  0.005  0.039  0.039  0.075  0.076    7    7 99.999 99.999   99  16.727276420 -21.323832166  1 49 15.65 2007  8 18 2454330.57587558    20    Clear               pasiphae_rf_0011.fits                              Pasiphae               376   268     1   0.000   0.000
   0.076  -0.174  164.72  118.49 1.414    997.94    808.42 25.086 25.167 99.999 17.588 17.669 99.999 99.999 99.999  0.330 99.999 99.999 99.999 99.999  99.999  99.999  99.999  99.999  0.028  0.028  0.038  0.038  0.074  0.073    8    7 99.999 99.999   99  16.727276032 -21.323846612  1 49 39.64 2007  8 18 2454330.57615324    20    Clear               pasiphae_rf_0012.fits                              Pasiphae               376   268     1   0.000   0.000
   0.121  -0.161  165.20  118.39 1.528    951.75    793.25 25.078 25.212 99.999 17.631 17.765 99.999 99.999 99.999  0.343 99.999 99.999 99.999 99.999  99.999  99.999  99.999  99.999  0.027  0.027  0.039  0.030  0.077  0.058    8    8 99.999 99.999   99  16.727277330 -21.323843145  1 50  3.63 2007  8 18 2454330.57643090    20    Clear               pasiphae_rf_0013.fits                              Pasiphae               376   268     1   0.000   0.000
   0.128  -0.174  162.86  118.44 1.582    825.72    802.17 24.966 25.063 99.999 17.674 17.771 99.999 99.999 99.999  0.309 99.999 99.999 99.999 99.999  99.999  99.999  99.999  99.999  0.019  0.019  0.039  0.034  0.076  0.066    8    7 99.999 99.999   99  16.727277876 -21.323846853  1 50 27.61 2007  8 18 2454330.57670845    20    Clear               pasiphae_rf_0014.fits                              Pasiphae               376   268     1   0.000   0.000
   0.120  -0.161  162.35  118.63 1.421    999.72    828.53 25.128 25.280 99.999 17.628 17.780 99.999 99.999 99.999  0.351 99.999 99.999 99.999 99.999  99.999  99.999  99.999  99.999  0.012  0.012  0.034  0.037  0.065  0.071    8    7 99.999 99.999   99  16.727278117 -21.323843704  1 50 51.60 2007  8 18 2454330.57698611    20    Clear               pasiphae_rf_0015.fits                              Pasiphae               376   268     1   0.000   0.000
   0.119  -0.157  161.33  118.87 1.293    968.01    872.95 25.127 25.281 99.999 17.662 17.817 99.999 99.999 99.999  0.359 99.999 99.999 99.999 99.999  99.999  99.999  99.999  99.999  0.036  0.036  0.040  0.033  0.078  0.064    8    7 99.999 99.999   99  16.727278892 -21.323842789  1 51 39.56 2007  8 18 2454330.57754120    20    Clear               pasiphae_rf_0017.fits                              Pasiphae               376   268     1   0.000   0.000
   0.121  -0.162  160.69  118.29 1.386   1076.75    792.27 25.190 25.377 99.999 17.609 17.796 99.999 99.999 99.999  0.373 99.999 99.999 99.999 99.999  99.999  99.999  99.999  99.999  0.021  0.021  0.042  0.037  0.082  0.071    8    7 99.999 99.999   99  16.727279313 -21.323844332  1 52  3.54 2007  8 18 2454330.57781875    20    Clear               pasiphae_rf_0018.fits                              Pasiphae               376   268     1   0.000   0.000
   0.159  -0.221  159.62  118.10 1.295   1190.10    786.17 25.205 25.536 99.999 17.516 17.848 99.999 99.999 99.999  0.320 99.999 99.999 99.999 99.999  99.999  99.999  99.999  99.999  0.026  0.026  0.114  0.084  0.091  0.068    7    6 99.999 99.999   99  16.727280495 -21.323860758  1 52 27.82 2007  8 18 2454330.57809977    20    Clear               pasiphae_rf_0019.fits                              Pasiphae               376   268     1   0.000   0.000
   0.141  -0.162  158.47  118.14 1.265   1289.49    848.83 25.417 25.561 99.999 17.641 17.785 99.999 99.999 99.999  0.415 99.999 99.999 99.999 99.999  99.999  99.999  99.999  99.999  0.031  0.031  0.030  0.040  0.055  0.074    9    6 99.999 99.999   99  16.727280940 -21.323844986  1 53 16.67 2007  8 18 2454330.57866516    20    Clear               pasiphae_rf_0021.fits                              Pasiphae               376   268     1   0.000   0.000
   0.117  -0.156  157.87  118.23 1.391   1073.01    826.28 25.210 25.536 99.999 17.633 17.959 99.999 99.999 99.999  0.419 99.999 99.999 99.999 99.999  99.999  99.999  99.999  99.999  0.026  0.026  0.037  0.060  0.070  0.111    6    5 99.999 99.999   99  16.727280844 -21.323843452  1 53 40.69 2007  8 18 2454330.57894317    20    Clear               pasiphae_rf_0022.fits                              Pasiphae               376   268     1   0.000   0.000
   0.134  -0.154  157.38  117.86 1.276   1108.66    863.39 25.309 25.210 99.999 17.697 17.598 99.999 99.999 99.999  0.273 99.999 99.999 99.999 99.999  99.999  99.999  99.999  99.999  0.035  0.035  0.030  0.041  0.056  0.076    7    6 99.999 99.999   99  16.727281589 -21.323843132  1 54  4.67 2007  8 18 2454330.57922072    20    Clear               pasiphae_rf_0023.fits                              Pasiphae               376   268     1   0.000   0.000
   0.112  -0.145  156.03  118.01 1.302    983.00    875.12 25.092 25.262 99.999 17.610 17.780 99.999 99.999 99.999  0.327 99.999 99.999 99.999 99.999  99.999  99.999  99.999  99.999  0.025  0.025  0.041  0.034  0.080  0.066    8    7 99.999 99.999   99  16.727281564 -21.323840877  1 54 28.65 2007  8 18 2454330.57949826    20    Clear               pasiphae_rf_0024.fits                              Pasiphae               376   268     1   0.000   0.000
   0.120  -0.107  155.59  117.87 1.426   1063.06    807.61 25.186 25.378 99.999 17.620 17.812 99.999 99.999 99.999  0.372 99.999 99.999 99.999 99.999  99.999  99.999  99.999  99.999  0.007  0.007  0.053  0.024  0.093  0.042    7    6 99.999 99.999   99  16.727282111 -21.323830221  1 54 52.66 2007  8 18 2454330.57977616    20    Clear               pasiphae_rf_0025.fits                              Pasiphae               376   268     1   0.000   0.000
   0.113  -0.159  155.43  117.85 1.325   1185.51    831.75 25.312 25.489 99.999 17.627 17.804 99.999 99.999 99.999  0.445 99.999 99.999 99.999 99.999  99.999  99.999  99.999  99.999  0.024  0.024  0.042  0.012  0.072  0.021    6    5 99.999 99.999   99  16.727282389 -21.323844921  1 55 16.64 2007  8 18 2454330.58005370    20    Clear               pasiphae_rf_0026.fits                              Pasiphae               376   268     1   0.000   0.000
   0.141  -0.175  155.24  117.90 1.300   1126.60    858.83 25.258 25.379 99.999 17.629 17.750 99.999 99.999 99.999  0.370 99.999 99.999 99.999 99.999  99.999  99.999  99.999  99.999  0.022  0.022  0.030  0.040  0.056  0.074    8    6 99.999 99.999   99  16.727283325 -21.323849606  1 55 40.67 2007  8 18 2454330.58033183    20    Clear               pasiphae_rf_0027.fits                              Pasiphae               376   268     1   0.000   0.000
   0.157  -0.138  154.14  117.83 1.571    886.59    769.85 25.039 25.145 99.999 17.670 17.776 99.999 99.999 99.999  0.304 99.999 99.999 99.999 99.999  99.999  99.999  99.999  99.999  0.027  0.027  0.044  0.037  0.086  0.071    8    7 99.999 99.999   99  16.727284028 -21.323839480  1 56  4.65 2007  8 18 2454330.58060938    20    Clear               pasiphae_rf_0028.fits                              Pasiphae               376   268     1   0.000   0.000
   0.163  -0.183  152.10  117.64 1.876    636.72    746.32 24.742 24.692 99.999 17.732 17.682 99.999 99.999 99.999  0.236 99.999 99.999 99.999 99.999  99.999  99.999  99.999  99.999  0.037  0.037  0.036  0.039  0.066  0.073    8    6 99.999 99.999   99  16.727284567 -21.323852177  1 56 28.82 2007  8 18 2454330.58088912    20    Clear               pasiphae_rf_0029.fits                              Pasiphae               376   268     1   0.000   0.000
   0.149  -0.175  151.83  117.86 1.523    816.23    799.06 24.949 25.048 99.999 17.670 17.768 99.999 99.999 99.999  0.296 99.999 99.999 99.999 99.999  99.999  99.999  99.999  99.999  0.023  0.023  0.046  0.035  0.089  0.068    8    7 99.999 99.999   99  16.727284690 -21.323850214  1 56 52.82 2007  8 18 2454330.58116690    20    Clear               pasiphae_rf_0030.fits                              Pasiphae               376   268     1   0.000   0.000
   0.165  -0.174  152.17  117.70 1.330   1046.43    871.51 25.261 25.136 99.999 17.712 17.587 99.999 99.999 99.999  0.289 99.999 99.999 99.999 99.999  99.999  99.999  99.999  99.999  0.024  0.024  0.032  0.041  0.060  0.076    7    6 99.999 99.999   99  16.727285413 -21.323850138  1 57 16.82 2007  8 18 2454330.58144468    20    Clear               pasiphae_rf_0031.fits                              Pasiphae               376   268     1   0.000   0.000
   0.162  -0.162  151.94  117.78 1.331   1066.67    851.00 25.273 25.447 99.999 17.703 17.877 99.999 99.999 99.999  0.359 99.999 99.999 99.999 99.999  99.999  99.999  99.999  99.999  0.034  0.034  0.035  0.040  0.065  0.073    9    6 99.999 99.999   99  16.727285769 -21.323847001  1 57 41.70 2007  8 18 2454330.58173264    20    Clear               pasiphae_rf_0032.fits                              Pasiphae               376   268     1   0.000   0.000
   0.120  -0.170  151.60  117.68 1.498   1086.35    790.79 25.380 25.283 99.999 17.790 17.693 99.999 99.999 99.999  0.251 99.999 99.999 99.999 99.999  99.999  99.999  99.999  99.999  0.033  0.033  0.037  0.044  0.072  0.085    6    6 99.999 99.999   99  16.727285365 -21.323849382  1 58  6.56 2007  8 18 2454330.58202037    20    Clear               pasiphae_rf_0033.fits                              Pasiphae               376   268     1   0.000   0.000
   0.177  -0.151  150.02  117.48 1.407   1091.47    815.50 25.323 25.235 99.999 17.728 17.640 99.999 99.999 99.999  0.275 99.999 99.999 99.999 99.999  99.999  99.999  99.999  99.999  0.026  0.026  0.029  0.037  0.055  0.069    7    6 99.999 99.999   99  16.727286874 -21.323844435  1 58 30.54 2007  8 18 2454330.58229792    20    Clear               pasiphae_rf_0034.fits                              Pasiphae               376   268     1   0.000   0.000
   0.115  -0.169  149.32  117.76 1.357    950.81    842.60 25.136 25.230 99.999 17.691 17.785 99.999 99.999 99.999  0.325 99.999 99.999 99.999 99.999  99.999  99.999  99.999  99.999  0.031  0.031  0.047  0.035  0.090  0.068    9    7 99.999 99.999   99  16.727286033 -21.323849413  1 58 54.52 2007  8 18 2454330.58257546    20    Clear               pasiphae_rf_0035.fits                              Pasiphae               376   268     1   0.000   0.000
   0.219  -0.111  149.19  117.32 1.591    914.75    791.13 25.150 25.077 99.999 17.747 17.674 99.999 99.999 99.999  0.298 99.999 99.999 99.999 99.999  99.999  99.999  99.999  99.999  0.029  0.029  0.018  0.036  0.028  0.057    6    5 99.999 99.999   99  16.727288526 -21.323833475  1 59 18.82 2007  8 18 2454330.58285671    20    Clear               pasiphae_rf_0036.fits                              Pasiphae               376   268     1   0.000   0.000
   0.163  -0.155  148.20  117.61 1.532    874.68    821.99 25.086 25.201 99.999 17.731 17.846 99.999 99.999 99.999  0.362 99.999 99.999 99.999 99.999  99.999  99.999  99.999  99.999  0.026  0.026  0.054  0.052  0.100  0.096    6    6 99.999 99.999   99  16.727287818 -21.323846036  1 59 43.67 2007  8 18 2454330.58314433    20    Clear               pasiphae_rf_0037.fits                              Pasiphae               376   268     1   0.000   0.000
   0.181  -0.155  148.06  117.28 1.367    973.03    852.32 25.210 25.079 99.999 17.740 17.609 99.999 99.999 99.999  0.265 99.999 99.999 99.999 99.999  99.999  99.999  99.999  99.999  0.024  0.024  0.033  0.038  0.060  0.071    7    6 99.999 99.999   99  16.727288566 -21.323846147  2  0  7.65 2007  8 18 2454330.58342187    20    Clear               pasiphae_rf_0038.fits                              Pasiphae               376   268     1   0.000   0.000
   0.148  -0.143  146.84  117.16 1.465    995.95    817.20 25.223 25.107 99.999 17.727 17.612 99.999 99.999 99.999  0.268 99.999 99.999 99.999 99.999  99.999  99.999  99.999  99.999  0.028  0.028  0.033  0.044  0.061  0.081    7    6 99.999 99.999   99  16.727288322 -21.323842991  2  0 31.63 2007  8 18 2454330.58369942    20    Clear               pasiphae_rf_0039.fits                              Pasiphae               376   268     1   0.000   0.000
   0.159  -0.137  146.09  117.27 1.383   1010.92    833.18 25.239 25.154 99.999 17.727 17.642 99.999 99.999 99.999  0.252 99.999 99.999 99.999 99.999  99.999  99.999  99.999  99.999  0.027  0.027  0.033  0.039  0.062  0.072    7    6 99.999 99.999   99  16.727288933 -21.323841373  2  0 55.65 2007  8 18 2454330.58397743    20    Clear               pasiphae_rf_0040.fits                              Pasiphae               376   268     1   0.000   0.000
   0.150  -0.166  145.49  117.27 1.494    951.15    817.53 25.225 25.109 99.999 17.780 17.663 99.999 99.999 99.999  0.253 99.999 99.999 99.999 99.999  99.999  99.999  99.999  99.999  0.031  0.031  0.043  0.035  0.084  0.068    8    7 99.999 99.999   99  16.727289174 -21.323849741  2  1 19.63 2007  8 18 2454330.58425498    20    Clear               pasiphae_rf_0041.fits                              Pasiphae               376   268     1   0.000   0.000
   0.171  -0.149  144.96  117.40 1.554    896.39    806.53 25.012 24.907 99.999 17.631 17.526 99.999 99.999 99.999  0.429 99.999 99.999 99.999 99.999  99.999  99.999  99.999  99.999  0.029  0.029  0.038  0.038  0.074  0.074    7    6 99.999 99.999   99  16.727289983 -21.323845241  2  1 43.61 2007  8 18 2454330.58453252    20    Clear               pasiphae_rf_0042.fits                              Pasiphae               376   268     1   0.000   0.000
   0.182  -0.148  144.33  117.08 1.665    766.35    810.10 24.965 24.837 99.999 17.754 17.626 99.999 99.999 99.999  0.257 99.999 99.999 99.999 99.999  99.999  99.999  99.999  99.999  0.029  0.029  0.026  0.034  0.048  0.063    7    6 99.999 99.999   99  16.727290585 -21.323845004  2  2  7.59 2007  8 18 2454330.58481007    20    Clear               pasiphae_rf_0043.fits                              Pasiphae               376   268     1   0.000   0.000
   0.147  -0.156  142.86  116.88 1.472    790.47    852.44 25.019 24.969 99.999 17.774 17.725 99.999 99.999 99.999  0.269 99.999 99.999 99.999 99.999  99.999  99.999  99.999  99.999  0.026  0.026  0.041  0.038  0.079  0.073    6    6 99.999 99.999   99  16.727290308 -21.323847582  2  2 31.58 2007  8 18 2454330.58508773    20    Clear               pasiphae_rf_0044.fits                              Pasiphae               376   268     1   0.000   0.000
   0.170  -0.149  143.00  117.34 1.580    814.03    808.94 24.992 24.920 99.999 17.716 17.643 99.999 99.999 99.999  0.260 99.999 99.999 99.999 99.999  99.999  99.999  99.999  99.999  0.029  0.029  0.031  0.043  0.057  0.079    7    6 99.999 99.999   99  16.727291164 -21.323845843  2  2 55.56 2007  8 18 2454330.58536528    20    Clear               pasiphae_rf_0045.fits                              Pasiphae               376   268     1   0.000   0.000
   0.176  -0.154  142.35  117.15 1.563    839.97    810.40 25.093 25.008 99.999 17.782 17.697 99.999 99.999 99.999  0.270 99.999 99.999 99.999 99.999  99.999  99.999  99.999  99.999  0.032  0.033  0.034  0.038  0.063  0.070    8    6 99.999 99.999   99  16.727291689 -21.323847195  2  3 19.54 2007  8 18 2454330.58564282    20    Clear               pasiphae_rf_0046.fits                              Pasiphae               376   268     1   0.000   0.000
   0.199  -0.202  141.65  117.32 1.424    964.79    835.26 25.192 25.085 99.999 17.731 17.624 99.999 99.999 99.999  0.269 99.999 99.999 99.999 99.999  99.999  99.999  99.999  99.999  0.030  0.030  0.033  0.035  0.060  0.064    7    6 99.999 99.999   99  16.727292545 -21.323860797  2  3 43.54 2007  8 18 2454330.58592060    20    Clear               pasiphae_rf_0047.fits                              Pasiphae               376   268     1   0.000   0.000
   0.003  -0.286  141.25  116.85 1.583    750.27    817.74 24.833 24.922 99.999 17.645 17.734 99.999 99.999 99.999  0.150 99.999 99.999 99.999 99.999  99.999  99.999  99.999  99.999  0.027  0.027  0.112  0.074  0.084  0.056    6    6 99.999 99.999   99  16.727289061 -21.323884472  2  4  7.52 2007  8 18 2454330.58619815    20    Clear               pasiphae_rf_0048.fits                              Pasiphae               376   268     1   0.000   0.000
   0.082  -0.364  138.66  116.99 1.814    650.90    796.78 24.766 24.811 99.999 17.733 17.777 99.999 99.999 99.999  0.138 99.999 99.999 99.999 99.999  99.999  99.999  99.999  99.999  0.018  0.018  0.146  0.066  0.092  0.041    6    5 99.999 99.999   99  16.727291010 -21.323906166  2  4 31.51 2007  8 18 2454330.58647581    20    Clear               pasiphae_rf_0049.fits                              Pasiphae               376   268     1   0.000   0.000
   0.034  -0.274  139.15  116.85 1.591    827.62    807.91 24.992 25.025 99.999 17.697 17.731 99.999 99.999 99.999  0.179 99.999 99.999 99.999 99.999  99.999  99.999  99.999  99.999  0.032  0.032  0.110  0.082  0.083  0.061    7    6 99.999 99.999   99  16.727290490 -21.323881507  2  4 55.54 2007  8 18 2454330.58675394    20    Clear               pasiphae_rf_0050.fits                              Pasiphae               376   268     1   0.000   0.000
   0.006  -0.257  139.05  117.00 1.580    893.14    801.02 25.076 25.160 99.999 17.698 17.783 99.999 99.999 99.999  0.180 99.999 99.999 99.999 99.999  99.999  99.999  99.999  99.999  0.025  0.025  0.109  0.083  0.082  0.063    7    6 99.999 99.999   99  16.727290307 -21.323876890  2  5 19.53 2007  8 18 2454330.58703160    20    Clear               pasiphae_rf_0051.fits                              Pasiphae               376   268     1   0.000   0.000
  -0.010  -0.271  138.52  117.21 1.313    988.59    870.19 25.155 25.228 99.999 17.668 17.741 99.999 99.999 99.999  0.162 99.999 99.999 99.999 99.999  99.999  99.999  99.999  99.999  0.023  0.023  0.115  0.082  0.087  0.061    6    6 99.999 99.999   99  16.727290416 -21.323880956  2  5 43.54 2007  8 18 2454330.58730949    20    Clear               pasiphae_rf_0052.fits                              Pasiphae               376   268     1   0.000   0.000
  -0.011  -0.179  212.28  149.53 1.754    980.80   1367.37 25.366 25.336 99.999 17.887 17.858 99.999 99.999 99.999  0.171 99.999 99.999 99.999 99.999  99.999  99.999  99.999  99.999  0.013  0.013  0.035  0.025  0.073  0.052    8    7 99.999 99.999   99  16.730666553 -21.327668004  0 20 42.09 2007  8 20 2454332.51437604    20    Clear               Pasiphae0001.fits                                  Pasiphae               376   268     1   0.000   0.000
  -0.012  -0.197  211.29  125.98 1.647   1434.27   2075.10 25.811 25.729 99.999 17.919 17.838 99.999 99.999 99.999  0.161 99.999 99.999 99.999 99.999  99.999  99.999  99.999  99.999  0.013  0.013  0.022  0.028  0.046  0.058    9    7 99.999 99.999   99  16.730670296 -21.327676624  0 23 43.85 2007  8 20 2454332.51647975    30    Clear               Pasiphae0003.fits                                  Pasiphae               376   268     1   0.000   0.000
  -0.009  -0.179  210.58  125.75 1.542   1728.54   2394.28 26.003 25.881 99.999 17.909 17.787 99.999 99.999 99.999  0.155 99.999 99.999 99.999 99.999  99.999  99.999  99.999  99.999  0.010  0.010  0.022  0.032  0.046  0.067    9    7 99.999 99.999   99  16.730671157 -21.327672402  0 24 21.94 2007  8 20 2454332.51692060    30    Clear               Pasiphae0004.fits                                  Pasiphae               376   268     1   0.000   0.000
   0.009  -0.172  209.50  125.56 1.388   2143.62   2801.93 26.220 26.165 99.999 17.892 17.837 99.999 99.999 99.999  0.158 99.999 99.999 99.999 99.999  99.999  99.999  99.999  99.999  0.009  0.009  0.022  0.028  0.046  0.060    9    7 99.999 99.999   99  16.730672294 -21.327671292  0 25  0.04 2007  8 20 2454332.51736157    30    Clear               Pasiphae0005.fits                                  Pasiphae               376   268     1   0.000   0.000
   0.014  -0.188  209.68  125.56 1.423   2023.39   2783.26 26.163 26.061 99.999 17.898 17.796 99.999 99.999 99.999  0.155 99.999 99.999 99.999 99.999  99.999  99.999  99.999  99.999  0.010  0.010  0.021  0.030  0.045  0.063    9    7 99.999 99.999   99  16.730673165 -21.327676769  0 25 37.31 2007  8 20 2454332.51779294    30    Clear               Pasiphae0006.fits                                  Pasiphae               376   268     1   0.000   0.000
   0.003  -0.139  208.81  125.55 1.489   1838.31   2780.52 26.118 25.997 99.999 17.957 17.835 99.999 99.999 99.999  0.214 99.999 99.999 99.999 99.999  99.999  99.999  99.999  99.999  0.012  0.012  0.029  0.038  0.070  0.094   10    9 99.999 99.999   99  16.730673703 -21.327663624  0 26 14.54 2007  8 20 2454332.51822384    30    Clear               Pasiphae0007.fits                                  Pasiphae               376   268     1   0.000   0.000
   0.017  -0.173  208.20  125.74 1.725   1210.13   2778.44 25.636 25.591 99.999 17.929 17.884 99.999 99.999 99.999  0.148 99.999 99.999 99.999 99.999  99.999  99.999  99.999  99.999  0.016  0.016  0.023  0.031  0.049  0.065    9    7 99.999 99.999   99  16.730674763 -21.327673834  0 26 51.77 2007  8 20 2454332.51865475    30    Clear               Pasiphae0008.fits                                  Pasiphae               376   268     1   0.000   0.000
   0.013  -0.138  207.70  125.25 1.568   1241.38   2839.40 25.819 25.720 99.999 18.085 17.985 99.999 99.999 99.999  0.216 99.999 99.999 99.999 99.999  99.999  99.999  99.999  99.999  0.015  0.015  0.028  0.033  0.069  0.082    8    8 99.999 99.999   99  16.730675481 -21.327664973  0 27 29.87 2007  8 20 2454332.51909572    30    Clear               Pasiphae0009.fits                                  Pasiphae               376   268     1   0.000   0.000
   0.005  -0.183  206.93  125.27 1.353   1726.82   2884.70 26.041 26.011 99.999 17.948 17.918 99.999 99.999 99.999  0.145 99.999 99.999 99.999 99.999  99.999  99.999  99.999  99.999  0.010  0.010  0.022  0.031  0.047  0.065    9    7 99.999 99.999   99  16.730676102 -21.327678125  0 28  8.00 2007  8 20 2454332.51953704    30    Clear               Pasiphae0010.fits                                  Pasiphae               376   268     1   0.000   0.000
   0.027  -0.127  205.90  124.93 1.461   1657.22   2754.65 25.918 25.849 99.999 17.869 17.800 99.999 99.999 99.999  0.145 99.999 99.999 99.999 99.999  99.999  99.999  99.999  99.999  0.013  0.013  0.023  0.040  0.052  0.089    8    7 99.999 99.999   99  16.730678101 -21.327664083  0 29 22.47 2007  8 20 2454332.52039896    30    Clear               Pasiphae0012.fits                                  Pasiphae               376   268     1   0.000   0.000
   0.013  -0.132  204.70  124.75 1.404   1921.85   2673.08 26.174 26.046 99.999 17.965 17.837 99.999 99.999 99.999  0.180 99.999 99.999 99.999 99.999  99.999  99.999  99.999  99.999  0.010  0.010  0.025  0.034  0.061  0.084   10    8 99.999 99.999   99  16.730678749 -21.327666513  0 30  9.13 2007  8 20 2454332.52093900    30    Clear               Pasiphae0013.fits                                  Pasiphae               376   268     1   0.000   0.000
   0.020  -0.139  204.03  124.90 1.409   1909.54   2703.83 26.188 26.061 99.999 17.986 17.858 99.999 99.999 99.999  0.196 99.999 99.999 99.999 99.999  99.999  99.999  99.999  99.999  0.012  0.012  0.030  0.032  0.073  0.079    7    7 99.999 99.999   99  16.730679680 -21.327669095  0 30 46.37 2007  8 20 2454332.52137002    30    Clear               Pasiphae0014.fits                                  Pasiphae               376   268     1   0.000   0.000
   0.019  -0.135  203.77  124.67 1.486   1688.84   2683.72 26.046 25.936 99.999 17.977 17.867 99.999 99.999 99.999  0.182 99.999 99.999 99.999 99.999  99.999  99.999  99.999  99.999  0.010  0.010  0.022  0.039  0.054  0.095   10    9 99.999 99.999   99  16.730680425 -21.327668510  0 31 23.62 2007  8 20 2454332.52180116    30    Clear               Pasiphae0015.fits                                  Pasiphae               376   268     1   0.000   0.000
   0.016  -0.153  203.48  124.76 1.541   1502.46   2753.87 25.923 25.905 99.999 17.981 17.963 99.999 99.999 99.999  0.177 99.999 99.999 99.999 99.999  99.999  99.999  99.999  99.999  0.022  0.022  0.027  0.034  0.066  0.083   10    8 99.999 99.999   99  16.730681160 -21.327674580  0 32  0.87 2007  8 20 2454332.52223229    30    Clear               Pasiphae0016.fits                                  Pasiphae               376   268     1   0.000   0.000
   0.007  -0.117  201.48  124.39 1.492   2139.10   2559.94 26.253 26.154 99.999 17.927 17.829 99.999 99.999 99.999  0.167 99.999 99.999 99.999 99.999  99.999  99.999  99.999  99.999  0.009  0.009  0.025  0.034  0.060  0.084   10    8 99.999 99.999   99  16.730682548 -21.327665944  0 33 17.10 2007  8 20 2454332.52311458    30    Clear               Pasiphae0018.fits                                  Pasiphae               376   268     1   0.000   0.000
  -0.002  -0.140  201.65  124.50 1.386   1582.60   1760.15 25.902 25.653 99.999 17.904 17.654 99.999 99.999 99.999  0.176 99.999 99.999 99.999 99.999  99.999  99.999  99.999  99.999  0.014  0.014  0.031  0.049  0.065  0.102    9    8 99.999 99.999   99  16.730683145 -21.327672945  0 33 54.34 2007  8 20 2454332.52354560    30    Clear               Pasiphae0019.fits                                  Pasiphae               376   268     1   0.000   0.000
  -0.003  -0.107  200.72  124.28 1.308   2430.10   2578.08 26.352 26.264 99.999 17.887 17.800 99.999 99.999 99.999  0.195 99.999 99.999 99.999 99.999  99.999  99.999  99.999  99.999  0.012  0.012  0.039  0.038  0.084  0.082    7    7 99.999 99.999   99  16.730683722 -21.327664503  0 34 23.07 2007  8 20 2454332.52387813    30    Clear               Pasiphae0020.fits                                  Pasiphae               376   268     1   0.000   0.000
   0.009  -0.126  200.13  124.30 1.357   2172.68   2631.14 26.283 26.224 99.999 17.941 17.882 99.999 99.999 99.999  0.162 99.999 99.999 99.999 99.999  99.999  99.999  99.999  99.999  0.013  0.013  0.024  0.039  0.058  0.096   10    9 99.999 99.999   99  16.730684731 -21.327670674  0 35  0.31 2007  8 20 2454332.52430914    30    Clear               Pasiphae0021.fits                                  Pasiphae               376   268     1   0.000   0.000
   0.011  -0.141  198.95  124.05 1.600   1331.18   2535.32 25.784 25.703 99.999 17.974 17.892 99.999 99.999 99.999  0.166 99.999 99.999 99.999 99.999  99.999  99.999  99.999  99.999  0.000  0.000  0.027  0.036  0.066  0.087   10    8 99.999 99.999   99  16.730686328 -21.327676059  0 36 15.51 2007  8 20 2454332.52517951    30    Clear               Pasiphae0023.fits                                  Pasiphae               376   268     1   0.000   0.000
   0.021  -0.131  198.43  123.79 1.520   1695.63   2471.80 26.063 25.905 99.999 17.990 17.831 99.999 99.999 99.999  0.163 99.999 99.999 99.999 99.999  99.999  99.999  99.999  99.999  0.009  0.009  0.021  0.041  0.052  0.100   10    9 99.999 99.999   99  16.730687315 -21.327673883  0 36 52.76 2007  8 20 2454332.52561065    30    Clear               Pasiphae0024.fits                                  Pasiphae               376   268     1   0.000   0.000
   0.038  -0.137  198.33  123.62 1.369   2151.56   2525.39 26.284 26.246 99.999 17.952 17.914 99.999 99.999 99.999  0.156 99.999 99.999 99.999 99.999  99.999  99.999  99.999  99.999  0.014  0.014  0.024  0.034  0.059  0.082   10    8 99.999 99.999   99  16.730688440 -21.327676321  0 37 30.86 2007  8 20 2454332.52605162    30    Clear               Pasiphae0025.fits                                  Pasiphae               376   268     1   0.000   0.000
   0.008  -0.132  196.71  123.24 1.509   1607.69   2369.28 25.958 25.880 99.999 17.942 17.865 99.999 99.999 99.999  0.161 99.999 99.999 99.999 99.999  99.999  99.999  99.999  99.999  0.016  0.016  0.024  0.040  0.059  0.097   10    9 99.999 99.999   99  16.730689409 -21.327676374  0 38 46.23 2007  8 20 2454332.52692396    30    Clear               Pasiphae0027.fits                                  Pasiphae               376   268     1   0.000   0.000
   0.016  -0.151  196.36  122.86 1.543   1537.06   2426.72 25.911 25.809 99.999 17.944 17.842 99.999 99.999 99.999  0.159 99.999 99.999 99.999 99.999  99.999  99.999  99.999  99.999  0.013  0.013  0.021  0.040  0.053  0.098   10    9 99.999 99.999   99  16.730690350 -21.327682392  0 39 23.22 2007  8 20 2454332.52735208    30    Clear               Pasiphae0028.fits                                  Pasiphae               376   268     1   0.000   0.000
   0.014  -0.188  195.98  123.17 1.560   1623.73   2295.01 26.005 25.915 99.999 17.978 17.889 99.999 99.999 99.999  0.123 99.999 99.999 99.999 99.999  99.999  99.999  99.999  99.999  0.016  0.016  0.024  0.032  0.050  0.068    8    7 99.999 99.999   99  16.730691084 -21.327693697  0 40  0.47 2007  8 20 2454332.52778322    30    Clear               Pasiphae0029.fits                                  Pasiphae               376   268     1   0.000   0.000
   0.039  -0.150  194.91  122.98 1.337   1729.82   2402.87 26.039 25.905 99.999 17.944 17.810 99.999 99.999 99.999  0.158 99.999 99.999 99.999 99.999  99.999  99.999  99.999  99.999  0.009  0.009  0.036  0.038  0.074  0.077    9    8 99.999 99.999   99  16.730692324 -21.327683491  0 40 37.72 2007  8 20 2454332.52821435    30    Clear               Pasiphae0030.fits                                  Pasiphae               376   268     1   0.000   0.000
  -0.003  -0.144  194.38  122.97 1.585   1697.20   2242.52 26.014 25.938 99.999 17.939 17.864 99.999 99.999 99.999  0.159 99.999 99.999 99.999 99.999  99.999  99.999  99.999  99.999  0.011  0.011  0.027  0.035  0.067  0.086   10    8 99.999 99.999   99  16.730692295 -21.327682744  0 41 15.81 2007  8 20 2454332.52865521    30    Clear               Pasiphae0031.fits                                  Pasiphae               376   268     1   0.000   0.000
   0.028  -0.133  193.97  122.91 1.498   2089.94   2218.94 26.236 26.089 99.999 17.935 17.789 99.999 99.999 99.999  0.143 99.999 99.999 99.999 99.999  99.999  99.999  99.999  99.999  0.009  0.009  0.025  0.035  0.061  0.085    9    8 99.999 99.999   99  16.730693722 -21.327680337  0 41 53.90 2007  8 20 2454332.52909606    30    Clear               Pasiphae0032.fits                                  Pasiphae               376   268     1   0.000   0.000
   0.034  -0.154  192.91  122.86 1.410   1859.66   2442.07 26.115 25.998 99.999 17.942 17.824 99.999 99.999 99.999  0.149 99.999 99.999 99.999 99.999  99.999  99.999  99.999  99.999  0.007  0.007  0.023  0.039  0.056  0.096   10    9 99.999 99.999   99  16.730694591 -21.327686895  0 42 31.13 2007  8 20 2454332.52952697    30    Clear               Pasiphae0033.fits                                  Pasiphae               376   268     1   0.000   0.000
  -0.000  -0.130  191.96  122.49 1.304   1963.98   3110.92 26.145 25.996 99.999 17.912 17.763 99.999 99.999 99.999  0.156 99.999 99.999 99.999 99.999  99.999  99.999  99.999  99.999  0.014  0.014  0.026  0.034  0.063  0.084   10    8 99.999 99.999   99  16.730694689 -21.327681049  0 43  8.36 2007  8 20 2454332.52995787    30    Clear               Pasiphae0034.fits                                  Pasiphae               376   268     1   0.000   0.000
   0.019  -0.151  191.42  122.40 1.457   1581.50   3022.05 25.909 25.743 99.999 17.911 17.745 99.999 99.999 99.999  0.166 99.999 99.999 99.999 99.999  99.999  99.999  99.999  99.999  0.015  0.015  0.023  0.039  0.057  0.096   10    9 99.999 99.999   99  16.730695842 -21.327687421  0 43 45.59 2007  8 20 2454332.53038877    30    Clear               Pasiphae0035.fits                                  Pasiphae               376   268     1   0.000   0.000
   0.020  -0.144  190.88  122.66 1.545   1610.73   2405.30 25.950 25.845 99.999 17.933 17.827 99.999 99.999 99.999  0.163 99.999 99.999 99.999 99.999  99.999  99.999  99.999  99.999  0.012  0.012  0.024  0.035  0.058  0.085   10    8 99.999 99.999   99  16.730696638 -21.327686382  0 44 22.83 2007  8 20 2454332.53081979    30    Clear               Pasiphae0036.fits                                  Pasiphae               376   268     1   0.000   0.000
   0.033  -0.152  189.88  122.42 1.451   1854.28   2388.10 26.109 25.969 99.999 17.939 17.798 99.999 99.999 99.999  0.157 99.999 99.999 99.999 99.999  99.999  99.999  99.999  99.999  0.011  0.011  0.022  0.039  0.055  0.097   10    9 99.999 99.999   99  16.730697716 -21.327689140  0 45  0.92 2007  8 20 2454332.53126065    30    Clear               Pasiphae0037.fits                                  Pasiphae               376   268     1   0.000   0.000
   0.037  -0.108  189.54  122.22 1.360   2285.38   2340.85 26.332 26.131 99.999 17.934 17.734 99.999 99.999 99.999  0.170 99.999 99.999 99.999 99.999  99.999  99.999  99.999  99.999  0.017  0.017  0.033  0.030  0.071  0.066    7    6 99.999 99.999   99  16.730698560 -21.327677704  0 45 39.04 2007  8 20 2454332.53170185    30    Clear               Pasiphae0038.fits                                  Pasiphae               376   268     1   0.000   0.000
   0.029  -0.146  188.78  122.21 1.248   2345.63   2366.49 26.343 26.272 99.999 17.918 17.846 99.999 99.999 99.999  0.157 99.999 99.999 99.999 99.999  99.999  99.999  99.999  99.999  0.013  0.013  0.023  0.038  0.056  0.093   10    9 99.999 99.999   99  16.730699218 -21.327689203  0 46 17.09 2007  8 20 2454332.53214225    30    Clear               Pasiphae0039.fits                                  Pasiphae               376   268     1   0.000   0.000
   0.021  -0.113  187.81  121.72 1.362   2243.09   2225.32 26.304 26.142 99.999 17.927 17.764 99.999 99.999 99.999  0.162 99.999 99.999 99.999 99.999  99.999  99.999  99.999  99.999  0.012  0.012  0.029  0.035  0.063  0.077    9    7 99.999 99.999   99  16.730699825 -21.327680692  0 46 54.36 2007  8 20 2454332.53257361    30    Clear               Pasiphae0040.fits                                  Pasiphae               376   268     1   0.000   0.000
   0.025  -0.140  188.10  121.72 1.289   2221.93   2269.09 26.304 26.169 99.999 17.937 17.802 99.999 99.999 99.999  0.155 99.999 99.999 99.999 99.999  99.999  99.999  99.999  99.999  0.013  0.013  0.023  0.039  0.055  0.096   10    9 99.999 99.999   99  16.730700688 -21.327688796  0 47 31.59 2007  8 20 2454332.53300451    30    Clear               Pasiphae0041.fits                                  Pasiphae               376   268     1   0.000   0.000
   0.030  -0.135  186.82  121.31 1.247   2527.55   2226.76 26.445 26.269 99.999 17.938 17.762 99.999 99.999 99.999  0.155 99.999 99.999 99.999 99.999  99.999  99.999  99.999  99.999  0.000  0.000  0.023  0.039  0.056  0.097   10    9 99.999 99.999   99  16.730702339 -21.327688838  0 48 46.07 2007  8 20 2454332.53386655    30    Clear               Pasiphae0043.fits                                  Pasiphae               376   268     1   0.000   0.000
   0.017  -0.136  186.04  120.76 1.450   1748.02   2185.15 26.094 25.989 99.999 17.987 17.883 99.999 99.999 99.999  0.172 99.999 99.999 99.999 99.999  99.999  99.999  99.999  99.999  0.012  0.012  0.030  0.036  0.074  0.089    9    9 99.999 99.999   99  16.730704415 -21.327691106  0 50 37.77 2007  8 20 2454332.53515938    30    Clear               Pasiphae0046.fits                                  Pasiphae               376   268     1   0.000   0.000
   0.009  -0.160  185.59  120.97 1.164   2651.34   2362.79 26.511 26.285 99.999 17.952 17.727 99.999 99.999 99.999  0.136 99.999 99.999 99.999 99.999  99.999  99.999  99.999  99.999  0.012  0.012  0.022  0.042  0.051  0.096    9    8 99.999 99.999   99  16.730705058 -21.327698742  0 51 15.87 2007  8 20 2454332.53560035    30    Clear               Pasiphae0047.fits                                  Pasiphae               376   268     1   0.000   0.000
   0.034  -0.139  185.46  120.58 1.489   1778.56   2235.25 26.100 25.978 99.999 17.975 17.853 99.999 99.999 99.999  0.150 99.999 99.999 99.999 99.999  99.999  99.999  99.999  99.999  0.018  0.018  0.021  0.040  0.052  0.097    9    9 99.999 99.999   99  16.730706342 -21.327693696  0 51 53.96 2007  8 20 2454332.53604120    30    Clear               Pasiphae0048.fits                                  Pasiphae               376   268     1   0.000   0.000
   0.021  -0.192  184.79  120.29 1.346   2013.58   2477.62 26.206 26.122 99.999 17.946 17.862 99.999 99.999 99.999  0.154 99.999 99.999 99.999 99.999  99.999  99.999  99.999  99.999  0.009  0.009  0.023  0.032  0.050  0.069    8    7 99.999 99.999   99  16.730706864 -21.327708877  0 52 31.22 2007  8 20 2454332.53647245    30    Clear               Pasiphae0049.fits                                  Pasiphae               376   268     1   0.000   0.000
   0.039  -0.134  183.94  119.95 1.409   1952.08   2250.53 26.183 26.098 99.999 17.957 17.872 99.999 99.999 99.999  0.163 99.999 99.999 99.999 99.999  99.999  99.999  99.999  99.999  0.016  0.016  0.022  0.041  0.055  0.100   10    9 99.999 99.999   99  16.730707992 -21.327693739  0 53  8.45 2007  8 20 2454332.53690336    30    Clear               Pasiphae0050.fits                                  Pasiphae               376   268     1   0.000   0.000
   0.028  -0.125  183.76  120.11 1.287   2217.15   2226.05 26.304 26.167 99.999 17.939 17.803 99.999 99.999 99.999  0.152 99.999 99.999 99.999 99.999  99.999  99.999  99.999  99.999  0.015  0.015  0.028  0.033  0.067  0.080    8    7 99.999 99.999   99  16.730708550 -21.327691627  0 53 45.68 2007  8 20 2454332.53733426    30    Clear               Pasiphae0051.fits                                  Pasiphae               376   268     1   0.000   0.000
   0.032  -0.126  181.91  120.11 1.323   2259.75   2171.32 26.328 26.276 99.999 17.943 17.891 99.999 99.999 99.999  0.166 99.999 99.999 99.999 99.999  99.999  99.999  99.999  99.999  0.014  0.014  0.027  0.041  0.065  0.098    9    7 99.999 99.999   99  16.730710241 -21.327693267  0 55  1.90 2007  8 20 2454332.53821644    30    Clear               Pasiphae0053.fits                                  Pasiphae               376   268     1   0.000   0.000
   0.019  -0.148  182.63  120.06 1.232   2310.94   2310.73 26.358 26.194 99.999 17.949 17.784 99.999 99.999 99.999  0.166 99.999 99.999 99.999 99.999  99.999  99.999  99.999  99.999  0.016  0.016  0.026  0.044  0.062  0.105    9    8 99.999 99.999   99  16.730710796 -21.327700332  0 55 39.99 2007  8 20 2454332.53865729    30    Clear               Pasiphae0054.fits                                  Pasiphae               376   268     1   0.000   0.000
   0.037  -0.113  181.59  119.54 1.178   1843.10   3619.62 26.100 26.003 99.999 17.937 17.839 99.999 99.999 99.999  0.173 99.999 99.999 99.999 99.999  99.999  99.999  99.999  99.999  0.016  0.016  0.028  0.034  0.061  0.074    9    7 99.999 99.999   99  16.730711923 -21.327691525  0 56 17.23 2007  8 20 2454332.53908831    30    Clear               Pasiphae0055.fits                                  Pasiphae               376   268     1   0.000   0.000
   0.072  -0.138  181.20  119.48 1.506   1280.44   3846.98 25.695 25.643 99.999 17.927 17.875 99.999 99.999 99.999  0.166 99.999 99.999 99.999 99.999  99.999  99.999  99.999  99.999  0.024  0.024  0.023  0.040  0.057  0.098   10    9 99.999 99.999   99  16.730713410 -21.327698826  0 56 54.47 2007  8 20 2454332.53951933    30    Clear               Pasiphae0056.fits                                  Pasiphae               376   268     1   0.000   0.000
   0.012  -0.148  181.20  119.57 1.366   1770.14   2550.92 26.059 25.898 99.999 17.939 17.778 99.999 99.999 99.999  0.169 99.999 99.999 99.999 99.999  99.999  99.999  99.999  99.999  0.015  0.015  0.020  0.039  0.050  0.097   10    9 99.999 99.999   99  16.730712985 -21.327702474  0 57 31.71 2007  8 20 2454332.53995035    30    Clear               Pasiphae0057.fits                                  Pasiphae               376   268     1   0.000   0.000
   0.039  -0.153  180.09  119.48 1.485   1473.39   2861.54 25.841 25.757 99.999 17.920 17.836 99.999 99.999 99.999  0.163 99.999 99.999 99.999 99.999  99.999  99.999  99.999  99.999  0.014  0.014  0.024  0.035  0.059  0.085   10    8 99.999 99.999   99  16.730714335 -21.327704401  0 58  9.80 2007  8 20 2454332.54039120    30    Clear               Pasiphae0058.fits                                  Pasiphae               376   268     1   0.000   0.000
   0.012  -0.149  179.40  119.28 1.313   1237.60   3779.94 25.720 25.654 99.999 17.989 17.923 99.999 99.999 99.999  0.161 99.999 99.999 99.999 99.999  99.999  99.999  99.999  99.999  0.021  0.021  0.023  0.039  0.057  0.096   10    9 99.999 99.999   99  16.730714577 -21.327704044  0 58 47.89 2007  8 20 2454332.54083206    30    Clear               Pasiphae0059.fits                                  Pasiphae               376   268     1   0.000   0.000
   0.044  -0.166  177.87  118.93 1.419    548.77   5479.91 24.686 24.800 99.999 17.837 17.951 99.999 99.999 99.999  0.160 99.999 99.999 99.999 99.999  99.999  99.999  99.999  99.999  0.041  0.041  0.027  0.034  0.066  0.084   10    8 99.999 99.999   99  16.730716762 -21.327710404  1  0  1.45 2007  8 20 2454332.54168345    30    Clear               Pasiphae0061.fits                                  Pasiphae               376   268     1   0.000   0.000
   0.028  -0.135  177.30  118.80 1.411   1160.47   3463.49 25.634 25.586 99.999 17.972 17.924 99.999 99.999 99.999  0.161 99.999 99.999 99.999 99.999  99.999  99.999  99.999  99.999  0.023  0.024  0.024  0.035  0.058  0.086   10    8 99.999 99.999   99  16.730717230 -21.327702256  1  0 38.68 2007  8 20 2454332.54211435    30    Clear               Pasiphae0062.fits                                  Pasiphae               376   268     1   0.000   0.000
   0.144  -0.291  153.37  134.39 2.493    455.20   2037.46 23.961 24.140 99.999 17.316 17.494 99.999 99.999 99.999  0.705 99.999 99.999 99.999 99.999  99.999  99.999  99.999  99.999  0.028  0.036  0.039  0.015  0.065  0.024    8    6 99.999 99.999   99  16.732792530 -21.330322473  1 13  0.85 2007  8 21 2454333.55070428    15    Clear               Pasiphae_rf0002.fits                               Pasiphae               376   268     1   0.000   0.000
   0.134  -0.234  151.73  134.06 1.690    561.37   1944.30 24.678 24.857 99.999 17.805 17.984 99.999 99.999 99.999  0.674 99.999 99.999 99.999 99.999  99.999  99.999  99.999  99.999  0.031  0.031  0.041  0.025  0.068  0.042    9    7 99.999 99.999   99  16.732793415 -21.330307693  1 13 47.07 2007  8 21 2454333.55123924    15    Clear               Pasiphae_rf0004.fits                               Pasiphae               376   268     1   0.000   0.000
   0.126  -0.207  153.44  134.03 1.465    742.98   1843.71 24.880 25.035 99.999 17.703 17.857 99.999 99.999 99.999  0.761 99.999 99.999 99.999 99.999  99.999  99.999  99.999  99.999  0.027  0.027  0.049  0.037  0.082  0.062    7    7 99.999 99.999   99  16.732794312 -21.330301462  1 14 31.54 2007  8 21 2454333.55175394    15    Clear               Pasiphae_rf0006.fits                               Pasiphae               376   268     1   0.000   0.000
  -0.029  -0.231  148.74  133.21 1.636    255.73   3769.19 23.866 24.187 99.999 17.847 18.167 99.999 99.999 99.999  0.677 99.999 99.999 99.999 99.999  99.999  99.999  99.999  99.999  0.017  0.017  0.050  0.042  0.084  0.070    9    9 99.999 99.999   99  16.732802871 -21.330319148  1 22 46.22 2007  8 21 2454333.55747940    15    Clear               Pasiphae_rf0017.fits                               Pasiphae               376   268     1   0.000   0.000
   0.352  -0.564  135.06  131.02 2.290    217.23   3560.05 23.772 23.983 99.999 17.930 18.141 99.999 99.999 99.999  0.160 99.999 99.999 99.999 99.999  99.999  99.999  99.999  99.999  0.122  0.123  0.552  0.453  0.103  0.085    5    5 99.999 99.999   99  16.732819524 -21.330420162  1 29  9.59 2007  8 21 2454333.56191655    15    Clear               Pasiphae_rf0034.fits                               Pasiphae               376   268     1   0.000   0.000
  -0.047  -0.521  134.49  132.06 1.114     80.96   2975.79 23.228 23.494 99.999 18.458 18.724 99.999 99.999 99.999  0.659 99.999 99.999 99.999 99.999  99.999  99.999  99.999  99.999  0.018  0.019  0.037  0.020  0.062  0.033    9    8 99.999 99.999   99  16.732812124 -21.330408840  1 29 31.82 2007  8 21 2454333.56217384    15    Clear               Pasiphae_rf0035.fits                               Pasiphae               376   268     1   0.000   0.000
  -0.166  -0.029  184.64  132.71 6.197   6284.63   2724.70 24.596 26.512 99.999 15.100 17.016 99.999 99.999 99.999  1.256 99.999 99.999 99.999 99.999  99.999  99.999  99.999  99.999  0.045  0.046  0.000  0.000  0.000  0.000    3    3 99.999 99.999   99  16.734985709 -21.333146591  0 31 50.80 2007  8 22 2454334.52211574    30    Clear               Pasiphae_rf0006.fits                               Pasiphae               376   268     1   0.000   0.000
  -0.106  -0.226  184.64  132.64 3.093   2208.62   6868.97 25.320 26.861 99.999 16.959 18.501 99.999 99.999 99.999  0.262 99.999 99.999 99.999 99.999  99.999  99.999  99.999  99.999  0.044  0.044  0.000  0.000  0.000  0.000    3    3 99.999 99.999   99  16.734988840 -21.333203567  0 33  6.98 2007  8 22 2454334.52299745    30    Clear               Pasiphae_rf0008.fits                               Pasiphae               376   268     1   0.000   0.000
   0.159   0.046  183.54  132.28 5.033   3019.84   5823.51 25.216 26.845 99.999 16.516 18.145 99.999 99.999 99.999  0.282 99.999 99.999 99.999 99.999  99.999  99.999  99.999  99.999  0.011  0.014  0.000  0.000  0.000  0.000    3    3 99.999 99.999   99  16.734996028 -21.333130345  0 34 21.45 2007  8 22 2454334.52385938    30    Clear               Pasiphae_rf0010.fits                               Pasiphae               376   268     1   0.000   0.000
  -0.154  -0.160  178.10  130.52 1.902   1203.41   7812.21 24.952 26.220 99.999 17.251 18.519 99.999 99.999 99.999  0.637 99.999 99.999 99.999 99.999  99.999  99.999  99.999  99.999  0.062  0.057  0.000  0.000  0.000  0.000    3    3 99.999 99.999   99  16.735003292 -21.333202425  0 43  9.16 2007  8 22 2454334.52996713    30    Clear               Pasiphae_rf0024.fits                               Pasiphae               376   268     1   0.000   0.000
  -0.177   0.038  175.60  129.90 2.297   1468.28   7505.25 24.807 25.841 99.999 16.890 17.923 99.999 99.999 99.999  0.864 99.999 99.999 99.999 99.999  99.999  99.999  99.999  99.999  0.073  0.075  0.000  0.000  0.000  0.000    3    3 99.999 99.999   99  16.735007681 -21.333152848  0 46 17.08 2007  8 22 2454334.53214213    30    Clear               Pasiphae_rf0029.fits                               Pasiphae               376   268     1   0.000   0.000
  -0.062  -0.059  279.56   99.74 2.082   1756.26   3808.77 25.361 26.288 99.999 17.250 18.177 99.999 99.999 99.999  0.678 99.999 99.999 99.999 99.999  99.999  99.999  99.999  99.999  0.019  0.019  0.051  0.065  0.080  0.103    7    4 99.999 99.999   99  16.803414676 -21.439463371 23 40 48.34 2007  9  7 2454351.48667060    60    Clear               pasiphae0001.fits                                  Pasiphae               376   268     1   0.000   0.000
  -0.083  -0.057  280.83   99.76 2.307   1364.74   3776.12 25.204 25.980 99.999 17.366 18.143 99.999 99.999 99.999  0.552 99.999 99.999 99.999 99.999  99.999  99.999  99.999  99.999  0.026  0.026  0.055  0.066  0.087  0.103    7    4 99.999 99.999   99  16.803420756 -21.439472645 23 42 29.95 2007  9  7 2454351.48784664    60    Clear               pasiphae0002.fits                                  Pasiphae               376   268     1   0.000   0.000
  -0.065  -0.089  281.52   99.83 2.191   1461.81   3811.32 25.243 26.111 99.999 17.331 18.199 99.999 99.999 99.999  0.577 99.999 99.999 99.999 99.999  99.999  99.999  99.999  99.999  0.022  0.022  0.063  0.047  0.109  0.080    7    6 99.999 99.999   99  16.803425425 -21.439488074 23 43 37.31 2007  9  7 2454351.48862627    60    Clear               pasiphae0003.fits                                  Pasiphae               376   268     1   0.000   0.000
  -0.015  -0.075  283.75   99.92 2.561   1385.43   3699.93 25.166 25.945 99.999 17.312 18.091 99.999 99.999 99.999  0.518 99.999 99.999 99.999 99.999  99.999  99.999  99.999  99.999  0.022  0.022  0.068  0.039  0.117  0.067    7    6 99.999 99.999   99  16.803435012 -21.439497496 23 45 52.10 2007  9  7 2454351.49018634    60    Clear               pasiphae0005.fits                                  Pasiphae               376   268     1   0.000   0.000
   0.116  -0.237  285.60  100.67 1.962   1870.73   3655.45 25.415 26.364 99.999 17.235 18.184 99.999 99.999 99.999  0.645 99.999 99.999 99.999 99.999  99.999  99.999  99.999  99.999  0.019  0.019  0.043  0.057  0.051  0.068    8    5 99.999 99.999   99  16.803441918 -21.439548874 23 46 59.34 2007  9  7 2454351.49096458    60    Clear               pasiphae0006.fits                                  Pasiphae               376   268     1   0.000   0.000
  -0.005  -0.090  285.33  100.69 2.052   1547.97   3674.96 25.251 26.096 99.999 17.277 18.122 99.999 99.999 99.999  0.589 99.999 99.999 99.999 99.999  99.999  99.999  99.999  99.999  0.017  0.017  0.071  0.043  0.120  0.074    7    6 99.999 99.999   99  16.803443867 -21.439514740 23 48  7.57 2007  9  7 2454351.49175428    60    Clear               pasiphae0007.fits                                  Pasiphae               376   268     1   0.000   0.000
  -0.051  -0.103  286.91  101.35 1.840   1976.81   3660.84 25.409 26.367 99.999 17.169 18.127 99.999 99.999 99.999  0.716 99.999 99.999 99.999 99.999  99.999  99.999  99.999  99.999  0.016  0.016  0.070  0.040  0.120  0.069    7    6 99.999 99.999   99  16.803447322 -21.439524919 23 49 15.81 2007  9  7 2454351.49254410    60    Clear               pasiphae0008.fits                                  Pasiphae               376   268     1   0.000   0.000
  -0.194  -0.112  287.68  101.76 2.062   1807.74   3591.75 25.341 26.397 99.999 17.199 18.254 99.999 99.999 99.999  0.596 99.999 99.999 99.999 99.999  99.999  99.999  99.999  99.999  0.023  0.023  0.029  0.031  0.051  0.054    8    6 99.999 99.999   99  16.803448780 -21.439533776 23 50 23.17 2007  9  7 2454351.49332373    60    Clear               pasiphae0009.fits                                  Pasiphae               376   268     1   0.000   0.000
  -0.158   0.008  289.04  102.09 1.875   2028.48   3609.99 25.451 26.437 99.999 17.183 18.169 99.999 99.999 99.999  0.675 99.999 99.999 99.999 99.999  99.999  99.999  99.999  99.999  0.012  0.012  0.024  0.058  0.045  0.108    8    5 99.999 99.999   99  16.803453805 -21.439507127 23 51 30.54 2007  9  7 2454351.49410347    60    Clear               pasiphae0010.fits                                  Pasiphae               376   268     1   0.000   0.000
   0.116  -0.272  290.69  101.68 2.311   1626.92   3556.10 25.356 26.249 99.999 17.327 18.220 99.999 99.999 99.999  0.601 99.999 99.999 99.999 99.999  99.999  99.999  99.999  99.999  0.035  0.035  0.076  0.048  0.090  0.057    8    6 99.999 99.999   99  16.803463496 -21.439591413 23 52 37.34 2007  9  7 2454351.49487662    60    Clear               pasiphae0011.fits                                  Pasiphae               376   268     1   0.000   0.000
  -0.089  -0.008  291.23  102.09 2.069   1742.35   3627.43 25.284 26.328 99.999 17.181 18.225 99.999 99.999 99.999  0.627 99.999 99.999 99.999 99.999  99.999  99.999  99.999  99.999  0.021  0.021  0.039  0.044  0.077  0.088    9    7 99.999 99.999   99  16.803463781 -21.439524587 23 53 45.55 2007  9  7 2454351.49566609    60    Clear               pasiphae0012.fits                                  Pasiphae               376   268     1   0.000   0.000
  -0.072  -0.059  294.47  102.11 2.116   1759.05   3608.35 25.358 26.186 99.999 17.244 18.072 99.999 99.999 99.999  0.661 99.999 99.999 99.999 99.999  99.999  99.999  99.999  99.999  0.023  0.023  0.053  0.060  0.081  0.092    7    4 99.999 99.999   99  16.803468481 -21.439545523 23 54 53.78 2007  9  7 2454351.49645579    60    Clear               pasiphae0013.fits                                  Pasiphae               376   268     1   0.000   0.000
  -0.058  -0.097  294.63  102.19 2.000   1795.70   3642.87 25.488 26.321 99.999 17.353 18.186 99.999 99.999 99.999  0.655 99.999 99.999 99.999 99.999  99.999  99.999  99.999  99.999  0.022  0.022  0.054  0.050  0.091  0.084    7    6 99.999 99.999   99  16.803473115 -21.439562663 23 56  2.00 2007  9  7 2454351.49724537    60    Clear               pasiphae0014.fits                                  Pasiphae               376   268     1   0.000   0.000
  -0.050  -0.092  297.50  102.65 1.660   2039.02   3803.90 25.447 26.438 99.999 17.174 18.164 99.999 99.999 99.999  0.750 99.999 99.999 99.999 99.999  99.999  99.999  99.999  99.999  0.017  0.017  0.062  0.046  0.104  0.078    7    6 99.999 99.999   99  16.803477586 -21.439567867 23 57  9.36 2007  9  7 2454351.49802500    60    Clear               pasiphae0015.fits                                  Pasiphae               376   268     1   0.000   0.000
  -0.047  -0.076  297.71  103.00 2.227   1591.95   3643.67 25.335 26.359 99.999 17.330 18.354 99.999 99.999 99.999  0.637 99.999 99.999 99.999 99.999  99.999  99.999  99.999  99.999  0.046  0.047  0.058  0.050  0.096  0.083    7    6 99.999 99.999   99  16.803482011 -21.439569917 23 58 17.57 2007  9  7 2454351.49881447    60    Clear               pasiphae0016.fits                                  Pasiphae               376   268     1   0.000   0.000
  -0.043  -0.303  300.26  102.94 1.843   2442.77   3748.81 25.609 26.689 99.999 17.139 18.219 99.999 99.999 99.999  0.744 99.999 99.999 99.999 99.999  99.999  99.999  99.999  99.999  0.016  0.016  0.068  0.038  0.097  0.055    8    7 99.999 99.999   99  16.803486455 -21.439639589 23 59 25.79 2007  9  7 2454351.49960405    60    Clear               pasiphae0017.fits                                  Pasiphae               376   268     1   0.000   0.000
  -0.036  -0.316  301.64  103.27 1.866   2034.78   3863.10 25.578 26.656 99.999 17.307 18.385 99.999 99.999 99.999  0.689 99.999 99.999 99.999 99.999  99.999  99.999  99.999  99.999  0.034  0.034  0.079  0.039  0.105  0.052    8    5 99.999 99.999   99  16.803490925 -21.439649841  0  0 33.15 2007  9  8 2454351.50038368    60    Clear               pasiphae0018.fits                                  Pasiphae               376   268     1   0.000   0.000
  -0.036  -0.280  302.11  103.57 1.757   2419.25   3842.30 25.649 26.742 99.999 17.190 18.283 99.999 99.999 99.999  0.758 99.999 99.999 99.999 99.999  99.999  99.999  99.999  99.999  0.015  0.015  0.073  0.037  0.104  0.052    8    7 99.999 99.999   99  16.803495221 -21.439646136  0  1 40.51 2007  9  8 2454351.50116331    60    Clear               pasiphae0019.fits                                  Pasiphae               376   268     1   0.000   0.000
  -0.033  -0.080  304.56  103.23 1.999   1757.63   3898.32 25.456 26.406 99.999 17.344 18.294 99.999 99.999 99.999  0.635 99.999 99.999 99.999 99.999  99.999  99.999  99.999  99.999  0.006  0.006  0.061  0.064  0.093  0.097    7    4 99.999 99.999   99  16.803499653 -21.439597255  0  2 48.72 2007  9  8 2454351.50195278    60    Clear               pasiphae0020.fits                                  Pasiphae               376   268     1   0.000   0.000
  -0.017  -0.317  305.00  103.52 1.855   2028.65   2477.99 25.517 26.411 99.999 17.249 18.143 99.999 99.999 99.999  0.628 99.999 99.999 99.999 99.999  99.999  99.999  99.999  99.999  0.034  0.033  0.064  0.045  0.090  0.064    8    7 99.999 99.999   99  16.803505614 -21.439671641  0  4 16.99 2007  9  8 2454351.50297442    40    Clear               pasiphae0021.fits                                  Pasiphae               376   268     1   0.000   0.000
  -0.022  -0.305  307.99  103.70 1.421   1856.43   2210.02 25.412 26.273 99.999 17.240 18.102 99.999 99.999 99.999  0.542 99.999 99.999 99.999 99.999  99.999  99.999  99.999  99.999  0.019  0.019  0.066  0.037  0.093  0.052    8    7 99.999 99.999   99  16.803509257 -21.439673845  0  5 15.66 2007  9  8 2454351.50365347    30    Clear               pasiphae0022.fits                                  Pasiphae               376   268     1   0.000   0.000
   0.036  -0.290  308.42  103.58 2.135   1337.33   2052.54 25.285 26.129 99.999 17.469 18.314 99.999 99.999 99.999  0.381 99.999 99.999 99.999 99.999  99.999  99.999  99.999  99.999  0.055  0.055  0.059  0.047  0.083  0.065    8    7 99.999 99.999   99  16.803514408 -21.439675933  0  6 17.86 2007  9  8 2454351.50437338    30    Clear               pasiphae0023.fits                                  Pasiphae               376   268     1   0.000   0.000
   0.009  -0.299  311.56  104.04 1.527   1773.63   2142.06 25.270 26.237 99.999 17.148 18.115 99.999 99.999 99.999  0.472 99.999 99.999 99.999 99.999  99.999  99.999  99.999  99.999  0.018  0.018  0.084  0.038  0.116  0.053    6    6 99.999 99.999   99  16.803516266 -21.439681807  0  6 55.30 2007  9  8 2454351.50480671    30    Clear               pasiphae0024.fits                                  Pasiphae               376   268     1   0.000   0.000
   0.115  -0.261  310.94  104.08 1.476   1769.73   2182.29 25.398 26.228 99.999 17.278 18.108 99.999 99.999 99.999  0.531 99.999 99.999 99.999 99.999  99.999  99.999  99.999  99.999  0.019  0.019  0.073  0.037  0.084  0.043    8    6 99.999 99.999   99  16.803520764 -21.439675056  0  7 32.66 2007  9  8 2454351.50523912    30    Clear               pasiphae0025.fits                                  Pasiphae               376   268     1   0.000   0.000
   0.087  -0.275  310.79  103.89 1.254   1911.45   2308.19 25.456 26.384 99.999 17.253 18.180 99.999 99.999 99.999  0.575 99.999 99.999 99.999 99.999  99.999  99.999  99.999  99.999  0.016  0.016  0.066  0.039  0.076  0.045    8    6 99.999 99.999   99  16.803522597 -21.439682527  0  8 10.04 2007  9  8 2454351.50567176    30    Clear               pasiphae0026.fits                                  Pasiphae               376   268     1   0.000   0.000
  -0.050   0.002  313.19  104.51 1.410   2069.45   2158.83 25.462 26.551 99.999 17.172 18.262 99.999 99.999 99.999  0.566 99.999 99.999 99.999 99.999  99.999  99.999  99.999  99.999  0.016  0.016  0.090  0.104  0.096  0.110    7    6 99.999 99.999   99  16.803524726 -21.439612685  0  9 25.62 2007  9  8 2454351.50654653    30    Clear               pasiphae0028.fits                                  Pasiphae               376   268     1   0.000   0.000
  -0.027  -0.095  312.32  104.16 1.394   2029.37   2080.96 25.566 26.415 99.999 17.297 18.146 99.999 99.999 99.999  0.663 99.999 99.999 99.999 99.999  99.999  99.999  99.999  99.999  0.014  0.014  0.069  0.042  0.113  0.070    6    6 99.999 99.999   99  16.803527569 -21.439643364  0 10  3.00 2007  9  8 2454351.50697917    30    Clear               pasiphae0029.fits                                  Pasiphae               376   268     1   0.000   0.000
  -0.055  -0.320  314.50  104.53 1.429   1698.79   2259.76 25.428 26.265 99.999 17.353 18.190 99.999 99.999 99.999  0.538 99.999 99.999 99.999 99.999  99.999  99.999  99.999  99.999  0.026  0.026  0.054  0.046  0.070  0.059    7    6 99.999 99.999   99  16.803529406 -21.439709420  0 10 40.36 2007  9  8 2454351.50741157    30    Clear               pasiphae0030.fits                                  Pasiphae               376   268     1   0.000   0.000
  -0.111   0.090  315.66  104.45 1.502   1843.94   2106.05 25.353 26.462 99.999 17.189 18.298 99.999 99.999 99.999  0.539 99.999 99.999 99.999 99.999  99.999  99.999  99.999  99.999  0.012  0.012  0.146  0.078  0.140  0.075    7    5 99.999 99.999   99  16.803530746 -21.439599086  0 11 18.58 2007  9  8 2454351.50785394    30    Clear               pasiphae0031.fits                                  Pasiphae               376   268     1   0.000   0.000
  -0.001  -0.270  315.32  104.60 1.572   1707.04   2155.54 25.384 26.168 99.999 17.303 18.087 99.999 99.999 99.999  0.463 99.999 99.999 99.999 99.999  99.999  99.999  99.999  99.999  0.015  0.015  0.077  0.044  0.107  0.061    8    7 99.999 99.999   99  16.803535315 -21.439702746  0 11 55.94 2007  9  8 2454351.50828634    30    Clear               pasiphae0032.fits                                  Pasiphae               376   268     1   0.000   0.000
   0.081  -0.263  317.18  104.55 1.624   1599.38   2044.96 25.358 26.202 99.999 17.348 18.192 99.999 99.999 99.999  0.490 99.999 99.999 99.999 99.999  99.999  99.999  99.999  99.999  0.020  0.020  0.050  0.053  0.057  0.061    8    5 99.999 99.999   99  16.803539365 -21.439704355  0 12 33.30 2007  9  8 2454351.50871875    30    Clear               pasiphae0033.fits                                  Pasiphae               376   268     1   0.000   0.000
  -0.021  -0.321  319.10  104.55 1.610   1555.79   1965.42 25.343 26.170 99.999 17.363 18.191 99.999 99.999 99.999  0.486 99.999 99.999 99.999 99.999  99.999  99.999  99.999  99.999  0.011  0.011  0.069  0.039  0.096  0.054    8    7 99.999 99.999   99  16.803539721 -21.439724033  0 13 10.66 2007  9  8 2454351.50915116    30    Clear               pasiphae0034.fits                                  Pasiphae               376   268     1   0.000   0.000
   0.008  -0.292  318.71  104.54 1.571   1718.23   2055.35 25.429 26.266 99.999 17.342 18.179 99.999 99.999 99.999  0.501 99.999 99.999 99.999 99.999  99.999  99.999  99.999  99.999  0.014  0.013  0.072  0.046  0.100  0.064    8    7 99.999 99.999   99  16.803542638 -21.439719692  0 13 47.34 2007  9  8 2454351.50957569    30    Clear               pasiphae0035.fits                                  Pasiphae               376   268     1   0.000   0.000
   0.179  -0.154  925.77  658.44 1.113    315.13    266.63 24.187 23.789 99.999 17.941 17.543 99.999 99.999 99.999  0.362 99.999 99.999 99.999 99.999  99.999  99.999  99.999  99.999  0.011  0.011  0.017  0.018  0.054  0.056   12   11 99.999 99.999   99  21.975680855 -13.004454193  6 47 46.07 2009  6 21 2455003.78317211   120    I                   pasiphae_0001.fits                                 Pasiphae              2045  2050     1   0.000   0.000
   0.188  -0.160  926.01  656.92 1.106    313.05    270.93 24.200 23.869 99.999 17.961 17.630 99.999 99.999 99.999  0.362 99.999 99.999 99.999 99.999  99.999  99.999  99.999  99.999  0.012  0.012  0.014  0.019  0.043  0.059   12   10 99.999 99.999   99  21.975677212 -13.004467032  6 50 22.18 2009  6 21 2455003.78497894   120    I                   pasiphae_0002.fits                                 Pasiphae              2045  2050     1   0.000   0.000
   0.189  -0.156  926.41  655.32 1.003    336.33    290.55 24.297 23.886 99.999 17.980 17.569 99.999 99.999 99.999  0.361 99.999 99.999 99.999 99.999  99.999  99.999  99.999  99.999  0.005  0.005  0.017  0.019  0.052  0.057   12   10 99.999 99.999   99  21.975673420 -13.004477028  6 52 57.84 2009  6 21 2455003.78678056   120    I                   pasiphae_0003.fits                                 Pasiphae              2045  2050     1   0.000   0.000
   0.191  -0.142  926.89  653.13 1.003    336.45    289.20 24.254 23.856 99.999 17.937 17.539 99.999 99.999 99.999  0.366 99.999 99.999 99.999 99.999  99.999  99.999  99.999  99.999  0.015  0.015  0.014  0.019  0.043  0.058   12   10 99.999 99.999   99  21.975665871 -13.004494863  6 58  7.93 2009  6 21 2455003.79036956   120    I                   pasiphae_0005.fits                                 Pasiphae              2045  2050     1   0.000   0.000
   0.141  -0.141  925.85  649.66 1.284    159.71    299.85 23.616 23.269 99.999 18.108 17.761 99.999 99.999 99.999  0.361 99.999 99.999 99.999 99.999  99.999  99.999  99.999  99.999  0.003  0.003  0.013  0.019  0.041  0.060   12   11 99.999 99.999   99  21.975661143 -13.004505830  7  0 43.03 2009  6 21 2455003.79216470   120    I                   pasiphae_0006.fits                                 Pasiphae              2045  2050     1   0.000   0.000
  -0.667  -0.015  923.89  642.85 1.110    119.23    273.50 23.400 23.098 99.999 18.209 17.907 99.999 99.999 99.999  0.391 99.999 99.999 99.999 99.999  99.999  99.999  99.999  99.999  0.017  0.026  0.012  0.018  0.038  0.058   13   11 99.999 99.999   99  21.975641995 -13.004481655  7  3 18.00 2009  6 21 2455003.79395833   120    I                   pasiphae_0007.fits                                 Pasiphae              2045  2050     1   0.000   0.000
   0.481  -0.153  922.18  645.94 1.255    194.89    271.06 23.597 23.267 99.999 17.873 17.543 99.999 99.999 99.999  0.361 99.999 99.999 99.999 99.999  99.999  99.999  99.999  99.999  0.015  0.017  0.013  0.019  0.040  0.061   12   11 99.999 99.999   99  21.975660040 -13.004530994  7  5 52.99 2009  6 21 2455003.79575220   120    I                   pasiphae_0008.fits                                 Pasiphae              2045  2050     1   0.000   0.000
   0.131  -0.143  921.06  643.58 1.199    173.43    296.94 23.499 23.265 99.999 17.901 17.667 99.999 99.999 99.999  0.419 99.999 99.999 99.999 99.999  99.999  99.999  99.999  99.999  0.029  0.029  0.013  0.020  0.038  0.058   12   10 99.999 99.999   99  21.975649598 -13.004539186  7  8 28.00 2009  6 21 2455003.79754630   120    I                   pasiphae_0009.fits                                 Pasiphae              2045  2050     1   0.000   0.000
   0.182  -0.142  916.52  639.97 1.408    174.63    276.69 23.593 23.307 99.999 17.987 17.702 99.999 99.999 99.999  0.365 99.999 99.999 99.999 99.999  99.999  99.999  99.999  99.999  0.026  0.027  0.013  0.020  0.041  0.061   12   10 99.999 99.999   99  21.975642984 -13.004560910  7 13 37.96 2009  6 21 2455003.80113380   120    I                   pasiphae_0011.fits                                 Pasiphae              2045  2050     1   0.000   0.000
   0.196  -0.139  914.88  637.47 1.414    180.91    281.16 23.622 23.325 99.999 17.978 17.681 99.999 99.999 99.999  0.341 99.999 99.999 99.999 99.999  99.999  99.999  99.999  99.999  0.027  0.027  0.019  0.020  0.059  0.061   11   10 99.999 99.999   99  21.975639447 -13.004571223  7 16 12.87 2009  6 21 2455003.80292674   120    I                   pasiphae_0012.fits                                 Pasiphae              2045  2050     1   0.000   0.000
   0.172  -0.242  984.69 1115.76 1.035    109.12    148.77 22.727 22.673 99.999 17.632 17.578 99.999 99.999 99.999  0.204 99.999 99.999 99.999 99.999  99.999  99.999  99.999  99.999  0.015  0.015  0.020  0.020  0.046  0.044    8    8 99.999 99.999   99  21.969020098 -13.027715295  7 12 49.29 2009  6 24 2455006.80057049    60    I                   pasiphae_0001.fits                                 Pasiphae              2045  2050     1   0.000   0.000
   0.193  -0.201  983.72 1114.17 1.608     67.68    135.86 22.238 21.974 99.999 17.661 17.397 99.999 99.999 99.999  0.228 99.999 99.999 99.999 99.999  99.999  99.999  99.999  99.999  0.019  0.019  0.030  0.022  0.066  0.048    8    7 99.999 99.999   99  21.969017466 -13.027714061  7 14 25.18 2009  6 24 2455006.80168032    60    I                   pasiphae_0002.fits                                 Pasiphae              2045  2050     1   0.000   0.000
   0.192  -0.233  982.82 1109.40 1.638     88.16    129.52 22.521 22.405 99.999 17.658 17.541 99.999 99.999 99.999  0.211 99.999 99.999 99.999 99.999  99.999  99.999  99.999  99.999  0.017  0.017  0.026  0.022  0.059  0.049    9    8 99.999 99.999   99  21.969014484 -13.027733177  7 16  0.03 2009  6 24 2455006.80277812    60    I                   pasiphae_0003.fits                                 Pasiphae              2045  2050     1   0.000   0.000
   0.157  -0.223  982.35 1107.74 4.318    341.16   -137.53 22.366 22.296 99.999 16.034 15.963 99.999 99.999 99.999  0.229 99.999 99.999 99.999 99.999  99.999  99.999  99.999  99.999  0.024  0.023  0.018  0.018  0.041  0.040    8    8 99.999 99.999   99  21.969010818 -13.027740378  7 17 35.02 2009  6 24 2455006.80387755    60    I                   pasiphae_0004.fits                                 Pasiphae              2045  2050     1   0.000   0.000
   0.220  -0.215 1012.82 1127.29 1.346    100.70    135.04 22.672 22.499 99.999 17.665 17.491 99.999 99.999 99.999  0.195 99.999 99.999 99.999 99.999  99.999  99.999  99.999  99.999  0.004  0.004  0.027  0.021  0.060  0.048    8    8 99.999 99.999   99  21.969009006 -13.027748391  7 19 10.05 2009  6 24 2455006.80497743    60    I                   pasiphae_0005.fits                                 Pasiphae              2045  2050     1   0.000   0.000
   0.163  -0.263 1014.28 1131.66 1.049     94.77    151.03 22.652 22.401 99.999 17.711 17.459 99.999 99.999 99.999  0.195 99.999 99.999 99.999 99.999  99.999  99.999  99.999  99.999  0.005  0.005  0.028  0.019  0.062  0.043    8    8 99.999 99.999   99  21.969004924 -13.027771596  7 20 45.04 2009  6 24 2455006.80607685    60    I                   pasiphae_0006.fits                                 Pasiphae              2045  2050     1   0.000   0.000
   0.181  -0.239 1013.94 1130.12 0.941    114.55    153.69 22.795 22.556 99.999 17.647 17.408 99.999 99.999 99.999  0.194 99.999 99.999 99.999 99.999  99.999  99.999  99.999  99.999  0.017  0.017  0.024  0.022  0.054  0.049    8    8 99.999 99.999   99  21.969002303 -13.027775286  7 22 19.90 2009  6 24 2455006.80717477    60    I                   pasiphae_0007.fits                                 Pasiphae              2045  2050     1   0.000   0.000
   0.159  -0.229 1013.45 1126.90 1.833     74.22    130.45 22.333 22.299 99.999 17.656 17.623 99.999 99.999 99.999  0.225 99.999 99.999 99.999 99.999  99.999  99.999  99.999  99.999  0.002  0.002  0.020  0.025  0.044  0.056    8    7 99.999 99.999   99  21.968998875 -13.027782561  7 23 54.90 2009  6 24 2455006.80827431    60    I                   pasiphae_0008.fits                                 Pasiphae              2045  2050     1   0.000   0.000
   0.176  -0.237 1014.89 1123.07 1.308     90.24    141.21 22.580 22.394 99.999 17.691 17.505 99.999 99.999 99.999  0.200 99.999 99.999 99.999 99.999  99.999  99.999  99.999  99.999  0.021  0.021  0.027  0.022  0.061  0.049    8    8 99.999 99.999   99  21.968996201 -13.027794795  7 25 29.83 2009  6 24 2455006.80937303    60    I                   pasiphae_0009.fits                                 Pasiphae              2045  2050     1   0.000   0.000
   0.206  -0.238 1015.04 1125.66 1.372     81.67    136.96 22.508 22.277 99.999 17.728 17.497 99.999 99.999 99.999  0.206 99.999 99.999 99.999 99.999  99.999  99.999  99.999  99.999  0.023  0.023  0.027  0.022  0.061  0.050    8    8 99.999 99.999   99  21.968993799 -13.027804873  7 27  4.75 2009  6 24 2455006.81047164    60    I                   pasiphae_0010.fits                                 Pasiphae              2045  2050     1   0.000   0.000
  -0.060   0.115  893.77  999.56 1.233    439.65    629.70 23.721 23.400 99.999 17.113 16.793 99.999 99.999 99.999  0.316 99.999 99.999 99.999 99.999  99.999  99.999  99.999  99.999  0.006  0.006  0.026  0.027  0.063  0.064   15   10 99.999 99.999   99   7.405131283  23.186975512  5  9 36.42 2013 11 10 2456606.71500487   120    I                   Pasiphae_001.fits                                  Pasiphae              2048  2048     1   0.000   0.000
  -0.058   0.147  893.90  999.57 1.084    555.11    645.03 23.968 23.659 99.999 17.107 16.798 99.999 99.999 99.999  0.309 99.999 99.999 99.999 99.999  99.999  99.999  99.999  99.999  0.007  0.007  0.026  0.025  0.061  0.060   15   10 99.999 99.999   99   7.405130743  23.187006553  5 12 59.92 2013 11 10 2456606.71736017   120    I                   Pasiphae_002.fits                                  Pasiphae              2048  2048     1   0.000   0.000
  -0.086   0.131  894.37  998.81 1.327    406.85    651.57 23.594 23.279 99.999 17.070 16.755 99.999 99.999 99.999  0.311 99.999 99.999 99.999 99.999  99.999  99.999  99.999  99.999  0.008  0.008  0.029  0.019  0.086  0.056   16   12 99.999 99.999   99   7.405129460  23.187029581  5 17  9.73 2013 11 10 2456606.72025150   120    I                   Pasiphae_004.fits                                  Pasiphae              2048  2048     1   0.000   0.000
  -0.078   0.140  895.16  999.55 1.179    503.91    659.39 23.842 23.509 99.999 17.086 16.753 99.999 99.999 99.999  0.327 99.999 99.999 99.999 99.999  99.999  99.999  99.999  99.999  0.005  0.005  0.034  0.021  0.089  0.055   13   10 99.999 99.999   99   7.405129270  23.187045468  5 19 14.66 2013 11 10 2456606.72169740   120    I                   Pasiphae_005.fits                                  Pasiphae              2048  2048     1   0.000   0.000
  -0.043   0.132  895.01  997.95 1.233    463.70    654.37 23.776 23.474 99.999 17.111 16.808 99.999 99.999 99.999  0.319 99.999 99.999 99.999 99.999  99.999  99.999  99.999  99.999  0.005  0.005  0.025  0.027  0.060  0.063   15   10 99.999 99.999   99   7.405129613  23.187056986  5 21 19.56 2013 11 10 2456606.72314309   120    I                   Pasiphae_006.fits                                  Pasiphae              2048  2048     1   0.000   0.000
  -0.041   0.147  895.00  997.66 1.276    361.21    656.35 23.494 23.192 99.999 17.099 16.798 99.999 99.999 99.999  0.315 99.999 99.999 99.999 99.999  99.999  99.999  99.999  99.999  0.009  0.009  0.026  0.027  0.061  0.065   15   10 99.999 99.999   99   7.405129289  23.187074817  5 23 24.48 2013 11 10 2456606.72458892   120    I                   Pasiphae_007.fits                                  Pasiphae              2048  2048     1   0.000   0.000
  -0.019   0.130  895.45  998.22 1.506    234.29    653.69 23.034 22.717 99.999 17.109 16.792 99.999 99.999 99.999  0.351 99.999 99.999 99.999 99.999  99.999  99.999  99.999  99.999  0.009  0.009  0.030  0.029  0.057  0.053   11    8 99.999 99.999   99   7.405129344  23.187083536  5 25 29.39 2013 11 10 2456606.72603462   120    I                   Pasiphae_008.fits                                  Pasiphae              2048  2048     1   0.000   0.000
  -0.015   0.114  895.11  998.10 1.420    278.00    663.29 23.161 22.797 99.999 17.051 16.687 99.999 99.999 99.999  0.287 99.999 99.999 99.999 99.999  99.999  99.999  99.999  99.999  0.009  0.008  0.032  0.021  0.076  0.051   13   10 99.999 99.999   99   7.405129058  23.187092749  5 27 34.29 2013 11 10 2456606.72748023   120    I                   Pasiphae_009.fits                                  Pasiphae              2048  2048     1   0.000   0.000
  -0.051   0.117  896.21  997.94 1.844    177.33    643.39 22.733 22.450 99.999 17.111 16.828 99.999 99.999 99.999  0.342 99.999 99.999 99.999 99.999  99.999  99.999  99.999  99.999  0.013  0.013  0.025  0.028  0.060  0.066   15   10 99.999 99.999   99   7.405127974  23.187106829  5 29 39.21 2013 11 10 2456606.72892604   120    I                   Pasiphae_010.fits                                  Pasiphae              2048  2048     1   0.000   0.000
  -0.104   0.132  896.61  996.96 1.970    126.87    642.60 22.393 22.108 99.999 17.135 16.849 99.999 99.999 99.999  0.430 99.999 99.999 99.999 99.999  99.999  99.999  99.999  99.999  0.019  0.019  0.027  0.026  0.070  0.068   14    8 99.999 99.999   99   7.405125772  23.187151774  5 35 53.94 2013 11 10 2456606.73326324   120    I                   Pasiphae_013.fits                                  Pasiphae              2048  2048     1   0.000   0.000
  -0.035   0.128  896.75  997.30 2.338    124.16    620.70 22.305 22.052 99.999 17.070 16.817 99.999 99.999 99.999  0.292 99.999 99.999 99.999 99.999  99.999  99.999  99.999  99.999  0.017  0.017  0.019  0.017  0.056  0.051   16   10 99.999 99.999   99   7.405126771  23.187164170  5 37 58.85 2013 11 10 2456606.73470890   120    I                   Pasiphae_014.fits                                  Pasiphae              2048  2048     1   0.000   0.000
  -0.042   0.148  896.78  994.70 1.865    193.22    621.93 22.797 22.465 99.999 17.082 16.750 99.999 99.999 99.999  0.250 99.999 99.999 99.999 99.999  99.999  99.999  99.999  99.999  0.011  0.012  0.023  0.027  0.054  0.064   14   10 99.999 99.999   99   7.405126275  23.187183051  5 40  3.77 2013 11 10 2456606.73615470   120    I                   Pasiphae_015.fits                                  Pasiphae              2048  2048     1   0.000   0.000
