   0.053  -0.294  550.23 1041.48 3.255    453.52    760.25 23.624 23.834 99.999 16.983 17.192 99.999 99.999 99.999  0.247 99.999 99.999 99.999 99.999  99.999  99.999  99.999  99.999  0.032  0.030  0.025  0.019  0.065  0.050   23   22 99.999 99.999   99  16.907681165 -22.467656448  3  0 40.00 1995  5 19 2449856.62546296    60  C                     18059501.pas.fits                                  Pasiphae               770  1152     1   0.000   0.000
   0.081  -0.288  550.16 1044.79 1.970    333.21    950.05 23.736 23.936 99.999 17.429 17.629 99.999 99.999 99.999  0.251 99.999 99.999 99.999 99.999  99.999  99.999  99.999  99.999  0.023  0.023  0.024  0.021  0.063  0.055   22   20 99.999 99.999   99  16.907700883 -22.467693425 26 57 28.00 1995  5 18 2449856.62324074    60  C                     18059502.pas.fits                                  Pasiphae               770  1152     1   0.000   0.000
   0.147  -0.066  406.34  579.41 0.962    369.88    186.00 23.979 24.066 99.999 17.559 17.646 99.999 99.999 99.999  0.348 99.999 99.999 99.999 99.999  99.999  99.999  99.999  99.999  0.008  0.008  0.007  0.006  0.053  0.047  104   65 99.999 99.999   99  18.678461488 -24.389703795 25 36 17.06 1996  8 21 2450317.56686412    20                        21089602.pas.fits                                  Pasiphae               770  1140     1   0.000   0.000
   0.156  -0.074  366.70  588.85 1.039    331.28    171.17 23.895 23.937 99.999 17.594 17.637 99.999 99.999 99.999  0.309 99.999 99.999 99.999 99.999  99.999  99.999  99.999  99.999  0.018  0.018  0.008  0.006  0.059  0.045   96   59 99.999 99.999   99  18.678407886 -24.389842926 26 10 18.15 1996  8 21 2450317.59048785    20                        21089604.pas.fits                                  Pasiphae               770  1140     1   0.000   0.000
   0.165  -0.079  366.37  588.98 1.023    333.45    173.46 23.877 23.912 99.999 17.570 17.605 99.999 99.999 99.999  0.309 99.999 99.999 99.999 99.999  99.999  99.999  99.999  99.999  0.013  0.013  0.007  0.007  0.057  0.051   98   59 99.999 99.999   99  18.678406528 -24.389848619 26 11 18.12 1996  8 21 2450317.59118194    20                        21089605.pas.fits                                  Pasiphae               770  1140     1   0.000   0.000
   0.138  -0.050  367.82  645.03 0.958    264.93    497.23 23.904 23.943 99.999 17.846 17.886 99.999 99.999 99.999  0.320 99.999 99.999 99.999 99.999  99.999  99.999  99.999  99.999  0.011  0.011  0.007  0.008  0.048  0.052   79   53 99.999 99.999   99  18.671920733 -24.412716282 24 42 46.90 1996  8 25 2450321.52970949    20                        25089601.pas.fits                                  Pasiphae               739  1140     1   0.000   0.000
   0.139  -0.049  366.12  645.34 0.834    304.69    511.51 24.002 24.059 99.999 17.793 17.849 99.999 99.999 99.999  0.298 99.999 99.999 99.999 99.999  99.999  99.999  99.999  99.999  0.012  0.012  0.007  0.007  0.051  0.050   83   57 99.999 99.999   99  18.671919766 -24.412719165 24 43 44.84 1996  8 25 2450321.53038009    20                        25089602.pas.fits                                  Pasiphae               739  1140     1   0.000   0.000
   0.132  -0.041  377.44  642.20 0.774    401.93    526.40 24.290 24.309 99.999 17.780 17.799 99.999 99.999 99.999  0.276 99.999 99.999 99.999 99.999  99.999  99.999  99.999  99.999  0.012  0.012  0.008  0.008  0.051  0.053   83   54 99.999 99.999   99  18.671898869 -24.412783042 25  4 33.90 1996  8 25 2450321.54483681    20                        25089603.pas.fits                                  Pasiphae               739  1140     1   0.000   0.000
   0.138  -0.097  368.99  637.13 0.809    367.56    523.01 24.131 24.176 99.999 17.718 17.763 99.999 99.999 99.999  0.195 99.999 99.999 99.999 99.999  99.999  99.999  99.999  99.999  0.003  0.003  0.008  0.009  0.052  0.060   79   54 99.999 99.999   99  18.671871302 -24.412885275 25 32 38.91 1996  8 25 2450321.56433924    20                        25089605.pas.fits                                  Pasiphae               739  1140     1   0.000   0.000
   0.144  -0.053  366.22  637.33 0.740    406.27    534.02 24.256 24.271 99.999 17.734 17.749 99.999 99.999 99.999  0.218 99.999 99.999 99.999 99.999  99.999  99.999  99.999  99.999  0.017  0.017  0.008  0.008  0.054  0.051   80   54 99.999 99.999   99  18.671870461 -24.412876038 25 33 37.84 1996  8 25 2450321.56502130    20                        25089606.pas.fits                                  Pasiphae               739  1140     1   0.000   0.000
   0.176  -0.057  461.90  531.34 1.633    209.46    193.65 22.957 23.191 99.999 17.154 17.388 99.999 99.999 99.999  0.427 99.999 99.999 99.999 99.999  99.999  99.999  99.999  99.999  0.009  0.009  0.008  0.007  0.054  0.049   74   53 99.999 99.999   99  18.804283766 -24.070170199  3  1 12.24 1996  7 26 2450290.62583611    10  filtro desconhecido   26079602.pas.fits                                  Pasiphae              1000  1024     1   0.000   0.000
   0.198  -0.061  461.60  531.51 1.487    186.23    204.58 22.851 22.991 99.999 17.176 17.316 99.999 99.999 99.999  0.419 99.999 99.999 99.999 99.999  99.999  99.999  99.999  99.999  0.021  0.020  0.008  0.007  0.056  0.055   76   57 99.999 99.999   99  18.804279970 -24.070181258  3  2  4.14 1996  7 26 2450290.62643681    10  filtro desconhecido   26079603.pas.fits                                  Pasiphae              1000  1024     1   0.000   0.000
   0.176  -0.125  461.90  531.48 1.699    317.11    101.63 22.972 23.133 99.999 16.719 16.880 99.999 99.999 99.999  0.392 99.999 99.999 99.999 99.999  99.999  99.999  99.999  99.999  0.023  0.036  0.007  0.008  0.054  0.057   73   55 99.999 99.999   99  18.804275350 -24.070209211  3  2 55.22 1996  7 26 2450290.62702801    10  filtro desconhecido   26079604.pas.fits                                  Pasiphae              1000  1024     1   0.000   0.000
   0.155  -0.008  461.95  531.72 1.418    216.25    203.98 23.007 23.181 99.999 17.170 17.344 99.999 99.999 99.999  0.398 99.999 99.999 99.999 99.999  99.999  99.999  99.999  99.999  0.017  0.016  0.007  0.007  0.054  0.047   73   53 99.999 99.999   99  18.804270590 -24.070186897  3  3 48.22 1996  7 26 2450290.62764144    10  filtro desconhecido   26079605.pas.fits                                  Pasiphae              1000  1024     1   0.000   0.000
   0.156  -0.058  470.48  526.51 0.659    580.51    209.51 24.043 24.087 99.999 17.133 17.178 99.999 99.999 99.999  0.519 99.999 99.999 99.999 99.999  99.999  99.999  99.999  99.999  0.007  0.007  0.008  0.009  0.044  0.047   47   34 99.999 99.999   99  18.797728022 -24.086781684 26 17 20.19 1996  7 26 2450291.59537257    10  filtro desconhecido   26079607.pas.fits                                  Pasiphae              1024  1024     1   0.000   0.000
   0.148  -0.039  469.50  526.97 0.669    548.96    212.66 23.924 24.157 99.999 17.075 17.308 99.999 99.999 99.999  0.390 99.999 99.999 99.999 99.999  99.999  99.999  99.999  99.999  0.012  0.012  0.007  0.010  0.041  0.057   43   31 99.999 99.999   99  18.797723689 -24.086786419 26 18 12.15 1996  7 26 2450291.59597396    10  filtro desconhecido   26079608.pas.fits                                  Pasiphae              1024  1024     1   0.000   0.000
   0.142  -0.060  471.25  526.88 0.723    521.67    197.50 23.928 23.884 99.999 17.134 17.090 99.999 99.999 99.999  0.424 99.999 99.999 99.999 99.999  99.999  99.999  99.999  99.999  0.007  0.007  0.008  0.008  0.045  0.047   49   33 99.999 99.999   99  18.797719385 -24.086802176 26 19  4.17 1996  7 26 2450291.59657604    10  filtro desconhecido   26079609.pas.fits                                  Pasiphae              1024  1024     1   0.000   0.000
   0.168  -0.034  472.46  527.02 0.653    610.25    206.82 24.041 24.106 99.999 17.077 17.142 99.999 99.999 99.999  0.519 99.999 99.999 99.999 99.999  99.999  99.999  99.999  99.999  0.006  0.006  0.007  0.010  0.042  0.059   46   36 99.999 99.999   99  18.797715711 -24.086804981 26 19 56.24 1996  7 26 2450291.59717870    10  filtro desconhecido   26079610.pas.fits                                  Pasiphae              1024  1024     1   0.000   0.000
   0.161  -0.058  472.56  527.09 0.778    437.32    192.74 23.680 23.715 99.999 17.078 17.113 99.999 99.999 99.999  0.457 99.999 99.999 99.999 99.999  99.999  99.999  99.999  99.999  0.007  0.007  0.008  0.009  0.047  0.052   56   39 99.999 99.999   99  18.797711406 -24.086821589 26 20 48.14 1996  7 26 2450291.59777940    10  filtro desconhecido   26079611.pas.fits                                  Pasiphae              1024  1024     1   0.000   0.000
   0.164  -0.063  476.13  527.09 0.668    461.00    223.70 23.742 23.900 99.999 17.083 17.241 99.999 99.999 99.999  0.351 99.999 99.999 99.999 99.999  99.999  99.999  99.999  99.999  0.010  0.010  0.008  0.010  0.047  0.055   46   36 99.999 99.999   99  18.797707350 -24.086833043 26 21 39.17 1996  7 26 2450291.59837002    10  filtro desconhecido   26079612.pas.fits                                  Pasiphae              1024  1024     1   0.000   0.000
   0.155  -0.059  481.10  528.02 0.778    441.96    190.97 23.683 23.736 99.999 17.070 17.123 99.999 99.999 99.999  0.458 99.999 99.999 99.999 99.999  99.999  99.999  99.999  99.999  0.014  0.014  0.007  0.008  0.045  0.052   56   41 99.999 99.999   99  18.797698723 -24.086851870 26 23 24.18 1996  7 26 2450291.59958542    10  filtro desconhecido   26079614.pas.fits                                  Pasiphae              1024  1024     1   0.000   0.000
   0.155  -0.054  482.10  528.09 0.755    474.31    188.99 23.783 23.832 99.999 17.093 17.142 99.999 99.999 99.999  0.474 99.999 99.999 99.999 99.999  99.999  99.999  99.999  99.999  0.011  0.011  0.007  0.009  0.045  0.056   55   41 99.999 99.999   99  18.797694530 -24.086860631 26 24 16.20 1996  7 26 2450291.60018750    10  filtro desconhecido   26079615.pas.fits                                  Pasiphae              1024  1024     1   0.000   0.000
  -0.300  -0.100  478.12  437.03 1.734    344.36    434.00 23.567 23.581 99.999 17.224 17.238 99.999 99.999 99.999  0.148 99.999 99.999 99.999 99.999  99.999  99.999  99.999  99.999  0.012  0.012  0.006  0.006  0.040  0.041   57   49 99.999 99.999   99  19.075021929 -23.262988473 25 47 23.00 1996  6 20 2450255.57457176    60  CLEAR                 20069601.pas.fits                                  Pasiphae              1000  1024     1   0.000   0.000
  -0.298  -0.107  478.47  432.78 1.775    942.26    730.62 24.675 24.716 99.999 17.239 17.281 99.999 99.999 99.999  0.153 99.999 99.999 99.999 99.999  99.999  99.999  99.999  99.999  0.010  0.010  0.006  0.006  0.040  0.043   59   50 99.999 99.999   99  19.075003400 -23.263058052 25 50 56.00 1996  6 20 2450255.57703704   120  CLEAR                 20069602.pas.fits                                  Pasiphae              1000  1024     1   0.000   0.000
  -0.358  -0.120  477.63  424.37 1.888   1050.00    601.29 24.780 24.842 99.999 17.227 17.289 99.999 99.999 99.999  0.151 99.999 99.999 99.999 99.999  99.999  99.999  99.999  99.999  0.010  0.010  0.006  0.006  0.043  0.044   60   53 99.999 99.999   99  19.074967832 -23.263186513 25 57 30.00 1996  6 20 2450255.58159722   120  CLEAR                 20069603.pas.fits                                  Pasiphae              1000  1024     1   0.000   0.000
  -0.350  -0.118  477.62  420.89 1.822    952.82    651.56 24.695 24.852 99.999 17.248 17.404 99.999 99.999 99.999  0.167 99.999 99.999 99.999 99.999  99.999  99.999  99.999  99.999  0.012  0.012  0.006  0.006  0.038  0.038   57   49 99.999 99.999   99  19.074949659 -23.263252294 26  0 60.00 1996  6 20 2450255.58402778   120  CLEAR                 20069604.pas.fits                                  Pasiphae              1000  1024     1   0.000   0.000
  -0.010  -0.042  562.88  515.07 1.376   1975.53    600.98 25.160 25.228 99.999 16.921 16.988 99.999 99.999 99.999  0.311 99.999 99.999 99.999 99.999  99.999  99.999  99.999  99.999  0.012  0.012  0.008  0.007  0.046  0.041   48   42 99.999 99.999   99  19.067743378 -23.289213604 25 30 55.00 1996  6 21 2450256.56313657   120  CLEAR                 21069601.pas.fits                                  Pasiphae              1000  1024     1   0.000   0.000
  -0.050  -0.038  565.62  515.35 1.339   2264.01    630.24 25.280 25.382 99.999 16.893 16.995 99.999 99.999 99.999  0.339 99.999 99.999 99.999 99.999  99.999  99.999  99.999  99.999  0.010  0.010  0.007  0.006  0.045  0.039   51   44 99.999 99.999   99  19.067726071 -23.289271762 25 34  2.00 1996  6 21 2450256.56530093   120  CLEAR                 21069602.pas.fits                                  Pasiphae              1000  1024     1   0.000   0.000
  -0.012  -0.030  568.31  515.22 1.563   1734.42    534.60 25.118 25.166 99.999 17.020 17.068 99.999 99.999 99.999  0.301 99.999 99.999 99.999 99.999  99.999  99.999  99.999  99.999  0.010  0.010  0.008  0.006  0.047  0.040   49   43 99.999 99.999   99  19.067711350 -23.289325357 25 36 58.00 1996  6 21 2450256.56733796   120  CLEAR                 21069603.pas.fits                                  Pasiphae              1000  1024     1   0.000   0.000
  -0.054  -0.030  571.88  514.80 1.540   1732.66    560.51 25.121 25.189 99.999 17.024 17.092 99.999 99.999 99.999  0.310 99.999 99.999 99.999 99.999  99.999  99.999  99.999  99.999  0.012  0.012  0.008  0.007  0.048  0.038   44   39 99.999 99.999   99  19.067695695 -23.289378297 25 39 46.00 1996  6 21 2450256.56928241   120  CLEAR                 21069604.pas.fits                                  Pasiphae              1000  1024     1   0.000   0.000
  -0.033  -0.018  612.61  535.88 1.062   4294.73   1254.85 25.798 26.290 99.999 16.716 17.208 99.999 99.999 99.999  0.720 99.999 99.999 99.999 99.999  99.999  99.999  99.999  99.999  0.019  0.019  0.007  0.007  0.045  0.045   61   51 99.999 99.999   99  19.052640755 -23.342474972 25 49 40.00 1996  6 23 2450258.57615741   180  CLEAR                 23069601.pas.fits                                  Pasiphae              1024  1024     1   0.000   0.000
  -0.031  -0.025  618.65  535.08 1.109   3863.69   1296.23 25.680 26.153 99.999 16.713 17.186 99.999 99.999 99.999  0.687 99.999 99.999 99.999 99.999  99.999  99.999  99.999  99.999  0.016  0.016  0.007  0.007  0.046  0.044   58   49 99.999 99.999   99  19.052608851 -23.342588185 25 55 34.00 1996  6 23 2450258.58025463   180  CLEAR                 23069602.pas.fits                                  Pasiphae              1024  1024     1   0.000   0.000
  -0.038  -0.025  571.61  487.07 1.309   3348.59   2138.77 25.536 25.617 99.999 16.723 16.804 99.999 99.999 99.999  0.364 99.999 99.999 99.999 99.999  99.999  99.999  99.999  99.999  0.019  0.019  0.005  0.008  0.036  0.050   60   46 99.999 99.999   99  19.036990041 -23.396171133  2 51 32.00 1996  6 26 2450260.61912037   240  CLEAR                 25069601.pas.fits                                  Pasiphae              1024  1024     1   0.000   0.000
   0.101   0.010  578.75  486.40 1.236   1444.95   2716.46 24.802 24.824 99.999 16.902 16.924 99.999 99.999 99.999  0.298 99.999 99.999 99.999 99.999  99.999  99.999  99.999  99.999  0.030  0.030  0.005  0.007  0.035  0.050   65   52 99.999 99.999   99  19.036951782 -23.396297613  2 58 57.00 1996  6 26 2450260.62427083   240  CLEAR                 25069602.pas.fits                                  Pasiphae              1024  1024     1   0.000   0.000
  -0.041  -0.023  584.56  486.28 1.355   3430.17   2034.82 25.589 25.655 99.999 16.751 16.816 99.999 99.999 99.999  0.381 99.999 99.999 99.999 99.999  99.999  99.999  99.999  99.999  0.019  0.019  0.005  0.007  0.036  0.050   60   47 99.999 99.999   99  19.036922806 -23.396393438  3  3 40.00 1996  6 26 2450260.62754630   240  CLEAR                 25069603.pas.fits                                  Pasiphae              1024  1024     1   0.000   0.000
   0.001  -0.017  589.66  485.85 1.319   3610.67   1992.27 25.773 25.910 99.999 16.879 17.016 99.999 99.999 99.999  0.412 99.999 99.999 99.999 99.999  99.999  99.999  99.999  99.999  0.030  0.030  0.005  0.007  0.034  0.049   62   48 99.999 99.999   99  19.036897524 -23.396478094  3  8 23.00 1996  6 26 2450260.63082176   240  CLEAR                 25069604.pas.fits                                  Pasiphae              1024  1024     1   0.000   0.000
   0.070  -0.032  343.63  549.92 1.266    100.76     77.09 22.913 23.047 99.999 17.905 18.039 99.999 99.999 99.999  0.189 99.999 99.999 99.999 99.999  99.999  99.999  99.999  99.999  0.013  0.013  0.007  0.007  0.047  0.050   63   53 99.999 99.999   99  18.776208640 -24.367945302 22  7 47.90 1996 10  1 2450358.42208218    20     cl                 01109601.pas.fits                                  Pasiphae               739  1140     1   0.000   0.000
   0.063  -0.020  342.18  549.61 1.473     95.48     68.15 22.789 22.930 99.999 17.839 17.980 99.999 99.999 99.999  0.183 99.999 99.999 99.999 99.999  99.999  99.999  99.999  99.999  0.017  0.016  0.006  0.007  0.043  0.046   62   50 99.999 99.999   99  18.776212872 -24.367936920 22  8 45.85 1996 10  1 2450358.42275289    20     cl                 01109602.pas.fits                                  Pasiphae               739  1140     1   0.000   0.000
   0.688   0.081  273.22  558.07 2.669     80.13     85.82 22.312 22.526 99.999 17.552 17.767 99.999 99.999 99.999  0.173 99.999 99.999 99.999 99.999  99.999  99.999  99.999  99.999  0.009  0.009  0.009  0.006  0.056  0.036   63   50 99.999 99.999   99  18.770181607 -24.374430258 24 17 23.59 1996  9 30 2450357.51207859    20     cl                 30099603.pas.fits                                  Pasiphae               739  1140     1   0.000   0.000
   0.349  -0.240  485.86  504.51 1.062   4571.99   1089.79 26.020 26.040 99.999 16.870 16.890 99.999 99.999 99.999  0.482 99.999 99.999 99.999 99.999  99.999  99.999  99.999  99.999  0.020  0.020  0.057  0.023  0.075  0.029    4    4 99.999 99.999   99  21.256924996 -16.847525848  4 41 45.00 1997  8 13 2450673.69565972   180  Clear                 13089701.pas.fits                                  Pasiphae               739  1140     1   0.000   0.000
   0.335  -0.225  489.72  502.93 1.009   4928.70   1076.07 26.159 26.441 99.999 16.927 17.209 99.999 99.999 99.999  0.565 99.999 99.999 99.999 99.999  99.999  99.999  99.999  99.999  0.016  0.016  0.037  0.027  0.049  0.036    4    4 99.999 99.999   99  21.256900531 -16.847609564  4 45 28.00 1997  8 13 2450673.69824074   180  Clear                 13089702.pas.fits                                  Pasiphae               739  1140     1   0.000   0.000
   0.257  -0.193  456.44  534.93 1.147   3958.56   1587.28 26.097 25.939 99.999 17.103 16.945 99.999 99.999 99.999  0.275 99.999 99.999 99.999 99.999  99.999  99.999  99.999  99.999  0.008  0.008  0.029  0.032  0.064  0.070    6    6 99.999 99.999   99  21.248673310 -16.878547048 26 22  3.00 1997  8 13 2450674.59864583   180  filtro desconhecido   13089703.pas.fits                                  Pasiphae               739  1140     1   0.000   0.000
   0.286  -0.192  460.65  534.69 0.958   4475.00   1900.12 26.189 26.035 99.999 17.062 16.908 99.999 99.999 99.999  0.301 99.999 99.999 99.999 99.999  99.999  99.999  99.999  99.999  0.023  0.023  0.031  0.032  0.067  0.069    6    6 99.999 99.999   99  21.248650089 -16.878633619 26 25 42.00 1997  8 13 2450674.60118056   180  filtro desconhecido   13089704.pas.fits                                  Pasiphae               739  1140     1   0.000   0.000
   0.373  -0.162  441.60  541.06 1.161   3968.09   1471.68 25.766 26.363 99.999 16.769 17.366 99.999 99.999 99.999  0.674 99.999 99.999 99.999 99.999  99.999  99.999  99.999  99.999  0.016  0.016  0.054  0.025  0.107  0.049    6    4 99.999 99.999   99  21.247624500 -16.882350345  5  3 35.00 1997  8 14 2450674.71082176   180  filtro desconhecido   14089701.pas.fits                                  Pasiphae               739  1140     1   0.000   0.000
   0.284  -0.191  446.63  539.61 1.361   3035.77   1412.05 25.601 26.109 99.999 16.895 17.403 99.999 99.999 99.999  0.595 99.999 99.999 99.999 99.999  99.999  99.999  99.999  99.999  0.013  0.013  0.027  0.065  0.054  0.130    6    4 99.999 99.999   99  21.247599115 -16.882443726  5  7 14.00 1997  8 14 2450674.71335648   180  filtro desconhecido   14089702.pas.fits                                  Pasiphae               739  1140     1   0.000   0.000
   0.342  -0.175  488.59  541.73 1.051   4832.48   1726.35 25.567 25.746 99.999 16.356 16.536 99.999 99.999 99.999  0.812 99.999 99.999 99.999 99.999  99.999  99.999  99.999  99.999  0.002  0.002  0.023  0.012  0.061  0.031   10    9 99.999 99.999   99  21.239413794 -16.913085383 26 41 24.00 1997  8 14 2450675.61208333   180  filtro desconhecido   14089703.pas.fits                                  Pasiphae               739  1140     1   0.000   0.000
   0.348  -0.201  492.46  540.44 1.253   3786.52   1578.61 25.533 25.672 99.999 16.587 16.727 99.999 99.999 99.999  0.772 99.999 99.999 99.999 99.999  99.999  99.999  99.999  99.999  0.022  0.022  0.028  0.008  0.075  0.021   10    9 99.999 99.999   99  21.239390188 -16.913178525 26 45  3.00 1997  8 14 2450675.61461806   180  filtro desconhecido   14089704.pas.fits                                  Pasiphae               739  1140     1   0.000   0.000
   0.250  -0.209  259.71  596.89 1.283   3064.20   1617.57 25.375 25.608 99.999 16.659 16.892 99.999 99.999 99.999  0.751 99.999 99.999 99.999 99.999  99.999  99.999  99.999  99.999  0.014  0.014  0.020  0.013  0.045  0.029    7    6 99.999 99.999   99  21.238543390 -16.916224496  4 55 20.00 1997  8 15 2450675.70509259   180  filtro desconhecido   15089702.pas.fits                                  Pasiphae               739  1140     1   0.000   0.000
   0.238  -0.137  395.63  577.77 1.373   1898.12  15405.06 25.225 24.878 99.999 17.030 16.682 99.999 99.999 99.999  0.126 99.999 99.999 99.999 99.999  99.999  99.999  99.999  99.999  0.044  0.035  0.055  0.038  0.112  0.079    6    6 99.999 99.999   99  21.229561378 -16.949536415  4 37  4.00 1997  8 16 2450676.69240741   180  filtro desconhecido   16089701.pas.fits                                  Pasiphae               739  1140     1   0.000   0.000
   0.204  -0.160  399.37  576.74 2.669   4712.12  12536.81 25.376 25.035 99.999 16.193 15.852 99.999 99.999 99.999  0.079 99.999 99.999 99.999 99.999  99.999  99.999  99.999  99.999  0.027  0.027  0.056  0.037  0.113  0.075    6    6 99.999 99.999   99  21.229537203 -16.949626755  4 40 43.00 1997  8 16 2450676.69494213   180  filtro desconhecido   16089702.pas.fits                                  Pasiphae               739  1140     1   0.000   0.000
   0.170   0.098  212.87  449.32 1.292   3428.66   1195.23 26.660 25.878 99.999 17.822 17.040 99.999 99.999 99.999  0.316 99.999 99.999 99.999 99.999  99.999  99.999  99.999  99.999  0.026  0.027  0.119  0.098  0.089  0.073    5    5 99.999 99.999   99  23.778366712  -2.471117840  8 25 11.00 1998  6  5 2450969.85082176   240  Clear                 05069801.pas.fits                                  Pasiphae              1024  1024     1   0.000   0.000
   0.100  -0.117  955.60  890.69 1.300    338.51   1420.69 23.583 23.571 99.999 17.259 17.247 99.999 99.999 99.999  0.341 99.999 99.999 99.999 99.999  99.999  99.999  99.999  99.999  0.014  0.014  0.025  0.019  0.046  0.035    6    6 99.999 99.999   99  23.809422935  -3.656760444  3 31 19.00 2010 10 20 2455489.64674769    60    I                   Pasiphae_03.31.51_0001.fits                        Pasiphae              2048  2048     1   0.000   0.000
   0.121  -0.145  948.26  890.94 1.535    295.61   1409.29 23.429 23.326 99.999 17.252 17.149 99.999 99.999 99.999  0.354 99.999 99.999 99.999 99.999  99.999  99.999  99.999  99.999  0.005  0.005  0.024  0.020  0.044  0.037    6    6 99.999 99.999   99  23.809408472  -3.656869349  3 35 14.00 2010 10 20 2455489.64946759    60    I                   Pasiphae_03.35.47_0001.fits                        Pasiphae              2048  2048     1   0.000   0.000
  -0.234  -0.468  946.27  890.30 1.156    326.82   1445.33 23.330 23.623 99.999 17.044 17.337 99.999 99.999 99.999  0.237 99.999 99.999 99.999 99.999  99.999  99.999  99.999  99.999  0.015  0.015  0.166  0.154  0.027  0.025    4    4 99.999 99.999   99  23.809393844  -3.657013606  3 37 21.00 2010 10 20 2455489.65093750    60    I                   Pasiphae_03.37.54_0003.fits                        Pasiphae              2048  2048     1   0.000   0.000
   0.056  -0.124  939.80  890.70 1.209    274.25   1450.53 23.323 23.313 99.999 17.228 17.218 99.999 99.999 99.999  0.363 99.999 99.999 99.999 99.999  99.999  99.999  99.999  99.999  0.022  0.021  0.026  0.016  0.049  0.029    6    6 99.999 99.999   99  23.809395215  -3.656945566  3 38 25.00 2010 10 20 2455489.65167824    60    I                   Pasiphae_03.38.57_0004.fits                        Pasiphae              2048  2048     1   0.000   0.000
   0.096  -0.176  943.60  891.06 1.765    338.69   1363.49 23.470 23.939 99.999 17.145 17.615 99.999 99.999 99.999  0.367 99.999 99.999 99.999 99.999  99.999  99.999  99.999  99.999  0.019  0.024  0.021  0.021  0.039  0.040    6    6 99.999 99.999   99  23.809391978  -3.656987050  3 39 28.00 2010 10 20 2455489.65240741    60    I                   Pasiphae_03.40.01_0005.fits                        Pasiphae              2048  2048     1   0.000   0.000
   0.099  -0.143  939.78  891.28 1.283    286.80   1440.96 23.333 23.668 99.999 17.189 17.524 99.999 99.999 99.999  0.399 99.999 99.999 99.999 99.999  99.999  99.999  99.999  99.999  0.017  0.017  0.023  0.022  0.039  0.038    5    5 99.999 99.999   99  23.809387968  -3.657005383  3 40 32.00 2010 10 20 2455489.65314815    60    I                   Pasiphae_03.41.04_0006.fits                        Pasiphae              2048  2048     1   0.000   0.000
   0.085  -0.152  939.99  890.74 1.186    310.94   1447.38 23.493 23.632 99.999 17.262 17.400 99.999 99.999 99.999  0.392 99.999 99.999 99.999 99.999  99.999  99.999  99.999  99.999  0.017  0.017  0.023  0.023  0.040  0.040    5    5 99.999 99.999   99  23.809379680  -3.657062272  3 42 39.00 2010 10 20 2455489.65461806    60    I                   Pasiphae_03.43.11_0008.fits                        Pasiphae              2048  2048     1   0.000   0.000
   0.137  -0.126  941.05  890.63 1.273    312.92   1422.72 23.335 23.735 99.999 17.096 17.497 99.999 99.999 99.999  0.411 99.999 99.999 99.999 99.999  99.999  99.999  99.999  99.999  0.016  0.016  0.053  0.027  0.092  0.047    5    5 99.999 99.999   99  23.809376690  -3.657082261  3 43 42.00 2010 10 20 2455489.65534722    60    I                   Pasiphae_03.44.15_0009.fits                        Pasiphae              2048  2048     1   0.000   0.000
