   81584.118429120004        1.0040361    
   81588.775414520002       0.99720329    
   81593.509245220004        1.0023102    
   81598.275101480001        1.0008386    
   81602.963146859998       0.99853539    
   81607.634777130006        1.0008112    
   81612.400633390003        1.0020816    
   81617.150879189998       0.99782741    
   81621.823394589999       0.99857301    
   81626.509750190002       0.99910975    
   81631.260881130002       0.99943101    
   81635.916981400005        1.0019215    
   81640.573081659997       0.99976027    
   81645.307797479996       0.99594784    
   81650.073613510001       0.99216646    
   81654.746128920000        1.0014945    
   81659.433329389998        1.0031303    
   81664.199145430000       0.99852777    
   81668.949431469999       0.99636745    
   81673.636631970003        1.0023092    
   81678.324677350000        1.0053411    
   81683.089648490000       0.99892628    
   81687.856349640002        1.0057849    
   81692.527979899998        1.0034035    
   81697.216025290007        1.0000552    
   81701.981881560001       0.99691820    
   81706.746812450001       0.99680817    
   81711.419327860000        1.0010961    
   81716.107413470003       0.99640459    
   81720.873229489996        1.0028793    
