   81725.639045539996        1.0007434    
   81730.326246020006       0.99659562    
   81734.997916520006       0.99382699    
   81739.763732549996       0.99552339    
   81744.530393480003       0.99979782    
   81749.202063980003       0.99197495    
   81753.889264459998       0.99900275    
   81758.655080500001       0.99686033    
   81763.967825770000       0.99992990    
   81768.623926040003       0.99687147    
   81773.374171849995       0.99409914    
   81778.031157260004        1.0007027    
   81782.687257529993       0.99770647    
   81787.421973350007        1.0025502    
   81792.063388530005        1.0018853    
   81796.703033450001        1.0037327    
   81801.406649049997        1.0031308    
   81806.047219340006        1.0047727    
   81810.687749389996        1.0032667    
   81815.453565420001       0.99690413    
   81820.203851459999        1.0049969    
   81824.876366850003       0.99804574    
   81829.547997119997        1.0005140    
   81834.298283159995        1.0043080    
   81838.938813209999        1.0023793    
   81843.594913480003       0.99941850    
   81848.360729520005        1.0031796    
   81853.002144690006        1.0020139    
   81857.658244970007        1.0014404    
   81862.346330579996        1.0065289    
   81866.986860630001        1.0049413    
   81871.642960910001        1.0015762    
   81876.393246950000        1.0038744    
   81881.033777000004       0.99936932    
   81885.690722169995        1.0047241    
   81890.377922650005        1.0005172    
   81895.019337830003        1.0012356    
   81899.674552979995        1.0003912    
   81904.425724150002        1.0029082    
   81909.081784189999        1.0005749    
   81913.723199369997       0.99834883    
   81918.442385200004        1.0026325    
   81923.191786109994        1.0016704    
   81927.864301499998       0.99835873    
   81932.535931770006        1.0028224    
   81937.286217810004        1.0008355    
   81941.942318079993        1.0025917    
   81946.599263249998        1.0015247    
   81951.317563949997       0.99738199    
   81955.958134229993       0.99701482    
   81960.615079399999       0.99625134    
   81965.365365449994        1.0011023    
   81970.005895499999       0.99806637    
   81974.647310670000       0.99431074    
   81979.350041149999       0.99718004    
   81983.990611429996       0.99844897    
   81988.663126829997       0.99588418    
   81993.396957520003       0.99865484    
   81998.162813780000       0.99410433    
