   81725.639045539996       5.66178299E-02
   81730.326246020006       7.75813172E-03
   81734.997916520006      -2.63537131E-02
   81739.763732549996      -1.31579805E-02
   81744.530393480003       2.75129229E-02
   81749.202063980003      -5.95997907E-02
   81753.889264459998       1.06623946E-02
   81758.655080500001      -1.60592124E-02
   81763.967825770000       1.21719604E-02
   81768.623926040003      -2.38002110E-02
   81773.374171849995      -5.66453785E-02
   81778.031157260004       1.01144221E-02
   81782.687257529993      -2.46915296E-02
   81787.421973350007       2.37337407E-02
   81792.063388530005       1.39961867E-02
   81796.703033450001       3.10686231E-02
   81801.406649049997       2.23123711E-02
   81806.047219340006       3.75525355E-02
   81810.687749389996       1.95863787E-02
   81815.453565420001      -4.97548729E-02
   81820.203851459999       3.43760028E-02
   81824.876366850003      -4.08136956E-02
   81829.547997119997      -1.59458183E-02
   81834.298283159995       2.31326967E-02
   81838.938813209999       1.73701288E-03
   81843.594913480003      -3.04269996E-02
   81848.360729520005       8.82840715E-03
   81853.002144690006      -3.95070622E-03
   81857.658244970007      -1.02777937E-02
   81862.346330579996       4.35597152E-02
   81866.986860630001       2.68334225E-02
   81871.642960910001      -8.54238775E-03
   81876.393246950000       1.62534975E-02
   81881.033777000004      -3.08254585E-02
   81885.690722169995       2.66550630E-02
   81890.377922650005      -1.68894697E-02
   81895.019337830003      -8.14465620E-03
   81899.674552979995      -1.57550946E-02
   81904.425724150002       1.23842740E-02
   81909.081784189999      -1.06112333E-02
   81913.723199369997      -3.22921649E-02
   81918.442385200004       1.50053725E-02
   81923.191786109994       7.07722921E-03
   81927.864301499998      -2.55003385E-02
   81932.535931770006       2.41470486E-02
   81937.286217810004       5.95597969E-03
   81941.942318079993       2.73529477E-02
   81946.599263249998       1.91606954E-02
   81951.317563949997      -2.11933888E-02
   81955.958134229993      -2.16500033E-02
   81960.615079399999      -2.60909051E-02
   81965.365365449994       2.87558604E-02
   81970.005895499999       7.50438252E-04
   81974.647310670000      -3.46106514E-02
   81979.350041149999      -1.61297590E-04
   81983.990611429996       1.75755564E-02
   81988.663126829997      -4.69805859E-03
   81993.396957520003       2.91966423E-02
   81998.162813780000      -1.33963395E-02
