   81584.118429120004        1.0124526    
   81588.775414529999       0.99136913    
   81593.509245220004        1.0071251    
   81598.275101480001        1.0025854    
   81602.963146869995       0.99548149    
   81607.634777130006        1.0025005    
   81612.400633390003        1.0064173    
   81617.150879199995       0.99330086    
   81621.823394599996       0.99560040    
   81626.509750190002       0.99725550    
   81631.260881130002       0.99824584    
   81635.916981400005        1.0059206    
   81640.573081669994       0.99926084    
   81645.307797489993       0.98751670    
   81650.073613519999       0.97587085    
   81654.746128920000        1.0046028    
   81659.433329399995        1.0096396    
   81664.199145439998       0.99546748    
   81668.949431479996       0.98881727    
   81673.636631970003        1.0071087    
   81678.324677350000        1.0164394    
   81683.089648490000       0.99669659    
   81687.856349649999        1.0178009    
   81692.527979909995        1.0104725    
   81697.216025290007        1.0001711    
   81701.981881560001       0.99052244    
   81706.746812459998       0.99018526    
   81711.419327860000        1.0033721    
   81716.107413470003       0.98894721    
   81720.873229499994        1.0088534    
