   81584.118429120004       1.24544622E-02
   81588.775414520002      -8.62911157E-03
   81593.509245220004       7.12679094E-03
   81598.275101480001       2.58684717E-03
   81602.963146859998      -4.51712497E-03
   81607.634777130006       2.50172708E-03
   81612.400633390003       6.41838321E-03
   81617.150879189998      -6.69812830E-03
   81621.823394589999      -4.39887121E-03
   81626.509750190002      -2.74387677E-03
   81631.260881130002      -1.75353314E-03
   81635.916981400005       5.92104811E-03
   81640.573081659997      -7.38691131E-04
   81645.307797479996      -1.24831237E-02
   81650.073613510001      -2.41291206E-02
   81654.746128920000       4.60274611E-03
   81659.433329389998       9.63941216E-03
   81664.199145430000      -4.53295466E-03
   81668.949431469999      -1.11832330E-02
   81673.636631970003       7.10826321E-03
   81678.324677350000       1.64388008E-02
   81683.089648490000      -3.30432784E-03
   81687.856349640002       1.77999102E-02
   81692.527979899998       1.04713524E-02
   81697.216025290007       1.69890161E-04
   81701.981881560001      -9.47901327E-03
   81706.746812450001      -9.81621630E-03
   81711.419327860000       3.37064103E-03
   81716.107413470003      -1.10544078E-02
   81720.873229489996       8.85153562E-03
