   81584.118429120004       3.84266749E-02
   81588.775414529999      -2.66300030E-02
   81593.509245220004       2.19812654E-02
   81598.275101480001       7.97504373E-03
   81602.963146869995      -1.39360419E-02
   81607.634777130006       7.71126710E-03
   81612.400633390003       1.97871365E-02
   81617.150879199995      -2.06535980E-02
   81621.823394599996      -1.35623422E-02
   81626.509750190002      -8.45918898E-03
   81631.260881130002      -5.40596386E-03
   81635.916981400005       1.82440877E-02
   81640.573081669994      -2.27728672E-03
   81645.307797489993      -3.84563506E-02
   81650.073613519999      -7.43230730E-02
   81654.746128920000       1.41756050E-02
   81659.433329399995       2.96844784E-02
   81664.199145439998      -1.39557011E-02
   81668.949431479996      -3.44273113E-02
   81673.636631970003       2.18821894E-02
   81678.324677350000       5.05974591E-02
   81683.089648490000      -1.01658907E-02
   81687.856349649999       5.47734201E-02
   81692.527979909995       3.22197191E-02
   81697.216025290007       5.26295160E-04
   81701.981881560001      -2.91510951E-02
   81706.746812459998      -3.01843155E-02
   81711.419327860000       1.03691583E-02
   81716.107413470003      -3.39829475E-02
   81720.873229499994       2.72173043E-02
