   81725.639045539996        1.0174536    
   81730.326246020006        1.0023906    
   81734.997916520006       0.99188221    
   81739.763732549996       0.99594843    
   81744.530393480003        1.0084687    
   81749.202063980003       0.98166043    
   81753.889264459998        1.0032799    
   81758.655080500001       0.99506140    
   81763.967825770000        1.0037420    
   81768.623926040003       0.99268496    
   81773.374171849995       0.98259425    
   81778.031157260004        1.0031072    
   81782.687257529993       0.99241614    
   81787.421973350007        1.0072883    
   81792.063388530005        1.0042973    
   81796.703033450001        1.0095376    
   81801.406649049997        1.0068486    
   81806.047219340006        1.0115250    
   81810.687749389996        1.0060105    
   81815.453565420001       0.98473305    
   81820.203851459999        1.0105473    
   81824.876366850003       0.98747826    
   81829.547997119997       0.99510795    
   81834.298283159995        1.0070968    
   81838.938813209999        1.0005329    
   81843.594913480003       0.99066550    
   81848.360729520005        1.0027084    
   81853.002144690006       0.99878788    
   81857.658244970007       0.99684656    
   81862.346330579996        1.0133661    
   81866.986860630001        1.0082345    
   81871.642960910001       0.99737829    
   81876.393246950000        1.0049889    
   81881.033777000004       0.99053693    
   81885.690722169995        1.0081841    
   81890.377922650005       0.99481338    
   81895.019337830003       0.99749839    
   81899.674552979995       0.99515986    
   81904.425724150002        1.0038055    
   81909.081784189999       0.99673855    
   81913.723199369997       0.99007231    
   81918.442385200004        1.0046145    
   81923.191786109994        1.0021770    
   81927.864301499998       0.99215341    
   81932.535931770006        1.0074326    
   81937.286217810004        1.0018339    
   81941.942318079993        1.0084252    
   81946.599263249998        1.0059041    
   81951.317563949997       0.99346697    
   81955.958134229993       0.99332350    
   81960.615079399999       0.99195063    
   81965.365365449994        1.0088755    
   81970.005895499999        1.0002317    
   81974.647310670000       0.98930746    
   81979.350041149999       0.99995017    
   81983.990611429996        1.0054352    
   81988.663126829997       0.99854636    
   81993.396957520003        1.0090387    
   81998.162813780000       0.99585038    
