   81725.639045539996       2.42258492E-03
   81730.326246020006      -1.10937459E-02
   81734.997916520006      -2.01142561E-02
   81739.763732549996      -1.45854596E-02
   81744.530393480003      -6.58664037E-04
   81749.202063980003      -2.61424556E-02
   81753.889264459998      -3.24831600E-03
   81758.655080500001      -1.02260383E-02
   81763.967825770000      -2.28199933E-04
   81768.623926040003      -1.01880543E-02
   81773.374171849995      -1.92143787E-02
   81778.031157260004       2.28800718E-03
   81782.687257529993      -7.46706687E-03
   81787.421973350007       8.30198731E-03
   81792.063388530005       6.13693101E-03
   81796.703033450001       1.21493731E-02
   81801.406649049997       1.01895845E-02
   81806.047219340006       1.55316796E-02
   81810.687749389996       1.06298728E-02
   81815.453565420001      -1.00734001E-02
   81820.203851459999       1.62574369E-02
   81824.876366850003      -6.35777600E-03
   81829.547997119997       1.67209038E-03
   81834.298283159995       1.40125267E-02
   81838.938813209999       7.73852039E-03
   81843.594913480003      -1.89119368E-03
   81848.360729520005       1.03396839E-02
   81853.002144690006       6.54840749E-03
   81857.658244970007       4.68337350E-03
   81862.346330579996       2.12259330E-02
   81866.986860630001       1.60635263E-02
   81871.642960910001       5.12340292E-03
   81876.393246950000       1.25931995E-02
   81881.033777000004      -2.04977742E-03
   81885.690722169995       1.53523274E-02
   81890.377922650005       1.68077636E-03
   81895.019337830003       4.01493022E-03
   81899.674552979995       1.27103552E-03
   81904.425724150002       9.44811292E-03
   81909.081784189999       1.86774670E-03
   81913.723199369997      -5.36324922E-03
   81918.442385200004       8.55024438E-03
   81923.191786109994       5.42477984E-03
   81927.864301499998      -5.32988273E-03
   81932.535931770006       9.16458387E-03
   81937.286217810004       2.71287048E-03
   81941.942318079993       8.41415673E-03
   81946.599263249998       4.94939089E-03
   81951.317563949997      -8.49818625E-03
   81955.958134229993      -9.68906097E-03
   81960.615079399999      -1.21661965E-02
   81965.365365449994       3.57716018E-03
   81970.005895499999      -6.27444685E-03
   81974.647310670000      -1.84598435E-02
   81979.350041149999      -9.14897304E-03
   81983.990611429996      -5.03174728E-03
   81988.663126829997      -1.33511601E-02
   81993.396957520003      -4.36307676E-03
   81998.162813780000      -1.91216171E-02
