81584.11842912 3.09828540000
81588.77541452 3.07680573000
81593.50924522 3.09215900000
81598.27510148 3.08721370000
81602.96314686 3.07971099000
81607.63477713 3.08633250000
81612.40063339 3.08984380000
81617.15087919 3.07632326000
81621.82339459 3.07822510000
81626.50975019 3.07948150000
81631.26088113 3.08006774000
81635.91698140 3.08734630000
81640.57308166 3.08029054000
81645.30779748 3.06814340000
81650.07361351 3.05609205000
81654.74612892 3.08442650000
81659.43332939 3.08906450000
81664.19914543 3.07448678000
81668.94943147 3.06743247000
81673.63663197 3.08532530000
81678.32467735 3.09425710000
81683.08964849 3.07410869000
81687.85634964 3.09480750000
81692.52797990 3.08708160000
81697.21602529 3.07638140000
81701.98188156 3.06632714000
81706.74681245 3.06558466000
81711.41932786 3.07837410000
81716.10741347 3.06355031000
81720.87322949 3.08305090000
