   81584.118429120004        1.0124526   3.0858328  
   81588.775414529999       0.99136913   3.0854366  
   81593.509245220004        1.0071251   3.0850339  
   81598.275101480001        1.0025854   3.0846283  
   81602.963146869995       0.99548149   3.0842295  
   81607.634777130006        1.0025005   3.0838320  
   81612.400633390003        1.0064173   3.0834265  
   81617.150879199995       0.99330086   3.0830224  
   81621.823394599996       0.99560040   3.0826247  
   81626.509750190002       0.99725550   3.0822260  
   81631.260881130002       0.99824584   3.0818219  
   81635.916981400005        1.0059206   3.0814257  
   81640.573081669994       0.99926084   3.0810297  
   81645.307797489993       0.98751670   3.0806267  
   81650.073613519999       0.97587085   3.0802212  
   81654.746128920000        1.0046028   3.0798237  
   81659.433329399995        1.0096396   3.0794249  
   81664.199145439998       0.99546748   3.0790193  
   81668.949431479996       0.98881727   3.0786152  
   81673.636631970003        1.0071087   3.0782166  
   81678.324677350000        1.0164394   3.0778177  
   81683.089648490000       0.99669659   3.0774121  
   81687.856349649999        1.0178009   3.0770066  
   81692.527979909995        1.0104725   3.0766091  
   81697.216025290007        1.0001711   3.0762103  
   81701.981881560001       0.99052244   3.0758047  
   81706.746812459998       0.99018526   3.0753994  
   81711.419327860000        1.0033721   3.0750020  
   81716.107413470003       0.98894721   3.0746031  
   81720.873229499994        1.0088534   3.0741975  
