   81725.639045539996        1.0174536     3.2439184    
   81730.326246020006        1.0023906     3.2451963    
   81734.997916520006       0.99188221     3.2464163    
   81739.763732549996       0.99594843     3.2476056    
   81744.530393480003        1.0084687     3.2487388    
   81749.202063980003       0.98166043     3.2497954    
   81753.889264459998        1.0032799     3.2508013    
   81758.655080500001       0.99506140     3.2517688    
   81763.967825770000        1.0037420     3.2527814    
   81768.623926040003       0.99268496     3.2536116    
   81773.374171849995       0.98259425     3.2544036    
   81778.031157260004        1.0031072     3.2551260    
   81782.687257529993       0.99241614     3.2557950    
   81787.421973350007        1.0072883     3.2564204    
   81792.063388530005        1.0042973     3.2569802    
   81796.703033450001        1.0095376     3.2574863    
   81801.406649049997        1.0068486     3.2579458    
   81806.047219340006        1.0115250     3.2583454    
   81810.687749389996        1.0060105     3.2586920    
   81815.453565420001       0.98473305     3.2589929    
   81820.203851459999        1.0105473     3.2592371    
   81824.876366850003       0.98747826     3.2594230    
   81829.547997119997       0.99510795     3.2595553    
   81834.298283159995        1.0070968     3.2596345    
   81838.938813209999        1.0005329     3.2596583    
   81843.594913480003       0.99066550     3.2596290    
   81848.360729520005        1.0027084     3.2595437    
   81853.002144690006       0.99878788     3.2594068    
   81857.658244970007       0.99684656     3.2592161    
   81862.346330579996        1.0133661     3.2589703    
   81866.986860630001        1.0082345     3.2586734    
   81871.642960910001       0.99737829     3.2583225    
   81876.393246950000        1.0049889     3.2579093    
   81881.033777000004       0.99053693     3.2574522    
   81885.690722169995        1.0081841     3.2569401    
   81890.377922650005       0.99481338     3.2563705    
   81895.019337830003       0.99749839     3.2557535    
   81899.674552979995       0.99515986     3.2550812    
   81904.425724150002        1.0038055     3.2543402    
   81909.081784189999       0.99673855     3.2535598    
   81913.723199369997       0.99007231     3.2527289    
   81918.442385200004        1.0046145     3.2518296    
   81923.191786109994        1.0021770     3.2508693    
   81927.864301499998       0.99215341     3.2498703    
   81932.535931770006        1.0074326     3.2488177    
   81937.286217810004        1.0018339     3.2476923    
   81941.942318079993        1.0084252     3.2465353    
   81946.599263249998        1.0059041     3.2453246    
   81951.317563949997       0.99346697     3.2440436    
   81955.958134229993       0.99332350     3.2427301    
   81960.615079399999       0.99195063     3.2413588    
   81965.365365449994        1.0088755     3.2399049    
   81970.005895499999        1.0002317     3.2384310    
   81974.647310670000       0.98930746     3.2369037    
   81979.350041149999       0.99995017     3.2353022    
   81983.990611429996        1.0054352     3.2336683    
   81988.663126829997       0.99854636     3.2319698    
   81993.396957520003        1.0090387     3.2301941    
   81998.162813780000       0.99585038     3.2283506    
