   0.187  -0.132 1875.37   13.67 0.799    179.83    -28.24 25.598 24.697 99.999 19.348 18.683 99.999 99.999 99.999  0.173 99.999 99.999 99.999 99.999  99.999  99.999  99.999  99.999  0.007  0.007  0.008  0.007  0.030  0.026  310  289  0.000 -0.000    0  21.829500139 -14.424262170  6 55 22.76 2009  5 23 2454974.78845786    39  filtro desconhecido   targ_cat_global_reduction_sat_gr1                  Ananke                2044  4098
   0.182  -0.104 1875.37   13.67 0.926    179.83    -28.24 25.598 24.697 99.999 19.429 18.668 99.999 99.999 99.999  0.173 99.999 99.999 99.999 99.999  99.999  99.999  99.999  99.999  0.025  0.025  0.010  0.008  0.040  0.030  310  333  0.000 -0.000    0  21.829505867 -14.424242101  6 55 22.76 2009  5 23 2454974.78961459    39  filtro desconhecido   targ_cat_global_reduction_sat_gr1                  Ananke                2044  4098
   0.187  -0.104 1875.37   13.67 0.558    179.83    -28.24 25.598 24.697 99.999 19.561 18.874 99.999 99.999 99.999  0.173 99.999 99.999 99.999 99.999  99.999  99.999  99.999  99.999  0.002  0.001  0.006  0.006  0.025  0.025  310  326  0.000 -0.000    0  21.829511637 -14.424230571  6 55 22.76 2009  5 23 2454974.79073681    39  filtro desconhecido   targ_cat_global_reduction_sat_gr1                  Ananke                2044  4098
   0.170  -0.099 1875.37   13.67 0.785    179.83    -28.24 25.598 24.697 99.999 19.349 18.660 99.999 99.999 99.999  0.173 99.999 99.999 99.999 99.999  99.999  99.999  99.999  99.999  0.012  0.012  0.007  0.007  0.031  0.031  310  319  0.000 -0.000    0  21.829522798 -14.424205332  6 55 22.76 2009  5 23 2454974.79302004    39  filtro desconhecido   targ_cat_global_reduction_sat_gr1                  Ananke                2044  4098
   0.192  -0.123 1875.37   13.67 0.622    179.83    -28.24 25.598 24.697 99.999 19.459 18.794 99.999 99.999 99.999  0.173 99.999 99.999 99.999 99.999  99.999  99.999  99.999  99.999  0.014  0.013  0.006  0.006  0.025  0.025  310  303  0.000 -0.000    0  21.829528857 -14.424200211  6 55 22.76 2009  5 23 2454974.79413961    39  filtro desconhecido   targ_cat_global_reduction_sat_gr1                  Ananke                2044  4098
   0.180  -0.135 1875.37   13.67 0.891    179.83    -28.24 25.598 24.697 99.999 19.449 18.818 99.999 99.999 99.999  0.173 99.999 99.999 99.999 99.999  99.999  99.999  99.999  99.999  0.018  0.018  0.010  0.007  0.034  0.024  310  324  0.000 -0.000    0  21.829534420 -14.424191581  6 55 22.76 2009  5 23 2454974.79528719    39  filtro desconhecido   targ_cat_global_reduction_sat_gr1                  Ananke                2044  4098
   0.203  -0.132 1875.37   13.67 0.756    179.83    -28.24 25.598 24.697 99.999 19.493 18.846 99.999 99.999 99.999  0.173 99.999 99.999 99.999 99.999  99.999  99.999  99.999  99.999  0.007  0.007  0.008  0.008  0.029  0.030  310  324  0.000 -0.000    0  21.829540680 -14.424178731  6 55 22.76 2009  5 23 2454974.79644287    39  filtro desconhecido   targ_cat_global_reduction_sat_gr1                  Ananke                2044  4098
   0.200  -0.119 1875.37   13.67 0.839    179.83    -28.24 25.598 24.697 99.999 19.458 18.785 99.999 99.999 99.999  0.173 99.999 99.999 99.999 99.999  99.999  99.999  99.999  99.999  0.011  0.011  0.007  0.007  0.028  0.028  310  323  0.000 -0.000    0  21.829546264 -14.424163196  6 55 22.76 2009  5 23 2454974.79756660    39  filtro desconhecido   targ_cat_global_reduction_sat_gr1                  Ananke                2044  4098
   0.177  -0.097 1875.37   13.67 0.947    179.83    -28.24 25.598 24.697 99.999 19.454 18.815 99.999 99.999 99.999  0.173 99.999 99.999 99.999 99.999  99.999  99.999  99.999  99.999  0.013  0.013  0.007  0.007  0.029  0.028  310  296  0.000 -0.000    0  21.829551604 -14.424145277  6 55 22.76 2009  5 23 2454974.79871221    39  filtro desconhecido   targ_cat_global_reduction_sat_gr1                  Ananke                2044  4098
   0.177  -0.146 1875.37   13.67 0.898    179.83    -28.24 25.598 24.697 99.999 19.369 18.753 99.999 99.999 99.999  0.173 99.999 99.999 99.999 99.999  99.999  99.999  99.999  99.999  0.009  0.009  0.008  0.008  0.031  0.028  310  289  0.000 -0.000    0  21.829568278 -14.424124168  6 55 22.76 2009  5 23 2454974.80202344    39  filtro desconhecido   targ_cat_global_reduction_sat_gr1                  Ananke                2044  4098
   0.175  -0.124 1875.37   13.67 0.768    179.83    -28.24 25.598 24.697 99.999 19.411 18.759 99.999 99.999 99.999  0.173 99.999 99.999 99.999 99.999  99.999  99.999  99.999  99.999  0.010  0.010  0.008  0.008  0.029  0.026  310  340  0.000 -0.000    0  21.829573934 -14.424105978  6 55 22.76 2009  5 23 2454974.80315852    39  filtro desconhecido   targ_cat_global_reduction_sat_gr1                  Ananke                2044  4098
   0.196  -0.134 1875.37   13.67 0.706    179.83    -28.24 25.598 24.697 99.999 19.348 18.678 99.999 99.999 99.999  0.173 99.999 99.999 99.999 99.999  99.999  99.999  99.999  99.999  0.006  0.006  0.008  0.009  0.026  0.028  310  323  0.000 -0.000    0  21.829580132 -14.424096939  6 55 22.76 2009  5 23 2454974.80431269    39  filtro desconhecido   targ_cat_global_reduction_sat_gr1                  Ananke                2044  4098
   0.220  -0.158 1875.37   13.67 0.711    179.83    -28.24 25.598 24.697 99.999 19.367 18.744 99.999 99.999 99.999  0.173 99.999 99.999 99.999 99.999  99.999  99.999  99.999  99.999  0.009  0.009  0.004  0.003  0.025  0.024  310  374  0.000 -0.000    0  21.829587434 -14.424089275  6 55 22.76 2009  5 23 2454974.80567083    39  filtro desconhecido   targ_cat_global_reduction_sat_gr1                  Ananke                2044  4098
   0.207  -0.150 1875.37   13.67 0.811    179.83    -28.24 25.598 24.697 99.999 19.416 18.767 99.999 99.999 99.999  0.173 99.999 99.999 99.999 99.999  99.999  99.999  99.999  99.999  0.007  0.007  0.004  0.004  0.025  0.028  310  349  0.000 -0.000    0  21.829592879 -14.424075352  6 55 22.76 2009  5 23 2454974.80680324    39  filtro desconhecido   targ_cat_global_reduction_sat_gr1                  Ananke                2044  4098
   0.210  -0.163 1875.37   13.67 0.695    179.83    -28.24 25.598 24.697 99.999 19.305 18.714 99.999 99.999 99.999  0.173 99.999 99.999 99.999 99.999  99.999  99.999  99.999  99.999  0.006  0.006  0.004  0.004  0.026  0.027  310  388  0.000 -0.000    0  21.829598680 -14.424066903  6 55 22.76 2009  5 23 2454974.80794885    39  filtro desconhecido   targ_cat_global_reduction_sat_gr1                  Ananke                2044  4098
   0.212  -0.160 1875.37   13.67 0.944    179.83    -28.24 25.598 24.697 99.999 19.367 18.749 99.999 99.999 99.999  0.173 99.999 99.999 99.999 99.999  99.999  99.999  99.999  99.999  0.020  0.020  0.005  0.005  0.033  0.031  310  392  0.000 -0.000    0  21.829604354 -14.424054130  6 55 22.76 2009  5 23 2454974.80907235    39  filtro desconhecido   targ_cat_global_reduction_sat_gr1                  Ananke                2044  4098
   0.216  -0.158 1875.37   13.67 0.757    179.83    -28.24 25.598 24.697 99.999 19.361 18.707 99.999 99.999 99.999  0.173 99.999 99.999 99.999 99.999  99.999  99.999  99.999  99.999  0.008  0.008  0.004  0.004  0.029  0.030  310  395  0.000 -0.000    0  21.829610127 -14.424041740  6 55 22.76 2009  5 23 2454974.81020592    39  filtro desconhecido   targ_cat_global_reduction_sat_gr1                  Ananke                2044  4098
   0.218  -0.162 1875.37   13.67 0.890    179.83    -28.24 25.598 24.697 99.999 19.399 18.774 99.999 99.999 99.999  0.173 99.999 99.999 99.999 99.999  99.999  99.999  99.999  99.999  0.014  0.014  0.005  0.004  0.032  0.028  310  400  0.000 -0.000    0  21.829615911 -14.424030778  6 55 22.76 2009  5 23 2454974.81135338    39  filtro desconhecido   targ_cat_global_reduction_sat_gr1                  Ananke                2044  4098
   0.216  -0.155 1875.37   13.67 0.767    179.83    -28.24 25.598 24.697 99.999 19.307 18.604 99.999 99.999 99.999  0.173 99.999 99.999 99.999 99.999  99.999  99.999  99.999  99.999  0.011  0.011  0.005  0.004  0.034  0.028  310  325  0.001 -0.000    0  21.829621690 -14.424016651  6 55 22.76 2009  5 23 2454974.81251103    39  filtro desconhecido   targ_cat_global_reduction_sat_gr1                  Ananke                2044  4098
   0.213  -0.164 1875.37   13.67 0.629    179.83    -28.24 25.598 24.697 99.999 19.329 18.788 99.999 99.999 99.999  0.173 99.999 99.999 99.999 99.999  99.999  99.999  99.999  99.999  0.007  0.007  0.005  0.004  0.029  0.026  310  345  0.000 -0.000    0  21.829627265 -14.424007579  6 55 22.76 2009  5 23 2454974.81362990    39  filtro desconhecido   targ_cat_global_reduction_sat_gr1                  Ananke                2044  4098
   0.228  -0.159 1875.37   13.67 0.806    179.83    -28.24 25.598 24.697 99.999 19.291 18.579 99.999 99.999 99.999  0.173 99.999 99.999 99.999 99.999  99.999  99.999  99.999  99.999  0.006  0.006  0.004  0.004  0.028  0.026  310  382  0.000 -0.000    0  21.829639106 -14.423981957  6 55 22.76 2009  5 23 2454974.81593674    39  filtro desconhecido   targ_cat_global_reduction_sat_gr1                  Ananke                2044  4098
   0.212  -0.169 1875.37   13.67 0.983    179.83    -28.24 25.598 24.697 99.999 19.305 18.570 99.999 99.999 99.999  0.173 99.999 99.999 99.999 99.999  99.999  99.999  99.999  99.999  0.019  0.018  0.005  0.004  0.034  0.029  310  391  0.000 -0.000    0  21.829644585 -14.423972362  6 55 22.76 2009  5 23 2454974.81709023    39  filtro desconhecido   targ_cat_global_reduction_sat_gr1                  Ananke                2044  4098
   0.212  -0.157 1875.37   13.67 0.715    179.83    -28.24 25.598 24.697 99.999 19.237 18.654 99.999 99.999 99.999  0.173 99.999 99.999 99.999 99.999  99.999  99.999  99.999  99.999  0.006  0.006  0.005  0.004  0.029  0.026  310  342  0.000 -0.000    0  21.829649751 -14.423958381  6 55 22.76 2009  5 23 2454974.81812054    39  filtro desconhecido   targ_cat_global_reduction_sat_gr1                  Ananke                2044  4098
   0.213  -0.149 1875.37   13.67 0.710    179.83    -28.24 25.598 24.697 99.999 19.342 18.695 99.999 99.999 99.999  0.173 99.999 99.999 99.999 99.999  99.999  99.999  99.999  99.999  0.008  0.008  0.004  0.004  0.027  0.026  310  355  0.000 -0.000    0  21.829655515 -14.423944115  6 55 22.76 2009  5 23 2454974.81926893    39  filtro desconhecido   targ_cat_global_reduction_sat_gr1                  Ananke                2044  4098
   0.226  -0.156 1875.37   13.67 0.847    179.83    -28.24 25.598 24.697 99.999 19.268 18.634 99.999 99.999 99.999  0.173 99.999 99.999 99.999 99.999  99.999  99.999  99.999  99.999  0.019  0.019  0.005  0.004  0.036  0.029  310  396  0.000 -0.000    0  21.829661403 -14.423934223  6 55 22.76 2009  5 23 2454974.82039289    39  filtro desconhecido   targ_cat_global_reduction_sat_gr1                  Ananke                2044  4098
   0.219  -0.140 1875.37   13.67 0.710    179.83    -28.24 25.598 24.697 99.999 19.206 18.630 99.999 99.999 99.999  0.173 99.999 99.999 99.999 99.999  99.999  99.999  99.999  99.999  0.008  0.008  0.004  0.004  0.030  0.029  310  374  0.000 -0.000    0  21.829667021 -14.423917742  6 55 22.76 2009  5 23 2454974.82153804    39  filtro desconhecido   targ_cat_global_reduction_sat_gr1                  Ananke                2044  4098
