   0.216  -0.101  227.69    6.94 0.839     89.32     89.39 25.278 24.706 99.999 19.305 18.624 99.999 99.999 99.999  0.220 99.999 99.999 99.999 99.999  99.999  99.999  99.999  99.999  0.007  0.007  0.010  0.009  0.034  0.029  311  355  0.000 -0.000    0  21.819207928 -14.447252877  8 37  3.67 2009  5 21 2454972.85907026    39  filtro desconhecido   targ_cat_global_reduction_sat_gr1                  Ananke                2044  4098
   0.247  -0.113  227.69    6.94 0.928     89.32     89.39 25.278 24.706 99.999 19.321 18.689 99.999 99.999 99.999  0.220 99.999 99.999 99.999 99.999  99.999  99.999  99.999  99.999  0.010  0.010  0.009  0.009  0.032  0.032  311  325  0.000 -0.000    0  21.819214663 -14.447241771  8 37  3.67 2009  5 21 2454972.86022374    39  filtro desconhecido   targ_cat_global_reduction_sat_gr1                  Ananke                2044  4098
   0.256  -0.124  227.69    6.94 1.013     89.32     89.39 25.278 24.706 99.999 19.413 18.871 99.999 99.999 99.999  0.220 99.999 99.999 99.999 99.999  99.999  99.999  99.999  99.999  0.008  0.008  0.010  0.010  0.033  0.033  311  335  0.000 -0.000    0  21.819220836 -14.447230583  8 37  3.67 2009  5 21 2454972.86135118    39  filtro desconhecido   targ_cat_global_reduction_sat_gr1                  Ananke                2044  4098
   0.231  -0.110  227.69    6.94 0.763     89.32     89.39 25.278 24.706 99.999 19.235 18.588 99.999 99.999 99.999  0.220 99.999 99.999 99.999 99.999  99.999  99.999  99.999  99.999  0.007  0.007  0.009  0.008  0.030  0.028  311  343  0.000 -0.000    0  21.819226536 -14.447212449  8 37  3.67 2009  5 21 2454972.86250791    39  filtro desconhecido   targ_cat_global_reduction_sat_gr1                  Ananke                2044  4098
   0.226  -0.114  227.69    6.94 0.959     89.32     89.39 25.278 24.706 99.999 19.246 18.583 99.999 99.999 99.999  0.220 99.999 99.999 99.999 99.999  99.999  99.999  99.999  99.999  0.009  0.009  0.010  0.008  0.035  0.029  311  330  0.000 -0.000    0  21.819238791 -14.447184762  8 37  3.67 2009  5 21 2454972.86482459    39  filtro desconhecido   targ_cat_global_reduction_sat_gr1                  Ananke                2044  4098
   0.223  -0.107  227.69    6.94 0.961     89.32     89.39 25.278 24.706 99.999 19.375 18.677 99.999 99.999 99.999  0.220 99.999 99.999 99.999 99.999  99.999  99.999  99.999  99.999  0.011  0.011  0.012  0.012  0.036  0.035  311  336  0.000 -0.000    0  21.819244899 -14.447168464  8 37  3.67 2009  5 21 2454972.86598108    39  filtro desconhecido   targ_cat_global_reduction_sat_gr1                  Ananke                2044  4098
   0.251  -0.124  227.69    6.94 1.082     89.32     89.39 25.278 24.706 99.999 19.475 18.817 99.999 99.999 99.999  0.220 99.999 99.999 99.999 99.999  99.999  99.999  99.999  99.999  0.013  0.013  0.011  0.009  0.034  0.029  311  323  0.000 -0.000    0  21.819251597 -14.447158730  8 37  3.67 2009  5 21 2454972.86714081    39  filtro desconhecido   targ_cat_global_reduction_sat_gr1                  Ananke                2044  4098
   0.231  -0.116  227.69    6.94 0.894     89.32     89.39 25.278 24.706 99.999 19.278 18.694 99.999 99.999 99.999  0.220 99.999 99.999 99.999 99.999  99.999  99.999  99.999  99.999  0.011  0.011  0.010  0.009  0.032  0.031  311  310  0.000 -0.000    0  21.819257326 -14.447141940  8 37  3.67 2009  5 21 2454972.86828943    39  filtro desconhecido   targ_cat_global_reduction_sat_gr1                  Ananke                2044  4098
   0.231  -0.096  227.69    6.94 1.029     89.32     89.39 25.278 24.706 99.999 19.377 18.729 99.999 99.999 99.999  0.220 99.999 99.999 99.999 99.999  99.999  99.999  99.999  99.999  0.020  0.021  0.010  0.009  0.033  0.031  311  339  0.000 -0.000    0  21.819263524 -14.447121807  8 37  3.67 2009  5 21 2454972.86945217    39  filtro desconhecido   targ_cat_global_reduction_sat_gr1                  Ananke                2044  4098
   0.228  -0.125  227.69    6.94 0.938     89.32     89.39 25.278 24.706 99.999 19.267 18.571 99.999 99.999 99.999  0.220 99.999 99.999 99.999 99.999  99.999  99.999  99.999  99.999  0.008  0.008  0.005  0.005  0.030  0.028  311  292  0.000  0.000    0  21.819270973 -14.447112201  8 37  3.67 2009  5 21 2454972.87085881    39  filtro desconhecido   targ_cat_global_reduction_sat_gr1                  Ananke                2044  4098
   0.216  -0.090  227.69    6.94 1.095     89.32     89.39 25.278 24.706 99.999 19.324 18.673 99.999 99.999 99.999  0.220 99.999 99.999 99.999 99.999  99.999  99.999  99.999  99.999  0.015  0.015  0.006  0.005  0.034  0.029  311  312  0.000  0.000    0  21.819276962 -14.447087983  8 37  3.67 2009  5 21 2454972.87202733    39  filtro desconhecido   targ_cat_global_reduction_sat_gr1                  Ananke                2044  4098
   0.224  -0.093  227.69    6.94 1.005     89.32     89.39 25.278 24.706 99.999 19.301 18.666 99.999 99.999 99.999  0.220 99.999 99.999 99.999 99.999  99.999  99.999  99.999  99.999  0.003  0.003  0.005  0.005  0.031  0.031  311  324  0.000  0.000    0  21.819283202 -14.447074567  8 37  3.67 2009  5 21 2454972.87317155    39  filtro desconhecido   targ_cat_global_reduction_sat_gr1                  Ananke                2044  4098
   0.237  -0.090  227.69    6.94 1.117     89.32     89.39 25.278 24.706 99.999 19.373 18.752 99.999 99.999 99.999  0.220 99.999 99.999 99.999 99.999  99.999  99.999  99.999  99.999  0.014  0.014  0.004  0.005  0.026  0.028  311  325  0.000  0.000    0  21.819289679 -14.447059087  8 37  3.67 2009  5 21 2454972.87434286    39  filtro desconhecido   targ_cat_global_reduction_sat_gr1                  Ananke                2044  4098
   0.249  -0.107  227.69    6.94 1.042     89.32     89.39 25.278 24.706 99.999 19.354 18.693 99.999 99.999 99.999  0.220 99.999 99.999 99.999 99.999  99.999  99.999  99.999  99.999  0.013  0.013  0.005  0.005  0.034  0.031  311  277  0.000  0.000    0  21.819302208 -14.447034887  8 37  3.67 2009  5 21 2454972.87665480    39  filtro desconhecido   targ_cat_global_reduction_sat_gr1                  Ananke                2044  4098
   0.235  -0.105  227.69    6.94 0.884     89.32     89.39 25.278 24.706 99.999 19.308 18.689 99.999 99.999 99.999  0.220 99.999 99.999 99.999 99.999  99.999  99.999  99.999  99.999  0.008  0.008  0.005  0.005  0.032  0.029  311  275  0.000  0.000    0  21.819314271 -14.447005155  8 37  3.67 2009  5 21 2454972.87897426    39  filtro desconhecido   targ_cat_global_reduction_sat_gr1                  Ananke                2044  4098
   0.234  -0.101  227.69    6.94 0.876     89.32     89.39 25.278 24.706 99.999 19.405 18.785 99.999 99.999 99.999  0.220 99.999 99.999 99.999 99.999  99.999  99.999  99.999  99.999  0.010  0.010  0.005  0.005  0.032  0.028  311  304  0.000  0.000    0  21.819320387 -14.446989632  8 37  3.67 2009  5 21 2454972.88012612    39  filtro desconhecido   targ_cat_global_reduction_sat_gr1                  Ananke                2044  4098
   0.220  -0.093  227.69    6.94 0.932     89.32     89.39 25.278 24.706 99.999 19.287 18.710 99.999 99.999 99.999  0.220 99.999 99.999 99.999 99.999  99.999  99.999  99.999  99.999  0.008  0.008  0.005  0.005  0.033  0.033  311  359  0.000  0.000    0  21.819326268 -14.446973169  8 37  3.67 2009  5 21 2454972.88128134    39  filtro desconhecido   targ_cat_global_reduction_sat_gr1                  Ananke                2044  4098
   0.218  -0.090  227.69    6.94 0.897     89.32     89.39 25.278 24.706 99.999 19.427 18.804 99.999 99.999 99.999  0.220 99.999 99.999 99.999 99.999  99.999  99.999  99.999  99.999  0.010  0.010  0.010  0.010  0.031  0.032  311  322  0.000 -0.000    0  21.819334583 -14.446952620  8 37  3.67 2009  5 21 2454972.88285350    39  filtro desconhecido   targ_cat_global_reduction_sat_gr1                  Ananke                2044  4098
   0.210  -0.088  227.69    6.94 0.779     89.32     89.39 25.278 24.706 99.999 19.557 18.908 99.999 99.999 99.999  0.220 99.999 99.999 99.999 99.999  99.999  99.999  99.999  99.999  0.009  0.009  0.009  0.009  0.028  0.030  311  335  0.000 -0.000    0  21.819340625 -14.446937495  8 37  3.67 2009  5 21 2454972.88401855    39  filtro desconhecido   targ_cat_global_reduction_sat_gr1                  Ananke                2044  4098
   0.241  -0.091  227.69    6.94 0.892     89.32     89.39 25.278 24.706 99.999 19.540 18.776 99.999 99.999 99.999  0.220 99.999 99.999 99.999 99.999  99.999  99.999  99.999  99.999  0.010  0.010  0.010  0.011  0.030  0.034  311  340  0.000 -0.000    0  21.819348310 -14.446921599  8 37  3.67 2009  5 21 2454972.88535110    39  filtro desconhecido   targ_cat_global_reduction_sat_gr1                  Ananke                2044  4098
   0.216  -0.094  227.69    6.94 0.917     89.32     89.39 25.278 24.706 99.999 19.368 18.724 99.999 99.999 99.999  0.220 99.999 99.999 99.999 99.999  99.999  99.999  99.999  99.999  0.000  0.000  0.005  0.005  0.032  0.032  311  321  0.000  0.000    0  21.819361268 -14.446890615  8 37  3.67 2009  5 21 2454972.88788286    39  filtro desconhecido   targ_cat_global_reduction_sat_gr1                  Ananke                2044  4098
   0.246  -0.122  227.69    6.94 1.016     89.32     89.39 25.278 24.706 99.999 19.421 18.743 99.999 99.999 99.999  0.220 99.999 99.999 99.999 99.999  99.999  99.999  99.999  99.999  0.012  0.012  0.005  0.005  0.033  0.032  311  331  0.000  0.000    0  21.819367873 -14.446884255  8 37  3.67 2009  5 21 2454972.88901574    39  filtro desconhecido   targ_cat_global_reduction_sat_gr1                  Ananke                2044  4098
