   0.060  -0.060  583.06  427.42 2.058    609.78    412.40 22.661 22.796 99.999 15.698 15.833 99.999 99.999 99.999  0.355 99.999 99.999 99.999 99.999  99.999  99.999  99.999  99.999  0.013  0.013  0.008  0.008  0.053  0.054   68   48 99.999 99.999   99  16.532700696 -21.007147358  0 55 58.80 2007  8 25 2454337.53887500    25    Clear               himalia0001.fits                                   Himalia               1021  1020     1   0.000   0.000
   0.094  -0.052  579.95  428.59 2.855    551.15    297.02 22.357 22.672 99.999 15.504 15.819 99.999 99.999 99.999  0.306 99.999 99.999 99.999 99.999  99.999  99.999  99.999  99.999  0.044  0.042  0.009  0.009  0.049  0.053   62   40 99.999 99.999   99  16.532704363 -21.007156991  0 57  6.66 2007  8 25 2454337.53966042    25    Clear               himalia0002.fits                                   Himalia               1021  1020     1   0.000   0.000
   0.100  -0.054  574.26  429.78 2.130    512.66    427.66 22.491 22.729 99.999 15.716 15.954 99.999 99.999 99.999  0.353 99.999 99.999 99.999 99.999  99.999  99.999  99.999  99.999  0.036  0.036  0.010  0.009  0.063  0.054   63   47 99.999 99.999   99  16.532707511 -21.007169364  0 58 15.38 2007  8 25 2454337.54045579    25    Clear               himalia0003.fits                                   Himalia               1021  1020     1   0.000   0.000
   0.097  -0.069  569.67  430.91 1.946    600.46    440.83 22.617 22.829 99.999 15.670 15.882 99.999 99.999 99.999  0.330 99.999 99.999 99.999 99.999  99.999  99.999  99.999  99.999  0.031  0.031  0.009  0.010  0.057  0.063   66   46 99.999 99.999   99  16.532710504 -21.007185508  0 59 24.10 2007  8 25 2454337.54125116    25    Clear               himalia0004.fits                                   Himalia               1021  1020     1   0.000   0.000
   0.132  -0.039  566.09  431.83 1.991    587.63    436.26 22.622 22.859 99.999 15.699 15.937 99.999 99.999 99.999  0.368 99.999 99.999 99.999 99.999  99.999  99.999  99.999  99.999  0.031  0.031  0.009  0.009  0.054  0.056   57   41 99.999 99.999   99  16.532714198 -21.007188964  1  0 31.97 2007  8 25 2454337.54203669    25    Clear               himalia0005.fits                                   Himalia               1021  1020     1   0.000   0.000
   0.107  -0.077  563.48  433.31 2.087    582.97    430.05 22.652 22.898 99.999 15.738 15.984 99.999 99.999 99.999  0.376 99.999 99.999 99.999 99.999  99.999  99.999  99.999  99.999  0.040  0.040  0.009  0.009  0.061  0.059   66   46 99.999 99.999   99  16.532716714 -21.007211050  1  1 39.82 2007  8 25 2454337.54282199    25    Clear               himalia0006.fits                                   Himalia               1021  1020     1   0.000   0.000
   0.134  -0.056  610.30  433.92 2.130    531.39    434.41 22.500 22.676 99.999 15.687 15.862 99.999 99.999 99.999  0.360 99.999 99.999 99.999 99.999  99.999  99.999  99.999  99.999  0.032  0.032  0.009  0.010  0.054  0.060   66   47 99.999 99.999   99  16.532720236 -21.007217097  1  2 47.69 2007  8 25 2454337.54360752    25    Clear               himalia0007.fits                                   Himalia               1021  1020     1   0.000   0.000
   0.135  -0.050  611.37  432.24 1.989    602.75    436.90 22.637 22.865 99.999 15.687 15.914 99.999 99.999 99.999  0.353 99.999 99.999 99.999 99.999  99.999  99.999  99.999  99.999  0.029  0.028  0.009  0.009  0.053  0.055   65   44 99.999 99.999   99  16.532723312 -21.007227605  1  3 56.41 2007  8 25 2454337.54440289    25    Clear               himalia0008.fits                                   Himalia               1021  1020     1   0.000   0.000
   0.084  -0.061  617.23  433.29 2.067    553.75    429.17 22.617 22.863 99.999 15.759 16.005 99.999 99.999 99.999  0.400 99.999 99.999 99.999 99.999  99.999  99.999  99.999  99.999  0.044  0.044  0.009  0.011  0.051  0.060   61   41 99.999 99.999   99  16.532725339 -21.007242284  1  5  5.12 2007  8 25 2454337.54519815    25    Clear               himalia0009.fits                                   Himalia               1021  1020     1   0.000   0.000
   0.098  -0.087  613.76  434.39 1.947    626.65    437.04 22.753 22.965 99.999 15.760 15.973 99.999 99.999 99.999  0.352 99.999 99.999 99.999 99.999  99.999  99.999  99.999  99.999  0.046  0.046  0.008  0.010  0.051  0.063   64   44 99.999 99.999   99  16.532728641 -21.007261327  1  6 12.98 2007  8 25 2454337.54598357    25    Clear               himalia0010.fits                                   Himalia               1021  1020     1   0.000   0.000
   0.080  -0.069  607.48  435.46 2.295    489.43    424.05 22.437 22.727 99.999 15.712 16.002 99.999 99.999 99.999  0.400 99.999 99.999 99.999 99.999  99.999  99.999  99.999  99.999  0.049  0.049  0.008  0.010  0.046  0.057   66   40 99.999 99.999   99  16.532731286 -21.007268041  1  7 20.84 2007  8 25 2454337.54676898    25    Clear               himalia0011.fits                                   Himalia               1021  1020     1   0.000   0.000
   0.093  -0.080  597.65  436.54 3.055    518.52    307.87 22.274 22.508 99.999 15.487 15.721 99.999 99.999 99.999  0.368 99.999 99.999 99.999 99.999  99.999  99.999  99.999  99.999  0.046  0.045  0.010  0.010  0.060  0.059   64   43 99.999 99.999   99  16.532734533 -21.007282845  1  8 28.68 2007  8 25 2454337.54755417    25    Clear               himalia0012.fits                                   Himalia               1021  1020     1   0.000   0.000
   0.090  -0.066  592.38  437.72 2.393    428.92    422.18 22.314 22.535 99.999 15.733 15.954 99.999 99.999 99.999  0.352 99.999 99.999 99.999 99.999  99.999  99.999  99.999  99.999  0.039  0.039  0.008  0.009  0.046  0.056   64   41 99.999 99.999   99  16.532737544 -21.007290742  1  9 37.40 2007  8 25 2454337.54834954    25    Clear               himalia0013.fits                                   Himalia               1021  1020     1   0.000   0.000
   0.091  -0.064  586.48  439.35 2.184    506.68    427.14 22.474 22.676 99.999 15.712 15.914 99.999 99.999 99.999  0.352 99.999 99.999 99.999 99.999  99.999  99.999  99.999  99.999  0.032  0.032  0.008  0.009  0.051  0.059   67   45 99.999 99.999   99  16.532740605 -21.007302283  1 10 46.11 2007  8 25 2454337.54914479    25    Clear               himalia0014.fits                                   Himalia               1021  1020     1   0.000   0.000
   0.125  -0.071  582.41  440.37 2.161    393.98    458.63 22.265 22.432 99.999 15.776 15.943 99.999 99.999 99.999  0.343 99.999 99.999 99.999 99.999  99.999  99.999  99.999  99.999  0.056  0.056  0.008  0.009  0.050  0.056   67   45 99.999 99.999   99  16.532744295 -21.007315713  1 11 53.95 2007  8 25 2454337.54992998    25    Clear               himalia0015.fits                                   Himalia               1021  1020     1   0.000   0.000
   0.092  -0.055  575.31  441.29 2.183    450.54    394.50 22.358 22.532 99.999 15.724 15.898 99.999 99.999 99.999  0.378 99.999 99.999 99.999 99.999  99.999  99.999  99.999  99.999  0.041  0.041  0.010  0.009  0.066  0.059   63   45 99.999 99.999   99  16.532746657 -21.007323201  1 13  1.82 2007  8 25 2454337.55071551    25    Clear               himalia0016.fits                                   Himalia               1021  1020     1   0.000   0.000
   0.086  -0.083  569.54  442.61 2.108    548.97    382.94 22.580 22.726 99.999 15.731 15.877 99.999 99.999 99.999  0.390 99.999 99.999 99.999 99.999  99.999  99.999  99.999  99.999  0.036  0.036  0.008  0.008  0.054  0.053   66   45 99.999 99.999   99  16.532749546 -21.007342728  1 14  9.70 2007  8 25 2454337.55150116    25    Clear               himalia0017.fits                                   Himalia               1021  1020     1   0.000   0.000
   0.063  -0.068  565.57  443.49 2.135    550.01    381.09 22.654 22.833 99.999 15.803 15.982 99.999 99.999 99.999  0.376 99.999 99.999 99.999 99.999  99.999  99.999  99.999  99.999  0.048  0.048  0.009  0.009  0.059  0.060   66   46 99.999 99.999   99  16.532752132 -21.007350546  1 15 18.41 2007  8 25 2454337.55229641    25    Clear               himalia0018.fits                                   Himalia               1021  1020     1   0.000   0.000
   0.112  -0.066  607.53  425.72 2.175    480.59    393.58 22.422 22.582 99.999 15.718 15.878 99.999 99.999 99.999  0.357 99.999 99.999 99.999 99.999  99.999  99.999  99.999  99.999  0.029  0.029  0.010  0.008  0.059  0.051   68   47 99.999 99.999   99  16.532756159 -21.007361910  1 16 27.13 2007  8 25 2454337.55309178    25    Clear               himalia0019.fits                                   Himalia               1021  1020     1   0.000   0.000
   0.062  -0.069  603.16  426.89 2.391    520.78    359.89 22.498 22.739 99.999 15.706 15.948 99.999 99.999 99.999  0.295 99.999 99.999 99.999 99.999  99.999  99.999  99.999  99.999  0.048  0.049  0.010  0.010  0.063  0.062   64   49 99.999 99.999   99  16.532758184 -21.007374407  1 17 34.99 2007  8 25 2454337.55387720    25    Clear               himalia0020.fits                                   Himalia               1021  1020     1   0.000   0.000
