  -0.296  -0.164  477.63  415.23 3.525    451.06    229.38 24.438 25.023 99.999 17.802 18.387 99.999 99.999 99.999  0.274 99.999 99.999 99.999 99.999  99.999  99.999  99.999  99.999  0.011  0.010  0.008  0.006  0.057  0.039   62   53 99.999 99.999   99  19.140198810 -23.155741971 26 18 45.00 1996  6 20 2450255.59635417   120  CLEAR                 20069602.sin.fits                                  Sinope                1000  1024
  -0.285  -0.361  477.94  412.15 3.233    469.29    219.60 24.377 24.776 99.999 17.699 18.097 99.999 99.999 99.999  0.259 99.999 99.999 99.999 99.999  99.999  99.999  99.999  99.999  0.000  0.000  0.008  0.006  0.057  0.043   63   53 99.999 99.999   99  19.140182586 -23.155838181 26 21 40.00 1996  6 20 2450255.59837963   120  CLEAR                 20069603.sin.fits                                  Sinope                1000  1024
  -0.244  -0.193  477.11  409.24 4.902    793.92   -118.04 24.424 24.982 99.999 17.175 17.733 99.999 99.999 99.999  0.287 99.999 99.999 99.999 99.999  99.999  99.999  99.999  99.999  0.038  0.032  0.008  0.006  0.054  0.039   60   51 99.999 99.999   99  19.140165809 -23.155835270 26 24 47.00 1996  6 20 2450255.60054398   120  CLEAR                 20069604.sin.fits                                  Sinope                1000  1024
   0.043  -0.128  578.59  515.97 1.747    821.27    795.81 25.418 25.526 99.999 18.132 18.239 99.999 99.999 99.999  0.287 99.999 99.999 99.999 99.999  99.999  99.999  99.999  99.999  0.017  0.017  0.016  0.016  0.060  0.059   24   17 99.999 99.999   99  19.132418443 -23.175079740 25 49 39.00 1996  6 21 2450256.57614583   180  CLEAR                 21069602.sin.fits                                  Sinope                1000  1024
   0.114  -0.111  584.54  515.34 1.812    797.42    735.54 25.083 25.847 99.999 17.829 18.593 99.999 99.999 99.999  0.924 99.999 99.999 99.999 99.999  99.999  99.999  99.999  99.999  0.015  0.015  0.016  0.016  0.064  0.065   26   19 99.999 99.999   99  19.132393550 -23.175140461 25 54 16.00 1996  6 21 2450256.57935185   180  CLEAR                 21069603.sin.fits                                  Sinope                1000  1024
   0.081  -0.092  594.76  522.45 1.952    686.49    716.85 24.937 25.592 99.999 17.845 18.500 99.999 99.999 99.999  0.831 99.999 99.999 99.999 99.999  99.999  99.999  99.999  99.999  0.012  0.012  0.014  0.015  0.059  0.063   28   20 99.999 99.999   99  19.132263386 -23.175457573 26 16 58.00 1996  6 21 2450256.59511574   180  CLEAR                 21069604.sin.fits                                  Sinope                1000  1024
   0.040  -0.095  599.74  521.87 2.201    843.48    606.09 25.000 25.514 99.999 17.685 18.199 99.999 99.999 99.999  0.808 99.999 99.999 99.999 99.999  99.999  99.999  99.999  99.999  0.010  0.011  0.015  0.015  0.060  0.062   26   19 99.999 99.999   99  19.132238551 -23.175517883 26 21 10.00 1996  6 21 2450256.59803241   180  CLEAR                 21069605.sin.fits                                  Sinope                1000  1024
  -0.049  -0.122  633.71  530.20 1.406   1080.41    995.09 25.968 26.334 99.999 18.384 18.750 99.999 99.999 99.999  0.519 99.999 99.999 99.999 99.999  99.999  99.999  99.999  99.999  0.027  0.027  0.009  0.010  0.052  0.055   55   44 99.999 99.999   99  19.116150714 -23.214711716 26  4 58.00 1996  6 23 2450258.58678241   240  CLEAR                 23069601.sin.fits                                  Sinope                1024  1024
   0.001  -0.136  638.58  529.51 1.232   1476.98   1017.38 26.073 26.563 99.999 18.150 18.640 99.999 99.999 99.999  0.529 99.999 99.999 99.999 99.999  99.999  99.999  99.999  99.999  0.013  0.013  0.008  0.010  0.046  0.052   53   43 99.999 99.999   99  19.116121110 -23.214789458 26 10 13.00 1996  6 23 2450258.59042824   240  CLEAR                 23069602.sin.fits                                  Sinope                1024  1024
  -0.086  -0.140  619.73  478.15 0.862    410.78   2377.15 24.818 24.621 99.999 18.284 18.087 99.999 99.999 99.999  0.309 99.999 99.999 99.999 99.999  99.999  99.999  99.999  99.999  0.009  0.009  0.007  0.009  0.041  0.054   51   42 99.999 99.999   99  19.099181735 -23.254972038  3 23 17.00 1996  6 26 2450260.64116898   240  CLEAR                 25069601.sin.fits                                  Sinope                1024  1024
   0.223  -0.068  444.39  535.62 4.612    396.19   -136.92 22.844 23.258 99.999 16.349 16.763 99.999 99.999 99.999  0.201 99.999 99.999 99.999 99.999  99.999  99.999  99.999  99.999  0.045  0.037  0.006  0.006  0.046  0.042   72   63 99.999 99.999   99  18.847121316 -23.746097508  3 13 31.15 1996  7 26 2450290.63438831    10  filtro desconhecido   26079602.sin.fits                                  Sinope                1000  1024
   0.220  -0.130  443.83  535.45 4.014    342.76    -81.46 22.784 23.189 99.999 16.447 16.851 99.999 99.999 99.999  0.216 99.999 99.999 99.999 99.999  99.999  99.999  99.999  99.999  0.033  0.033  0.006  0.006  0.046  0.041   78   65 99.999 99.999   99  18.847107177 -23.746135364  3 16  8.23 1996  7 26 2450290.63620637    10  filtro desconhecido   26079605.sin.fits                                  Sinope                1000  1024
   0.157  -0.122  442.60  535.50 2.826    100.16    149.07 22.647 23.048 99.999 17.645 18.047 99.999 99.999 99.999  0.259 99.999 99.999 99.999 99.999  99.999  99.999  99.999  99.999  0.008  0.007  0.006  0.005  0.048  0.041   79   68 99.999 99.999   99  18.847101333 -23.746139808  3 16 59.15 1996  7 26 2450290.63679572    10  filtro desconhecido   26079606.sin.fits                                  Sinope                1000  1024
   0.271  -0.081  444.87  535.35 3.407    140.64    107.09 22.529 22.772 99.999 17.159 17.401 99.999 99.999 99.999  0.205 99.999 99.999 99.999 99.999  99.999  99.999  99.999  99.999  0.005  0.005  0.006  0.005  0.049  0.037   81   70 99.999 99.999   99  18.847098893 -23.746135384  3 17 52.21 1996  7 26 2450290.63740984    10  filtro desconhecido   26079607.sin.fits                                  Sinope                1000  1024
   0.201  -0.100  442.99  536.24 4.727    328.67    -77.84 22.687 23.102 99.999 16.396 16.810 99.999 99.999 99.999  0.227 99.999 99.999 99.999 99.999  99.999  99.999  99.999  99.999  0.002  0.001  0.007  0.005  0.048  0.040   76   67 99.999 99.999   99  18.847092821 -23.746147178  3 18 44.17 1996  7 26 2450290.63801123    10  filtro desconhecido   26079608.sin.fits                                  Sinope                1000  1024
   0.153  -0.088  443.88  536.91 2.388     96.33    156.66 22.664 22.956 99.999 17.705 17.997 99.999 99.999 99.999  0.216 99.999 99.999 99.999 99.999  99.999  99.999  99.999  99.999  0.052  0.052  0.006  0.005  0.047  0.039   81   71 99.999 99.999   99  18.847087180 -23.746150912  3 19 36.24 1996  7 26 2450290.63861389    10  filtro desconhecido   26079609.sin.fits                                  Sinope                1000  1024
   0.102  -0.106  443.53  536.65 2.548     64.94    181.08 22.675 23.069 99.999 18.144 18.538 99.999 99.999 99.999  0.214 99.999 99.999 99.999 99.999  99.999  99.999  99.999  99.999  0.027  0.031  0.006  0.005  0.050  0.039   81   71 99.999 99.999   99  18.847081512 -23.746162436  3 20 28.14 1996  7 26 2450290.63921458    10  filtro desconhecido   26079610.sin.fits                                  Sinope                1000  1024
   0.218  -0.086  458.11  531.22 0.780    118.75    179.44 23.536 23.653 99.999 18.349 18.467 99.999 99.999 99.999  0.263 99.999 99.999 99.999 99.999  99.999  99.999  99.999  99.999  0.011  0.011  0.007  0.006  0.054  0.042   65   54 99.999 99.999   99  18.839890271 -23.757464669 26 30 52.16 1996  7 26 2450291.60477037    10  filtro desconhecido   26079611.sin.fits                                  Sinope                1024  1024
   0.244  -0.094  460.66  531.76 0.904    115.93    279.35 23.465 23.588 99.999 18.305 18.427 99.999 99.999 99.999  0.284 99.999 99.999 99.999 99.999  99.999  99.999  99.999  99.999  0.017  0.017  0.008  0.006  0.053  0.040   62   49 99.999 99.999   99  18.839886211 -23.757473872 26 31 44.17 1996  7 26 2450291.60537234    10  filtro desconhecido   26079612.sin.fits                                  Sinope                1024  1024
   0.198  -0.113  459.97  531.74 1.039    160.80    518.98 23.648 23.811 99.999 18.132 18.295 99.999 99.999 99.999  0.375 99.999 99.999 99.999 99.999  99.999  99.999  99.999  99.999  0.019  0.017  0.009  0.007  0.054  0.047   52   41 99.999 99.999   99  18.839880671 -23.757485781 26 32 36.18 1996  7 26 2450291.60597431    10  filtro desconhecido   26079613.sin.fits                                  Sinope                1024  1024
   0.204  -0.169  461.27  531.90 0.860    135.59    566.65 23.661 23.841 99.999 18.331 18.510 99.999 99.999 99.999  0.320 99.999 99.999 99.999 99.999  99.999  99.999  99.999  99.999  0.017  0.018  0.008  0.007  0.050  0.044   52   43 99.999 99.999   99  18.839871703 -23.757514639 26 34 19.17 1996  7 26 2450291.60716632    10  filtro desconhecido   26079615.sin.fits                                  Sinope                1024  1024
   0.167  -0.145  399.25  582.84 1.107    113.52    157.55 23.771 23.894 99.999 18.634 18.757 99.999 99.999 99.999  0.279 99.999 99.999 99.999 99.999  99.999  99.999  99.999  99.999  0.017  0.017  0.006  0.005  0.052  0.047   92   78 99.999 99.999   99  18.701636128 -23.935528720 25 47  4.25 1996  8 21 2450317.57435475    20                        21089601.sin.fits                                  Sinope                 770  1140
   0.145  -0.127  401.24  583.31 0.961    122.12    163.28 23.891 24.000 99.999 18.674 18.783 99.999 99.999 99.999  0.264 99.999 99.999 99.999 99.999  99.999  99.999  99.999  99.999  0.021  0.021  0.006  0.005  0.052  0.045   94   78 99.999 99.999   99  18.701633389 -23.935524732 25 48  9.46 1996  8 21 2450317.57510949    20                        21089602.sin.fits                                  Sinope                 770  1140
   0.147  -0.079  367.12  594.46 0.856    101.32    168.24 23.839 23.993 99.999 18.824 18.978 99.999 99.999 99.999  0.272 99.999 99.999 99.999 99.999  99.999  99.999  99.999  99.999  0.026  0.026  0.006  0.006  0.050  0.047   91   76 99.999 99.999   99  18.701571985 -23.935543049 26 17 10.31 1996  8 21 2450317.59525822    20                        21089603.sin.fits                                  Sinope                 770  1140
   0.181  -0.131  368.32  594.48 0.884    138.56    157.41 24.121 24.277 99.999 18.767 18.923 99.999 99.999 99.999  0.255 99.999 99.999 99.999 99.999  99.999  99.999  99.999  99.999  0.018  0.018  0.006  0.005  0.053  0.047   91   77 99.999 99.999   99  18.701570438 -23.935558528 26 18 13.36 1996  8 21 2450317.59598796    20                        21089604.sin.fits                                  Sinope                 770  1140
   0.162  -0.141  276.68  612.09 2.366     39.74    283.47 23.007 23.207 99.999 19.009 19.209 99.999 99.999 99.999  0.285 99.999 99.999 99.999 99.999  99.999  99.999  99.999  99.999  0.011  0.012  0.009  0.009  0.053  0.051   62   46 99.999 99.999   99  18.757391019 -23.786799528 23  3 29.00 1996  9 30 2450357.46075231    60     cl                 30099601.sin.fits                                  Sinope                 739  1140
   0.408   0.227  466.40  488.32 0.996   2625.70    671.19 26.448 26.448 99.999 17.900 17.900 99.999 99.999 99.999  0.122 99.999 99.999 99.999 99.999  99.999  99.999  99.999  99.999  0.016  0.016  0.000  0.000  0.000  0.000    3    3 99.999 99.999   99  21.141307933 -16.452258697  4 52  5.00 1997  8 13 2450673.70283565   240  Clear                 13089701.sin.fits                                  Sinope                 739  1140
   0.316   0.194  471.79  485.91 1.180   2193.25    552.37 26.315 26.315 99.999 17.962 17.962 99.999 99.999 99.999  0.121 99.999 99.999 99.999 99.999  99.999  99.999  99.999  99.999  0.013  0.013  0.000  0.000  0.000  0.000    3    3 99.999 99.999   99  21.141278593 -16.452395134  4 56 48.00 1997  8 13 2450673.70611111   240  Clear                 13089702.sin.fits                                  Sinope                 739  1140
   0.467   0.078  435.99  516.16 1.493   1581.85   1265.05 25.109 25.746 99.999 17.111 17.748 99.999 99.999 99.999  1.701 99.999 99.999 99.999 99.999  99.999  99.999  99.999  99.999  0.032  0.032  0.041  0.006  0.093  0.013    7    6 99.999 99.999   99  21.133948497 -16.487702473 26 30 32.00 1997  8 13 2450674.60453704   240  filtro desconhecido   13089703.sin.fits                                  Sinope                 739  1140
   0.578   0.076  439.83  514.28 1.135   1704.04   1466.47 25.203 25.675 99.999 17.125 17.597 99.999 99.999 99.999  1.596 99.999 99.999 99.999 99.999  99.999  99.999  99.999  99.999  0.030  0.031  0.039  0.025  0.103  0.066    8    8 99.999 99.999   99  21.133923442 -16.487829584 26 35 11.00 1997  8 13 2450674.60776620   240  filtro desconhecido   13089704.sin.fits                                  Sinope                 739  1140
   0.518   0.048  402.00  498.38 1.336   1573.88   1204.71 25.304 25.348 99.999 17.311 17.356 99.999 99.999 99.999  1.655 99.999 99.999 99.999 99.999  99.999  99.999  99.999  99.999  0.028  0.027  0.033  0.028  0.093  0.079    8    8 99.999 99.999   99  21.133004608 -16.492076585  5 12 28.00 1997  8 14 2450674.71699074   240  filtro desconhecido   14089701.sin.fits                                  Sinope                 739  1140
   0.440   0.040  405.47  497.07 1.312   1861.57   1153.32 25.368 25.507 99.999 17.193 17.332 99.999 99.999 99.999  1.695 99.999 99.999 99.999 99.999  99.999  99.999  99.999  99.999  0.024  0.024  0.027  0.024  0.076  0.067    8    8 99.999 99.999   99  21.132976088 -16.492203043  5 17  7.00 1997  8 14 2450674.72021991   240  filtro desconhecido   14089702.sin.fits                                  Sinope                 739  1140
   0.617   0.049  467.54  553.36 0.953   2443.38   1673.08 25.840 26.304 99.999 17.370 17.834 99.999 99.999 99.999  1.361 99.999 99.999 99.999 99.999  99.999  99.999  99.999  99.999  0.025  0.025  0.052  0.017  0.078  0.025   11    8 99.999 99.999   99  21.125685562 -16.527276962 26 50 20.00 1997  8 14 2450675.61828704   240  filtro desconhecido   14089703.sin.fits                                  Sinope                 739  1140
   0.463   0.035  471.81  551.82 0.927   2062.76   1653.70 25.534 25.858 99.999 17.247 17.572 99.999 99.999 99.999  1.227 99.999 99.999 99.999 99.999  99.999  99.999  99.999  99.999  0.022  0.022  0.052  0.022  0.076  0.033   11    7 99.999 99.999   99  21.125655443 -16.527406715 26 55  0.00 1997  8 14 2450675.62152778   240  filtro desconhecido   14089704.sin.fits                                  Sinope                 739  1140
   0.399   0.038  217.69  553.67 1.456   1607.02   1509.50 25.463 25.711 99.999 17.448 17.696 99.999 99.999 99.999  1.554 99.999 99.999 99.999 99.999  99.999  99.999  99.999  99.999  0.027  0.027  0.027  0.017  0.064  0.039    7    6 99.999 99.999   99  21.124919922 -16.530792723  5  1 32.00 1997  8 15 2450675.70939815   240  filtro desconhecido   15089701.sin.fits                                  Sinope                 739  1140
   0.517   0.076  221.96  552.29 1.435   1464.97   1515.50 25.347 25.511 99.999 17.433 17.596 99.999 99.999 99.999  1.506 99.999 99.999 99.999 99.999  99.999  99.999  99.999  99.999  0.023  0.023  0.025  0.024  0.059  0.057    7    6 99.999 99.999   99  21.124895342 -16.530905871  5  6 11.00 1997  8 15 2450675.71262731   240  filtro desconhecido   15089702.sin.fits                                  Sinope                 739  1140
  -0.007   0.038  248.51  140.82 2.472    772.57   2713.30 25.811 25.882 99.999 18.592 18.662 99.999 99.999 99.999  0.295 99.999 99.999 99.999 99.999  99.999  99.999  99.999  99.999  0.037  0.039  0.026  0.023  0.055  0.050   10    8 99.999 99.999   99  16.557909466 -20.774591828  0 19 43.56 2007  8 21 2454333.51369861    20    Clear               Sinope0003.fits                                    Sinope                 376   268
  -0.135  -0.086  247.33  140.58 1.533   1466.15  16718.89 26.919 27.120 99.999 19.004 19.204 99.999 99.999 99.999  0.855 99.999 99.999 99.999 99.999  99.999  99.999  99.999  99.999  0.068  0.067  0.026  0.027  0.052  0.052    9    7 99.999 99.999   99  16.557911132 -20.774644551  0 23 24.07 2007  8 21 2454333.51625081   100    Clear               Sinope0004.fits                                    Sinope                 376   268
  -0.293   0.473  771.45  397.05 1.144   2605.44   8984.08 25.473 26.978 99.999 16.933 18.438 99.999 99.999 99.999  1.089 99.999 99.999 99.999 99.999  99.999  99.999  99.999  99.999  0.001  0.001  0.000  0.000  0.000  0.000    3    3 99.999 99.999   99  19.197749644 -23.235081235  7 13  6.00 2008  7 10 2454657.80076389    60                        Sinope0014.fits                                    Sinope                1024  1024
   0.338  -0.124  491.68  486.10 1.411    255.41   2873.02 24.854 25.060 99.999 18.836 19.042 99.999 99.999 99.999  0.523 99.999 99.999 99.999 99.999  99.999  99.999  99.999  99.999  0.004  0.004  0.008  0.007  0.055  0.051   81   51 99.999 99.999   99  18.937439405 -23.908442138  0 32 58.74 2008  9 20 2454729.52290208   300  I                     sinope0001.fits                                    Sinope                1020  1020
   0.203  -0.109  493.38  486.36 1.045    149.81   2962.88 24.856 25.084 99.999 19.417 19.645 99.999 99.999 99.999  0.509 99.999 99.999 99.999 99.999  99.999  99.999  99.999  99.999  0.058  0.058  0.008  0.007  0.055  0.051   79   51 99.999 99.999   99  18.937451107 -23.908417080  0 38 41.59 2008  9 20 2454729.52687025   300  I                     sinope0002.fits                                    Sinope                1020  1020
   0.132  -0.079  495.08  486.64 2.314    563.86   2574.69 24.932 25.004 99.999 18.055 18.126 99.999 99.999 99.999  0.251 99.999 99.999 99.999 99.999  99.999  99.999  99.999  99.999  0.044  0.039  0.008  0.007  0.056  0.050   84   56 99.999 99.999   99  18.937464195 -23.908387193  0 44 25.32 2008  9 20 2454729.53084861   300  I                     sinope0003.fits                                    Sinope                1020  1020
   0.328  -0.147  498.19  486.99 2.847    350.66   2703.72 24.701 24.904 99.999 18.339 18.542 99.999 99.999 99.999  0.469 99.999 99.999 99.999 99.999  99.999  99.999  99.999  99.999  0.042  0.052  0.007  0.007  0.054  0.051   85   57 99.999 99.999   99  18.937486220 -23.908379430  0 51 32.32 2008  9 20 2454729.53579074   300  I                     sinope0004.fits                                    Sinope                1020  1020
   0.209  -0.185  500.20  487.13 2.716    206.87   2326.00 24.625 24.741 99.999 18.836 18.952 99.999 99.999 99.999  0.473 99.999 99.999 99.999 99.999  99.999  99.999  99.999  99.999  0.001  0.001  0.008  0.006  0.057  0.048   82   57 99.999 99.999   99  18.937498375 -23.908368391  0 57 16.04 2008  9 20 2454729.53976898   300  I                     sinope0005.fits                                    Sinope                1020  1020
   0.334  -0.028 1060.96 1045.63 1.215     91.41    735.93 24.136 24.032 99.999 19.234 19.129 99.999 99.999 99.999  0.327 99.999 99.999 99.999 99.999  99.999  99.999  99.999  99.999  0.000  0.000  0.008  0.006  0.062  0.045   84   61 99.999 99.999   99  18.954404656 -23.887216656  0  3 49.84 2008  9 24 2454733.50266019   260  I                     sinope0001.fits                                    Sinope                2045  2050
   0.286  -0.049 1060.53 1049.42 1.360    116.32    723.54 24.337 24.233 99.999 19.173 19.069 99.999 99.999 99.999  0.322 99.999 99.999 99.999 99.999  99.999  99.999  99.999  99.999  0.039  0.035  0.008  0.006  0.065  0.044   85   61 99.999 99.999   99  18.954419130 -23.887199392  0  8 44.75 2008  9 24 2454733.50607350   260  I                     sinope0002.fits                                    Sinope                2045  2050
   0.226  -0.028 1059.79 1053.24 1.831    122.20    689.55 24.059 23.974 99.999 18.842 18.756 99.999 99.999 99.999  0.328 99.999 99.999 99.999 99.999  99.999  99.999  99.999  99.999  0.039  0.036  0.008  0.006  0.064  0.046   82   60 99.999 99.999   99  18.954433359 -23.887170256  0 13 39.58 2008  9 24 2454733.50948588   260  I                     sinope0003.fits                                    Sinope                2045  2050
   0.239  -0.070 1059.48 1057.74 1.495    125.86    706.58 24.228 24.179 99.999 18.978 18.929 99.999 99.999 99.999  0.422 99.999 99.999 99.999 99.999  99.999  99.999  99.999  99.999  0.021  0.022  0.008  0.006  0.059  0.047   89   60 99.999 99.999   99  18.954449066 -23.887158549  0 18 34.44 2008  9 24 2454733.51289861   260  I                     sinope0004.fits                                    Sinope                2045  2050
   0.255  -0.053 1058.67 1061.78 1.421    130.87    712.49 24.293 24.201 99.999 19.001 18.909 99.999 99.999 99.999  0.325 99.999 99.999 99.999 99.999  99.999  99.999  99.999  99.999  0.006  0.006  0.008  0.005  0.062  0.040   87   58 99.999 99.999   99  18.954464867 -23.887130165  0 23 29.35 2008  9 24 2454733.51631192   260  I                     sinope0005.fits                                    Sinope                2045  2050
