   0.642  -0.233  616.77    2.69 0.890     10.51    182.30 99.999 99.999 99.999 21.380 20.679 99.999 99.999 99.999  0.891 99.999 99.999 99.999 99.999  99.999  99.999  99.999  99.999  0.008  0.008  0.003  0.003  0.028  0.028  389  417  0.001 -0.000    0   9.385455034  17.291983803  2 49 26.78 2007  4 10 2454200.61767102    79  filtro desconhecido   targ_cat_global_reduction_sat_gr1                  Paaliaq               2044  4098     1  99.999  99.999
   0.678  -0.202  616.77    2.69 1.222     10.51    182.30 99.999 99.999 99.999 21.646 20.971 99.999 99.999 99.999  0.891 99.999 99.999 99.999 99.999  99.999  99.999  99.999  99.999  0.004  0.004  0.003  0.003  0.028  0.025  389  416  0.001 -0.000    0   9.385453697  17.291993072  2 49 26.78 2007  4 10 2454200.61961804    79  filtro desconhecido   targ_cat_global_reduction_sat_gr1                  Paaliaq               2044  4098     1  99.999  99.999
   0.717  -0.123  616.77    2.69 0.892     10.51    182.30 99.999 99.999 99.999 21.598 20.800 99.999 99.999 99.999  0.891 99.999 99.999 99.999 99.999  99.999  99.999  99.999  99.999  0.004  0.004  0.003  0.003  0.031  0.029  389  410  0.001 -0.000    0   9.385452427  17.292015334  2 49 26.78 2007  4 10 2454200.62153935    79  filtro desconhecido   targ_cat_global_reduction_sat_gr1                  Paaliaq               2044  4098     1  99.999  99.999
  -0.001  -0.117  551.83    6.75 3.445    394.18    -40.54 25.221 24.419 99.999 20.819 19.926 99.999 99.999 99.999  0.574 99.999 99.999 99.999 99.999  99.999  99.999  99.999  99.999  0.094  0.130  0.004  0.004  0.019  0.020  216  236 -0.000 -0.000    0   9.383773445  17.291660105  2 39 20.28 2007  4 12 2454202.61065135    79  filtro desconhecido   targ_cat_global_reduction_sat_gr1                  Paaliaq               2044  4098     1  99.999  99.999
   0.562  -0.303  551.83    6.75 1.860    394.18    -40.54 25.221 24.419 99.999 20.772 19.786 99.999 99.999 99.999  0.574 99.999 99.999 99.999 99.999  99.999  99.999  99.999  99.999  0.002  0.002  0.004  0.004  0.018  0.021  216  270 -0.000 -0.000    0   9.383782757  17.291606510  2 39 20.28 2007  4 12 2454202.61263889    79  filtro desconhecido   targ_cat_global_reduction_sat_gr1                  Paaliaq               2044  4098     1  99.999  99.999
   0.577  -0.234  374.99   33.21 1.093     40.60    219.36 99.999 99.999 99.999 21.720 20.691 99.999 99.999 99.999  0.655 99.999 99.999 99.999 99.999  99.999  99.999  99.999  99.999  0.031  0.031  0.004  0.004  0.025  0.024  324  394 -0.000  0.000    0   9.383119018  17.290562590  2 45 33.14 2007  4 13 2454203.61496694    79  filtro desconhecido   targ_cat_global_reduction_sat_gr1                  Paaliaq               2044  4098     1  99.999  99.999
   0.548  -0.163  374.99   33.21 1.302     40.60    219.36 99.999 99.999 99.999 21.583 20.630 99.999 99.999 99.999  0.655 99.999 99.999 99.999 99.999  99.999  99.999  99.999  99.999  0.042  0.042  0.004  0.004  0.025  0.024  324  376  0.000  0.000    0   9.383117095  17.290579256  2 45 33.14 2007  4 13 2454203.61694059    79  filtro desconhecido   targ_cat_global_reduction_sat_gr1                  Paaliaq               2044  4098     1  99.999  99.999
  -0.045  -0.296 1033.95   12.85 0.514   1782.55   1554.44 26.245 26.453 99.999 21.926 21.102 99.999 99.999 99.999  1.019 99.999  0.070  0.130  0.120  99.999  99.999  99.999  99.999  0.019  0.032  0.003  0.003  0.026  0.025  553  444 -0.000  0.000    0  10.322795209  12.672921548 23 55 16.07 2008  6  5 2454623.49671373   499  filtro desconhecido   targ_cat_global_reduction_sat_gr1                  Paaliaq               2044  4098     1  99.999  99.999
   0.037  -0.303 1033.95   12.85 3.319   1782.55   1554.44 26.245 26.453 99.999 20.240 19.431 99.999 99.999 99.999  1.019 99.999  0.070  0.130  0.120  99.999  99.999  99.999  99.999  0.011  0.009  0.003  0.003  0.026  0.025  553  456 -0.000  0.000    0  10.322822461  12.672771318 23 55 16.07 2008  6  5 2454623.50410688   499  filtro desconhecido   targ_cat_global_reduction_sat_gr1                  Paaliaq               2044  4098     1  99.999  99.999
  -0.234  -0.181 1033.95   12.85 2.646   1782.55   1554.44 26.245 26.453 99.999 20.914 19.838 99.999 99.999 99.999  1.019 99.999  0.070  0.130  0.120  99.999  99.999  99.999  99.999  0.004  0.004  0.003  0.003  0.025  0.027  553  443 -0.000  0.000    0  10.322847002  12.672633824 23 55 16.07 2008  6  5 2454623.51263457   499  filtro desconhecido   targ_cat_global_reduction_sat_gr1                  Paaliaq               2044  4098     1  99.999  99.999
   0.423  -0.269  452.38   12.71 1.825     17.74    110.83 25.204 24.224 99.999 20.058 19.078 99.999 99.999 99.999  0.682 99.999 99.999 99.999 99.999  99.999  99.999  99.999  99.999  0.030  0.031  0.004  0.004  0.025  0.025  298  297  0.001  0.001    0  11.113803608   8.316546552  1 58 52.13 2009  5 22 2454973.58254782    39  filtro desconhecido   targ_cat_global_reduction_sat_gr1                  Paaliaq               2044  4098     1  99.999  99.999
   0.552  -0.178  452.38   12.71 0.689     17.74    110.83 25.204 24.224 99.999 21.168 20.165 99.999 99.999 99.999  0.682 99.999 99.999 99.999 99.999  99.999  99.999  99.999  99.999  0.008  0.007  0.005  0.005  0.028  0.029  298  289  0.001  0.001    0  11.113806739   8.316554987  1 58 52.13 2009  5 22 2454973.58387412    39  filtro desconhecido   targ_cat_global_reduction_sat_gr1                  Paaliaq               2044  4098     1  99.999  99.999
   0.462  -0.093  452.38   12.71 3.081     17.74    110.83 25.204 24.224 99.999 19.334 18.222 99.999 99.999 99.999  0.682 99.999 99.999 99.999 99.999  99.999  99.999  99.999  99.999  0.005  0.006  0.005  0.004  0.029  0.025  298  263  0.001  0.001    0  11.113805703   8.316563942  1 58 52.13 2009  5 22 2454973.58503768    39  filtro desconhecido   targ_cat_global_reduction_sat_gr1                  Paaliaq               2044  4098     1  99.999  99.999
   0.560  -0.132  452.38   12.71 2.322     17.74    110.83 25.204 24.224 99.999 19.522 18.613 99.999 99.999 99.999  0.682 99.999 99.999 99.999 99.999  99.999  99.999  99.999  99.999  0.040  0.040  0.004  0.004  0.025  0.026  298  273  0.001  0.001    0  11.113808139   8.316538343  1 58 52.13 2009  5 22 2454973.58619197    39  filtro desconhecido   targ_cat_global_reduction_sat_gr1                  Paaliaq               2044  4098     1  99.999  99.999
