  -0.322  -0.061  643.75  507.17 2.363    714.16   1091.74 24.567 24.695 99.999 17.432 17.561 99.999 99.999 99.999  0.371 99.999 99.999 99.999 99.999  99.999  99.999  99.999  99.999  0.009  0.009  0.007  0.006  0.051  0.046   86   69 99.999 99.999   99  18.954517431 -23.152954011 26 54 28.00 1996  6 21 2450256.62115741   210  CLEAR                 21069602.car.fits                                  Carme                 1000  1024
  -0.273  -0.041  655.31  504.34 2.984    997.50    839.37 24.782 25.144 99.999 17.284 17.647 99.999 99.999 99.999  0.419 99.999 99.999 99.999 99.999  99.999  99.999  99.999  99.999  0.014  0.014  0.007  0.006  0.049  0.046   81   65 99.999 99.999   99  18.954458107 -23.153020812  3  5 16.00 1996  6 22 2450256.62865741   210  CLEAR                 21069604.car.fits                                  Carme                 1000  1024
  -0.239  -0.038  659.82  502.77 2.333   1055.13    977.39 24.992 25.247 99.999 17.433 17.688 99.999 99.999 99.999  0.443 99.999 99.999 99.999 99.999  99.999  99.999  99.999  99.999  0.013  0.013  0.008  0.007  0.054  0.050   83   70 99.999 99.999   99  18.954435233 -23.153048231  3  9 29.00 1996  6 22 2450256.63158565   210  CLEAR                 21069605.car.fits                                  Carme                 1000  1024
  -0.142  -0.242  480.00  585.91 2.663     88.94    217.17 22.703 23.215 99.999 17.830 18.343 99.999 99.999 99.999  0.320 99.999 99.999 99.999 99.999  99.999  99.999  99.999  99.999  0.008  0.009  0.006  0.005  0.054  0.048  135  105 99.999 99.999   99  18.690874339 -23.384724057  3 38 52.08 1996  7 26 2450290.65199167    10  filtro desconhecido   26079601.car.fits                                  Carme                 1000  1024
  -0.085  -0.098  481.16  586.76 1.350    103.98    235.92 22.803 23.192 99.999 17.761 18.150 99.999 99.999 99.999  0.301 99.999 99.999 99.999 99.999  99.999  99.999  99.999  99.999  0.022  0.022  0.006  0.005  0.056  0.045  135  105 99.999 99.999   99  18.690869508 -23.384686454  3 40  9.21 1996  7 26 2450290.65288437    10  filtro desconhecido   26079602.car.fits                                  Carme                 1000  1024
  -0.118  -0.112  480.89  586.97 1.429     88.17    241.37 22.683 23.108 99.999 17.820 18.244 99.999 99.999 99.999  0.298 99.999 99.999 99.999 99.999  99.999  99.999  99.999  99.999  0.000  0.000  0.006  0.005  0.052  0.046  132   98 99.999 99.999   99  18.690864727 -23.384692067  3 41  2.21 1996  7 26 2450290.65349780    10  filtro desconhecido   26079603.car.fits                                  Carme                 1000  1024
  -0.122  -0.028  480.84  587.71 3.407    332.69     -8.07 22.749 23.147 99.999 16.443 16.842 99.999 99.999 99.999  0.295 99.999 99.999 99.999 99.999  99.999  99.999  99.999  99.999  0.045  0.044  0.006  0.005  0.056  0.046  133  102 99.999 99.999   99  18.690860621 -23.384670038  3 41 54.22 1996  7 26 2450290.65409977    10  filtro desconhecido   26079604.car.fits                                  Carme                 1000  1024
  -0.180  -0.158  482.10  587.14 1.232     71.46    265.40 22.769 23.174 99.999 18.134 18.539 99.999 99.999 99.999  0.280 99.999 99.999 99.999 99.999  99.999  99.999  99.999  99.999  0.037  0.050  0.006  0.005  0.056  0.044  134  102 99.999 99.999   99  18.690855461 -23.384707847  3 42 46.18 1996  7 26 2450290.65470116    10  filtro desconhecido   26079605.car.fits                                  Carme                 1000  1024
  -0.123  -0.063  483.03  587.98 2.086    164.17    167.48 22.810 23.222 99.999 17.272 17.684 99.999 99.999 99.999  0.332 99.999 99.999 99.999 99.999  99.999  99.999  99.999  99.999  0.044  0.042  0.006  0.005  0.059  0.047  132  101 99.999 99.999   99  18.690848542 -23.384684348  3 44 30.21 1996  7 26 2450290.65590521    10  filtro desconhecido   26079607.car.fits                                  Carme                 1000  1024
  -0.152  -0.087  483.61  588.33 1.322     99.64    237.60 22.729 23.129 99.999 17.733 18.133 99.999 99.999 99.999  0.269 99.999 99.999 99.999 99.999  99.999  99.999  99.999  99.999  0.022  0.022  0.006  0.005  0.056  0.050  139  105 99.999 99.999   99  18.690839899 -23.384694146  3 46 14.18 1996  7 26 2450290.65710856    10  filtro desconhecido   26079609.car.fits                                  Carme                 1000  1024
  -0.095  -0.041  483.12  589.08 2.095    161.28    168.64 22.769 23.145 99.999 17.250 17.626 99.999 99.999 99.999  0.257 99.999 99.999 99.999 99.999  99.999  99.999  99.999  99.999  0.036  0.038  0.006  0.005  0.057  0.049  135  105 99.999 99.999   99  18.690837021 -23.384682904  3 47  6.20 1996  7 26 2450290.65771065    10  filtro desconhecido   26079610.car.fits                                  Carme                 1000  1024
  -0.015  -0.037  341.66  554.11 1.277    106.03    159.57 23.422 23.606 99.999 18.359 18.542 99.999 99.999 99.999  0.279 99.999 99.999 99.999 99.999  99.999  99.999  99.999  99.999  0.022  0.023  0.007  0.007  0.052  0.050   71   55 99.999 99.999   99  18.708530763 -23.151231726 22 17 47.00 1996 10  1 2450358.42901620    30     cl                 01109601.car.fits                                  Carme                  739  1140
  -0.151   0.041  347.51  536.75 1.008    149.32    158.10 23.775 23.968 99.999 18.339 18.533 99.999 99.999 99.999  0.310 99.999 99.999 99.999 99.999  99.999  99.999  99.999  99.999  0.023  0.015  0.008  0.007  0.059  0.049   71   56 99.999 99.999   99  18.708775236 -23.150854416 23  6 60.00 1996 10  1 2450358.46319444    30     cl                 01109603.car.fits                                  Carme                  739  1140
  -0.101   0.059  344.89  537.14 1.078    170.86    160.34 23.912 24.093 99.999 18.330 18.511 99.999 99.999 99.999  0.319 99.999 99.999 99.999 99.999  99.999  99.999  99.999  99.999  0.012  0.012  0.008  0.007  0.057  0.048   71   54 99.999 99.999   99  18.708782224 -23.150840874 23  8 11.00 1996 10  1 2450358.46401620    30     cl                 01109604.car.fits                                  Carme                  739  1140
   0.039  -0.074  219.00  116.67 1.160    935.93    928.73 25.186 25.466 99.999 17.758 18.038 99.999 99.999 99.999  1.064 99.999 99.999 99.999 99.999  99.999  99.999  99.999  99.999  0.018  0.018  0.004  0.017  0.006  0.024    4    4 99.999 99.999   99  16.632056916 -22.031090790  0 35 21.89 2007  8 19 2454331.52455891    15    Clear               Carme_rf0006.fits                                  Carme                  376   268
  -0.016  -0.168  218.51  116.62 1.033    879.64    987.89 24.883 25.097 99.999 17.522 17.736 99.999 99.999 99.999  0.937 99.999 99.999 99.999 99.999  99.999  99.999  99.999  99.999  0.024  0.024  0.024  0.033  0.047  0.064    6    5 99.999 99.999   99  16.632056156 -22.031118505  0 35 44.14 2007  8 19 2454331.52481644    15    Clear               Carme_rf0007.fits                                  Carme                  376   268
   0.018  -0.121  219.94  116.60 1.057    760.54    997.46 25.057 25.434 99.999 17.854 18.231 99.999 99.999 99.999  1.113 99.999 99.999 99.999 99.999  99.999  99.999  99.999  99.999  0.015  0.015  0.001  0.004  0.001  0.006    4    4 99.999 99.999   99  16.632057859 -22.031110686  0 36 50.72 2007  8 19 2454331.52558704    15    Clear               Carme_rf0010.fits                                  Carme                  376   268
  -0.003  -0.132  218.52  116.33 1.117    797.17    974.18 24.436 24.589 99.999 17.183 17.335 99.999 99.999 99.999  0.689 99.999 99.999 99.999 99.999  99.999  99.999  99.999  99.999  0.022  0.022  0.017  0.004  0.038  0.009    6    5 99.999 99.999   99  16.632058518 -22.031118708  0 37 59.15 2007  8 19 2454331.52637905    15    Clear               Carme_rf0013.fits                                  Carme                  376   268
   0.021  -0.087  218.71  116.20 1.221    824.34    917.69 24.693 24.839 99.999 17.402 17.549 99.999 99.999 99.999  0.933 99.999 99.999 99.999 99.999  99.999  99.999  99.999  99.999  0.013  0.013  0.028  0.026  0.074  0.067    7    7 99.999 99.999   99  16.632059330 -22.031107725  0 38 21.39 2007  8 19 2454331.52663646    15    Clear               Carme_rf0014.fits                                  Carme                  376   268
   0.003  -0.075  218.64  115.87 1.289    728.59    921.86 24.666 24.845 99.999 17.510 17.688 99.999 99.999 99.999  1.002 99.999 99.999 99.999 99.999  99.999  99.999  99.999  99.999  0.012  0.012  0.007  0.018  0.013  0.035    6    5 99.999 99.999   99  16.632060388 -22.031111039  0 39 51.90 2007  8 19 2454331.52768403    15    Clear               Carme_rf0018.fits                                  Carme                  376   268
   0.037  -0.116  219.00  116.23 1.056    908.69    968.60 24.769 24.908 99.999 17.373 17.512 99.999 99.999 99.999  0.899 99.999 99.999 99.999 99.999  99.999  99.999  99.999  99.999  0.020  0.020  0.027  0.025  0.071  0.066    7    7 99.999 99.999   99  16.632061800 -22.031126172  0 40 37.34 2007  8 19 2454331.52820995    15    Clear               Carme_rf0020.fits                                  Carme                  376   268
  -0.005  -0.116  218.09  115.99 1.089    865.40    956.73 24.733 24.961 99.999 17.390 17.618 99.999 99.999 99.999  0.910 99.999 99.999 99.999 99.999  99.999  99.999  99.999  99.999  0.017  0.017  0.016  0.028  0.039  0.066    7    6 99.999 99.999   99  16.632062008 -22.031131065  0 41 44.94 2007  8 19 2454331.52899236    15    Clear               Carme_rf0023.fits                                  Carme                  376   268
   0.009  -0.101  217.45  115.62 1.252    828.57    907.30 24.763 24.976 99.999 17.467 17.680 99.999 99.999 99.999  0.991 99.999 99.999 99.999 99.999  99.999  99.999  99.999  99.999  0.024  0.024  0.009  0.018  0.018  0.035    6    5 99.999 99.999   99  16.632062662 -22.031128746  0 42  8.04 2007  8 19 2454331.52925972    15    Clear               Carme_rf0024.fits                                  Carme                  376   268
   0.018  -0.123  218.56  115.79 1.083    716.92    990.89 25.065 25.198 99.999 17.927 18.060 99.999 99.999 99.999  1.091 99.999 99.999 99.999 99.999  99.999  99.999  99.999  99.999  0.011  0.011  0.030  0.055  0.057  0.105    4    4 99.999 99.999   99  16.632063519 -22.031137945  0 42 52.51 2007  8 19 2454331.52977442    15    Clear               Carme_rf0026.fits                                  Carme                  376   268
  -0.027  -0.147  217.98  115.71 1.168    676.72    960.25 24.546 24.643 99.999 17.470 17.567 99.999 99.999 99.999  0.945 99.999 99.999 99.999 99.999  99.999  99.999  99.999  99.999  0.026  0.026  0.018  0.024  0.042  0.058    7    6 99.999 99.999   99  16.632062958 -22.031146104  0 43 14.75 2007  8 19 2454331.53003183    15    Clear               Carme_rf0027.fits                                  Carme                  376   268
   0.021  -0.156  218.58  115.69 1.012    748.36   1018.48 24.669 24.777 99.999 17.484 17.591 99.999 99.999 99.999  0.931 99.999 99.999 99.999 99.999  99.999  99.999  99.999  99.999  0.025  0.025  0.017  0.028  0.041  0.068    7    6 99.999 99.999   99  16.632065705 -22.031157092  0 45  8.53 2007  8 19 2454331.53134873    15    Clear               Carme_rf0032.fits                                  Carme                  376   268
   0.009  -0.123  217.47  115.23 1.424    612.65    898.12 24.482 24.655 99.999 17.514 17.687 99.999 99.999 99.999  0.962 99.999 99.999 99.999 99.999  99.999  99.999  99.999  99.999  0.026  0.026  0.016  0.027  0.038  0.065    7    6 99.999 99.999   99  16.632066161 -22.031151097  0 45 52.71 2007  8 19 2454331.53186007    15    Clear               Carme_rf0034.fits                                  Carme                  376   268
  -0.008  -0.098  218.11  115.10 1.326    688.10    917.44 24.636 24.778 99.999 17.542 17.683 99.999 99.999 99.999  1.007 99.999 99.999 99.999 99.999  99.999  99.999  99.999  99.999  0.019  0.019  0.011  0.019  0.021  0.037    6    5 99.999 99.999   99  16.632066174 -22.031145811  0 46 14.72 2007  8 19 2454331.53211481    15    Clear               Carme_rf0035.fits                                  Carme                  376   268
  -0.006  -0.152  218.74  115.10 1.210    637.56    963.48 24.492 24.630 99.999 17.481 17.618 99.999 99.999 99.999  0.953 99.999 99.999 99.999 99.999  99.999  99.999  99.999  99.999  0.032  0.032  0.008  0.025  0.019  0.060    7    6 99.999 99.999   99  16.632066577 -22.031162405  0 46 37.81 2007  8 19 2454331.53238206    15    Clear               Carme_rf0036.fits                                  Carme                  376   268
   0.058  -0.083  217.95  114.79 1.128    798.62    947.41 24.851 25.168 99.999 17.595 17.912 99.999 99.999 99.999  1.063 99.999 99.999 99.999 99.999  99.999  99.999  99.999  99.999  0.026  0.026  0.069  0.040  0.103  0.060    5    5 99.999 99.999   99  16.632069277 -22.031150374  0 48  9.31 2007  8 19 2454331.53344109    15    Clear               Carme_rf0040.fits                                  Carme                  376   268
   0.023  -0.098  217.82  114.76 1.054    809.78    979.60 25.159 25.494 99.999 17.888 18.223 99.999 99.999 99.999  1.072 99.999 99.999 99.999 99.999  99.999  99.999  99.999  99.999  0.016  0.015  0.011  0.009  0.016  0.013    4    4 99.999 99.999   99  16.632069648 -22.031159306  0 49 17.29 2007  8 19 2454331.53422789    15    Clear               Carme_rf0043.fits                                  Carme                  376   268
  -0.022  -0.137  217.24  114.60 1.159    888.33    903.43 24.721 24.871 99.999 17.350 17.500 99.999 99.999 99.999  0.935 99.999 99.999 99.999 99.999  99.999  99.999  99.999  99.999  0.020  0.020  0.017  0.028  0.041  0.067    7    6 99.999 99.999   99  16.632070532 -22.031178662  0 51 10.14 2007  8 19 2454331.53553403    15    Clear               Carme_rf0048.fits                                  Carme                  376   268
  -0.010  -0.131  215.76  114.29 1.211    698.20    931.67 24.685 24.741 99.999 17.575 17.631 99.999 99.999 99.999  0.990 99.999 99.999 99.999 99.999  99.999  99.999  99.999  99.999  0.025  0.025  0.015  0.038  0.030  0.078    6    5 99.999 99.999   99  16.632072586 -22.031185230  0 53  5.17 2007  8 19 2454331.53686539    15    Clear               Carme_rf0053.fits                                  Carme                  376   268
   0.001  -0.126  211.28  113.73 1.139    730.53    942.05 24.612 24.677 99.999 17.453 17.518 99.999 99.999 99.999  0.935 99.999 99.999 99.999 99.999  99.999  99.999  99.999  99.999  0.026  0.026  0.014  0.026  0.034  0.062    7    6 99.999 99.999   99  16.632076773 -22.031202465  0 57 17.20 2007  8 19 2454331.53978241    15    Clear               Carme_rf0064.fits                                  Carme                  376   268
  -0.008  -0.145  207.57  113.13 1.123    720.97    941.23 24.423 24.559 99.999 17.278 17.414 99.999 99.999 99.999  0.699 99.999 99.999 99.999 99.999  99.999  99.999  99.999  99.999  0.028  0.028  0.009  0.008  0.019  0.017    6    5 99.999 99.999   99  16.632079095 -22.031219496  0 59 55.82 2007  8 19 2454331.54161829    15    Clear               Carme_rf0071.fits                                  Carme                  376   268
   0.060  -0.134  208.80  113.07 1.127    795.49    919.48 24.992 25.223 99.999 17.740 17.971 99.999 99.999 99.999  0.986 99.999 99.999 99.999 99.999  99.999  99.999  99.999  99.999  0.018  0.018  0.019  0.039  0.038  0.081    5    5 99.999 99.999   99  16.632081180 -22.031219666  1  0 42.04 2007  8 19 2454331.54215324    15    Clear               Carme_rf0073.fits                                  Carme                  376   268
   0.034  -0.155  207.57  112.95 0.746    796.74   1104.09 24.595 24.728 99.999 17.341 17.475 99.999 99.999 99.999  0.706 99.999 99.999 99.999 99.999  99.999  99.999  99.999  99.999  0.023  0.036  0.012  0.004  0.026  0.009    5    5 99.999 99.999   99  16.632082819 -22.031235556  1  2 58.81 2007  8 19 2454331.54373623    15    Clear               Carme_rf0079.fits                                  Carme                  376   268
   0.063  -0.091  206.51  112.14 1.196    618.56    946.48 24.702 24.834 99.999 17.724 17.855 99.999 99.999 99.999  1.009 99.999 99.999 99.999 99.999  99.999  99.999  99.999  99.999  0.028  0.029  0.034  0.039  0.079  0.091    6    6 99.999 99.999   99  16.632085209 -22.031226032  1  4 53.83 2007  8 19 2454331.54506748    15    Clear               Carme_rf0084.fits                                  Carme                  376   268
   0.057  -0.111  204.35  112.27 1.408    663.20    865.56 24.634 24.777 99.999 17.580 17.723 99.999 99.999 99.999  1.015 99.999 99.999 99.999 99.999  99.999  99.999  99.999  99.999  0.030  0.030  0.037  0.038  0.084  0.088    6    6 99.999 99.999   99  16.632086528 -22.031238329  1  6 25.38 2007  8 19 2454331.54612708    15    Clear               Carme_rf0088.fits                                  Carme                  376   268
   0.021  -0.122  203.06  111.94 1.153    729.78    916.21 24.705 24.794 99.999 17.547 17.636 99.999 99.999 99.999  0.914 99.999 99.999 99.999 99.999  99.999  99.999  99.999  99.999  0.007  0.007  0.016  0.021  0.039  0.050    7    6 99.999 99.999   99  16.632087273 -22.031247926  1  7 56.88 2007  8 19 2454331.54718611    15    Clear               Carme_rf0092.fits                                  Carme                  376   268
  -0.131   0.084 1026.56 1044.92 2.216    111.20    418.31 22.705 22.806 99.999 17.589 17.691 99.999 99.999 99.999  0.241 99.999 99.999 99.999 99.999  99.999  99.999  99.999  99.999  0.016  0.016  0.009  0.009  0.056  0.056   69   51 99.999 99.999   99  19.134714450 -22.697611179  6 29 11.45 2008  7 11 2454658.77027141   120    I                   carme0001.fits                                     Carme                 2045  2050
  -0.164   0.075 1028.50 1036.19 2.430     98.37    422.49 22.606 22.696 99.999 17.624 17.714 99.999 99.999 99.999  0.236 99.999 99.999 99.999 99.999  99.999  99.999  99.999  99.999  0.020  0.020  0.008  0.009  0.053  0.057   65   50 99.999 99.999   99  19.134683095 -22.697649604  6 34 27.96 2008  7 11 2454658.77393472   120    I                   carme0003.fits                                     Carme                 2045  2050
  -0.159   0.057 1029.00 1031.91 1.877     73.93    448.94 22.570 22.698 99.999 17.898 18.026 99.999 99.999 99.999  0.240 99.999 99.999 99.999 99.999  99.999  99.999  99.999  99.999  0.008  0.008  0.008  0.009  0.055  0.061   62   48 99.999 99.999   99  19.134668233 -22.697672116  6 37  2.64 2008  7 11 2454658.77572500   120    I                   carme0004.fits                                     Carme                 2045  2050
  -0.121   0.088 1029.68 1023.46 2.249     98.14    429.93 22.646 22.782 99.999 17.667 17.802 99.999 99.999 99.999  0.239 99.999 99.999 99.999 99.999  99.999  99.999  99.999  99.999  0.019  0.019  0.009  0.008  0.054  0.053   66   49 99.999 99.999   99  19.134638956 -22.697698773  6 42 12.65 2008  7 11 2454658.77931308   120    I                   carme0006.fits                                     Carme                 2045  2050
  -0.119   0.116 1030.14 1019.13 2.116    124.93    426.18 22.828 22.909 99.999 17.586 17.668 99.999 99.999 99.999  0.227 99.999 99.999 99.999 99.999  99.999  99.999  99.999  99.999  0.005  0.005  0.008  0.009  0.051  0.057   65   51 99.999 99.999   99  19.134624049 -22.697709001  6 44 47.14 2008  7 11 2454658.78110116   120    I                   carme0007.fits                                     Carme                 2045  2050
  -0.154   0.094 1030.99 1009.48 2.036    112.39    434.29 22.793 22.905 99.999 17.666 17.779 99.999 99.999 99.999  0.236 99.999 99.999 99.999 99.999  99.999  99.999  99.999  99.999  0.002  0.002  0.009  0.010  0.055  0.061   68   50 99.999 99.999   99  19.134592967 -22.697750460  6 50  1.33 2008  7 11 2454658.78473762   120    I                   carme0009.fits                                     Carme                 2045  2050
  -0.116   0.107 1031.05 1005.42 2.053    122.27    438.05 22.791 22.888 99.999 17.573 17.670 99.999 99.999 99.999  0.209 99.999 99.999 99.999 99.999  99.999  99.999  99.999  99.999  0.017  0.017  0.009  0.009  0.057  0.054   61   45 99.999 99.999   99  19.134578260 -22.697764871  6 52 41.25 2008  7 11 2454658.78658854   120    I                   carme0010.fits                                     Carme                 2045  2050
  -0.115   0.121 1031.23  999.66 2.245    110.00    440.62 22.742 22.827 99.999 17.638 17.724 99.999 99.999 99.999  0.257 99.999 99.999 99.999 99.999  99.999  99.999  99.999  99.999  0.005  0.005  0.009  0.009  0.054  0.055   66   51 99.999 99.999   99  19.134560083 -22.697782546  6 55 49.40 2008  7 11 2454658.78876620   120    I                   carme0011.fits                                     Carme                 2045  2050
  -0.124   0.110 1031.88  995.74 2.219    104.97    445.76 22.689 22.817 99.999 17.637 17.765 99.999 99.999 99.999  0.237 99.999 99.999 99.999 99.999  99.999  99.999  99.999  99.999  0.002  0.002  0.008  0.008  0.051  0.055   67   51 99.999 99.999   99  19.134544922 -22.697803031  6 58 24.32 2008  7 11 2454658.79055926   120    I                   carme0012.fits                                     Carme                 2045  2050
  -0.117   0.133 1031.87  991.85 2.560     81.45    447.36 22.348 22.447 99.999 17.571 17.670 99.999 99.999 99.999  0.215 99.999 99.999 99.999 99.999  99.999  99.999  99.999  99.999  0.002  0.002  0.009  0.009  0.057  0.056   66   49 99.999 99.999   99  19.134530097 -22.697814164  7  0 59.27 2008  7 11 2454658.79235266   120    I                   carme0013.fits                                     Carme                 2045  2050
  -0.101   0.069 1032.31  987.02 2.576     82.07    450.52 22.420 22.532 99.999 17.634 17.746 99.999 99.999 99.999  0.208 99.999 99.999 99.999 99.999  99.999  99.999  99.999  99.999  0.025  0.025  0.007  0.009  0.047  0.057   64   47 99.999 99.999   99  19.134515480 -22.697849386  7  3 34.03 2008  7 11 2454658.79414387   120    I                   carme0014.fits                                     Carme                 2045  2050
  -0.142   0.116 1032.58  982.02 2.150     88.26    458.75 22.627 22.767 99.999 17.762 17.903 99.999 99.999 99.999  0.242 99.999 99.999 99.999 99.999  99.999  99.999  99.999  99.999  0.023  0.024  0.008  0.009  0.051  0.057   69   50 99.999 99.999   99  19.134499699 -22.697853973  7  6  8.97 2008  7 11 2454658.79593715   120    I                   carme0015.fits                                     Carme                 2045  2050
  -0.025   0.111  535.01  504.55 3.343    735.44     -3.37 23.899 23.886 99.999 16.733 16.720 99.999 99.999 99.999  0.306 99.999 99.999 99.999 99.999  99.999  99.999  99.999  99.999  0.036  0.031  0.008  0.007  0.054  0.049   76   51 99.999 99.999   99  18.912666831 -22.888759871 23 23 31.74 2008  9 19 2454729.47467292    60  I                     carme0001.fits                                     Carme                 1020  1020
  -0.048   0.107  535.94  505.21 1.186    203.81    572.34 23.974 23.994 99.999 18.201 18.221 99.999 99.999 99.999  0.396 99.999 99.999 99.999 99.999  99.999  99.999  99.999  99.999  0.036  0.035  0.008  0.007  0.056  0.050   77   53 99.999 99.999   99  18.912671197 -22.888753164 23 25 14.69 2008  9 19 2454729.47586447    60  I                     carme0002.fits                                     Carme                 1020  1020
  -0.032   0.136  537.75  506.01 1.086    125.02    615.51 23.856 23.904 99.999 18.614 18.661 99.999 99.999 99.999  0.307 99.999 99.999 99.999 99.999  99.999  99.999  99.999  99.999  0.016  0.017  0.008  0.007  0.056  0.050   73   53 99.999 99.999   99  18.912676334 -22.888737358 23 26 57.59 2008  9 19 2454729.47705544    60  I                     carme0003.fits                                     Carme                 1020  1020
  -0.029   0.133  541.02  506.51 1.152    216.26    563.26 24.023 24.026 99.999 18.186 18.189 99.999 99.999 99.999  0.392 99.999 99.999 99.999 99.999  99.999  99.999  99.999  99.999  0.028  0.026  0.008  0.007  0.055  0.052   73   50 99.999 99.999   99  18.912681230 -22.888729919 23 28 40.54 2008  9 19 2454729.47824699    60  I                     carme0004.fits                                     Carme                 1020  1020
  -0.070   0.109  543.88  506.98 1.339    276.95    520.74 24.205 24.233 99.999 18.099 18.127 99.999 99.999 99.999  0.427 99.999 99.999 99.999 99.999  99.999  99.999  99.999  99.999  0.028  0.029  0.008  0.007  0.058  0.052   76   52 99.999 99.999   99  18.912685256 -22.888728486 23 30 24.32 2008  9 19 2454729.47944815    60  I                     carme0005.fits                                     Carme                 1020  1020
   0.004   0.116  545.78  507.63 1.239    231.50    561.72 24.205 24.231 99.999 18.293 18.319 99.999 99.999 99.999  0.399 99.999 99.999 99.999 99.999  99.999  99.999  99.999  99.999  0.027  0.026  0.007  0.007  0.054  0.052   80   56 99.999 99.999   99  18.912691672 -22.888718716 23 32  8.89 2008  9 19 2454729.48065845    60  I                     carme0006.fits                                     Carme                 1020  1020
   0.016   0.126  545.83  508.27 1.315    174.52    571.98 23.935 23.890 99.999 18.330 18.285 99.999 99.999 99.999  0.294 99.999 99.999 99.999 99.999  99.999  99.999  99.999  99.999  0.026  0.026  0.007  0.007  0.055  0.050   80   55 99.999 99.999   99  18.912696767 -22.888707901 23 33 52.69 2008  9 19 2454729.48185984    60  I                     carme0007.fits                                     Carme                 1020  1020
  -0.034   0.142  545.51  509.18 1.074    108.31    606.67 23.734 23.700 99.999 18.647 18.613 99.999 99.999 99.999  0.289 99.999 99.999 99.999 99.999  99.999  99.999  99.999  99.999  0.063  0.063  0.007  0.006  0.053  0.047   73   52 99.999 99.999   99  18.912700623 -22.888695403 23 35 36.43 2008  9 19 2454729.48306053    60  I                     carme0008.fits                                     Carme                 1020  1020
  -0.059   0.111  545.78  509.50 1.133    179.21    586.68 24.019 24.013 99.999 18.386 18.379 99.999 99.999 99.999  0.289 99.999 99.999 99.999 99.999  99.999  99.999  99.999  99.999  0.034  0.034  0.007  0.007  0.054  0.051   80   54 99.999 99.999   99  18.912704988 -22.888695823 23 37 20.13 2008  9 19 2454729.48426076    60  I                     carme0009.fits                                     Carme                 1020  1020
  -0.075   0.088  546.37  510.17 1.189    186.04    585.56 24.077 24.119 99.999 18.403 18.445 99.999 99.999 99.999  0.289 99.999 99.999 99.999 99.999  99.999  99.999  99.999  99.999  0.014  0.015  0.008  0.007  0.056  0.049   77   54 99.999 99.999   99  18.912709486 -22.888694370 23 39  2.96 2008  9 19 2454729.48545093    60  I                     carme0010.fits                                     Carme                 1020  1020
  -0.018  -0.057  896.13 1010.48 1.556    238.17    925.20 24.017 23.729 99.999 18.074 17.787 99.999 99.999 99.999  0.296 99.999 99.999 99.999 99.999  99.999  99.999  99.999  99.999  0.003  0.003  0.011  0.016  0.042  0.059   15   15 99.999 99.999   99   7.557781535  21.120389311  5 50 47.28 2013 11 10 2456606.74360280   180    I                   Carme_001.fits                                     Carme                 2048  2048
  -0.028  -0.048  898.13 1009.44 1.380    302.54    911.57 24.178 23.995 99.999 17.976 17.793 99.999 99.999 99.999  0.322 99.999 99.999 99.999 99.999  99.999  99.999  99.999  99.999  0.011  0.010  0.013  0.017  0.041  0.055   14   14 99.999 99.999   99   7.557783750  21.120408252  6 12  8.76 2013 11 10 2456606.75843477   180    I                   Carme_007.fits                                     Carme                 2048  2048
  -0.018  -0.056  899.40 1009.47 1.384    302.41    911.70 24.212 23.962 99.999 18.010 17.760 99.999 99.999 99.999  0.326 99.999 99.999 99.999 99.999  99.999  99.999  99.999  99.999  0.010  0.010  0.011  0.016  0.039  0.060   15   15 99.999 99.999   99   7.557784302  21.120408239  6 15 13.67 2013 11 10 2456606.76057490   180    I                   Carme_008.fits                                     Carme                 2048  2048
  -0.022  -0.061  898.90 1008.98 1.245    324.36    923.46 24.308 24.057 99.999 18.030 17.780 99.999 99.999 99.999  0.351 99.999 99.999 99.999 99.999  99.999  99.999  99.999  99.999  0.009  0.009  0.011  0.014  0.041  0.052   15   15 99.999 99.999   99   7.557784555  21.120409066  6 18 18.58 2013 11 10 2456606.76271503   180    I                   Carme_009.fits                                     Carme                 2048  2048
  -0.024  -0.065  900.30 1009.08 1.330    337.70    907.15 24.333 24.083 99.999 18.011 17.761 99.999 99.999 99.999  0.351 99.999 99.999 99.999 99.999  99.999  99.999  99.999  99.999  0.009  0.009  0.010  0.016  0.035  0.059   15   15 99.999 99.999   99   7.557784860  21.120410182  6 21 23.50 2013 11 10 2456606.76485527   180    I                   Carme_010.fits                                     Carme                 2048  2048
  -0.034  -0.064  900.09 1008.60 1.318    349.02    914.61 24.339 24.069 99.999 17.982 17.712 99.999 99.999 99.999  0.385 99.999 99.999 99.999 99.999  99.999  99.999  99.999  99.999  0.011  0.011  0.012  0.017  0.040  0.056   13   13 99.999 99.999   99   7.557784988  21.120412659  6 24 28.40 2013 11 10 2456606.76699539   180    I                   Carme_011.fits                                     Carme                 2048  2048
