  -0.048  -0.180  559.59  469.33 2.583    298.12   1308.81 24.121 24.138 99.999 17.935 17.952 99.999 99.999 99.999  0.316 99.999 99.999 99.999 99.999  99.999  99.999  99.999  99.999  0.044  0.044  0.015  0.015  0.053  0.050   25   21 99.999 99.999   99  16.860051819 -21.421135903  3 24 35.00 1995  5 19 2449856.64207176    90  C                     19059501.car.fits                                  Carme                  770  1152
  -0.075  -0.155  560.49  466.59 1.957    269.03   1365.61 24.216 24.221 99.999 18.141 18.146 99.999 99.999 99.999  0.313 99.999 99.999 99.999 99.999  99.999  99.999  99.999  99.999  0.011  0.011  0.015  0.016  0.047  0.050   26   22 99.999 99.999   99  16.860036230 -21.421112053  3 27  1.00 1995  5 19 2449856.64376157    90  C                     19059502.car.fits                                  Carme                  770  1152
  -0.116  -0.571  474.26  348.53 2.685    563.02    452.45 24.340 25.163 99.999 17.464 18.286 99.999 99.999 99.999  0.784 99.999 99.999 99.999 99.999  99.999  99.999  99.999  99.999  0.022  0.022  0.009  0.010  0.049  0.050   67   52 99.999 99.999   99  18.962289885 -23.143722011 26 53 42.00 1996  6 20 2450255.62062500   120  CLEAR                 20069603.car.fits                                  Carme                 1000  1024
   0.356  -0.581  473.96  347.28 2.143    260.60    619.29 24.243 25.029 99.999 18.203 18.989 99.999 99.999 99.999  0.710 99.999 99.999 99.999 99.999  99.999  99.999  99.999  99.999  0.007  0.007  0.010  0.010  0.050  0.054   64   48 99.999 99.999   99  18.962284201 -23.143743272 26 56 27.00 1996  6 20 2450255.62253472   120  CLEAR                 20069604.car.fits                                  Carme                 1000  1024
  -0.322  -0.061  643.75  507.17 2.363    714.16   1091.74 24.567 24.695 99.999 17.432 17.561 99.999 99.999 99.999  0.371 99.999 99.999 99.999 99.999  99.999  99.999  99.999  99.999  0.009  0.009  0.007  0.006  0.051  0.046   86   69 99.999 99.999   99  18.954517431 -23.152954011 26 54 28.00 1996  6 21 2450256.62115741   210  CLEAR                 21069602.car.fits                                  Carme                 1000  1024
  -0.273  -0.041  655.31  504.34 2.984    997.50    839.37 24.782 25.144 99.999 17.284 17.647 99.999 99.999 99.999  0.419 99.999 99.999 99.999 99.999  99.999  99.999  99.999  99.999  0.014  0.014  0.007  0.006  0.049  0.046   81   65 99.999 99.999   99  18.954458107 -23.153020812  3  5 16.00 1996  6 22 2450256.62865741   210  CLEAR                 21069604.car.fits                                  Carme                 1000  1024
  -0.239  -0.038  659.82  502.77 2.333   1055.13    977.39 24.992 25.247 99.999 17.433 17.688 99.999 99.999 99.999  0.443 99.999 99.999 99.999 99.999  99.999  99.999  99.999  99.999  0.013  0.013  0.008  0.007  0.054  0.050   83   70 99.999 99.999   99  18.954435233 -23.153048231  3  9 29.00 1996  6 22 2450256.63158565   210  CLEAR                 21069605.car.fits                                  Carme                 1000  1024
  -0.359  -0.032  664.39  517.79 1.296   3233.28   1760.02 26.229 26.550 99.999 17.455 17.776 99.999 99.999 99.999  0.545 99.999 99.999 99.999 99.999  99.999  99.999  99.999  99.999  0.021  0.021  0.007  0.008  0.048  0.054   72   51 99.999 99.999   99  18.938915019 -23.171343644 26 32 40.00 1996  6 23 2450258.60601852   300  CLEAR                 23069601.car.fits                                  Carme                 1024  1024
  -0.189  -0.077  670.94  515.50 1.367   2852.49   1695.98 26.256 26.649 99.999 17.618 18.011 99.999 99.999 99.999  0.634 99.999 99.999 99.999 99.999  99.999  99.999  99.999  99.999  0.003  0.003  0.007  0.007  0.048  0.049   79   58 99.999 99.999   99  18.938877441 -23.171404331 26 39 54.00 1996  6 23 2450258.61104167   300  CLEAR                 23069602.car.fits                                  Carme                 1024  1024
  -0.142  -0.242  480.00  585.91 2.663     88.94    217.17 22.703 23.215 99.999 17.830 18.343 99.999 99.999 99.999  0.320 99.999 99.999 99.999 99.999  99.999  99.999  99.999  99.999  0.008  0.009  0.006  0.005  0.054  0.048  135  105 99.999 99.999   99  18.690874339 -23.384724057  3 38 52.08 1996  7 26 2450290.65199167    10  filtro desconhecido   26079601.car.fits                                  Carme                 1000  1024
  -0.085  -0.098  481.16  586.76 1.350    103.98    235.92 22.803 23.192 99.999 17.761 18.150 99.999 99.999 99.999  0.301 99.999 99.999 99.999 99.999  99.999  99.999  99.999  99.999  0.022  0.022  0.006  0.005  0.056  0.045  135  105 99.999 99.999   99  18.690869508 -23.384686454  3 40  9.21 1996  7 26 2450290.65288437    10  filtro desconhecido   26079602.car.fits                                  Carme                 1000  1024
  -0.118  -0.112  480.89  586.97 1.429     88.17    241.37 22.683 23.108 99.999 17.820 18.244 99.999 99.999 99.999  0.298 99.999 99.999 99.999 99.999  99.999  99.999  99.999  99.999  0.000  0.000  0.006  0.005  0.052  0.046  132   98 99.999 99.999   99  18.690864727 -23.384692067  3 41  2.21 1996  7 26 2450290.65349780    10  filtro desconhecido   26079603.car.fits                                  Carme                 1000  1024
  -0.122  -0.028  480.84  587.71 3.407    332.69     -8.07 22.749 23.147 99.999 16.443 16.842 99.999 99.999 99.999  0.295 99.999 99.999 99.999 99.999  99.999  99.999  99.999  99.999  0.045  0.044  0.006  0.005  0.056  0.046  133  102 99.999 99.999   99  18.690860621 -23.384670038  3 41 54.22 1996  7 26 2450290.65409977    10  filtro desconhecido   26079604.car.fits                                  Carme                 1000  1024
  -0.180  -0.158  482.10  587.14 1.232     71.46    265.40 22.769 23.174 99.999 18.134 18.539 99.999 99.999 99.999  0.280 99.999 99.999 99.999 99.999  99.999  99.999  99.999  99.999  0.037  0.050  0.006  0.005  0.056  0.044  134  102 99.999 99.999   99  18.690855461 -23.384707847  3 42 46.18 1996  7 26 2450290.65470116    10  filtro desconhecido   26079605.car.fits                                  Carme                 1000  1024
  -0.123  -0.063  483.03  587.98 2.086    164.17    167.48 22.810 23.222 99.999 17.272 17.684 99.999 99.999 99.999  0.332 99.999 99.999 99.999 99.999  99.999  99.999  99.999  99.999  0.044  0.042  0.006  0.005  0.059  0.047  132  101 99.999 99.999   99  18.690848542 -23.384684348  3 44 30.21 1996  7 26 2450290.65590521    10  filtro desconhecido   26079607.car.fits                                  Carme                 1000  1024
  -0.152  -0.087  483.61  588.33 1.322     99.64    237.60 22.729 23.129 99.999 17.733 18.133 99.999 99.999 99.999  0.269 99.999 99.999 99.999 99.999  99.999  99.999  99.999  99.999  0.022  0.022  0.006  0.005  0.056  0.050  139  105 99.999 99.999   99  18.690839899 -23.384694146  3 46 14.18 1996  7 26 2450290.65710856    10  filtro desconhecido   26079609.car.fits                                  Carme                 1000  1024
  -0.095  -0.041  483.12  589.08 2.095    161.28    168.64 22.769 23.145 99.999 17.250 17.626 99.999 99.999 99.999  0.257 99.999 99.999 99.999 99.999  99.999  99.999  99.999  99.999  0.036  0.038  0.006  0.005  0.057  0.049  135  105 99.999 99.999   99  18.690837021 -23.384682904  3 47  6.20 1996  7 26 2450290.65771065    10  filtro desconhecido   26079610.car.fits                                  Carme                 1000  1024
  -0.167  -0.013  471.69  563.89 1.149    275.51    555.87 23.598 23.835 99.999 17.497 17.735 99.999 99.999 99.999  0.365 99.999 99.999 99.999 99.999  99.999  99.999  99.999  99.999  0.011  0.013  0.006  0.006  0.051  0.047  107   81 99.999 99.999   99  18.684579528 -23.387780949  3 12 39.89 1996  7 27 2450291.63379502    10  filtro desconhecido   27079604.car.fits                                  Carme                 1024  1024
  -0.090   0.064  472.21  564.32 1.016     76.15    661.17 22.693 22.961 99.999 17.988 18.257 99.999 99.999 99.999  0.303 99.999 99.999 99.999 99.999  99.999  99.999  99.999  99.999  0.049  0.047  0.006  0.006  0.052  0.050  125   97 99.999 99.999   99  18.684573294 -23.387762253  3 14 22.27 1996  7 27 2450291.63497998    10  filtro desconhecido   27079606.car.fits                                  Carme                 1024  1024
  -0.603   0.209  269.46  614.73 4.989    189.79     53.89 22.445 22.621 99.999 16.749 16.925 99.999 99.999 99.999  0.195 99.999 99.999 99.999 99.999  99.999  99.999  99.999  99.999  0.066  0.043  0.008  0.008  0.052  0.052   65   59 99.999 99.999   99  18.701456519 -23.160588600 23 11 10.00 1996  9 30 2450357.46608796    30     cl                 30099601.car.fits                                  Carme                  739  1140
  -0.015  -0.037  341.66  554.11 1.277    106.03    159.57 23.422 23.606 99.999 18.359 18.542 99.999 99.999 99.999  0.279 99.999 99.999 99.999 99.999  99.999  99.999  99.999  99.999  0.022  0.023  0.007  0.007  0.052  0.050   71   55 99.999 99.999   99  18.708530763 -23.151231726 22 17 47.00 1996 10  1 2450358.42901620    30     cl                 01109601.car.fits                                  Carme                  739  1140
  -0.151   0.041  347.51  536.75 1.008    149.32    158.10 23.775 23.968 99.999 18.339 18.533 99.999 99.999 99.999  0.310 99.999 99.999 99.999 99.999  99.999  99.999  99.999  99.999  0.023  0.015  0.008  0.007  0.059  0.049   71   56 99.999 99.999   99  18.708775236 -23.150854416 23  6 60.00 1996 10  1 2450358.46319444    30     cl                 01109603.car.fits                                  Carme                  739  1140
  -0.101   0.059  344.89  537.14 1.078    170.86    160.34 23.912 24.093 99.999 18.330 18.511 99.999 99.999 99.999  0.319 99.999 99.999 99.999 99.999  99.999  99.999  99.999  99.999  0.012  0.012  0.008  0.007  0.057  0.048   71   54 99.999 99.999   99  18.708782224 -23.150840874 23  8 11.00 1996 10  1 2450358.46401620    30     cl                 01109604.car.fits                                  Carme                  739  1140
   0.211  -0.187  496.48  448.43 1.692   1910.20    613.22 25.935 25.684 99.999 17.732 17.481 99.999 99.999 99.999  0.211 99.999 99.999 99.999 99.999  99.999  99.999  99.999  99.999  0.019  0.019  0.031  0.041  0.059  0.080    9    7 99.999 99.999   99  21.165983128 -17.431386072  5 16 17.00 1997  8 13 2450673.71964120   300  Clear                 13089701.car.fits                                  Carme                  739  1140
  -0.036  -0.178  503.00  445.95 1.525   2206.00    641.75 25.978 25.859 99.999 17.619 17.500 99.999 99.999 99.999  0.245 99.999 99.999 99.999 99.999  99.999  99.999  99.999  99.999  0.017  0.017  0.016  0.054  0.028  0.091    8    6 99.999 99.999   99  21.165941683 -17.431561028  5 22  1.00 1997  8 13 2450673.72362269   300  Clear                 13089702.car.fits                                  Carme                  739  1140
   0.250  -0.317  458.33  485.83 1.454   1985.30   1231.62 25.924 25.723 99.999 17.679 17.478 99.999 99.999 99.999  0.572 99.999 99.999 99.999 99.999  99.999  99.999  99.999  99.999  0.030  0.031  0.038  0.054  0.064  0.091    6    5 99.999 99.999   99  21.156873803 -17.477025390  5 33 30.00 1997  8 14 2450674.73159722   300  filtro desconhecido   14089701.car.fits                                  Carme                  739  1140
   0.277  -0.292  463.33  484.35 1.381   1934.14   1215.76 25.899 25.641 99.999 17.683 17.425 99.999 99.999 99.999  0.567 99.999 99.999 99.999 99.999  99.999  99.999  99.999  99.999  0.032  0.032  0.043  0.053  0.071  0.088    6    5 99.999 99.999   99  21.156838404 -17.477191697  5 39  9.00 1997  8 14 2450674.73552083   300  filtro desconhecido   14089702.car.fits                                  Carme                  739  1140
   0.177  -0.202  448.97  560.93 1.543   2732.59   1659.93 26.089 25.991 99.999 17.497 17.400 99.999 99.999 99.999  0.977 99.999 99.999 99.999 99.999  99.999  99.999  99.999  99.999  0.008  0.008  0.000  0.000  0.000  0.000    4    3 99.999 99.999   99  21.148690761 -17.517948230  3 30 20.00 1997  8 15 2450675.64606481   300  filtro desconhecido   15089701.car.fits                                  Carme                  739  1140
   0.184  -0.496  397.58  520.26 4.608   9259.10  15878.28 24.721 26.484 99.999 14.805 16.567 99.999 99.999 99.999  1.915 99.999 99.999 99.999 99.999  99.999  99.999  99.999  99.999  0.134  0.133  0.000  0.000  0.000  0.000    3    3 99.999 99.999   99  21.139148128 -17.565375406  5  7 43.00 1997  8 16 2450676.71369213   300  filtro desconhecido   16089701.car.fits                                  Carme                  739  1140
   0.016  -0.097  227.77  451.07 1.393   2010.84   4101.18 25.622 26.045 99.999 17.363 17.787 99.999 99.999 99.999  1.909 99.999 99.999 99.999 99.999  99.999  99.999  99.999  99.999  0.038  0.038  0.000  0.000  0.000  0.000    3    3 99.999 99.999   99  23.768392069  -3.187324808  8 42 55.00 1998  6  5 2450969.86313657   300  Clear                 05069801.car.fits                                  Carme                 1024  1024
  -0.025   0.111  535.01  504.55 3.343    735.44     -3.37 23.899 23.886 99.999 16.733 16.720 99.999 99.999 99.999  0.306 99.999 99.999 99.999 99.999  99.999  99.999  99.999  99.999  0.036  0.031  0.008  0.007  0.054  0.049   76   51 99.999 99.999   99  18.912666831 -22.888759871 23 23 31.74 2008  9 19 2454729.47467292    60  I                     carme0001.fits                                     Carme                 1020  1020
  -0.048   0.107  535.94  505.21 1.186    203.81    572.34 23.974 23.994 99.999 18.201 18.221 99.999 99.999 99.999  0.396 99.999 99.999 99.999 99.999  99.999  99.999  99.999  99.999  0.036  0.035  0.008  0.007  0.056  0.050   77   53 99.999 99.999   99  18.912671197 -22.888753164 23 25 14.69 2008  9 19 2454729.47586447    60  I                     carme0002.fits                                     Carme                 1020  1020
  -0.032   0.136  537.75  506.01 1.086    125.02    615.51 23.856 23.904 99.999 18.614 18.661 99.999 99.999 99.999  0.307 99.999 99.999 99.999 99.999  99.999  99.999  99.999  99.999  0.016  0.017  0.008  0.007  0.056  0.050   73   53 99.999 99.999   99  18.912676334 -22.888737358 23 26 57.59 2008  9 19 2454729.47705544    60  I                     carme0003.fits                                     Carme                 1020  1020
  -0.029   0.133  541.02  506.51 1.152    216.26    563.26 24.023 24.026 99.999 18.186 18.189 99.999 99.999 99.999  0.392 99.999 99.999 99.999 99.999  99.999  99.999  99.999  99.999  0.028  0.026  0.008  0.007  0.055  0.052   73   50 99.999 99.999   99  18.912681230 -22.888729919 23 28 40.54 2008  9 19 2454729.47824699    60  I                     carme0004.fits                                     Carme                 1020  1020
  -0.070   0.109  543.88  506.98 1.339    276.95    520.74 24.205 24.233 99.999 18.099 18.127 99.999 99.999 99.999  0.427 99.999 99.999 99.999 99.999  99.999  99.999  99.999  99.999  0.028  0.029  0.008  0.007  0.058  0.052   76   52 99.999 99.999   99  18.912685256 -22.888728486 23 30 24.32 2008  9 19 2454729.47944815    60  I                     carme0005.fits                                     Carme                 1020  1020
   0.004   0.116  545.78  507.63 1.239    231.50    561.72 24.205 24.231 99.999 18.293 18.319 99.999 99.999 99.999  0.399 99.999 99.999 99.999 99.999  99.999  99.999  99.999  99.999  0.027  0.026  0.007  0.007  0.054  0.052   80   56 99.999 99.999   99  18.912691672 -22.888718716 23 32  8.89 2008  9 19 2454729.48065845    60  I                     carme0006.fits                                     Carme                 1020  1020
   0.016   0.126  545.83  508.27 1.315    174.52    571.98 23.935 23.890 99.999 18.330 18.285 99.999 99.999 99.999  0.294 99.999 99.999 99.999 99.999  99.999  99.999  99.999  99.999  0.026  0.026  0.007  0.007  0.055  0.050   80   55 99.999 99.999   99  18.912696767 -22.888707901 23 33 52.69 2008  9 19 2454729.48185984    60  I                     carme0007.fits                                     Carme                 1020  1020
  -0.034   0.142  545.51  509.18 1.074    108.31    606.67 23.734 23.700 99.999 18.647 18.613 99.999 99.999 99.999  0.289 99.999 99.999 99.999 99.999  99.999  99.999  99.999  99.999  0.063  0.063  0.007  0.006  0.053  0.047   73   52 99.999 99.999   99  18.912700623 -22.888695403 23 35 36.43 2008  9 19 2454729.48306053    60  I                     carme0008.fits                                     Carme                 1020  1020
  -0.059   0.111  545.78  509.50 1.133    179.21    586.68 24.019 24.013 99.999 18.386 18.379 99.999 99.999 99.999  0.289 99.999 99.999 99.999 99.999  99.999  99.999  99.999  99.999  0.034  0.034  0.007  0.007  0.054  0.051   80   54 99.999 99.999   99  18.912704988 -22.888695823 23 37 20.13 2008  9 19 2454729.48426076    60  I                     carme0009.fits                                     Carme                 1020  1020
  -0.075   0.088  546.37  510.17 1.189    186.04    585.56 24.077 24.119 99.999 18.403 18.445 99.999 99.999 99.999  0.289 99.999 99.999 99.999 99.999  99.999  99.999  99.999  99.999  0.014  0.015  0.008  0.007  0.056  0.049   77   54 99.999 99.999   99  18.912709486 -22.888694370 23 39  2.96 2008  9 19 2454729.48545093    60  I                     carme0010.fits                                     Carme                 1020  1020
