   81200.518015330003      -3.34374676E-03
   81202.557030619995      -3.94265028E-03
   81204.596086139994      -2.88084405E-03
   81206.635101439999      -4.81089763E-03
   81208.673312069994      -2.49006134E-03
   81210.712327360001       2.76843482E-03
   81212.751382889997      -1.89908780E-02
   81214.790398180005      -2.77489237E-03
   81216.828568579993      -3.69461450E-05
   81218.867624100007       3.86486016E-03
   81220.905794499995       7.85166514E-04
   81222.944850030006      -3.01227719E-03
   81224.983865319999       4.29017935E-03
   81227.022920849995      -1.19623747E-02
   81229.061976369994      -6.95360824E-03
   81231.100991669999       4.24669823E-03
   81233.139162060004       3.57104436E-04
   81235.178217590001       7.00821076E-03
   81237.217273119997       3.80301708E-03
   81239.256288410004       5.18882321E-03
   81241.295343940001       4.26229730E-04
   81243.334399460000      -4.52623377E-03
   81245.371684729995      -3.15987621E-04
   81247.410740260006      -4.88462113E-03
   81249.449755549998       6.39455044E-04
   81251.488811079995       7.11936131E-03
   81253.527866599994      -8.80832318E-04
   81255.566881899998      -8.14115629E-03
   81257.605052290004      -3.12374975E-03
   81259.644107820000       2.97538657E-03
   81261.683163340000       9.33079328E-03
   81263.722178640004       2.84399284E-04
   81265.761234160003       1.51320053E-02
   81267.800249459993       3.07061197E-03
   81269.838460090003      -2.02251758E-04
   81271.876630490005      -1.45332851E-02
   81273.915645779998      -4.08982905E-03
   81275.954701299997      -2.29673274E-03
   81277.993756829994       3.03304358E-03
   81280.032772120001      -6.56280143E-04
   81282.070942520004       5.54965623E-03
   81284.109998050000       5.95986238E-03
   81286.149053570000       6.87668857E-04
   81288.188068870004      -1.08447745E-02
   81290.227124390003      -4.53478843E-03
   81292.266139689993       3.81828775E-03
   81294.304350320002       1.18277939E-02
   81296.343365609995      -2.01378949E-03
   81298.382421140006       5.13640698E-03
   81300.420591529997      -5.50744683E-03
   81302.459647059994       7.07031926E-03
   81304.497817459996       6.59192586E-03
   81306.536832750004      -1.97083806E-03
   81308.575888280000       9.72483866E-03
   81310.614943799999      -1.86526531E-03
   81312.653959100004       1.15085102E-03
   81314.693014620003      -3.91249266E-03
   81316.731185020006       9.23826359E-03
   81318.770200309998       3.35776992E-03
   81320.809255839995      -7.87130371E-03
   81322.848311359994       6.04488282E-03
   81324.887326659999       2.74208887E-03
   81326.926382179998       7.78595277E-04
   81328.963707689996       9.31201619E-04
   81331.002722980003       3.57780792E-03
   81333.041778500003      -7.03190593E-03
   81335.080793800007       4.15492058E-03
   81337.119849320006       4.61112708E-03
   81339.158904850003       7.02933234E-04
   81341.197075250006      -5.35664055E-03
   81343.236090539998      -3.32208420E-03
   81345.275146069995      -1.91737781E-03
   81347.314201589994       1.97375845E-03
   81349.353216889998      -9.17720515E-03
   81351.392272409998       3.97547102E-03
   81353.429597909999      -4.92220232E-03
   81355.468613210003      -3.80448624E-03
   81357.507668730002      -1.11457985E-03
   81359.546684030007      -4.28018346E-03
   81361.585739550006       9.03930236E-03
   81363.624795080003       5.76890912E-03
   81365.662965480005      -3.73030454E-03
   81367.701980769998      -9.23120789E-03
   81369.741036299994       1.36928279E-02
   81371.780091819994       8.38634383E-04
   81373.819107119998      -2.99171940E-03
   81375.858162639997      -6.23480277E-03
   81377.896333040000      -2.41336669E-03
   81379.935388569997      -1.80676032E-03
   81381.974403860004       3.90466605E-03
   81384.012574260007       9.10867192E-03
   81386.051629780006      -5.80097130E-03
   81388.090685310002      -2.21812492E-03
   81390.128855710005      -1.94268872E-03
   81392.167870999998      -6.68812369E-04
   81394.206926519997      -4.94853593E-03
   81396.245982049993       9.63441003E-03
   81398.284997340001       1.04131654E-03
   81400.324052869997       1.99842290E-03
   81402.362223270000      -1.35763083E-03
   81404.401278789999       2.69133551E-03
   81406.440294090004       1.39824185E-03
   81408.479349610003      -2.41786172E-03
   81410.518364910007      -3.17417551E-03
   81412.555690409994      -1.09467888E-02
   81414.594745929993       7.21616717E-03
   81416.633761229998       5.37837343E-03
   81418.672816749997      -3.92690022E-03
   81420.711872279993      -1.46247388E-03
   81422.750887570000       1.58727933E-02
   81424.789057970003      -8.03054124E-03
   81426.828113500000      -4.70763491E-03
   81428.867128790007      -4.83106868E-03
   81430.906184320003       6.62761787E-03
   81432.945239840003       6.42162422E-03
   81434.984255140007      -5.49450982E-03
   81437.022425529998       5.22773666E-03
   81439.060636159993      -4.83115716E-03
   81441.099651459997       7.72434939E-03
   81443.138706979997       1.78245571E-03
   81445.177722280001       3.08556203E-03
   81447.216777800000       4.50768333E-04
   81449.254948200003       2.12947465E-03
   81451.294003730000      -5.63413873E-02
   81453.333019020007      -4.49034944E-02
   81455.372074540006      -7.13331327E-02
   81457.411130070002      -6.11146912E-02
   81459.450145359995      -5.69334254E-02
   81461.488315759998      -5.86605780E-02
   81463.527371289994      -3.85247506E-02
   81465.566426809994      -5.13511263E-02
   81467.604597209996      -6.34371564E-02
   81469.643612500004      -6.06579632E-02
   81471.682668030000      -5.56627251E-02
   81473.720838430003      -4.27568890E-02
   81475.759893950002      -4.74582538E-02
   81477.798909250007      -5.83822951E-02
   81479.837964770006      -5.55890314E-02
   81481.877020300002      -6.33997917E-02
   81483.916035589995      -5.07003069E-02
   81485.954205989998      -6.57573938E-02
   81487.993261519994      -5.02934940E-02
   81490.032317039993      -5.59031181E-02
   81492.071332339998      -5.24288118E-02
   81494.110387859997      -4.99775074E-02
   81496.149403150004      -5.06605096E-02
   81498.186728660003      -6.04344122E-02
   81500.225784180002      -6.32000640E-02
   81502.264799480006      -5.39425015E-02
   81504.303855000006      -5.15244529E-02
   81506.342910530002      -5.93203790E-02
   81508.381080930005      -5.12624234E-02
   81510.420096219998      -4.93653156E-02
   81512.459151739997      -4.25120294E-02
   81514.498207269993      -5.11849113E-02
   81516.537222560000      -4.89794761E-02
   81518.576278089997      -6.24878518E-02
   81520.613563360006      -5.86109236E-02
   81522.652618890002      -5.33947982E-02
   81524.691674410002      -5.60891517E-02
   81526.730689699994      -5.30477650E-02
   81528.769745230005      -5.20568900E-02
   81530.808760519998      -5.14263213E-02
   81532.846971149993      -5.79131544E-02
   81534.885986449997      -5.14299497E-02
   81536.925041969997      -5.87648936E-02
   81538.964057270001      -6.18314855E-02
   81541.003112790000      -5.56244291E-02
   81543.042168319997      -5.60220443E-02
   81545.080338719999      -6.28319904E-02
   81547.119354010007      -6.17247000E-02
   81549.158409540003      -5.64204268E-02
   81551.197465060002      -5.33893406E-02
   81553.235635460005      -5.23438118E-02
   81555.274650749998      -5.78570552E-02
   81557.312861380007      -6.07081205E-02
   81559.351876679997      -4.97867540E-02
   81561.390932199996      -5.86424470E-02
   81563.429947500001      -5.67584522E-02
   81565.469003020000      -6.20990843E-02
   81567.508058549996      -4.46017198E-02
   81569.546228949999      -5.94649613E-02
   81571.585244240006      -6.89213574E-02
   81573.624299760006      -6.07827492E-02
   81575.663355290002      -5.45036346E-02
   81577.702370579995      -5.47074787E-02
   81579.741426110006      -5.62923625E-02
   81581.778751610007      -6.37333915E-02
   81583.817766900000      -5.36647886E-02
   81585.856822429996      -5.54880314E-02
   81587.895837720003      -4.21187654E-02
   81589.934893250000      -5.89830577E-02
   81591.973948779996      -4.83303927E-02
   81594.012119170002      -5.15785962E-02
   81596.051134470006      -5.57270199E-02
   81598.090189990005      -5.18165231E-02
   81600.129245520002      -6.09255359E-02
   81602.168260809995      -5.22051416E-02
   81604.207316340005      -4.78060059E-02
   81606.244601610000      -4.87671867E-02
   81608.283657129999      -4.47421409E-02
   81610.322712659996      -4.72318158E-02
   81612.361727950003      -6.10298105E-02
   81614.400783480000      -6.47742823E-02
   81616.438953880002      -5.42595461E-02
   81618.478009400002      -5.30805588E-02
   81620.517024700006      -5.31923734E-02
   81622.556080220005      -5.96886761E-02
   81624.595135750002      -4.34533209E-02
   81626.634151039994      -6.45483434E-02
   81628.672321439997      -5.14942706E-02
   81630.711376969994      -5.61908744E-02
   81632.750392260001      -5.98383062E-02
   81634.788602889996      -5.85011914E-02
   81636.827618180003      -6.01325631E-02
   81638.866673709999      -5.58381677E-02
   81640.904844110002      -5.06663211E-02
   81642.943899630001      -5.86149544E-02
   81644.982914919994      -5.97082190E-02
   81647.021970450005      -5.14464714E-02
   81649.060985739998      -6.16582856E-02
   81651.100041269994      -6.03456087E-02
   81653.138211669997      -5.68496138E-02
   81655.177267189996      -6.55437782E-02
   81657.216282490001      -6.61253333E-02
   81659.255338010000      -3.92908342E-02
   81661.294393539996      -5.88268489E-02
   81663.333408830003      -5.94746917E-02
   81665.370734330005      -6.76117241E-02
   81667.409789860001      -5.93446791E-02
   81669.448805149994      -4.63136621E-02
   81671.487860680005      -7.00510889E-02
   81673.526875969997      -5.61223105E-02
   81675.565931499994      -5.92300929E-02
   81677.604101899997      -5.36054373E-02
   81679.643157419996      -5.27962893E-02
   81681.682172720000      -4.92799729E-02
   81683.721228240000      -4.25452366E-02
   81685.760283769996      -4.64856923E-02
   81687.799299060003      -5.01199551E-02
   81689.836624560005      -4.90944609E-02
   81691.875680090001      -5.38574532E-02
   81693.914695379994      -6.51757196E-02
   81695.953750910005      -6.13627993E-02
   81697.992766199997      -5.75395748E-02
   81700.031821729994      -6.84629604E-02
   81702.069992129997      -5.03421202E-02
   81704.109047649996      -6.26589954E-02
   81706.148062940003      -4.72983383E-02
   81708.187118469999      -4.43856306E-02
   81710.226173999996      -4.88771349E-02
   81712.264344390001      -5.20698503E-02
   81714.303359690006      -5.27061224E-02
   81716.342415210005      -2.63370857E-05
   81718.381470740002       6.80950936E-03
   81720.419641140004      -5.38955443E-03
   81722.458656429997      -1.61615817E-03
   81724.496826830000      -1.89450185E-03
   81726.535882349999       9.67133418E-03
   81728.574937879996      -5.07952925E-03
   81730.613953170003       5.08984737E-03
   81732.653008699999       2.98945350E-03
   81734.692064229996       3.21985991E-03
   81736.730234620001      -3.26787378E-03
   81738.769249920006      -1.61920756E-03
   81740.808305440005       8.50647874E-03
   81742.847320739995       6.86328532E-03
   81744.886376259994      -1.94277859E-03
   81746.925431790005      -1.20718721E-02
   81748.962717060000      -9.57073551E-03
   81751.001772579999      -6.76411949E-03
   81753.040828109995      -1.04129326E-03
   81755.079843400003      -3.36312689E-03
   81757.118898929999      -5.89358062E-03
   81759.157914220006      -2.26752437E-03
   81761.196124850001       2.90144212E-03
   81763.235140139994       6.83144853E-03
   81765.274195670005       5.26295463E-03
   81767.313210959997       1.19025614E-02
   81769.352266489994      -3.56085273E-03
   81771.391322020005      -1.09180864E-02
   81773.428607289999      -7.21090066E-04
   81775.467662809999       4.41408623E-03
   81777.506718339995       8.94739293E-03
   81779.545733630002      -8.47355090E-03
   81781.584789159999       2.62760534E-03
   81783.623804450006       4.27511550E-04
   81785.662015080001      -1.05783520E-02
   81787.701030369994       2.15412420E-03
   81789.740085900004       8.82143062E-03
   81791.779101189997       5.42063685E-03
   81793.818156719994       9.71814338E-03
   81795.857212250005      -9.31250514E-04
   81797.895382639996       1.63435587E-03
   81799.934397940000      -7.92285800E-03
   81801.972568330006      -7.52398139E-03
   81804.011623860002      -8.88790563E-03
   81806.050679389999       2.10478110E-03
   81808.089694680006       1.91208743E-03
   81810.127865079994       3.19199380E-03
   81812.166920599993       6.80890027E-03
   81814.205976130004      -4.37246356E-03
   81816.244991419997      -3.64349736E-03
   81818.284046949993      -1.54111106E-02
   81820.322217349996      -6.79490482E-03
   81822.361272869995      -6.96941838E-03
   81824.400288160003       4.14103782E-03
   81826.439343689999      -4.03852575E-03
   81828.478399219995      -3.52478935E-03
   81830.517414510003      -3.82393296E-03
   81832.554740010004      -1.01895267E-02
   81834.593755299997      -5.19003734E-05
   81836.632810829993       1.28967594E-03
   81838.671866360004      -1.61543768E-03
   81840.710881649997       9.09888837E-03
   81842.749937179993       5.81189478E-03
   81844.788107569999       5.59500139E-03
   81846.827163099995      -3.76934232E-03
   81848.866178390002       9.32011381E-03
   81850.905233919999      -3.12148989E-03
   81852.944249210006       4.36922675E-03
   81854.983304740002      -7.50527717E-03
   81857.020630240004       3.61233926E-03
   81859.059645529996       3.55484546E-03
   81861.098701059993      -2.88947811E-03
   81863.137756590004      -3.57153197E-03
   81865.176771879997      -9.88305546E-03
   81867.215827409993      -7.56996917E-03
   81869.253997799999      -1.15005933E-02
   81871.293053329995       4.58768336E-03
   81873.332068620002      -1.24089024E-03
   81875.371124149999      -2.33075395E-03
   81877.410139440006       3.45940236E-03
   81879.449194970002      -2.17518117E-03
   81881.487365370005      -1.05579500E-03
   81883.526420890004      -9.77654848E-03
   81885.564591290007       3.05272778E-03
   81887.603646810006      -3.25936591E-03
   81889.642662109996      -6.40099961E-03
   81891.681717629996      -7.50874355E-03
   81893.719888029998      -4.22028685E-03
   81895.758943559995       3.96815920E-03
   81897.797958850002      -5.46356430E-03
   81899.837014379998       2.35777185E-03
   81901.876029670006       4.88047814E-03
   81903.915085200002       5.22988476E-03
   81905.953255589993      -4.30893898E-03
   81907.992311120004      -5.08962781E-04
   81910.031326409997      -3.55373649E-03
   81912.070381939993       1.05357096E-02
   81914.109437470004      -6.58510393E-03
   81916.147607859995      -3.29705747E-03
   81918.185778259998      -5.30711441E-05
   81920.224793550005      -3.76387476E-03
   81922.263849080002       9.28404182E-03
   81924.302904609998       4.06034803E-03
   81926.341919900005       1.33968545E-02
   81928.380090299994       9.82486084E-03
   81930.419145819993       3.39246681E-03
   81932.458201350004      -1.06529694E-03
   81934.497216639997       1.31547940E-03
   81936.536272169993      -3.48153431E-03
   81938.575327690007       6.64109224E-03
   81940.612612960002       5.29659819E-03
   81942.651668489998       5.54860476E-03
   81944.690683780005      -8.32456909E-03
   81946.729739310002       6.11541746E-03
   81948.768794830001       2.00623705E-04
   81950.807810130005       1.40153000E-03
   81952.845980529994       4.69133630E-03
   81954.885036049993      -5.97027363E-04
   81956.924091580004       6.39854884E-03
   81958.963106869996       5.08255512E-03
   81961.002162399993       6.76596165E-03
   81963.041177690000      -3.86902044E-04
   81965.079388319995       1.17207423E-03
   81967.118403610002      -1.56747934E-03
   81969.156574010005       1.65508687E-03
   81971.195629540001      -5.20411693E-03
   81973.234685060001       1.03389961E-03
   81975.273700360005      -3.93906422E-03
   81977.311870749996      -9.36873816E-03
   81979.350926280007       9.96161811E-03
   81981.389981810004       1.56598240E-02
   81983.428997099996      -7.45118828E-04
   81985.468052630007      -5.55318268E-03
   81987.507067920000       4.97964397E-03
   81989.545278549995      -7.17321970E-03
   81991.584293840002      -6.50916342E-03
   81993.623349369998       2.39536283E-03
   81995.662364660006      -5.95828099E-03
   81997.701420190002      -8.72745586E-05
   81999.739590590005       1.67981765E-04
