   81200.518015330003       0.99665624    
   81202.557030619995       0.99605733    
   81204.596086139994       0.99711919    
   81206.635101439999       0.99518913    
   81208.673312069994       0.99750996    
   81210.712327360001        1.0027684    
   81212.751382889997       0.98100913    
   81214.790398180005       0.99722511    
   81216.828568579993       0.99996305    
   81218.867624100007        1.0038649    
   81220.905794499995        1.0007851    
   81222.944850030006       0.99698770    
   81224.983865319999        1.0042902    
   81227.022920849995       0.98803765    
   81229.061976369994       0.99304640    
   81231.100991669999        1.0042467    
   81233.139162060004        1.0003572    
   81235.178217590001        1.0070082    
   81237.217273119997        1.0038030    
   81239.256288410004        1.0051888    
   81241.295343940001        1.0004262    
   81243.334399460000       0.99547374    
   81245.371684729995       0.99968404    
   81247.410740260006       0.99511540    
   81249.449755549998        1.0006394    
   81251.488811079995        1.0071193    
   81253.527866599994       0.99911916    
   81255.566881899998       0.99185884    
   81257.605052290004       0.99687624    
   81259.644107820000        1.0029753    
   81261.683163340000        1.0093307    
   81263.722178640004        1.0002844    
   81265.761234160003        1.0151320    
   81267.800249459993        1.0030706    
   81269.838460090003       0.99979776    
   81271.876630490005       0.98546672    
   81273.915645779998       0.99591017    
   81275.954701299997       0.99770325    
   81277.993756829994        1.0030330    
   81280.032772120001       0.99934369    
   81282.070942520004        1.0055497    
   81284.109998050000        1.0059599    
   81286.149053570000        1.0006877    
   81288.188068870004       0.98915523    
   81290.227124390003       0.99546522    
   81292.266139689993        1.0038183    
   81294.304350320002        1.0118278    
   81296.343365609995       0.99798620    
   81298.382421140006        1.0051364    
   81300.420591529997       0.99449253    
   81302.459647059994        1.0070703    
   81304.497817459996        1.0065919    
   81306.536832750004       0.99802917    
   81308.575888280000        1.0097249    
   81310.614943799999       0.99813473    
   81312.653959100004        1.0011508    
   81314.693014620003       0.99608749    
   81316.731185020006        1.0092382    
   81318.770200309998        1.0033578    
   81320.809255839995       0.99212873    
   81322.848311359994        1.0060449    
   81324.887326659999        1.0027421    
   81326.926382179998        1.0007786    
   81328.963707689996        1.0009311    
   81331.002722980003        1.0035778    
   81333.041778500003       0.99296808    
   81335.080793800007        1.0041549    
   81337.119849320006        1.0046111    
   81339.158904850003        1.0007030    
   81341.197075250006       0.99464339    
   81343.236090539998       0.99667794    
   81345.275146069995       0.99808264    
   81347.314201589994        1.0019737    
   81349.353216889998       0.99082279    
   81351.392272409998        1.0039755    
   81353.429597909999       0.99507779    
   81355.468613210003       0.99619550    
   81357.507668730002       0.99888539    
   81359.546684030007       0.99571979    
   81361.585739550006        1.0090393    
   81363.624795080003        1.0057689    
   81365.662965480005       0.99626970    
   81367.701980769998       0.99076879    
   81369.741036299994        1.0136929    
   81371.780091819994        1.0008386    
   81373.819107119998       0.99700826    
   81375.858162639997       0.99376518    
   81377.896333040000       0.99758661    
   81379.935388569997       0.99819326    
   81381.974403860004        1.0039047    
   81384.012574260007        1.0091087    
   81386.051629780006       0.99419904    
   81388.090685310002       0.99778187    
   81390.128855710005       0.99805731    
   81392.167870999998       0.99933118    
   81394.206926519997       0.99505144    
   81396.245982049993        1.0096344    
   81398.284997340001        1.0010413    
   81400.324052869997        1.0019984    
   81402.362223270000       0.99864239    
   81404.401278789999        1.0026914    
   81406.440294090004        1.0013982    
   81408.479349610003       0.99758214    
   81410.518364910007       0.99682581    
   81412.555690409994       0.98905319    
   81414.594745929993        1.0072162    
   81416.633761229998        1.0053784    
   81418.672816749997       0.99607313    
   81420.711872279993       0.99853754    
   81422.750887570000        1.0158728    
   81424.789057970003       0.99196947    
   81426.828113500000       0.99529237    
   81428.867128790007       0.99516892    
   81430.906184320003        1.0066276    
   81432.945239840003        1.0064216    
   81434.984255140007       0.99450547    
   81437.022425529998        1.0052277    
   81439.060636159993       0.99516886    
   81441.099651459997        1.0077244    
   81443.138706979997        1.0017824    
   81445.177722280001        1.0030856    
   81447.216777800000        1.0004507    
   81449.254948200003        1.0021294    
   81451.294003730000       0.94365865    
   81453.333019020007       0.95509654    
   81455.372074540006       0.92866689    
   81457.411130070002       0.93888533    
   81459.450145359995       0.94306660    
   81461.488315759998       0.94133943    
   81463.527371289994       0.96147525    
   81465.566426809994       0.94864887    
   81467.604597209996       0.93656290    
   81469.643612500004       0.93934208    
   81471.682668030000       0.94433731    
   81473.720838430003       0.95724314    
   81475.759893950002       0.95254177    
   81477.798909250007       0.94161773    
   81479.837964770006       0.94441098    
   81481.877020300002       0.93660021    
   81483.916035589995       0.94929969    
   81485.954205989998       0.93424261    
   81487.993261519994       0.94970655    
   81490.032317039993       0.94409692    
   81492.071332339998       0.94757122    
   81494.110387859997       0.95002252    
   81496.149403150004       0.94933951    
   81498.186728660003       0.93956560    
   81500.225784180002       0.93679994    
   81502.264799480006       0.94605750    
   81504.303855000006       0.94847554    
   81506.342910530002       0.94067967    
   81508.381080930005       0.94873762    
   81510.420096219998       0.95063472    
   81512.459151739997       0.95748800    
   81514.498207269993       0.94881511    
   81516.537222560000       0.95102054    
   81518.576278089997       0.93751216    
   81520.613563360006       0.94138908    
   81522.652618890002       0.94660521    
   81524.691674410002       0.94391084    
   81526.730689699994       0.94695222    
   81528.769745230005       0.94794315    
   81530.808760519998       0.94857371    
   81532.846971149993       0.94208688    
   81534.885986449997       0.94857007    
   81536.925041969997       0.94123513    
   81538.964057270001       0.93816853    
   81541.003112790000       0.94437557    
   81543.042168319997       0.94397795    
   81545.080338719999       0.93716800    
   81547.119354010007       0.93827534    
   81549.158409540003       0.94357961    
   81551.197465060002       0.94661069    
   81553.235635460005       0.94765621    
   81555.274650749998       0.94214296    
   81557.312861380007       0.93929189    
   81559.351876679997       0.95021325    
   81561.390932199996       0.94135755    
   81563.429947500001       0.94324154    
   81565.469003020000       0.93790090    
   81567.508058549996       0.95539826    
   81569.546228949999       0.94053507    
   81571.585244240006       0.93107867    
   81573.624299760006       0.93921727    
   81575.663355290002       0.94549638    
   81577.702370579995       0.94529253    
   81579.741426110006       0.94370764    
   81581.778751610007       0.93626660    
   81583.817766900000       0.94633520    
   81585.856822429996       0.94451195    
   81587.895837720003       0.95788121    
   81589.934893250000       0.94101697    
   81591.973948779996       0.95166963    
   81594.012119170002       0.94842142    
   81596.051134470006       0.94427299    
   81598.090189990005       0.94818348    
   81600.129245520002       0.93907446    
   81602.168260809995       0.94779485    
   81604.207316340005       0.95219398    
   81606.244601610000       0.95123279    
   81608.283657129999       0.95525783    
   81610.322712659996       0.95276821    
   81612.361727950003       0.93897021    
   81614.400783480000       0.93522573    
   81616.438953880002       0.94574046    
   81618.478009400002       0.94691944    
   81620.517024700006       0.94680762    
   81622.556080220005       0.94031131    
   81624.595135750002       0.95654666    
   81626.634151039994       0.93545163    
   81628.672321439997       0.94850576    
   81630.711376969994       0.94380915    
   81632.750392260001       0.94016171    
   81634.788602889996       0.94149882    
   81636.827618180003       0.93986744    
   81638.866673709999       0.94416183    
   81640.904844110002       0.94933367    
   81642.943899630001       0.94138503    
   81644.982914919994       0.94029176    
   81647.021970450005       0.94855350    
   81649.060985739998       0.93834174    
   81651.100041269994       0.93965441    
   81653.138211669997       0.94315040    
   81655.177267189996       0.93445623    
   81657.216282490001       0.93387467    
   81659.255338010000       0.96070915    
   81661.294393539996       0.94117314    
   81663.333408830003       0.94052529    
   81665.370734330005       0.93238825    
   81667.409789860001       0.94065529    
   81669.448805149994       0.95368636    
   81671.487860680005       0.92994893    
   81673.526875969997       0.94387770    
   81675.565931499994       0.94076991    
   81677.604101899997       0.94639456    
   81679.643157419996       0.94720370    
   81681.682172720000       0.95072001    
   81683.721228240000       0.95745474    
   81685.760283769996       0.95351428    
   81687.799299060003       0.94988000    
   81689.836624560005       0.95090550    
   81691.875680090001       0.94614255    
   81693.914695379994       0.93482429    
   81695.953750910005       0.93863720    
   81697.992766199997       0.94246042    
   81700.031821729994       0.93153703    
   81702.069992129997       0.94965786    
   81704.109047649996       0.93734097    
   81706.148062940003       0.95270163    
   81708.187118469999       0.95561433    
   81710.226173999996       0.95112282    
   81712.264344390001       0.94793016    
   81714.303359690006       0.94729388    
   81716.342415210005       0.99997365    
   81718.381470740002        1.0068095    
   81720.419641140004       0.99461043    
   81722.458656429997       0.99838382    
   81724.496826830000       0.99810553    
   81726.535882349999        1.0096713    
   81728.574937879996       0.99492049    
   81730.613953170003        1.0050899    
   81732.653008699999        1.0029894    
   81734.692064229996        1.0032198    
   81736.730234620001       0.99673212    
   81738.769249920006       0.99838078    
   81740.808305440005        1.0085065    
   81742.847320739995        1.0068632    
   81744.886376259994       0.99805725    
   81746.925431790005       0.98792815    
   81748.962717060000       0.99042928    
   81751.001772579999       0.99323589    
   81753.040828109995       0.99895871    
   81755.079843400003       0.99663687    
   81757.118898929999       0.99410641    
   81759.157914220006       0.99773246    
   81761.196124850001        1.0029014    
   81763.235140139994        1.0068314    
   81765.274195670005        1.0052630    
   81767.313210959997        1.0119026    
   81769.352266489994       0.99643916    
   81771.391322020005       0.98908192    
   81773.428607289999       0.99927890    
   81775.467662809999        1.0044141    
   81777.506718339995        1.0089474    
   81779.545733630002       0.99152642    
   81781.584789159999        1.0026276    
   81783.623804450006        1.0004275    
   81785.662015080001       0.98942167    
   81787.701030369994        1.0021541    
   81789.740085900004        1.0088215    
   81791.779101189997        1.0054207    
   81793.818156719994        1.0097182    
   81795.857212250005       0.99906874    
   81797.895382639996        1.0016344    
   81799.934397940000       0.99207711    
   81801.972568330006       0.99247599    
   81804.011623860002       0.99111211    
   81806.050679389999        1.0021048    
   81808.089694680006        1.0019121    
   81810.127865079994        1.0031919    
   81812.166920599993        1.0068089    
   81814.205976130004       0.99562752    
   81816.244991419997       0.99635649    
   81818.284046949993       0.98458886    
   81820.322217349996       0.99320507    
   81822.361272869995       0.99303055    
   81824.400288160003        1.0041411    
   81826.439343689999       0.99596149    
   81828.478399219995       0.99647522    
   81830.517414510003       0.99617606    
   81832.554740010004       0.98981047    
   81834.593755299997       0.99994808    
   81836.632810829993        1.0012897    
   81838.671866360004       0.99838454    
   81840.710881649997        1.0090989    
   81842.749937179993        1.0058119    
   81844.788107569999        1.0055950    
   81846.827163099995       0.99623066    
   81848.866178390002        1.0093201    
   81850.905233919999       0.99687850    
   81852.944249210006        1.0043693    
   81854.983304740002       0.99249470    
   81857.020630240004        1.0036124    
   81859.059645529996        1.0035548    
   81861.098701059993       0.99711055    
   81863.137756590004       0.99642849    
   81865.176771879997       0.99011695    
   81867.215827409993       0.99243003    
   81869.253997799999       0.98849940    
   81871.293053329995        1.0045877    
   81873.332068620002       0.99875909    
   81875.371124149999       0.99766922    
   81877.410139440006        1.0034595    
   81879.449194970002       0.99782479    
   81881.487365370005       0.99894422    
   81883.526420890004       0.99022347    
   81885.564591290007        1.0030527    
   81887.603646810006       0.99674064    
   81889.642662109996       0.99359900    
   81891.681717629996       0.99249125    
   81893.719888029998       0.99577969    
   81895.758943559995        1.0039681    
   81897.797958850002       0.99453646    
   81899.837014379998        1.0023577    
   81901.876029670006        1.0048804    
   81903.915085200002        1.0052298    
   81905.953255589993       0.99569106    
   81907.992311120004       0.99949104    
   81910.031326409997       0.99644625    
   81912.070381939993        1.0105357    
   81914.109437470004       0.99341488    
   81916.147607859995       0.99670297    
   81918.185778259998       0.99994695    
   81920.224793550005       0.99623615    
   81922.263849080002        1.0092840    
   81924.302904609998        1.0040604    
   81926.341919900005        1.0133969    
   81928.380090299994        1.0098249    
   81930.419145819993        1.0033925    
   81932.458201350004       0.99893469    
   81934.497216639997        1.0013155    
   81936.536272169993       0.99651843    
   81938.575327690007        1.0066411    
   81940.612612960002        1.0052966    
   81942.651668489998        1.0055486    
   81944.690683780005       0.99167544    
   81946.729739310002        1.0061154    
   81948.768794830001        1.0002006    
   81950.807810130005        1.0014015    
   81952.845980529994        1.0046914    
   81954.885036049993       0.99940300    
   81956.924091580004        1.0063986    
   81958.963106869996        1.0050826    
   81961.002162399993        1.0067660    
   81963.041177690000       0.99961311    
   81965.079388319995        1.0011721    
   81967.118403610002       0.99843252    
   81969.156574010005        1.0016551    
   81971.195629540001       0.99479586    
   81973.234685060001        1.0010339    
   81975.273700360005       0.99606091    
   81977.311870749996       0.99063122    
   81979.350926280007        1.0099616    
   81981.389981810004        1.0156598    
   81983.428997099996       0.99925488    
   81985.468052630007       0.99444681    
   81987.507067920000        1.0049796    
   81989.545278549995       0.99282676    
   81991.584293840002       0.99349082    
   81993.623349369998        1.0023954    
   81995.662364660006       0.99404174    
   81997.701420190002       0.99991274    
   81999.739590590005        1.0001680    
