   81200.518015330003      -1.10777617E-02
   81202.557030619995      -1.30617786E-02
   81204.596086139994      -9.54228640E-03
   81206.635101439999      -1.59371626E-02
   81208.673312069994      -8.24628957E-03
   81210.712327360001       9.17646848E-03
   81212.751382889997      -6.29120693E-02
   81214.790398180005      -9.18840803E-03
   81216.828568579993      -1.18214659E-04
   81218.867624100007       1.28057022E-02
   81220.905794499995       2.60463194E-03
   81222.944850030006      -9.97238141E-03
   81224.983865319999       1.42120672E-02
   81227.022920849995      -3.96097340E-02
   81229.061976369994      -2.30217185E-02
   81231.100991669999       1.40653746E-02
   81233.139162060004       1.18631928E-03
   81235.178217590001       2.32062899E-02
   81237.217273119997       1.25938784E-02
   81239.256288410004       1.71804838E-02
   81241.295343940001       1.41453673E-03
   81243.334399460000      -1.49776312E-02
   81245.371684729995      -1.04206253E-03
   81247.410740260006      -1.61620770E-02
   81249.449755549998       2.12022476E-03
   81251.488811079995       2.35627163E-02
   81253.527866599994      -2.91085383E-03
   81255.566881899998      -2.69335825E-02
   81257.605052290004      -1.03314538E-02
   81259.644107820000       9.84767824E-03
   81261.683163340000       3.08721606E-02
   81263.722178640004       9.44623549E-04
   81265.761234160003       5.00578471E-02
   81267.800249459993       1.01601006E-02
   81269.838460090003      -6.65378699E-04
   81271.876630490005      -4.80622575E-02
   81273.915645779998      -1.35219283E-02
   81275.954701299997      -7.59167550E-03
   81277.993756829994       1.00332173E-02
   81280.032772120001      -2.16656853E-03
   81282.070942520004       1.83530040E-02
   81284.109998050000       1.97082590E-02
   81286.149053570000       2.27673980E-03
   81288.188068870004      -3.58480364E-02
   81290.227124390003      -1.49872629E-02
   81292.266139689993       1.26250973E-02
   81294.304350320002       3.90981473E-02
   81296.343365609995      -6.65266719E-03
   81298.382421140006       1.69793312E-02
   81300.420591529997      -1.81979481E-02
   81302.459647059994       2.33681537E-02
   81304.497817459996       2.17861906E-02
   81306.536832750004      -6.50912011E-03
   81308.575888280000       3.21355425E-02
   81310.614943799999      -6.15968416E-03
   81312.653959100004       3.80526623E-03
   81314.693014620003      -1.29225068E-02
   81316.731185020006       3.05216406E-02
   81318.770200309998       1.10951588E-02
   81320.809255839995      -2.59973891E-02
   81322.848311359994       1.99696738E-02
   81324.887326659999       9.05999262E-03
   81326.926382179998       2.57468247E-03
   81328.963707689996       3.07817361E-03
   81331.002722980003       1.18180811E-02
   81333.041778500003      -2.32183449E-02
   81335.080793800007       1.37225697E-02
   81337.119849320006       1.52284475E-02
   81339.158904850003       2.32367450E-03
   81341.197075250006      -1.76828820E-02
   81343.236090539998      -1.09650576E-02
   81345.275146069995      -6.32705307E-03
   81347.314201589994       6.51856605E-03
   81349.353216889998      -3.02917119E-02
   81351.392272409998       1.31257121E-02
   81353.429597909999      -1.62443072E-02
   81355.468613210003      -1.25544127E-02
   81357.507668730002      -3.67594813E-03
   81359.546684030007      -1.41233373E-02
   81361.585739550006       2.98340600E-02
   81363.624795080003       1.90403927E-02
   81365.662965480005      -1.23070870E-02
   81367.701980769998      -3.04584634E-02
   81369.741036299994       4.51839343E-02
   81371.780091819994       2.76960782E-03
   81373.819107119998      -9.86835826E-03
   81375.858162639997      -2.05677710E-02
   81377.896333040000      -7.95949157E-03
   81379.935388569997      -5.95809240E-03
   81381.974403860004       1.28835356E-02
   81384.012574260007       3.00493483E-02
   81386.051629780006      -1.91326458E-02
   81388.090685310002      -7.31413346E-03
   81390.128855710005      -6.40530512E-03
   81392.167870999998      -2.20347103E-03
   81394.206926519997      -1.63183454E-02
   81396.245982049993       3.17762010E-02
   81398.284997340001       3.43625364E-03
   81400.324052869997       6.59265509E-03
   81402.362223270000      -4.47464921E-03
   81404.401278789999       8.87681451E-03
   81406.440294090004       4.61294129E-03
   81408.479349610003      -7.97014777E-03
   81410.518364910007      -1.04636056E-02
   81412.555690409994      -3.60895172E-02
   81414.594745929993       2.37930939E-02
   81416.633761229998       1.77332722E-02
   81418.672816749997      -1.29435780E-02
   81420.711872279993      -4.81916405E-03
   81422.750887570000       5.23260012E-02
   81424.789057970003      -2.64693126E-02
   81426.828113500000      -1.55154346E-02
   81428.867128790007      -1.59218349E-02
   81430.906184320003       2.18464285E-02
   81432.945239840003       2.11666506E-02
   81434.984255140007      -1.81068704E-02
   81437.022425529998       1.72307622E-02
   81439.060636159993      -1.59195736E-02
   81441.099651459997       2.54570972E-02
   81443.138706979997       5.87559631E-03
   81445.177722280001       1.01693589E-02
   81447.216777800000       1.48732937E-03
   81449.254948200003       7.01849023E-03
   81451.294003730000      -0.18564190    
   81453.333019020007      -0.14795004    
   81455.372074540006      -0.23502561    
   81457.411130070002      -0.20135225    
   81459.450145359995      -0.18757090    
   81461.488315759998      -0.19325586    
   81463.527371289994      -0.12691467    
   81465.566426809994      -0.16916531    
   81467.604597209996      -0.20897494    
   81469.643612500004      -0.19981423    
   81471.682668030000      -0.18335424    
   81473.720838430003      -0.14083809    
   81475.759893950002      -0.15632015    
   81477.798909250007      -0.19229755    
   81479.837964770006      -0.18309237    
   81481.877020300002      -0.20881340    
   81483.916035589995      -0.16698192    
   81485.954205989998      -0.21656771    
   81487.993261519994      -0.16563398    
   81490.032317039993      -0.18410419    
   81492.071332339998      -0.17265803    
   81494.110387859997      -0.16458161    
   81496.149403150004      -0.16682678    
   81498.186728660003      -0.19900838    
   81500.225784180002      -0.20811085    
   81502.264799480006      -0.17762257    
   81504.303855000006      -0.16965668    
   81506.342910530002      -0.19532244    
   81508.381080930005      -0.16878653    
   81510.420096219998      -0.16253653    
   81512.459151739997      -0.13996880    
   81514.498207269993      -0.16852066    
   81516.537222560000      -0.16125606    
   81518.576278089997      -0.20572618    
   81520.613563360006      -0.19295850    
   81522.652618890002      -0.17578238    
   81524.691674410002      -0.18464918    
   81526.730689699994      -0.17463329    
   81528.769745230005      -0.17136818    
   81530.808760519998      -0.16928923    
   81532.846971149993      -0.19063966    
   81534.885986449997      -0.16929503    
   81536.925041969997      -0.19343662    
   81538.964057270001      -0.20352760    
   81541.003112790000      -0.18309283    
   81543.042168319997      -0.18439865    
   81545.080338719999      -0.20681061    
   81547.119354010007      -0.20316267    
   81549.158409540003      -0.18570100    
   81551.197465060002      -0.17572191    
   81553.235635460005      -0.17227808    
   81555.274650749998      -0.19042088    
   81557.312861380007      -0.19980156    
   81559.351876679997      -0.16385478    
   81561.390932199996      -0.19299746    
   81563.429947500001      -0.18679449    
   81565.469003020000      -0.20436813    
   81567.508058549996      -0.14678228    
   81569.546228949999      -0.19569412    
   81571.585244240006      -0.22681156    
   81573.624299760006      -0.20002581    
   81575.663355290002      -0.17936020    
   81577.702370579995      -0.18002884    
   81579.741426110006      -0.18524230    
   81581.778751610007      -0.20972624    
   81583.817766900000      -0.17659184    
   81585.856822429996      -0.18258958    
   81587.895837720003      -0.13859487    
   81589.934893250000      -0.19408643    
   81591.973948779996      -0.15903175    
   81594.012119170002      -0.16971841    
   81596.051134470006      -0.18336709    
   81598.090189990005      -0.17049827    
   81600.129245520002      -0.20046915    
   81602.168260809995      -0.17177406    
   81604.207316340005      -0.15729821    
   81606.244601610000      -0.16045947    
   81608.283657129999      -0.14721483    
   81610.322712659996      -0.15540539    
   81612.361727950003      -0.20080324    
   81614.400783480000      -0.21312219    
   81616.438953880002      -0.17852511    
   81618.478009400002      -0.17464508    
   81620.517024700006      -0.17501187    
   81622.556080220005      -0.19638489    
   81624.595135750002      -0.14296737    
   81626.634151039994      -0.21237174    
   81628.672321439997      -0.16942152    
   81630.711376969994      -0.18487310    
   81632.750392260001      -0.19687283    
   81634.788602889996      -0.19247283    
   81636.827618180003      -0.19783957    
   81638.866673709999      -0.18371016    
   81640.904844110002      -0.16669428    
   81642.943899630001      -0.19284494    
   81644.982914919994      -0.19644158    
   81647.021970450005      -0.16925995    
   81649.060985739998      -0.20285653    
   81651.100041269994      -0.19853772    
   81653.138211669997      -0.18703569    
   81655.177267189996      -0.21563932    
   81657.216282490001      -0.21755260    
   81659.255338010000      -0.12926714    
   81661.294393539996      -0.19354069    
   81663.333408830003      -0.19567215    
   81665.370734330005      -0.22244307    
   81667.409789860001      -0.19524466    
   81669.448805149994      -0.15237285    
   81671.487860680005      -0.23046955    
   81673.526875969997      -0.18464403    
   81675.565931499994      -0.19486929    
   81677.604101899997      -0.17636435    
   81679.643157419996      -0.17370273    
   81681.682172720000      -0.16213445    
   81683.721228240000      -0.13997722    
   81685.760283769996      -0.15294230    
   81687.799299060003      -0.16490000    
   81689.836624560005      -0.16152667    
   81691.875680090001      -0.17719823    
   81693.914695379994      -0.21443777    
   81695.953750910005      -0.20189378    
   81697.992766199997      -0.18931577    
   81700.031821729994      -0.22525688    
   81702.069992129997      -0.16563694    
   81704.109047649996      -0.20616336    
   81706.148062940003      -0.15562424    
   81708.187118469999      -0.14604178    
   81710.226173999996      -0.16082115    
   81712.264344390001      -0.17132740    
   81714.303359690006      -0.17342247    
   81716.342415210005      -8.76475897E-05
   81718.381470740002       2.24049669E-02
   81720.419641140004      -1.77350082E-02
   81722.458656429997      -5.31888660E-03
   81724.496826830000      -6.23486051E-03
   81726.535882349999       3.18224765E-02
   81728.574937879996      -1.67154782E-02
   81730.613953170003       1.67474579E-02
   81732.653008699999       9.83596500E-03
   81734.692064229996       1.05940243E-02
   81736.730234620001      -1.07546970E-02
   81738.769249920006      -5.32963732E-03
   81740.808305440005       2.79915705E-02
   81742.847320739995       2.25844793E-02
   81744.886376259994      -6.39463216E-03
   81746.925431790005      -3.97283882E-02
   81748.962717060000      -3.14978622E-02
   81751.001772579999      -2.22618785E-02
   81753.040828109995      -3.42834927E-03
   81755.079843400003      -1.10695986E-02
   81757.118898929999      -1.93977728E-02
   81759.157914220006      -7.46419234E-03
   81761.196124850001       9.54773743E-03
   81763.235140139994       2.24826187E-02
   81765.274195670005       1.73203517E-02
   81767.313210959997       3.91738862E-02
   81769.352266489994      -1.17217097E-02
   81771.391322020005      -3.59378979E-02
   81773.428607289999      -2.37513776E-03
   81775.467662809999       1.45276776E-02
   81777.506718339995       2.94498429E-02
   81779.545733630002      -2.78937202E-02
   81781.584789159999       8.64792429E-03
   81783.623804450006       1.40556914E-03
   81785.662015080001      -3.48239504E-02
   81787.701030369994       7.08949147E-03
   81789.740085900004       2.90379468E-02
   81791.779101189997       1.78430136E-02
   81793.818156719994       3.19912359E-02
   81795.857212250005      -3.06765805E-03
   81797.895382639996       5.37873758E-03
   81799.934397940000      -2.60861237E-02
   81801.972568330006      -2.47734897E-02
   81804.011623860002      -2.92644799E-02
   81806.050679389999       6.92792796E-03
   81808.089694680006       6.29371917E-03
   81810.127865079994       1.05080791E-02
   81812.166920599993       2.24176869E-02
   81814.205976130004      -1.43996114E-02
   81816.244991419997      -1.19994674E-02
   81818.284046949993      -5.07495441E-02
   81820.322217349996      -2.23775972E-02
   81822.361272869995      -2.29527783E-02
   81824.400288160003       1.36347488E-02
   81826.439343689999      -1.33018959E-02
   81828.478399219995      -1.16102453E-02
   81830.517414510003      -1.25957625E-02
   81832.554740010004      -3.35609727E-02
   81834.593755299997      -1.73123117E-04
   81836.632810829993       4.24541812E-03
   81838.671866360004      -5.32303564E-03
   81840.710881649997       2.99676396E-02
   81842.749937179993       1.91414021E-02
   81844.788107569999       1.84272286E-02
   81846.827163099995      -1.24188140E-02
   81848.866178390002       3.06994021E-02
   81850.905233919999      -1.02852825E-02
   81852.944249210006       1.43914809E-02
   81854.983304740002      -2.47279312E-02
   81857.020630240004       1.18983993E-02
   81859.059645529996       1.17092347E-02
   81861.098701059993      -9.52233374E-03
   81863.137756590004      -1.17699662E-02
   81865.176771879997      -3.25661339E-02
   81867.215827409993      -2.49455068E-02
   81869.253997799999      -3.78979817E-02
   81871.293053329995       1.51147610E-02
   81873.332068620002      -4.09162464E-03
   81875.371124149999      -7.68332463E-03
   81877.410139440006       1.13980062E-02
   81879.449194970002      -7.17113726E-03
   81881.487365370005      -3.48235178E-03
   81883.526420890004      -3.22242156E-02
   81885.564591290007       1.00585297E-02
   81887.603646810006      -1.07456008E-02
   81889.642662109996      -2.11012121E-02
   81891.681717629996      -2.47533005E-02
   81893.719888029998      -1.39142424E-02
   81895.758943559995       1.30778132E-02
   81897.797958850002      -1.80138294E-02
   81899.837014379998       7.76970480E-03
   81901.876029670006       1.60870962E-02
   81903.915085200002       1.72396339E-02
   81905.953255589993      -1.42095154E-02
   81907.992311120004      -1.68101990E-03
   81910.031326409997      -1.17205763E-02
   81912.070381939993       3.47371325E-02
   81914.109437470004      -2.17172448E-02
   81916.147607859995      -1.08754802E-02
   81918.185778259998      -1.78026254E-04
   81920.224793550005      -1.24157434E-02
   81922.263849080002       3.06154471E-02
   81924.302904609998       1.33882510E-02
   81926.341919900005       4.41826843E-02
   81928.380090299994       3.24028581E-02
   81930.419145819993       1.11866891E-02
   81932.458201350004      -3.51722562E-03
   81934.497216639997       4.33608796E-03
   81936.536272169993      -1.14883557E-02
   81938.575327690007       2.19054371E-02
   81940.612612960002       1.74709987E-02
   81942.651668489998       1.83032379E-02
   81944.690683780005      -2.74694432E-02
   81946.729739310002       2.01743934E-02
   81948.768794830001       6.58310659E-04
   81950.807810130005       4.62129572E-03
   81952.845980529994       1.54774776E-02
   81954.885036049993      -1.97377172E-03
   81956.924091580004       2.11131666E-02
   81958.963106869996       1.67710166E-02
   81961.002162399993       2.23276597E-02
   81963.041177690000      -1.28061022E-03
   81965.079388319995       3.86517472E-03
   81967.118403610002      -5.17775258E-03
   81969.156574010005       5.46018500E-03
   81971.195629540001      -1.71836205E-02
   81973.234685060001       3.40957846E-03
   81975.273700360005      -1.30086094E-02
   81977.311870749996      -3.09360735E-02
   81979.350926280007       3.28876972E-02
   81981.389981810004       5.17046414E-02
   81983.428997099996      -2.46418850E-03
   81985.468052630007      -1.83419269E-02
   81987.507067920000       1.64414346E-02
   81989.545278549995      -2.36939806E-02
   81991.584293840002      -2.15017889E-02
   81993.623349369998       7.90775940E-03
   81995.662364660006      -1.96844526E-02
   81997.701420190002      -2.92161742E-04
   81999.739590590005       5.50738478E-04
