   81428.867128790007       0.99516952    
   81430.906184320003        1.0066282    
   81432.945239840003        1.0064222    
   81434.984255140007       0.99450606    
   81437.022425529998        1.0052283    
   81439.060636159993       0.99516940    
   81441.099651459997        1.0077249    
   81443.138706979997        1.0017830    
   81445.177722280001        1.0030861    
   81447.216777800000        1.0004513    
   81449.254948200003        1.0021300    
   81451.294003730000       0.94365913    
   81453.333019020007       0.95509702    
   81455.372074540006       0.92866737    
   81457.411130070002       0.93888581    
   81459.450145359995       0.94306707    
   81461.488315759998       0.94133991    
   81463.527371289994       0.96147573    
   81465.566426809994       0.94864935    
   81467.604597209996       0.93656331    
   81469.643612500004       0.93934250    
   81471.682668030000       0.94433773
