 2007 09 10 00 24 42.6  16 34 17.9246 -22 00 00.480   18   16 19.4 RE E  809
 2007 09 10 00 28 58.0  16 34 17.9903 -22 00 00.728   18   16 19.5 RE E  809
 2007 09 10 00 31 37.5  16 34 18.0348 -22 00 00.841   18   16 19.4 RE E  809
 2007 09 10 00 34 15.1  16 34 18.0764 -22 00 00.974   18   16 19.6 RE E  809
 2007 09 10 00 36 53.8  16 34 18.1198 -22 00 01.154   18   16 19.3 RE E  809
 2007 09 10 00 39 24.6  16 34 18.1577 -22 00 01.255   18   16 19.4 RE E  809
 2007 09 10 00 44 36.3  16 34 18.2390 -22 00 01.564   18   16 19.3 RE E  809
 2007 09 10 00 47 13.3  16 34 18.2813 -22 00 01.685   18   16 19.5 RE E  809
 2007 09 10 00 49 44.3  16 34 18.3193 -22 00 01.809   18   16 19.4 RE E  809
 2009 05 21 08 37 03.6  21 49 09.1485 -14 26 50.110   13   13 19.3 RE E  809
 2009 05 21 08 38 43.3  21 49 09.1728 -14 26 50.070   13   13 19.3 RE E  809
 2009 05 21 08 40 20.7  21 49 09.1950 -14 26 50.030   13   13 19.4 RE E  809
 2009 05 21 08 42 00.6  21 49 09.2155 -14 26 49.965   13   13 19.2 RE E  809
 2009 05 21 08 45 20.8  21 49 09.2596 -14 26 49.865   13   13 19.2 RE E  809
 2009 05 21 08 47 00.7  21 49 09.2816 -14 26 49.806   13   13 19.4 RE E  809
 2009 05 21 08 48 40.9  21 49 09.3057 -14 26 49.771   13   13 19.5 RE E  809
 2009 05 21 08 50 20.2  21 49 09.3264 -14 26 49.711   13   13 19.3 RE E  809
 2009 05 21 08 52 00.6  21 49 09.3487 -14 26 49.639   13   13 19.4 RE E  809
 2009 05 21 08 54 02.2  21 49 09.3755 -14 26 49.604   13   13 19.3 RE E  809
 2009 05 21 08 55 43.1  21 49 09.3971 -14 26 49.517   13   13 19.3 RE E  809
 2009 05 21 08 57 22.0  21 49 09.4195 -14 26 49.468   13   13 19.3 RE E  809
 2009 05 21 08 59 03.2  21 49 09.4428 -14 26 49.413   13   13 19.4 RE E  809
 2009 05 21 09 02 22.9  21 49 09.4879 -14 26 49.326   13   13 19.4 RE E  809
 2009 05 21 09 05 43.3  21 49 09.5314 -14 26 49.219   13   13 19.3 RE E  809
 2009 05 21 09 07 22.8  21 49 09.5534 -14 26 49.163   13   13 19.4 RE E  809
 2009 05 21 09 09 02.7  21 49 09.5746 -14 26 49.103   13   13 19.3 RE E  809
 2009 05 21 09 11 18.5  21 49 09.6045 -14 26 49.029   13   13 19.4 RE E  809
 2009 05 21 09 12 59.2  21 49 09.6262 -14 26 48.975   13   13 19.6 RE E  809
 2009 05 21 09 14 54.3  21 49 09.6539 -14 26 48.918   13   13 19.5 RE E  809
 2009 05 21 09 18 33.0  21 49 09.7006 -14 26 48.806   13   13 19.4 RE E  809
 2009 05 21 09 20 10.9  21 49 09.7243 -14 26 48.783   13   13 19.4 RE E  809
 2009 05 23 06 55 22.7  21 49 46.2005 -14 25 27.344   18   22 19.3 RE E  809
 2009 05 23 06 57 02.7  21 49 46.2211 -14 25 27.272   18   22 19.4 RE E  809
 2009 05 23 06 58 39.6  21 49 46.2419 -14 25 27.230   18   22 19.6 RE E  809
 2009 05 23 07 01 56.9  21 49 46.2821 -14 25 27.139   18   22 19.3 RE E  809
 2009 05 23 07 03 33.6  21 49 46.3039 -14 25 27.121   18   22 19.5 RE E  809
 2009 05 23 07 05 12.8  21 49 46.3239 -14 25 27.090   18   22 19.4 RE E  809
 2009 05 23 07 06 52.6  21 49 46.3464 -14 25 27.043   18   22 19.5 RE E  809
 2009 05 23 07 08 29.7  21 49 46.3666 -14 25 26.988   18   22 19.5 RE E  809
 2009 05 23 07 10 08.7  21 49 46.3858 -14 25 26.923   18   22 19.5 RE E  809
 2009 05 23 07 14 54.8  21 49 46.4458 -14 25 26.847   18   22 19.4 RE E  809
 2009 05 23 07 16 32.8  21 49 46.4662 -14 25 26.782   18   22 19.4 RE E  809
 2009 05 23 07 18 12.6  21 49 46.4885 -14 25 26.749   18   22 19.3 RE E  809
 2009 05 23 07 20 09.9  21 49 46.5148 -14 25 26.721   18   22 19.4 RE E  809
 2009 05 23 07 21 47.8  21 49 46.5344 -14 25 26.671   18   22 19.4 RE E  809
 2009 05 23 07 23 26.7  21 49 46.5552 -14 25 26.641   18   22 19.3 RE E  809
 2009 05 23 07 25 03.8  21 49 46.5757 -14 25 26.595   18   22 19.4 RE E  809
 2009 05 23 07 26 41.7  21 49 46.5965 -14 25 26.550   18   22 19.4 RE E  809
 2009 05 23 07 28 20.9  21 49 46.6173 -14 25 26.511   18   22 19.4 RE E  809
 2009 05 23 07 30 00.9  21 49 46.6381 -14 25 26.460   18   22 19.3 RE E  809
 2009 05 23 07 31 37.6  21 49 46.6582 -14 25 26.427   18   22 19.3 RE E  809
 2009 05 23 07 34 56.9  21 49 46.7008 -14 25 26.335   18   22 19.3 RE E  809
 2009 05 23 07 36 36.5  21 49 46.7205 -14 25 26.301   18   22 19.3 RE E  809
 2009 05 23 07 38 05.6  21 49 46.7391 -14 25 26.250   18   22 19.2 RE E  809
 2009 05 23 07 39 44.8  21 49 46.7599 -14 25 26.199   18   22 19.3 RE E  809
 2009 05 23 07 41 21.9  21 49 46.7811 -14 25 26.163   18   22 19.3 RE E  809
 2009 05 23 07 43 00.8  21 49 46.8013 -14 25 26.104   18   22 19.2 RE E  809
