 1998 08 14 22 29 37.9  23 58 48.0683 -02 37 17.871   44   25 18.1 R  OH 511
 1998 08 14 22 52 42.9  23 58 47.7407 -02 37 20.454   44   25 18.1 R  OH 511
 1998 08 14 23 03 28.8  23 58 47.5857 -02 37 21.668   44   25 18.1 R  OH 511
 1998 08 14 23 08 52.3  23 58 47.5166 -02 37 22.229   44   25 18.1 R  OH 511
 1998 08 14 23 37 56.7  23 58 47.1021 -02 37 25.406   44   25 18.2 R  OH 511
 1998 08 14 23 43 19.1  23 58 47.0206 -02 37 26.041   44   25 18.6 R  OH 511
 1998 08 14 23 48 42.2  23 58 46.9505 -02 37 26.594   44   25 18.3 R  OH 511
 1998 08 14 23 54 05.3  23 58 46.8676 -02 37 27.223   44   25 18.2 R  OH 511
 1998 08 15 00 19 09.8  23 58 46.5168 -02 37 29.939   44   25 18.2 R  OH 511
 1998 08 15 00 24 32.9  23 58 46.4396 -02 37 30.557   44   25 18.2 R  OH 511
 1999 10 09 22 35 01.0  02 06 11.1534 +12 01 06.129   33   17 17.8 R  OH 511
 1999 10 09 22 40 11.7  02 06 11.0607 +12 01 05.592   33   17 17.7 R  OH 511
 1999 10 09 22 46 33.6  02 06 10.9373 +12 01 04.920   33   17 17.7 R  OH 511
 1999 10 09 22 54 45.3  02 06 10.7899 +12 01 04.088   33   17 17.7 R  OH 511
 1999 10 09 23 01 02.5  02 06 10.6699 +12 01 03.442   33   17 17.6 R  OH 511
 1999 10 09 23 07 20.5  02 06 10.5583 +12 01 02.782   33   17 17.6 R  OH 511
 1999 10 09 23 12 02.8  02 06 10.4698 +12 01 02.290   33   17 17.6 R  OH 511
 1999 10 09 23 16 45.1  02 06 10.3801 +12 01 01.798   33   17 17.6 R  OH 511
 1999 10 09 23 21 26.9  02 06 10.2973 +12 01 01.305   33   17 17.5 R  OH 511
 1999 10 09 23 26 09.4  02 06 10.2086 +12 01 00.820   33   17 17.6 R  OH 511
 1999 10 09 23 30 52.0  02 06 10.1238 +12 01 00.324   33   17 17.5 R  OH 511
 1999 10 09 23 35 34.3  02 06 10.0392 +12 00 59.844   33   17 17.6 R  OH 511
 1999 10 13 23 03 11.0  02 04 24.4334 +11 50 42.051   66   45 17.6 R  OH 511
 1999 10 13 23 08 45.0  02 04 24.3330 +11 50 41.354   66   45 17.5 R  OH 511
 1999 10 13 23 14 10.4  02 04 24.2134 +11 50 40.859   66   45 17.7 R  OH 511
 1999 10 13 23 19 55.7  02 04 24.1056 +11 50 40.208   66   45 17.5 R  OH 511
 1999 10 13 23 25 30.9  02 04 24.0009 +11 50 39.599   66   45 17.6 R  OH 511
 1999 10 13 23 30 53.6  02 04 23.8980 +11 50 39.058   66   45 17.7 R  OH 511
 1999 10 13 23 36 16.2  02 04 23.7939 +11 50 38.457   66   45 17.6 R  OH 511
 1999 10 16 00 52 39.9  02 03 27.4662 +11 45 09.126   44   30 17.8 R  OH 511
 1999 10 16 00 58 04.0  02 03 27.3618 +11 45 08.571   44   30 17.9 R  OH 511
 1999 10 16 01 03 27.8  02 03 27.2554 +11 45 07.956   44   30 17.9 R  OH 511
 1999 10 16 01 08 52.0  02 03 27.1552 +11 45 07.378   44   30 17.8 R  OH 511
 1999 10 16 01 15 40.5  02 03 27.0131 +11 45 06.591   44   30 17.7 R  OH 511
 1999 10 16 01 21 19.4  02 03 26.9060 +11 45 05.980   44   30 17.7 R  OH 511
 1999 11 10 19 57 54.4  01 51 28.6492 +10 34 29.178   35   50 17.6 R  OH 511
 1999 11 10 20 02 58.8  01 51 28.5568 +10 34 28.689   35   50 17.6 R  OH 511
 1999 11 10 20 08 26.8  01 51 28.4633 +10 34 27.976   35   50 17.8 R  OH 511
 1999 11 10 20 13 31.4  01 51 28.3658 +10 34 27.578   35   50 17.7 R  OH 511
 1999 11 10 20 19 36.9  01 51 28.2564 +10 34 26.922   35   50 17.6 R  OH 511
 1999 11 10 20 24 19.0  01 51 28.1746 +10 34 26.450   35   50 17.7 R  OH 511
 1999 11 10 20 29 01.5  01 51 28.0884 +10 34 25.880   35   50 17.8 R  OH 511
 1999 11 10 20 33 44.6  01 51 28.0007 +10 34 25.362   35   50 17.7 R  OH 511
 1999 11 10 20 38 27.3  01 51 27.9169 +10 34 24.880   35   50 17.7 R  OH 511
 1999 11 10 20 43 09.8  01 51 27.8351 +10 34 24.370   35   50 17.8 R  OH 511
 1999 12 02 21 04 54.2  01 44 11.4123 +09 50 22.518   19   20 18.1 R  OH 511
 1999 12 02 21 09 37.4  01 44 11.3661 +09 50 22.238   19   20 18.1 R  OH 511
 1999 12 02 21 18 22.8  01 44 11.2842 +09 50 21.804   19   20 18.3 R  OH 511
 1999 12 02 21 23 05.2  01 44 11.2374 +09 50 21.532   19   20 18.1 R  OH 511
 1999 12 02 21 27 48.4  01 44 11.1936 +09 50 21.230   19   20 18.1 R  OH 511
 1999 12 02 21 32 31.3  01 44 11.1517 +09 50 20.987   19   20 18.2 R  OH 511
 1999 12 02 21 37 14.0  01 44 11.1065 +09 50 20.712   19   20 18.1 R  OH 511
 1999 12 02 21 41 56.0  01 44 11.0600 +09 50 20.455   19   20 18.1 R  OH 511
 1999 12 07 23 51 01.5  01 43 14.0846 +09 44 22.829   38   14 18.4 R  OH 511
 1999 12 07 23 58 09.9  01 43 14.0322 +09 44 22.540   38   14 18.2 R  OH 511
 1999 12 08 00 12 06.3  01 43 13.9376 +09 44 21.926   38   14 17.9 R  OH 511
 1999 12 08 00 18 58.5  01 43 13.8974 +09 44 21.654   38   14 18.0 R  OH 511
 1999 12 08 00 27 51.1  01 43 13.8366 +09 44 21.253   38   14 17.9 R  OH 511
 1999 12 08 20 56 47.4  01 43 06.2308 +09 43 32.263   92   57 18.0 R  OH 511
 1999 12 08 21 11 47.1  01 43 06.1351 +09 43 31.824   92   57 18.0 R  OH 511
 1999 12 08 21 28 20.1  01 43 06.0318 +09 43 31.171   92   57 17.9 R  OH 511
 1999 12 08 21 43 53.1  01 43 05.9397 +09 43 30.536   92   57 17.9 R  OH 511
 1999 12 08 21 58 10.4  01 43 05.8494 +09 43 29.970   92   57 18.0 R  OH 511
 2000 12 21 19 09 23.3  03 58 59.4309 +19 11 47.955   48   44 18.1 R  OH 511
 2000 12 21 19 16 15.3  03 58 59.3015 +19 11 47.775   48   44 19.1 R  OH 511
 2000 12 21 19 30 00.7  03 58 59.0237 +19 11 47.516   48   44 18.2 R  OH 511
 2000 12 21 19 36 53.5  03 58 58.8901 +19 11 47.304   48   44 19.2 R  OH 511
 2000 12 21 19 43 46.2  03 58 58.7490 +19 11 47.078   48   44 17.6 R  OH 511
 2000 12 21 19 57 30.3  03 58 58.4699 +19 11 46.739   48   44 18.5 R  OH 511
 2000 12 21 20 04 33.2  03 58 58.3358 +19 11 46.671   48   44 18.5 R  OH 511
 2000 12 23 00 02 59.7  03 58 25.8613 +19 11 05.323   52   44 18.5 R  OH 511
 2000 12 23 00 09 33.2  03 58 25.7264 +19 11 05.186   52   44 18.6 R  OH 511
 2000 12 23 00 16 05.8  03 58 25.6039 +19 11 04.985   52   44 18.8 R  OH 511
 2000 12 23 00 22 28.5  03 58 25.4763 +19 11 04.774   52   44 18.7 R  OH 511
 2000 12 23 00 28 52.2  03 58 25.3580 +19 11 04.646   52   44 19.0 R  OH 511
 2000 12 23 00 35 15.5  03 58 25.2273 +19 11 04.415   52   44 18.2 R  OH 511
 2001 11 21 04 03 24.2  07 15 05.4722 +22 50 28.958   49   79 18.3 R  OH 511
 2001 11 21 04 07 23.6  07 15 05.4201 +22 50 28.792   49   79 17.9 R  OH 511
 2001 11 21 04 12 36.6  07 15 05.3718 +22 50 28.893   49   79 18.6 R  OH 511
 2001 11 21 04 18 09.6  07 15 05.3044 +22 50 29.064   49   79 18.6 R  OH 511
 2001 11 21 04 23 43.2  07 15 05.2423 +22 50 29.230   49   79 18.4 R  OH 511
 2001 11 21 04 29 16.0  07 15 05.1890 +22 50 29.221   49   79 18.6 R  OH 511
 2001 11 21 04 34 49.1  07 15 05.1261 +22 50 29.250   49   79 18.6 R  OH 511
 2001 11 21 04 40 25.9  07 15 05.0637 +22 50 29.396   49   79 18.5 R  OH 511
 2001 11 23 03 11 35.8  07 14 34.1176 +22 51 16.939   23   36 18.8 R  OH 511
 2001 11 23 03 26 02.7  07 14 33.9435 +22 51 17.242   23   36 18.4 R  OH 511
 2001 11 23 03 33 16.6  07 14 33.8584 +22 51 17.386   23   36 18.5 R  OH 511
 2001 12 19 02 28 56.6  07 03 19.6899 +23 06 47.694   29   17 18.3 R  OH 511
 2001 12 19 02 34 19.9  07 03 19.5603 +23 06 47.853   29   17 18.4 R  OH 511
 2001 12 19 02 39 43.2  07 03 19.4328 +23 06 47.975   29   17 18.3 R  OH 511
 2001 12 19 02 45 07.0  07 03 19.3086 +23 06 48.165   29   17 18.4 R  OH 511
 2001 12 19 02 50 30.4  07 03 19.1803 +23 06 48.275   29   17 18.4 R  OH 511
 2001 12 19 02 55 54.6  07 03 19.0567 +23 06 48.445   29   17 18.4 R  OH 511
 2001 12 19 03 01 19.2  07 03 18.9218 +23 06 48.585   29   17 18.4 R  OH 511
 2001 12 19 03 06 43.0  07 03 18.8007 +23 06 48.730   29   17 18.4 R  OH 511
 2001 12 19 03 12 06.2  07 03 18.6724 +23 06 48.908   29   17 18.4 R  OH 511
 2001 12 19 03 17 30.4  07 03 18.5451 +23 06 49.028   29   17 18.3 R  OH 511
 2001 12 20 22 15 38.7  07 02 18.3912 +23 08 01.803   66   42 18.1 R  OH 511
 2001 12 20 22 23 59.5  07 02 18.1831 +23 08 02.086   66   42 18.1 R  OH 511
 2001 12 20 22 29 23.6  07 02 18.0513 +23 08 02.281   66   42 18.1 R  OH 511
 2001 12 20 22 34 47.5  07 02 17.9181 +23 08 02.472   66   42 18.1 R  OH 511
 2001 12 20 22 40 10.8  07 02 17.7967 +23 08 02.612   66   42 18.1 R  OH 511
 2001 12 20 22 45 34.3  07 02 17.6619 +23 08 02.799   66   42 18.1 R  OH 511
 2002 01 09 21 12 19.4  06 50 25.4902 +23 20 06.378   28   16 17.8 R  OH 511
 2002 01 09 21 17 53.4  06 50 25.3546 +23 20 06.503   28   16 17.9 R  OH 511
 2002 01 09 21 23 57.0  06 50 25.2002 +23 20 06.619   28   16 17.9 R  OH 511
 2002 01 09 21 29 59.7  06 50 25.0457 +23 20 06.762   28   16 18.0 R  OH 511
 2002 01 09 21 36 03.1  06 50 24.8965 +23 20 06.871   28   16 18.0 R  OH 511
 2002 01 09 21 42 05.9  06 50 24.7387 +23 20 06.999   28   16 18.0 R  OH 511
 2002 01 09 21 48 09.0  06 50 24.5888 +23 20 07.137   28   16 18.0 R  OH 511
 2002 01 09 21 54 11.9  06 50 24.4379 +23 20 07.292   28   16 18.0 R  OH 511
 2002 01 09 22 00 14.9  06 50 24.2822 +23 20 07.437   28   16 18.0 R  OH 511
 2002 02 07 23 15 52.4  06 35 55.8849 +23 27 56.301   56   33 19.1 R  OH 511
 2002 02 08 00 08 15.2  06 35 55.0994 +23 27 56.393   56   33 18.7 R  OH 511
 2002 02 08 00 15 08.6  06 35 54.9927 +23 27 56.418   56   33 18.7 R  OH 511
 2002 02 08 00 22 01.3  06 35 54.8866 +23 27 56.351   56   33 18.6 R  OH 511
 2002 02 08 00 28 54.9  06 35 54.7801 +23 27 56.380   56   33 18.6 R  OH 511
 2002 02 08 00 35 47.7  06 35 54.6726 +23 27 56.352   56   33 18.5 R  OH 511
 2002 02 08 22 16 51.1  06 35 35.8002 +23 27 58.874   25   20 18.3 R  OH 511
 2002 02 08 22 23 14.9  06 35 35.7109 +23 27 58.850   25   20 18.3 R  OH 511
 2002 02 08 22 29 39.2  06 35 35.6131 +23 27 58.882   25   20 18.3 R  OH 511
 2002 02 08 22 36 03.5  06 35 35.5193 +23 27 58.867   25   20 18.3 R  OH 511
 2002 02 08 22 42 28.1  06 35 35.4253 +23 27 58.841   25   20 18.1 R  OH 511
 2003 01 28 23 49 48.3  09 01 18.7003 +17 29 57.443   35   47 18.5 R  OH 511
 2003 01 28 23 54 51.4  09 01 18.5956 +17 29 58.002   35   47 18.3 R  OH 511
 2003 01 28 23 59 54.8  09 01 18.4982 +17 29 58.588   35   47 18.1 R  OH 511
 2003 01 29 00 04 58.2  09 01 18.3993 +17 29 59.111   35   47 18.2 R  OH 511
 2003 01 29 00 10 00.9  09 01 18.2992 +17 29 59.746   35   47 18.3 R  OH 511
 2004 05 18 20 16 01.4  10 39 27.7872 +09 30 28.227   27   65 19.1 R  OH 511
 2004 05 18 20 22 25.3  10 39 27.8176 +09 30 27.929   27   65 18.9 R  OH 511
 2004 05 18 20 28 49.3  10 39 27.8500 +09 30 27.675   27   65 18.8 R  OH 511
 2004 05 18 20 35 14.2  10 39 27.8775 +09 30 27.456   27   65 18.8 R  OH 511
 2004 05 18 20 48 03.3  10 39 27.9446 +09 30 26.700   27   65 19.3 R  OH 511
 2004 05 18 20 54 27.7  10 39 27.9766 +09 30 26.429   27   65 18.8 R  OH 511
 2004 05 18 21 00 51.7  10 39 28.0072 +09 30 26.007   27   65 17.7 R  OH 511
 2005 03 11 01 52 56.7  13 06 46.7345 -05 42 16.469   68   38 18.5 R  OH 511
 2005 03 11 02 03 04.3  13 06 46.5973 -05 42 15.329   68   38 18.5 R  OH 511
 2005 03 11 02 08 08.2  13 06 46.5301 -05 42 14.847   68   38 18.6 R  OH 511
 2005 03 11 02 13 12.1  13 06 46.4650 -05 42 14.258   68   38 18.5 R  OH 511
 2005 03 11 02 18 16.3  13 06 46.3963 -05 42 13.756   68   38 18.5 R  OH 511
 2005 03 11 02 23 19.7  13 06 46.3174 -05 42 13.139   68   38 18.8 R  OH 511
 2005 03 11 02 28 23.4  13 06 46.2596 -05 42 12.579   68   38 18.8 R  OH 511
 2005 03 11 02 33 27.1  13 06 46.1847 -05 42 12.096   68   38 18.6 R  OH 511
 2005 03 11 02 38 30.8  13 06 46.1087 -05 42 11.579   68   38 18.5 R  OH 511
 2005 04 12 23 38 47.8  12 53 48.0700 -04 01 35.804   79   80 17.1 R  OH 511
 2005 04 12 23 47 32.2  12 53 47.9254 -04 01 34.905   79   80 18.0 R  OH 511
 2005 04 12 23 58 05.9  12 53 47.7236 -04 01 33.396   79   80 18.0 R  OH 511
 2005 04 13 00 08 39.1  12 53 47.5385 -04 01 31.994   79   80 18.1 R  OH 511
 2005 04 13 00 19 12.3  12 53 47.3500 -04 01 30.587   79   80 18.0 R  OH 511
 2005 04 13 00 29 45.7  12 53 47.1694 -04 01 29.268   79   80 17.9 R  OH 511
 2005 04 14 00 58 42.4  12 53 21.6958 -03 58 18.477   93   28 17.5 R  OH 511
 2005 04 14 01 06 45.8  12 53 21.5503 -03 58 17.418   93   28 17.4 R  OH 511
 2005 04 14 01 14 49.1  12 53 21.4162 -03 58 16.434   93   28 17.6 R  OH 511
 2005 04 14 01 22 52.8  12 53 21.2683 -03 58 15.342   93   28 17.5 R  OH 511
 2005 04 14 01 30 56.2  12 53 21.1152 -03 58 14.267   93   28 17.4 R  OH 511
 2005 05 03 23 48 14.0  12 45 56.8657 -03 03 18.574   30   48 18.2 R  OH 511
 2005 05 04 00 04 21.4  12 45 56.6507 -03 03 17.121   30   48 18.4 R  OH 511
 2005 05 04 00 12 24.8  12 45 56.5442 -03 03 16.340   30   48 18.4 R  OH 511
 2005 05 04 00 20 28.6  12 45 56.4324 -03 03 15.589   30   48 18.0 R  OH 511
 2005 05 08 23 28 20.3  12 44 29.2806 -02 52 34.790   43   54 18.4 R  OH 511
 2005 05 08 23 36 23.8  12 44 29.1812 -02 52 34.041   43   54 18.6 R  OH 511
 2005 05 09 00 00 34.0  12 44 28.9038 -02 52 32.128   43   54 18.4 R  OH 511
 2006 05 24 22 47 36.3  14 27 11.7118 -13 33 12.368   52   21 18.3 R  OH 511
 2006 05 24 22 54 00.1  14 27 11.5923 -13 33 11.940   52   21 18.5 R  OH 511
 2006 05 24 23 00 24.5  14 27 11.4784 -13 33 11.516   52   21 18.3 R  OH 511
 2006 05 24 23 06 48.0  14 27 11.3595 -13 33 11.065   52   21 18.3 R  OH 511
 2006 05 24 23 13 12.5  14 27 11.2462 -13 33 10.640   52   21 18.6 R  OH 511
 2006 05 24 23 26 00.4  14 27 11.0142 -13 33 09.808   52   21 18.4 R  OH 511
 2006 05 24 23 32 24.8  14 27 10.9083 -13 33 09.425   52   21 18.5 R  OH 511
