 2007 04 18 03 07 49.5  17 16 55.6495 -22 47 31.850   20   13 15.9 U  Z  874
 2007 04 18 03 08 53.1  17 16 55.6415 -22 47 31.868   20   13 15.9 U  Z  874
 2007 04 18 03 09 56.5  17 16 55.6366 -22 47 31.862   20   13 15.9 U  Z  874
 2007 04 18 03 11 00.0  17 16 55.6347 -22 47 31.866   20   13 15.9 U  Z  874
 2007 04 18 03 12 03.4  17 16 55.6289 -22 47 31.853   20   13 15.9 U  Z  874
 2007 04 18 03 13 06.9  17 16 55.6247 -22 47 31.893   20   13 15.9 U  Z  874
 2007 04 18 03 14 10.4  17 16 55.6157 -22 47 31.897   20   13 16.0 U  Z  874
 2007 04 18 03 14 48.5  17 16 55.6149 -22 47 31.883   20   13 15.9 U  Z  874
 2007 04 18 03 15 51.9  17 16 55.6090 -22 47 31.896   20   13 15.9 U  Z  874
 2007 04 18 03 16 56.2  17 16 55.6047 -22 47 31.907   20   13 15.9 U  Z  874
 2007 08 25 00 55 58.8  16 31 57.7225 -21 00 25.730   22   10 15.7 C  Z  874
 2007 08 25 00 57 06.6  16 31 57.7357 -21 00 25.765   22   10 15.5 C  Z  874
 2007 08 25 00 58 15.3  16 31 57.7470 -21 00 25.810   22   10 15.7 C  Z  874
 2007 08 25 00 59 24.1  16 31 57.7578 -21 00 25.868   22   10 15.7 C  Z  874
 2007 08 25 01 01 39.8  16 31 57.7802 -21 00 25.960   22   10 15.7 C  Z  874
 2007 08 25 01 02 47.6  16 31 57.7928 -21 00 25.982   22   10 15.7 C  Z  874
 2007 08 25 01 03 56.4  16 31 57.8039 -21 00 26.019   22   10 15.7 C  Z  874
 2007 08 25 01 05 05.1  16 31 57.8112 -21 00 26.072   22   10 15.8 C  Z  874
 2007 08 25 01 06 12.9  16 31 57.8231 -21 00 26.141   22   10 15.8 C  Z  874
 2007 08 25 01 07 20.8  16 31 57.8326 -21 00 26.165   22   10 15.7 C  Z  874
 2007 08 25 01 08 28.6  16 31 57.8443 -21 00 26.218   22   10 15.5 C  Z  874
 2007 08 25 01 09 37.4  16 31 57.8552 -21 00 26.247   22   10 15.7 C  Z  874
 2007 08 25 01 10 46.1  16 31 57.8662 -21 00 26.288   22   10 15.7 C  Z  874
 2007 08 25 01 11 53.9  16 31 57.8795 -21 00 26.337   22   10 15.8 C  Z  874
 2007 08 25 01 13 01.8  16 31 57.8880 -21 00 26.364   22   10 15.7 C  Z  874
 2007 08 25 01 14 09.7  16 31 57.8984 -21 00 26.434   22   10 15.7 C  Z  874
 2007 08 25 01 15 18.4  16 31 57.9077 -21 00 26.462   22   10 15.8 C  Z  874
 2007 08 25 01 16 27.1  16 31 57.9222 -21 00 26.503   22   10 15.7 C  Z  874
 2007 08 25 01 17 34.9  16 31 57.9295 -21 00 26.548   22   10 15.7 C  Z  874
 2008 04 18 06 39 14.3  19 30 43.0921 -21 21 12.452   25   16 15.8 R  Z  874
 2008 04 18 06 41 19.0  19 30 43.1100 -21 21 12.421   25   16 15.7 R  Z  874
 2008 04 18 06 43 23.8  19 30 43.1223 -21 21 12.402   25   16 15.7 R  Z  874
 2008 04 18 06 47 34.2  19 30 43.1574 -21 21 12.291   25   16 15.7 R  Z  874
 2008 04 18 06 49 39.0  19 30 43.1716 -21 21 12.306   25   16 15.8 R  Z  874
 2008 04 18 06 51 43.7  19 30 43.1894 -21 21 12.234   25   16 15.8 R  Z  874
 2008 04 18 06 53 48.5  19 30 43.2020 -21 21 12.204   25   16 15.9 R  Z  874
 2008 04 18 06 55 53.3  19 30 43.2195 -21 21 12.175   25   16 15.8 R  Z  874
 2008 04 18 06 57 57.8  19 30 43.2374 -21 21 12.118   25   16 15.8 R  Z  874
 2008 04 18 07 02 27.9  19 30 43.2716 -21 21 12.053   25   16 15.0 R  Z  874
 2008 04 18 07 06 37.4  19 30 43.2978 -21 21 12.006   25   16 15.7 R  Z  874
 2008 05 15 03 24 37.0  19 31 40.8823 -21 25 02.027   56   56 15.5 R  Z  874
 2008 05 15 03 31 53.0  19 31 40.8408 -21 25 02.227   56   56 15.5 R  Z  874
 2008 05 15 03 37 12.0  19 31 40.8199 -21 25 02.354   56   56 15.7 R  Z  874
 2008 05 15 03 40 50.0  19 31 40.8038 -21 25 02.587   56   56 15.5 R  Z  874
 2008 05 15 03 47 09.0  19 31 40.7613 -21 25 02.652   56   56 15.6 R  Z  874
 2008 05 15 03 47 58.0  19 31 40.7648 -21 25 02.614   56   56 15.6 R  Z  874
 2008 05 15 03 51 11.0  19 31 40.7496 -21 25 02.858   56   56 15.4 R  Z  874
 2008 05 15 03 51 59.0  19 31 40.7430 -21 25 02.920   56   56 15.5 R  Z  874
 2008 05 15 03 52 47.0  19 31 40.7338 -21 25 02.904   56   56 15.6 R  Z  874
 2008 05 15 03 54 24.0  19 31 40.7262 -21 25 02.870   56   56 15.6 R  Z  874
 2008 05 15 03 56 01.0  19 31 40.7158 -21 25 02.980   56   56 15.7 R  Z  874
 2008 05 15 03 56 49.0  19 31 40.7184 -21 25 02.975   56   56 14.1 R  Z  874
 2008 05 15 03 57 37.0  19 31 40.7110 -21 25 03.050   56   56 15.4 R  Z  874
 2008 05 15 03 59 14.0  19 31 40.6945 -21 25 03.070   56   56 15.5 R  Z  874
 2008 05 15 04 01 39.0  19 31 40.6840 -21 25 03.049   56   56 15.5 R  Z  874
 2008 05 15 04 02 27.0  19 31 40.6824 -21 25 03.185   56   56 15.6 R  Z  874
