 2001 08 26 02 35 09.3  20 36 28.7987 -18 26 26.489   72   27 18.9 B  BC 874
 2001 08 26 02 45 43.6  20 36 28.7585 -18 26 26.575   72   27 18.9 B  BC 874
 2001 08 26 02 57 02.4  20 36 28.7082 -18 26 26.814   72   27 18.9 B  BC 874
 2001 08 26 03 02 41.4  20 36 28.6966 -18 26 26.900   72   27 18.8 B  BC 874
 2001 08 26 03 08 20.4  20 36 28.6579 -18 26 26.967   72   27 18.8 B  BC 874
 2001 08 26 03 13 59.4  20 36 28.6353 -18 26 27.056   72   27 18.8 B  BC 874
 2001 08 26 03 25 17.4  20 36 28.5933 -18 26 27.180   72   27 18.8 B  BC 874
 2001 08 26 03 30 56.4  20 36 28.5777 -18 26 27.288   72   27 18.7 B  BC 874
 2001 08 26 03 36 35.5  20 36 28.5487 -18 26 27.402   72   27 18.9 B  BC 874
 2002 07 16 03 49 49.2  20 50 01.2714 -17 38 22.787   56   61 18.4 C  BC 874
 2002 07 16 04 12 36.9  20 50 01.1779 -17 38 23.180   56   61 18.5 C  BC 874
 2002 07 16 04 29 43.0  20 50 01.1074 -17 38 23.479   56   61 18.9 C  BC 874
 2002 07 16 04 41 07.2  20 50 01.0585 -17 38 23.627   56   61 18.8 C  BC 874
 2002 07 16 04 48 43.2  20 50 01.0222 -17 38 23.802   56   61 18.5 C  BC 874
 2002 07 16 04 54 25.2  20 50 00.9979 -17 38 23.856   56   61 18.8 C  BC 874
 2002 07 16 05 05 49.4  20 50 00.9520 -17 38 24.057   56   61 18.7 C  BC 874
 2002 07 16 05 11 30.5  20 50 00.9161 -17 38 24.139   56   61 18.7 C  BC 874
 2002 07 16 05 17 12.7  20 50 00.8937 -17 38 24.243   56   61 18.8 C  BC 874
 2002 07 16 05 34 18.2  20 50 00.8260 -17 38 24.416   56   61 18.9 C  BC 874
 2002 07 16 05 58 58.6  20 50 00.7170 -17 38 24.978   56   61 18.9 C  BC 874
 2002 07 16 06 04 40.9  20 50 00.6895 -17 38 24.929   56   61 18.8 C  BC 874
 2002 07 16 06 10 22.1  20 50 00.6649 -17 38 25.093   56   61 18.8 C  BC 874
 2002 07 16 07 07 20.9  20 50 00.4253 -17 38 25.972   56   61 18.8 C  BC 874
 2002 07 16 07 13 02.1  20 50 00.3987 -17 38 26.131   56   61 18.9 C  BC 874
 2002 07 16 07 18 43.3  20 50 00.3809 -17 38 26.235   56   61 17.6 C  BC 874
 2002 07 17 04 27 58.0  20 49 55.0236 -17 38 47.977   52   31 19.0 C  BC 874
 2002 07 17 04 33 38.3  20 49 54.9980 -17 38 48.129   52   31 18.9 C  BC 874
 2002 07 17 04 50 38.4  20 49 54.9207 -17 38 48.394   52   31 19.1 C  BC 874
 2002 07 17 05 01 58.2  20 49 54.8671 -17 38 48.602   52   31 19.2 C  BC 874
 2002 07 17 05 40 51.9  20 49 54.7026 -17 38 49.233   52   31 19.0 C  BC 874
 2002 07 17 05 46 32.2  20 49 54.6726 -17 38 49.359   52   31 19.1 C  BC 874
 2002 07 17 05 52 11.7  20 49 54.6508 -17 38 49.396   52   31 19.1 C  BC 874
 2002 07 17 06 03 31.4  20 49 54.6028 -17 38 49.570   52   31 19.3 C  BC 874
 2002 07 17 06 20 30.5  20 49 54.5283 -17 38 49.912   52   31 19.1 C  BC 874
 2003 07 24 02 45 02.3  20 58 23.5197 -17 08 36.404   62   77 19.1 C  BC 874
 2003 07 24 02 48 30.4  20 58 23.4980 -17 08 36.286   62   77 18.9 C  BC 874
 2003 07 24 02 53 03.5  20 58 23.4900 -17 08 36.435   62   77 19.1 C  BC 874
 2003 07 24 02 58 24.8  20 58 23.4611 -17 08 36.464   62   77 19.1 C  BC 874
 2003 07 24 03 00 09.3  20 58 23.4528 -17 08 36.591   62   77 19.2 C  BC 874
 2003 07 25 01 10 36.3  20 58 17.6573 -17 09 01.176   68   49 18.9 C  BC 874
 2003 07 25 01 25 51.7  20 58 17.5923 -17 09 01.482   68   49 19.1 C  BC 874
 2003 07 25 01 32 25.8  20 58 17.5619 -17 09 01.644   68   49 19.0 C  BC 874
 2003 07 25 01 36 09.4  20 58 17.5473 -17 09 01.669   68   49 19.1 C  BC 874
 2003 07 25 07 15 27.5  20 58 16.0442 -17 09 07.924   68   49 18.9 C  BC 874
 2003 07 25 07 19 12.8  20 58 16.0210 -17 09 08.041   68   49 19.1 C  BC 874
 2003 07 25 07 26 48.0  20 58 15.9972 -17 09 08.115   68   49 18.6 C  BC 874
 2003 07 25 07 30 34.4  20 58 15.9742 -17 09 08.242   68   49 18.9 C  BC 874
 2003 07 25 07 35 31.3  20 58 15.9567 -17 09 08.386   68   49 18.9 C  BC 874
 2003 07 25 07 43 59.4  20 58 15.9075 -17 09 08.392   68   49 19.1 C  BC 874
 2003 07 25 07 48 13.0  20 58 15.8895 -17 09 08.639   68   49 19.1 C  BC 874
 2003 07 26 01 52 13.1  20 58 11.1720 -17 09 28.842   75   45 19.2 C  BC 874
 2003 07 26 08 11 33.9  20 58 09.4903 -17 09 35.872   75   45 18.8 C  BC 874
 2003 07 26 08 15 15.0  20 58 09.4677 -17 09 35.925   75   45 18.8 C  BC 874
 2003 07 26 08 19 00.6  20 58 09.4556 -17 09 35.915   75   45 18.2 C  BC 874
 2003 08 20 01 37 26.6  20 55 31.3022 -17 20 43.664   45   31 19.2 C  BC 874
 2003 08 20 01 41 28.6  20 55 31.2850 -17 20 43.740   45   31 19.3 C  BC 874
 2003 08 20 03 28 32.3  20 55 30.8157 -17 20 45.625   45   31 19.2 C  BC 874
 2003 08 20 03 30 29.7  20 55 30.8010 -17 20 45.670   45   31 19.1 C  BC 874
 2003 08 20 03 32 44.1  20 55 30.7903 -17 20 45.691   45   31 19.3 C  BC 874
 2003 08 20 05 22 08.4  20 55 30.3166 -17 20 47.669   45   31 19.0 C  BC 874
 2003 08 20 05 25 09.0  20 55 30.3078 -17 20 47.702   45   31 19.2 C  BC 874
 2003 08 20 05 27 03.8  20 55 30.2956 -17 20 47.718   45   31 17.6 C  BC 874
 2003 08 20 05 29 05.4  20 55 30.2845 -17 20 47.750   45   31 19.1 C  BC 874
 2004 08 20 02 24 43.6  21 04 34.2417 -16 47 02.442   40   22 19.0 un BC 874
 2004 08 20 02 28 22.7  21 04 34.2283 -16 47 02.522   40   22 18.9 un BC 874
 2004 08 20 02 35 37.0  21 04 34.1926 -16 47 02.653   40   22 19.0 un BC 874
 2004 08 20 02 41 45.8  21 04 34.1727 -16 47 02.775   40   22 19.2 un BC 874
 2004 08 20 02 44 08.4  21 04 34.1591 -16 47 02.848   40   22 19.1 un BC 874
 2004 08 20 02 46 32.0  21 04 34.1471 -16 47 02.854   40   22 18.8 un BC 874
 2004 08 20 02 48 54.6  21 04 34.1346 -16 47 02.875   40   22 19.0 un BC 874
 2004 08 20 02 51 17.5  21 04 34.1262 -16 47 02.927   40   22 19.2 un BC 874
 2004 08 20 02 53 40.1  21 04 34.1200 -16 47 02.984   40   22 18.9 un BC 874
 2004 08 20 02 56 02.8  21 04 34.1027 -16 47 03.016   40   22 19.0 un BC 874
 2004 08 20 03 00 48.6  21 04 34.0818 -16 47 03.117   40   22 18.9 un BC 874
 2004 08 20 03 03 11.4  21 04 34.0723 -16 47 03.215   40   22 19.0 un BC 874
 2004 08 20 03 05 35.1  21 04 34.0626 -16 47 03.205   40   22 19.0 un BC 874
 2004 08 20 03 07 57.8  21 04 34.0553 -16 47 03.298   40   22 19.0 un BC 874
 2004 08 20 03 12 43.3  21 04 34.0332 -16 47 03.371   40   22 19.0 un BC 874
 2004 08 20 03 15 06.9  21 04 34.0255 -16 47 03.427   40   22 18.9 un BC 874
 2004 08 20 05 43 10.1  21 04 33.3646 -16 47 06.197   40   22 19.1 un BC 874
 2004 08 20 05 52 10.6  21 04 33.3320 -16 47 06.363   40   22 19.0 un BC 874
 2004 08 20 05 54 30.8  21 04 33.3162 -16 47 06.418   40   22 19.2 un BC 874
 2004 08 20 05 56 51.0  21 04 33.3141 -16 47 06.430   40   22 19.0 un BC 874
 2004 08 20 06 01 32.3  21 04 33.2911 -16 47 06.579   40   22 19.2 un BC 874
 2004 08 20 06 06 13.9  21 04 33.2710 -16 47 06.633   40   22 19.2 un BC 874
 2004 08 20 06 19 55.0  21 04 33.2086 -16 47 06.852   40   22 19.2 un BC 874
 2004 08 20 06 22 16.1  21 04 33.1967 -16 47 06.898   40   22 19.3 un BC 874
 2004 08 20 06 24 37.3  21 04 33.1899 -16 47 06.964   40   22 19.1 un BC 874
 2004 08 20 06 26 58.2  21 04 33.1738 -16 47 06.982   40   22 19.0 un BC 874
 2004 08 21 01 53 20.8  21 04 28.1551 -16 47 29.235   58   77 19.5 un BC 874
 2004 08 21 02 00 14.4  21 04 28.1274 -16 47 29.184   58   77 19.3 un BC 874
 2004 08 21 02 02 33.3  21 04 28.1223 -16 47 29.203   58   77 19.6 un BC 874
 2004 08 21 02 20 57.2  21 04 28.0419 -16 47 29.645   58   77 19.5 un BC 874
 2004 08 21 02 23 15.0  21 04 28.0285 -16 47 29.773   58   77 17.8 un BC 874
 2004 08 21 02 25 32.8  21 04 28.0215 -16 47 29.795   58   77 19.6 un BC 874
 2004 08 21 03 55 01.0  21 04 27.6264 -16 47 31.488   58   77 19.5 un BC 874
 2004 08 21 03 57 18.8  21 04 27.6140 -16 47 31.402   58   77 19.4 un BC 874
 2004 08 21 03 59 36.6  21 04 27.6067 -16 47 31.432   58   77 19.5 un BC 874
 2004 08 21 04 04 14.2  21 04 27.5831 -16 47 31.531   58   77 19.9 un BC 874
 2004 08 21 04 06 32.1  21 04 27.5792 -16 47 31.626   58   77 18.3 un BC 874
 2004 08 21 04 08 50.2  21 04 27.5624 -16 47 31.797   58   77 18.8 un BC 874
 2004 08 21 04 13 25.8  21 04 27.5473 -16 47 31.736   58   77 19.4 un BC 874
 2004 08 21 04 15 43.7  21 04 27.5275 -16 47 31.881   58   77 18.3 un BC 874
 2004 08 21 04 18 42.8  21 04 27.5156 -16 47 31.945   58   77 18.5 un BC 874
 2004 08 21 04 21 00.5  21 04 27.5051 -16 47 32.046   58   77 17.8 un BC 874
 2004 08 21 04 27 56.2  21 04 27.4858 -16 47 31.968   58   77 19.6 un BC 874
 2004 08 21 04 34 49.2  21 04 27.4431 -16 47 32.168   58   77 19.0 un BC 874
 2004 08 21 04 39 27.3  21 04 27.4318 -16 47 32.188   58   77 19.0 un BC 874
 2004 08 22 00 25 37.0  21 04 22.3463 -16 47 54.781   50   23 19.2 un BC 874
 2004 08 22 00 27 54.9  21 04 22.3380 -16 47 54.790   50   23 19.1 un BC 874
 2004 08 22 00 32 30.8  21 04 22.3221 -16 47 54.904   50   23 19.3 un BC 874
 2004 08 22 00 35 03.2  21 04 22.3020 -16 47 54.934   50   23 19.2 un BC 874
 2004 08 22 00 37 21.2  21 04 22.2952 -16 47 54.987   50   23 18.5 un BC 874
 2004 08 22 00 39 39.2  21 04 22.2878 -16 47 55.044   50   23 19.0 un BC 874
 2004 08 22 00 44 15.1  21 04 22.2643 -16 47 55.143   50   23 19.5 un BC 874
 2004 08 22 00 46 33.0  21 04 22.2495 -16 47 55.123   50   23 19.1 un BC 874
 2004 08 22 00 48 50.8  21 04 22.2400 -16 47 55.178   50   23 18.2 un BC 874
 2004 08 22 00 53 58.2  21 04 22.2290 -16 47 55.279   50   23 19.1 un BC 874
 2004 08 22 00 56 16.2  21 04 22.2111 -16 47 55.333   50   23 19.3 un BC 874
 2004 08 22 00 58 34.1  21 04 22.2020 -16 47 55.426   50   23 19.3 un BC 874
 2004 08 22 01 03 11.0  21 04 22.1813 -16 47 55.437   50   23 19.1 un BC 874
 2004 08 22 02 42 22.5  21 04 21.7471 -16 47 57.317   50   23 18.9 un BC 874
 2004 08 22 02 49 17.2  21 04 21.7129 -16 47 57.498   50   23 19.3 un BC 874
 2004 08 22 03 03 50.2  21 04 21.6515 -16 47 57.722   50   23 19.1 un BC 874
 2004 08 22 03 08 52.5  21 04 21.6358 -16 47 57.854   50   23 19.3 un BC 874
 2004 08 22 03 20 46.1  21 04 21.5825 -16 47 58.055   50   23 19.2 un BC 874
 2004 08 23 01 35 42.2  21 04 15.8811 -16 48 23.083   67   44 19.2 un BC 874
 2004 08 23 01 49 27.7  21 04 15.8285 -16 48 23.345   67   44 19.4 un BC 874
 2004 08 23 01 51 45.6  21 04 15.8185 -16 48 23.332   67   44 19.1 un BC 874
 2004 08 23 01 54 03.6  21 04 15.8052 -16 48 23.439   67   44 18.9 un BC 874
 2004 08 23 01 58 55.6  21 04 15.7844 -16 48 23.550   67   44 19.3 un BC 874
 2004 08 23 02 01 13.5  21 04 15.7779 -16 48 23.640   67   44 19.3 un BC 874
 2004 08 23 02 08 09.9  21 04 15.7467 -16 48 23.660   67   44 19.1 un BC 874
 2004 08 23 02 12 45.8  21 04 15.7223 -16 48 23.741   67   44 19.0 un BC 874
 2004 08 23 02 19 40.2  21 04 15.7025 -16 48 23.851   67   44 19.1 un BC 874
 2004 08 23 05 08 50.4  21 04 14.9555 -16 48 27.025   67   44 19.0 un BC 874
 2004 08 23 05 13 27.0  21 04 14.9393 -16 48 27.084   67   44 19.4 un BC 874
 2004 08 23 05 24 56.7  21 04 14.9012 -16 48 27.366   67   44 19.4 un BC 874
 2004 08 23 05 27 14.8  21 04 14.8879 -16 48 27.421   67   44 19.4 un BC 874
 2004 08 23 05 29 44.6  21 04 14.8746 -16 48 27.353   67   44 19.1 un BC 874
 2004 08 23 05 32 02.4  21 04 14.8602 -16 48 27.534   67   44 19.4 un BC 874
 2004 08 23 05 34 21.2  21 04 14.8615 -16 48 27.550   67   44 19.5 un BC 874
 2004 08 23 05 36 40.0  21 04 14.8368 -16 48 27.583   67   44 19.3 un BC 874
 2004 08 23 05 43 33.8  21 04 14.8147 -16 48 27.621   67   44 19.2 un BC 874
 2004 08 23 05 45 51.7  21 04 14.7981 -16 48 27.694   67   44 18.1 un BC 874
 2004 08 23 05 50 27.5  21 04 14.7811 -16 48 27.825   67   44 18.1 un BC 874
 2004 08 24 01 36 58.4  21 04 09.7662 -16 48 49.948   37   42 18.9 un BC 874
 2004 08 24 01 47 39.6  21 04 09.7205 -16 48 50.069   37   42 19.0 un BC 874
 2004 08 24 02 03 05.5  21 04 09.6533 -16 48 50.333   37   42 19.3 un BC 874
 2004 08 24 02 10 28.1  21 04 09.6216 -16 48 50.525   37   42 19.3 un BC 874
 2004 08 24 02 12 52.7  21 04 09.6143 -16 48 50.632   37   42 19.3 un BC 874
 2004 08 24 02 15 19.4  21 04 09.5982 -16 48 50.597   37   42 19.0 un BC 874
 2004 08 24 02 17 43.1  21 04 09.5899 -16 48 50.696   37   42 19.2 un BC 874
 2004 08 24 04 07 50.6  21 04 09.1168 -16 48 52.660   37   42 19.2 un BC 874
 2004 08 24 04 10 32.4  21 04 09.1000 -16 48 52.791   37   42 19.2 un BC 874
 2004 08 24 04 12 58.7  21 04 09.0905 -16 48 52.740   37   42 19.5 un BC 874
 2004 08 24 04 20 23.7  21 04 09.0591 -16 48 52.918   37   42 19.4 un BC 874
 2004 08 24 04 25 12.0  21 04 09.0347 -16 48 53.068   37   42 19.3 un BC 874
 2004 08 24 04 27 40.3  21 04 09.0321 -16 48 53.125   37   42 19.7 un BC 874
 2004 08 24 04 30 09.2  21 04 09.0140 -16 48 53.112   37   42 19.2 un BC 874
 2004 08 24 04 32 34.9  21 04 09.0056 -16 48 53.190   37   42 19.2 un BC 874
 2004 08 24 04 42 24.0  21 04 08.9648 -16 48 53.329   37   42 19.4 un BC 874
 2004 08 24 04 44 48.6  21 04 08.9581 -16 48 53.448   37   42 17.9 un BC 874
 2004 08 24 04 52 00.2  21 04 08.9225 -16 48 53.537   37   42 19.2 un BC 874
 2004 09 23 02 08 34.2  21 01 35.3718 -17 00 05.544   57   24 19.2 R  BC 874
 2004 09 23 02 12 30.8  21 01 35.3554 -17 00 05.644   57   24 19.3 R  BC 874
 2004 09 23 02 29 34.7  21 01 35.3178 -17 00 05.804   57   24 19.1 R  BC 874
 2004 09 23 02 33 32.0  21 01 35.3005 -17 00 05.872   57   24 19.5 R  BC 874
 2004 10 08 23 18 57.0  21 00 47.8443 -17 03 35.889   50   47 19.4 V  BC 874
 2004 10 08 23 22 29.2  21 00 47.8387 -17 03 35.875   50   47 19.2 V  BC 874
 2004 10 08 23 39 32.9  21 00 47.8146 -17 03 36.055   50   47 19.6 V  BC 874
 2004 10 09 02 12 17.1  21 00 47.5789 -17 03 37.033   50   47 19.4 V  BC 874
 2004 10 09 02 27 44.0  21 00 47.5590 -17 03 37.003   50   47 19.6 V  BC 874
 2004 10 09 02 30 59.2  21 00 47.5615 -17 03 37.058   50   47 19.2 V  BC 874
 2006 06 08 08 10 22.6  21 28 45.7215 -15 04 52.620   79   67 19.2 C  BC 874
 2006 06 08 08 12 29.8  21 28 45.7159 -15 04 52.615   79   67 20.0 C  BC 874
 2006 06 08 08 17 56.4  21 28 45.7192 -15 04 52.728   79   67 19.2 C  BC 874
 2006 06 08 08 19 24.7  21 28 45.7226 -15 04 52.596   79   67 19.6 C  BC 874
 2006 06 08 08 20 52.9  21 28 45.7044 -15 04 52.632   79   67 19.3 C  BC 874
 2006 06 08 08 22 21.1  21 28 45.7090 -15 04 52.693   79   67 19.3 C  BC 874
 2006 06 08 08 23 48.5  21 28 45.7079 -15 04 52.641   79   67 19.7 C  BC 874
 2006 06 08 08 25 16.7  21 28 45.7081 -15 04 52.756   79   67 18.4 C  BC 874
 2006 06 08 08 29 40.4  21 28 45.6936 -15 04 52.785   79   67 20.5 C  BC 874
 2006 06 08 08 31 09.5  21 28 45.6931 -15 04 52.856   79   67 19.9 C  BC 874
 2006 06 08 08 32 37.7  21 28 45.6924 -15 04 52.752   79   67 19.4 C  BC 874
 2006 06 08 08 34 06.0  21 28 45.6928 -15 04 52.684   79   67 19.6 C  BC 874
 2006 06 08 08 38 30.1  21 28 45.6854 -15 04 52.822   79   67 19.6 C  BC 874
 2006 06 08 08 39 57.4  21 28 45.6738 -15 04 52.939   79   67 19.2 C  BC 874
 2006 06 08 08 41 25.9  21 28 45.6893 -15 04 52.905   79   67 19.0 C  BC 874
 2006 08 31 02 49 50.7  21 21 37.7802 -15 39 30.138   71   68 19.4 C  BC 874
 2006 08 31 02 53 57.3  21 21 37.7505 -15 39 30.261   71   68 19.4 C  BC 874
 2006 08 31 02 58 03.8  21 21 37.7424 -15 39 30.227   71   68 18.3 C  BC 874
 2006 08 31 03 00 07.5  21 21 37.7352 -15 39 30.258   71   68 19.5 C  BC 874
 2006 08 31 03 02 11.2  21 21 37.7166 -15 39 30.377   71   68 19.4 C  BC 874
 2006 08 31 03 04 14.8  21 21 37.7075 -15 39 30.297   71   68 17.7 C  BC 874
 2006 08 31 03 06 17.7  21 21 37.7037 -15 39 30.304   71   68 18.2 C  BC 874
 2006 08 31 03 10 25.1  21 21 37.6947 -15 39 30.409   71   68 19.0 C  BC 874
 2006 08 31 03 12 27.9  21 21 37.6757 -15 39 30.464   71   68 17.9 C  BC 874
 2006 08 31 03 14 30.8  21 21 37.6648 -15 39 30.610   71   68 19.2 C  BC 874
 2006 08 31 03 16 33.6  21 21 37.6662 -15 39 30.481   71   68 18.2 C  BC 874
 2006 08 31 03 18 37.3  21 21 37.6496 -15 39 30.633   71   68 19.7 C  BC 874
 2006 08 31 03 20 41.0  21 21 37.6365 -15 39 30.682   71   68 19.4 C  BC 874
 2006 08 31 03 22 43.8  21 21 37.6333 -15 39 30.814   71   68 19.9 C  BC 874
 2006 08 31 03 24 46.6  21 21 37.6265 -15 39 30.758   71   68 18.0 C  BC 874
 2006 09 01 03 02 48.9  21 21 31.7901 -15 39 58.431   59   30 17.9 C  BC 874
 2006 09 01 03 04 51.8  21 21 31.7854 -15 39 58.539   59   30 19.5 C  BC 874
 2006 09 01 03 08 57.4  21 21 31.7619 -15 39 58.576   59   30 19.4 C  BC 874
 2006 09 01 03 11 01.1  21 21 31.7527 -15 39 58.634   59   30 19.0 C  BC 874
 2006 09 01 03 13 03.9  21 21 31.7440 -15 39 58.693   59   30 19.2 C  BC 874
 2006 09 01 03 21 16.2  21 21 31.7055 -15 39 58.804   59   30 19.3 C  BC 874
 2006 09 01 03 23 19.9  21 21 31.6957 -15 39 58.897   59   30 19.4 C  BC 874
 2006 09 01 03 27 25.6  21 21 31.6819 -15 39 58.900   59   30 19.3 C  BC 874
 2006 09 01 03 29 29.2  21 21 31.6804 -15 39 59.003   59   30 17.8 C  BC 874
 2006 09 20 03 31 23.4  21 19 50.5588 -15 47 56.242   49   53 19.6 C  BC 874
 2006 09 20 03 33 16.8  21 19 50.5476 -15 47 56.181   49   53 19.1 C  BC 874
 2006 09 20 03 37 03.7  21 19 50.5364 -15 47 56.328   49   53 19.1 C  BC 874
 2006 09 20 03 38 57.1  21 19 50.5286 -15 47 56.254   49   53 19.7 C  BC 874
 2006 09 20 03 40 50.5  21 19 50.5308 -15 47 56.318   49   53 19.7 C  BC 874
 2006 09 20 03 42 43.2  21 19 50.5192 -15 47 56.265   49   53 19.2 C  BC 874
 2006 09 20 03 44 36.6  21 19 50.5154 -15 47 56.335   49   53 19.2 C  BC 874
 2006 09 20 03 46 29.2  21 19 50.5082 -15 47 56.449   49   53 19.5 C  BC 874
 2006 09 20 03 48 22.1  21 19 50.4953 -15 47 56.500   49   53 19.4 C  BC 874
 2006 09 20 03 50 15.3  21 19 50.4931 -15 47 56.503   49   53 19.6 C  BC 874
 2006 09 20 03 54 01.8  21 19 50.4872 -15 47 56.501   49   53 18.1 C  BC 874
 2006 09 20 03 55 55.0  21 19 50.4746 -15 47 56.666   49   53 19.7 C  BC 874
 2006 09 20 03 57 48.2  21 19 50.4737 -15 47 56.608   49   53 19.6 C  BC 874
 2006 09 20 03 59 41.7  21 19 50.4679 -15 47 56.595   49   53 19.4 C  BC 874
 2006 09 20 04 03 27.4  21 19 50.4574 -15 47 56.717   49   53 19.5 C  BC 874
 2006 09 20 04 07 14.1  21 19 50.4377 -15 47 56.756   49   53 18.9 C  BC 874
 2006 09 22 02 51 03.1  21 19 41.6528 -15 48 38.317   33   64 18.8 C  BC 874
 2006 09 22 02 52 56.3  21 19 41.6465 -15 48 38.275   33   64 19.5 C  BC 874
 2006 09 22 02 54 48.6  21 19 41.6398 -15 48 38.263   33   64 19.5 C  BC 874
 2006 09 22 02 56 41.9  21 19 41.6339 -15 48 38.215   33   64 19.3 C  BC 874
 2006 09 22 02 58 35.1  21 19 41.6256 -15 48 38.253   33   64 20.0 C  BC 874
 2006 09 22 03 00 28.3  21 19 41.6184 -15 48 38.304   33   64 19.9 C  BC 874
 2006 09 22 03 02 20.7  21 19 41.6137 -15 48 38.380   33   64 19.6 C  BC 874
 2006 09 22 03 04 13.9  21 19 41.6068 -15 48 38.447   33   64 19.8 C  BC 874
 2006 09 22 03 06 07.1  21 19 41.6047 -15 48 38.390   33   64 18.5 C  BC 874
 2006 09 22 03 11 45.9  21 19 41.5879 -15 48 38.465   33   64 19.1 C  BC 874
 2006 09 22 03 13 39.1  21 19 41.5830 -15 48 38.586   33   64 19.2 C  BC 874
 2006 09 22 03 15 32.3  21 19 41.5712 -15 48 38.477   33   64 18.4 C  BC 874
 2006 09 22 03 19 19.1  21 19 41.5580 -15 48 38.490   33   64 19.6 C  BC 874
 2006 09 22 03 21 12.3  21 19 41.5576 -15 48 38.543   33   64 19.4 C  BC 874
 2006 09 22 03 23 04.7  21 19 41.5491 -15 48 38.674   33   64 19.6 C  BC 874
 2006 09 26 01 06 49.1  21 19 24.9851 -15 49 56.667   59   32 19.5 C  BC 874
 2006 09 26 01 10 42.8  21 19 24.9769 -15 49 56.680   59   32 19.5 C  BC 874
 2006 09 26 01 14 19.5  21 19 24.9699 -15 49 56.733   59   32 18.5 C  BC 874
 2006 09 26 01 18 57.6  21 19 24.9590 -15 49 56.841   59   32 19.3 C  BC 874
 2006 09 26 01 26 34.9  21 19 24.9290 -15 49 56.925   59   32 18.1 C  BC 874
 2006 09 26 01 30 45.5  21 19 24.9264 -15 49 56.945   59   32 20.3 C  BC 874
 2006 09 26 01 32 08.7  21 19 24.9198 -15 49 57.003   59   32 19.4 C  BC 874
 2006 09 26 01 33 31.9  21 19 24.9053 -15 49 57.018   59   32 18.2 C  BC 874
 2006 09 26 01 34 55.3  21 19 24.9112 -15 49 56.976   59   32 19.3 C  BC 874
 2006 09 26 01 36 18.7  21 19 24.9047 -15 49 57.002   59   32 17.8 C  BC 874
 2006 09 26 01 37 42.0  21 19 24.9032 -15 49 57.024   59   32 19.4 C  BC 874
 2006 09 26 01 39 05.2  21 19 24.9028 -15 49 57.134   59   32 17.7 C  BC 874
 2006 09 26 01 45 59.7  21 19 24.8805 -15 49 57.170   59   32 19.3 C  BC 874
 2006 09 26 01 47 23.0  21 19 24.8689 -15 49 57.179   59   32 19.8 C  BC 874
 2006 09 26 01 48 46.3  21 19 24.8725 -15 49 57.214   59   32 18.7 C  BC 874
 2006 09 26 01 50 08.7  21 19 24.8696 -15 49 57.254   59   32 19.8 C  BC 874
 2006 09 26 01 51 32.0  21 19 24.8625 -15 49 57.236   59   32 19.8 C  BC 874
 2006 09 26 01 52 55.2  21 19 24.8546 -15 49 57.315   59   32 19.4 C  BC 874
 2006 09 26 01 54 17.6  21 19 24.8497 -15 49 57.281   59   32 17.9 C  BC 874
 2006 09 26 01 57 04.0  21 19 24.8486 -15 49 57.257   59   32 19.4 C  BC 874
 2006 09 26 02 01 13.1  21 19 24.8257 -15 49 57.398   59   32 18.4 C  BC 874
 2006 09 26 02 02 35.6  21 19 24.8271 -15 49 57.426   59   32 17.7 C  BC 874
 2006 10 25 22 33 38.6  21 18 14.2440 -15 55 32.583   34   34 19.3 C  BC 874
 2006 10 25 22 36 19.9  21 18 14.2404 -15 55 32.675   34   34 19.3 C  BC 874
 2006 10 25 22 38 14.3  21 18 14.2447 -15 55 32.669   34   34 19.3 C  BC 874
 2006 10 25 22 42 04.8  21 18 14.2435 -15 55 32.591   34   34 19.3 C  BC 874
 2006 10 25 22 43 59.9  21 18 14.2360 -15 55 32.690   34   34 19.4 C  BC 874
 2006 10 25 22 45 54.2  21 18 14.2380 -15 55 32.659   34   34 19.3 C  BC 874
 2006 10 25 22 47 49.5  21 18 14.2356 -15 55 32.683   34   34 19.4 C  BC 874
 2006 10 25 22 49 44.6  21 18 14.2370 -15 55 32.650   34   34 19.2 C  BC 874
 2006 10 25 22 51 39.8  21 18 14.2315 -15 55 32.641   34   34 19.4 C  BC 874
 2006 10 25 23 23 02.2  21 18 14.2196 -15 55 32.774   34   34 19.5 C  BC 874
 2006 10 25 23 29 19.1  21 18 14.2204 -15 55 32.712   34   34 19.4 C  BC 874
 2006 10 25 23 32 13.4  21 18 14.2162 -15 55 32.720   34   34 19.4 C  BC 874
 2006 10 25 23 35 08.5  21 18 14.2179 -15 55 32.742   34   34 19.4 C  BC 874
 2007 08 22 05 25 45.9  21 31 34.4196 -14 56 33.482   58   23 19.1 C  BC 874
 2007 08 22 05 28 50.2  21 31 34.3935 -14 56 33.519   58   23 18.9 C  BC 874
 2007 08 22 05 34 56.6  21 31 34.3715 -14 56 33.633   58   23 19.1 C  BC 874
 2007 08 22 05 50 14.0  21 31 34.3009 -14 56 33.977   58   23 19.1 C  BC 874
 2007 08 22 05 59 23.7  21 31 34.2612 -14 56 34.135   58   23 19.2 C  BC 874
 2007 08 22 06 11 35.3  21 31 34.2090 -14 56 34.425   58   23 19.2 C  BC 874
 2007 08 22 06 20 44.9  21 31 34.1704 -14 56 34.652   58   23 19.2 C  BC 874
 2007 08 23 04 38 15.4  21 31 28.3378 -14 57 03.495   56   24 19.2 C  BC 874
 2007 08 23 04 41 18.9  21 31 28.3205 -14 57 03.524   56   24 19.6 C  BC 874
 2007 08 23 04 47 25.8  21 31 28.2947 -14 57 03.688   56   24 19.2 C  BC 874
 2007 08 23 04 50 29.3  21 31 28.2818 -14 57 03.772   56   24 19.2 C  BC 874
 2007 08 23 04 53 33.1  21 31 28.2696 -14 57 03.850   56   24 19.1 C  BC 874
 2007 08 23 05 02 42.9  21 31 28.2241 -14 57 03.985   56   24 18.7 C  BC 874
 2007 08 23 05 05 46.3  21 31 28.2219 -14 57 04.053   56   24 19.1 C  BC 874
 2007 08 23 05 11 51.5  21 31 28.1958 -14 57 04.207   56   24 19.1 C  BC 874
 2007 08 23 05 14 55.0  21 31 28.1774 -14 57 04.258   56   24 19.2 C  BC 874
 2007 08 23 05 17 57.5  21 31 28.1631 -14 57 04.340   56   24 19.2 C  BC 874
 2007 08 23 05 21 01.0  21 31 28.1420 -14 57 04.453   56   24 19.2 C  BC 874
 2007 08 23 05 24 04.5  21 31 28.1354 -14 57 04.489   56   24 19.2 C  BC 874
 2007 08 23 05 30 10.6  21 31 28.1072 -14 57 04.593   56   24 19.2 C  BC 874
 2007 08 24 04 24 32.4  21 31 22.1277 -14 57 34.091   68   52 18.2 C  BC 874
 2007 08 24 04 58 10.8  21 31 21.9746 -14 57 34.882   68   52 19.0 C  BC 874
 2007 08 24 05 01 14.1  21 31 21.9656 -14 57 34.942   68   52 19.0 C  BC 874
 2007 08 24 05 07 20.8  21 31 21.9306 -14 57 35.129   68   52 18.7 C  BC 874
 2007 08 24 05 22 35.6  21 31 21.8613 -14 57 35.336   68   52 19.0 C  BC 874
 2007 08 25 03 59 08.0  21 31 16.0099 -14 58 04.278   40   26 17.4 C  BC 874
 2007 08 25 04 05 14.4  21 31 15.9804 -14 58 04.470   40   26 19.4 C  BC 874
 2007 08 25 04 20 28.6  21 31 15.9141 -14 58 04.737   40   26 18.8 C  BC 874
 2007 08 25 04 23 31.8  21 31 15.9013 -14 58 04.852   40   26 18.7 C  BC 874
 2007 08 25 04 26 35.0  21 31 15.8905 -14 58 04.891   40   26 19.3 C  BC 874
 2007 08 25 04 35 45.1  21 31 15.8420 -14 58 05.079   40   26 19.5 C  BC 874
 2007 09 14 02 22 05.0  21 29 19.9030 -15 07 33.889   26   30 19.4 C  BC 874
 2007 09 14 02 26 58.2  21 29 19.8807 -15 07 33.905   26   30 19.5 C  BC 874
 2007 09 14 02 30 24.7  21 29 19.8732 -15 07 34.004   26   30 19.5 C  BC 874
 2007 09 14 02 32 07.9  21 29 19.8645 -15 07 34.024   26   30 19.8 C  BC 874
 2007 09 14 02 33 50.2  21 29 19.8571 -15 07 34.090   26   30 19.5 C  BC 874
 2007 09 14 02 35 33.4  21 29 19.8518 -15 07 34.138   26   30 19.4 C  BC 874
 2007 09 14 02 38 08.1  21 29 19.8420 -15 07 34.101   26   30 19.4 C  BC 874
 2007 09 14 02 41 34.5  21 29 19.8310 -15 07 34.231   26   30 19.5 C  BC 874
 2007 09 14 02 43 17.7  21 29 19.8213 -15 07 34.229   26   30 19.5 C  BC 874
 2007 09 14 02 45 00.9  21 29 19.8131 -15 07 34.236   26   30 19.8 C  BC 874
 2007 09 14 02 46 43.2  21 29 19.8100 -15 07 34.246   26   30 19.4 C  BC 874
 2007 09 14 02 48 26.4  21 29 19.8008 -15 07 34.337   26   30 19.3 C  BC 874
 2007 09 14 02 51 49.3  21 29 19.7897 -15 07 34.403   26   30 19.6 C  BC 874
 2007 09 14 02 55 15.7  21 29 19.7769 -15 07 34.442   26   30 19.0 C  BC 874
 2007 09 14 02 58 41.3  21 29 19.7616 -15 07 34.546   26   30 19.4 C  BC 874
 2007 09 15 01 40 14.2  21 29 14.8195 -15 07 58.627   24    9 19.9 C  BC 874
 2007 09 15 01 43 33.1  21 29 14.8098 -15 07 58.708   24    9 19.2 C  BC 874
 2007 09 15 01 47 14.5  21 29 14.7966 -15 07 58.750   24    9 19.5 C  BC 874
 2007 09 15 01 48 58.0  21 29 14.7915 -15 07 58.797   24    9 19.4 C  BC 874
 2007 09 15 01 52 24.9  21 29 14.7804 -15 07 58.868   24    9 19.5 C  BC 874
 2007 09 15 01 54 09.2  21 29 14.7724 -15 07 58.888   24    9 19.4 C  BC 874
 2007 09 15 01 57 35.3  21 29 14.7581 -15 07 58.954   24    9 19.5 C  BC 874
 2007 09 15 01 59 18.8  21 29 14.7522 -15 07 58.978   24    9 19.2 C  BC 874
 2007 09 15 02 06 11.0  21 29 14.7292 -15 07 59.103   24    9 19.4 C  BC 874
 2007 09 15 02 07 55.3  21 29 14.7194 -15 07 59.135   24    9 18.4 C  BC 874
 2007 09 15 02 09 38.7  21 29 14.7105 -15 07 59.147   24    9 19.9 C  BC 874
 2007 09 15 02 13 04.8  21 29 14.7008 -15 07 59.211   24    9 19.3 C  BC 874
 2007 09 15 02 14 47.5  21 29 14.6936 -15 07 59.258   24    9 19.5 C  BC 874
 2007 09 15 02 16 30.9  21 29 14.6879 -15 07 59.279   24    9 19.6 C  BC 874
 2007 09 15 02 18 14.3  21 29 14.6811 -15 07 59.299   24    9 19.5 C  BC 874
 2007 09 15 02 28 33.5  21 29 14.6446 -15 07 59.496   24    9 19.5 C  BC 874
 2007 09 16 02 13 00.2  21 29 09.5423 -15 08 24.426   24   22 19.5 C  BC 874
 2007 09 16 02 20 11.3  21 29 09.5148 -15 08 24.521   24   22 19.4 C  BC 874
 2007 09 16 02 27 54.3  21 29 09.4850 -15 08 24.657   24   22 19.4 C  BC 874
 2007 09 16 02 29 37.8  21 29 09.4783 -15 08 24.655   24   22 19.3 C  BC 874
 2007 09 16 02 31 21.3  21 29 09.4730 -15 08 24.739   24   22 19.7 C  BC 874
 2007 09 16 02 36 31.7  21 29 09.4521 -15 08 24.804   24   22 19.5 C  BC 874
 2007 09 16 02 39 58.7  21 29 09.4394 -15 08 24.847   24   22 19.2 C  BC 874
 2007 09 16 02 46 52.6  21 29 09.4164 -15 08 24.940   24   22 19.8 C  BC 874
 2007 09 16 02 48 36.1  21 29 09.4118 -15 08 24.996   24   22 19.5 C  BC 874
 2007 09 16 02 52 03.0  21 29 09.3997 -15 08 25.074   24   22 19.2 C  BC 874
 2007 09 16 02 53 45.6  21 29 09.3908 -15 08 25.137   24   22 19.5 C  BC 874
 2007 09 16 02 57 13.4  21 29 09.3779 -15 08 25.157   24   22 19.5 C  BC 874
 2007 09 16 02 58 07.6  21 29 09.3785 -15 08 25.183   24   22 19.5 C  BC 874
 2007 09 17 02 08 48.4  21 29 04.4713 -15 08 49.112   48   30 19.3 C  BC 874
 2007 09 17 02 12 32.1  21 29 04.4559 -15 08 49.178   48   30 19.5 C  BC 874
 2007 09 17 02 14 17.1  21 29 04.4498 -15 08 49.214   48   30 19.4 C  BC 874
 2007 09 17 02 16 01.3  21 29 04.4433 -15 08 49.193   48   30 18.1 C  BC 874
 2007 09 17 02 17 44.8  21 29 04.4452 -15 08 49.321   48   30 19.3 C  BC 874
 2007 09 17 02 21 11.7  21 29 04.4289 -15 08 49.346   48   30 19.1 C  BC 874
 2007 09 17 02 22 55.2  21 29 04.4270 -15 08 49.375   48   30 19.7 C  BC 874
 2007 09 17 02 24 38.7  21 29 04.4153 -15 08 49.412   48   30 19.4 C  BC 874
 2007 09 17 02 31 31.4  21 29 04.3978 -15 08 49.452   48   30 19.5 C  BC 874
 2007 09 17 02 33 14.9  21 29 04.3899 -15 08 49.533   48   30 19.5 C  BC 874
 2007 09 17 02 36 08.4  21 29 04.3721 -15 08 49.551   48   30 19.6 C  BC 874
 2007 09 17 02 37 51.9  21 29 04.3740 -15 08 49.616   48   30 19.6 C  BC 874
 2007 09 17 02 39 08.4  21 29 04.3665 -15 08 49.598   48   30 19.7 C  BC 874
 2007 09 17 02 40 51.9  21 29 04.3599 -15 08 49.639   48   30 17.6 C  BC 874
 2007 09 17 02 42 35.4  21 29 04.3505 -15 08 49.692   48   30 19.4 C  BC 874
 2007 09 17 02 44 18.7  21 29 04.3462 -15 08 49.723   48   30 19.6 C  BC 874
 2007 09 17 02 51 12.2  21 29 04.3225 -15 08 49.886   48   30 19.5 C  BC 874
 2007 09 17 02 54 39.2  21 29 04.3080 -15 08 49.851   48   30 19.5 C  BC 874
 2007 09 17 02 56 21.8  21 29 04.2995 -15 08 49.960   48   30 19.4 C  BC 874
 2007 09 17 02 58 05.3  21 29 04.3006 -15 08 49.934   48   30 18.8 C  BC 874
 2008 08 12 03 31 12.6  21 41 31.6121 -14 11 37.509   44   44 19.3 I  BC 874
 2008 08 12 03 40 13.0  21 41 31.5750 -14 11 37.687   44   44 19.0 I  BC 874
 2008 08 12 03 44 18.8  21 41 31.5506 -14 11 37.907   44   44 19.0 I  BC 874
 2008 08 12 03 48 26.2  21 41 31.5375 -14 11 37.936   44   44 19.4 I  BC 874
 2008 08 12 03 50 29.0  21 41 31.5292 -14 11 37.959   44   44 19.2 I  BC 874
 2008 08 12 03 58 41.2  21 41 31.4972 -14 11 38.185   44   44 18.6 I  BC 874
 2008 08 12 04 02 46.9  21 41 31.4692 -14 11 38.230   44   44 19.0 I  BC 874
 2008 08 12 04 06 22.8  21 41 31.4601 -14 11 38.387   44   44 17.6 I  BC 874
 2008 08 12 04 12 33.0  21 41 31.4304 -14 11 38.526   44   44 19.2 I  BC 874
 2008 08 12 04 14 35.9  21 41 31.4178 -14 11 38.562   44   44 19.1 I  BC 874
 2008 08 12 04 20 45.3  21 41 31.3939 -14 11 38.635   44   44 19.2 I  BC 874
 2008 08 12 04 26 53.8  21 41 31.3644 -14 11 38.748   44   44 19.4 I  BC 874
 2009 07 22 03 46 33.3  21 52 32.4285 -13 19 03.951   30   31 19.3 C  BC 874
 2009 07 22 03 51 36.3  21 52 32.4101 -13 19 04.047   30   31 19.3 C  BC 874
 2009 07 22 03 55 13.2  21 52 32.3948 -13 19 04.097   30   31 19.4 C  BC 874
 2009 07 22 03 58 36.2  21 52 32.3787 -13 19 04.179   30   31 19.4 C  BC 874
 2009 07 22 04 02 01.0  21 52 32.3635 -13 19 04.182   30   31 19.4 C  BC 874
 2009 07 22 04 07 08.7  21 52 32.3453 -13 19 04.344   30   31 19.2 C  BC 874
 2009 07 22 04 12 14.8  21 52 32.3297 -13 19 04.476   30   31 19.5 C  BC 874
 2009 07 22 04 14 48.3  21 52 32.3202 -13 19 04.479   30   31 19.1 C  BC 874
 2009 07 22 04 19 55.2  21 52 32.2995 -13 19 04.628   30   31 19.5 C  BC 874
 2009 07 22 04 22 28.6  21 52 32.2878 -13 19 04.683   30   31 19.4 C  BC 874
 2009 07 22 04 27 35.6  21 52 32.2689 -13 19 04.778   30   31 19.3 C  BC 874
 2009 07 22 04 30 09.0  21 52 32.2594 -13 19 04.786   30   31 19.4 C  BC 874
 2009 07 22 04 32 42.5  21 52 32.2532 -13 19 04.833   30   31 19.7 C  BC 874
 2009 07 22 04 35 16.0  21 52 32.2401 -13 19 04.856   30   31 19.7 C  BC 874
 2010 07 05 07 04 30.0  22 02 40.2382 -12 29 02.838   25   28 19.3 C  BC 874
 2010 07 05 07 05 31.0  22 02 40.2343 -12 29 02.833   25   28 19.2 C  BC 874
 2010 07 05 07 07 35.0  22 02 40.2260 -12 29 02.838   25   28 19.2 C  BC 874
 2010 07 05 07 08 37.0  22 02 40.2235 -12 29 02.905   25   28 19.0 C  BC 874
 2010 07 05 07 10 41.0  22 02 40.2196 -12 29 02.892   25   28 18.9 C  BC 874
 2010 07 05 07 11 43.0  22 02 40.2177 -12 29 02.894   25   28 19.1 C  BC 874
 2010 07 05 07 12 45.0  22 02 40.2122 -12 29 02.924   25   28 19.2 C  BC 874
 2010 07 05 07 13 47.0  22 02 40.2128 -12 29 02.999   25   28 19.2 C  BC 874
 2010 07 05 07 17 54.0  22 02 40.1981 -12 29 03.062   25   28 19.3 C  BC 874
 2010 07 05 07 18 56.0  22 02 40.1948 -12 29 03.026   25   28 19.2 C  BC 874
 2010 07 05 07 19 58.0  22 02 40.1934 -12 29 03.056   25   28 19.1 C  BC 874
 2010 07 05 07 21 00.0  22 02 40.1906 -12 29 03.070   25   28 19.2 C  BC 874
 2010 07 05 07 22 02.0  22 02 40.1857 -12 29 03.053   25   28 19.1 C  BC 874
 2010 07 05 07 25 08.0  22 02 40.1817 -12 29 03.138   25   28 19.3 C  BC 874
 2010 07 05 07 26 09.0  22 02 40.1793 -12 29 03.108   25   28 19.4 C  BC 874
 2010 07 05 07 29 15.0  22 02 40.1659 -12 29 03.228   25   28 19.1 C  BC 874
 2010 07 05 07 30 17.0  22 02 40.1644 -12 29 03.166   25   28 19.3 C  BC 874
 2010 07 05 07 31 19.0  22 02 40.1619 -12 29 03.254   25   28 19.2 C  BC 874
 2010 07 06 06 52 33.0  22 02 36.4295 -12 29 24.697   34   24 18.8 C  BC 874
 2010 07 06 06 56 10.0  22 02 36.4221 -12 29 24.738   34   24 19.2 C  BC 874
 2010 07 06 06 59 16.0  22 02 36.4101 -12 29 24.778   34   24 19.2 C  BC 874
 2010 07 06 07 00 18.0  22 02 36.4077 -12 29 24.788   34   24 19.3 C  BC 874
 2010 07 06 07 01 20.0  22 02 36.4101 -12 29 24.790   34   24 19.2 C  BC 874
 2010 07 06 07 03 25.0  22 02 36.4026 -12 29 24.828   34   24 17.9 C  BC 874
 2010 07 06 07 04 27.0  22 02 36.3981 -12 29 24.806   34   24 19.2 C  BC 874
 2010 07 06 07 05 29.0  22 02 36.3968 -12 29 24.830   34   24 19.1 C  BC 874
 2010 07 06 07 06 31.0  22 02 36.3894 -12 29 24.919   34   24 19.0 C  BC 874
 2010 07 06 07 08 35.0  22 02 36.3897 -12 29 24.915   34   24 19.3 C  BC 874
 2010 07 06 07 10 39.0  22 02 36.3816 -12 29 24.919   34   24 19.2 C  BC 874
 2010 07 06 07 11 41.0  22 02 36.3808 -12 29 24.969   34   24 19.0 C  BC 874
 2010 07 06 07 12 43.0  22 02 36.3799 -12 29 25.007   34   24 19.0 C  BC 874
 2010 07 06 07 13 46.0  22 02 36.3728 -12 29 24.997   34   24 19.0 C  BC 874
 2010 07 07 06 53 06.0  22 02 32.5004 -12 29 47.257   45   36 19.2 C  BC 874
 2010 07 07 06 55 58.0  22 02 32.4935 -12 29 47.283   45   36 19.2 C  BC 874
 2010 07 07 06 57 00.0  22 02 32.4895 -12 29 47.311   45   36 19.2 C  BC 874
 2010 07 07 06 58 02.0  22 02 32.4881 -12 29 47.263   45   36 19.1 C  BC 874
 2010 07 07 07 00 05.0  22 02 32.4857 -12 29 47.408   45   36 19.1 C  BC 874
 2010 07 07 07 04 13.0  22 02 32.4772 -12 29 47.387   45   36 19.2 C  BC 874
 2010 07 07 07 08 20.0  22 02 32.4602 -12 29 47.515   45   36 19.3 C  BC 874
 2010 07 07 07 10 24.0  22 02 32.4508 -12 29 47.521   45   36 19.2 C  BC 874
 2010 07 07 07 13 30.0  22 02 32.4489 -12 29 47.599   45   36 19.3 C  BC 874
 2010 07 07 07 14 32.0  22 02 32.4397 -12 29 47.542   45   36 19.2 C  BC 874
 2011 08 19 03 42 36.0  22 07 30.4723 -12 07 43.921   61   50 18.5 I  BC 874
 2011 08 19 03 43 58.0  22 07 30.4612 -12 07 43.992   61   50 18.9 I  BC 874
 2011 08 19 03 45 20.0  22 07 30.4641 -12 07 44.012   61   50 18.4 I  BC 874
 2011 08 19 03 46 41.0  22 07 30.4544 -12 07 44.091   61   50 18.3 I  BC 874
 2011 08 19 03 48 03.0  22 07 30.4561 -12 07 44.143   61   50 18.9 I  BC 874
 2011 08 19 03 49 25.0  22 07 30.4453 -12 07 44.186   61   50 18.7 I  BC 874
 2011 08 19 03 50 47.0  22 07 30.4372 -12 07 44.195   61   50 18.7 I  BC 874
 2011 08 19 03 52 09.0  22 07 30.4340 -12 07 44.194   61   50 18.8 I  BC 874
 2011 08 19 03 53 30.0  22 07 30.4237 -12 07 44.188   61   50 18.6 I  BC 874
 2011 08 19 03 54 52.0  22 07 30.4151 -12 07 44.242   61   50 17.7 I  BC 874
 2011 08 19 03 57 36.0  22 07 30.4027 -12 07 44.373   61   50 18.7 I  BC 874
 2011 08 19 04 00 19.0  22 07 30.3872 -12 07 44.362   61   50 18.8 I  BC 874
 2011 08 19 04 01 41.0  22 07 30.3903 -12 07 44.366   61   50 18.6 I  BC 874
 2011 08 19 04 03 03.0  22 07 30.3825 -12 07 44.437   61   50 18.8 I  BC 874
 2011 08 19 04 04 25.0  22 07 30.3721 -12 07 44.511   61   50 18.6 I  BC 874
 2011 08 19 04 05 47.0  22 07 30.3780 -12 07 44.511   61   50 18.6 I  BC 874
 2011 08 19 04 07 08.0  22 07 30.3662 -12 07 44.484   61   50 18.6 I  BC 874
 2011 08 19 04 08 30.0  22 07 30.3514 -12 07 44.652   61   50 19.0 I  BC 874
 2011 08 19 04 13 39.0  22 07 30.3347 -12 07 44.701   61   50 18.7 I  BC 874
 2011 08 19 04 15 00.0  22 07 30.3284 -12 07 44.784   61   50 18.6 I  BC 874
 2011 08 19 04 17 44.0  22 07 30.3145 -12 07 44.737   61   50 18.8 I  BC 874
 2011 08 19 04 19 06.0  22 07 30.3120 -12 07 44.848   61   50 18.7 I  BC 874
 2011 08 19 04 20 28.0  22 07 30.3038 -12 07 44.977   61   50 18.7 I  BC 874
 2011 08 19 04 23 11.0  22 07 30.2926 -12 07 44.963   61   50 18.9 I  BC 874
 2011 08 19 04 24 33.0  22 07 30.2888 -12 07 45.031   61   50 18.7 I  BC 874
 2011 08 19 04 25 55.0  22 07 30.2769 -12 07 45.093   61   50 18.7 I  BC 874
 2011 08 19 04 27 17.0  22 07 30.2822 -12 07 45.014   61   50 18.8 I  BC 874
 2011 08 19 04 28 38.0  22 07 30.2712 -12 07 45.131   61   50 18.7 I  BC 874
 2011 08 19 04 31 22.0  22 07 30.2632 -12 07 45.152   61   50 19.0 I  BC 874
 2011 08 19 04 32 44.0  22 07 30.2567 -12 07 45.251   61   50 18.8 I  BC 874
 2011 08 19 04 35 27.0  22 07 30.2407 -12 07 45.173   61   50 18.8 I  BC 874
 2011 08 19 04 36 49.0  22 07 30.2336 -12 07 45.321   61   50 18.9 I  BC 874
 2011 08 19 04 38 11.0  22 07 30.2318 -12 07 45.278   61   50 18.7 I  BC 874
 2011 08 19 04 47 40.0  22 07 30.1868 -12 07 45.614   61   50 18.3 I  BC 874
 2011 08 19 04 49 02.0  22 07 30.1801 -12 07 45.547   61   50 18.7 I  BC 874
 2011 08 19 04 50 24.0  22 07 30.1684 -12 07 45.620   61   50 18.6 I  BC 874
 2011 08 19 04 51 45.0  22 07 30.1709 -12 07 45.601   61   50 18.8 I  BC 874
 2011 08 19 04 53 07.0  22 07 30.1668 -12 07 45.589   61   50 18.7 I  BC 874
 2011 08 19 04 55 51.0  22 07 30.1424 -12 07 45.819   61   50 18.6 I  BC 874
 2011 08 19 04 58 34.0  22 07 30.1447 -12 07 45.793   61   50 18.5 I  BC 874
 2011 08 19 05 06 45.0  22 07 30.1009 -12 07 45.905   61   50 18.7 I  BC 874
 2011 08 19 05 09 29.0  22 07 30.0961 -12 07 46.071   61   50 18.8 I  BC 874
 2011 08 19 05 10 51.0  22 07 30.0783 -12 07 46.043   61   50 18.8 I  BC 874
 2011 09 27 02 07 37.0  22 03 42.1999 -12 28 46.880   62   61 19.3 C  BC 874
 2011 09 27 02 08 59.0  22 03 42.1893 -12 28 46.976   62   61 18.9 C  BC 874
 2011 09 27 02 13 05.0  22 03 42.1786 -12 28 47.112   62   61 19.5 C  BC 874
 2011 09 27 02 17 11.0  22 03 42.1624 -12 28 47.219   62   61 19.2 C  BC 874
 2011 09 27 02 19 55.0  22 03 42.1628 -12 28 47.230   62   61 17.5 C  BC 874
 2011 09 27 02 21 17.0  22 03 42.1465 -12 28 47.216   62   61 17.6 C  BC 874
 2011 09 27 02 25 23.0  22 03 42.1393 -12 28 47.219   62   61 19.1 C  BC 874
 2012 10 19 01 03 10.8  22 10 54.1444 -11 53 27.871   61   70 19.5 un BC 874
 2012 10 19 01 17 47.6  22 10 54.1067 -11 53 28.019   61   70 19.4 un BC 874
 2012 10 19 01 27 02.4  22 10 54.0877 -11 53 28.076   61   70 19.0 un BC 874
 2012 10 19 01 30 07.4  22 10 54.0760 -11 53 28.080   61   70 17.8 un BC 874
 2012 10 19 01 33 12.3  22 10 54.0669 -11 53 28.281   61   70 19.5 un BC 874
 2012 10 19 01 39 40.6  22 10 54.0592 -11 53 28.134   61   70 18.0 un BC 874
 2012 10 19 01 42 45.5  22 10 54.0532 -11 53 28.202   61   70 19.5 un BC 874
 2012 10 19 01 45 50.4  22 10 54.0424 -11 53 28.380   61   70 19.7 un BC 874
 2012 10 19 01 58 10.0  22 10 54.0229 -11 53 28.456   61   70 19.1 un BC 874
 2012 10 20 00 21 00.7  22 10 51.3180 -11 53 43.064   76   77 19.1 un BC 874
 2012 10 20 00 25 58.5  22 10 51.3133 -11 53 43.326   76   77 19.4 un BC 874
 2012 10 20 00 28 56.3  22 10 51.3019 -11 53 43.206   76   77 17.8 un BC 874
 2012 10 20 00 30 01.3  22 10 51.3004 -11 53 43.192   76   77 19.5 un BC 874
 2012 10 20 00 31 06.3  22 10 51.3009 -11 53 43.342   76   77 19.5 un BC 874
 2012 10 20 00 32 11.4  22 10 51.3094 -11 53 43.375   76   77 19.9 un BC 874
 2012 10 20 00 33 17.3  22 10 51.3043 -11 53 43.237   76   77 17.8 un BC 874
 2012 10 20 00 34 24.3  22 10 51.3051 -11 53 43.324   76   77 19.8 un BC 874
 2012 10 20 00 37 39.3  22 10 51.2940 -11 53 43.464   76   77 19.5 un BC 874
 2012 10 20 00 38 44.2  22 10 51.2912 -11 53 43.285   76   77 19.9 un BC 874
 2012 10 20 00 39 49.1  22 10 51.2892 -11 53 43.349   76   77 19.1 un BC 874
 2012 10 20 00 40 54.0  22 10 51.2879 -11 53 43.388   76   77 17.6 un BC 874
 2012 10 20 00 41 58.9  22 10 51.2803 -11 53 43.314   76   77 20.2 un BC 874
