 1996 06 22 03 19 10.0  19 09 32.3569 -23 35 13.116   63   48 18.6 C  PE 874
 1996 06 22 03 24 29.0  19 09 32.2345 -23 35 13.203   63   48 17.5 C  PE 874
 1996 06 22 03 29 12.0  19 09 32.1379 -23 35 13.303   63   48 17.9 C  PE 874
 1996 06 22 03 33 55.0  19 09 32.0425 -23 35 13.522   63   48 18.5 C  PE 874
 1996 07 25 01 54 03.8  18 52 35.3609 -23 51 38.759   98  111 18.4 un PE 874
 1996 07 25 01 56 49.1  18 52 35.2885 -23 51 38.572   98  111 20.2 un PE 874
 1996 07 25 01 57 40.3  18 52 35.2721 -23 51 38.714   98  111 18.5 un PE 874
 1996 07 25 01 59 23.6  18 52 35.2382 -23 51 38.561   98  111 18.4 un PE 874
 1996 07 25 02 00 14.8  18 52 35.2207 -23 51 38.571   98  111 18.2 un PE 874
 1996 10 01 22 21 05.0  18 46 41.7754 -23 26 38.328   60    8 20.1 C  PE 874
 1996 10 01 23 10 11.0  18 46 42.4578 -23 26 36.550   60    8 19.8 C  PE 874
 1996 10 01 23 12 21.0  18 46 42.4926 -23 26 36.467   60    8 20.0 C  PE 874
 1998 09 03 03 35 54.0  23 41 03.7197 -03 14 25.463   30    6 18.4 C  PE 874
 1998 09 03 03 40 40.0  23 41 03.6083 -03 14 26.081   30    6 17.4 C  PE 874
 1998 09 03 03 45 26.0  23 41 03.4981 -03 14 26.696   30    6 18.2 C  PE 874
 2008 07 09 06 56 06.6  19 21 20.9837 -22 50 36.341   26   10 18.6 I  PE 874
 2008 07 09 07 00 42.9  19 21 20.8851 -22 50 36.454   26   10 18.6 I  PE 874
 2008 07 09 07 05 20.5  19 21 20.7784 -22 50 36.536   26   10 18.7 I  PE 874
 2008 07 09 07 09 56.1  19 21 20.6791 -22 50 36.659   26   10 18.6 I  PE 874
 2008 07 09 07 14 30.9  19 21 20.5744 -22 50 36.772   26   10 18.6 I  PE 874
 2008 09 24 01 14 37.9  19 02 06.8329 -22 48 00.815   53   36 19.7 I  PE 874
 2008 09 24 01 23 11.6  19 02 06.8968 -22 48 00.589   53   36 20.0 I  PE 874
 2008 09 24 01 31 06.4  19 02 06.9577 -22 48 00.386   53   36 19.9 I  PE 874
 2008 09 24 01 39 01.3  19 02 07.0290 -22 48 00.118   53   36 19.8 I  PE 874
 2010 06 19 07 00 13.0  00 10 01.1765 +00 06 59.597   83   65 18.0 R  PE 874
 2010 06 19 07 01 55.0  00 10 01.2003 +00 06 59.877   83   65 19.0 R  PE 874
 2010 06 19 07 03 36.0  00 10 01.2216 +00 06 59.961   83   65 18.0 R  PE 874
 2010 06 19 07 07 00.0  00 10 01.2677 +00 07 00.284   83   65 19.0 R  PE 874
 2010 06 19 07 08 42.0  00 10 01.2878 +00 07 00.492   83   65 17.6 R  PE 874
 2010 06 19 07 10 24.0  00 10 01.3104 +00 07 00.700   83   65 18.8 R  PE 874
 2010 06 19 07 12 06.0  00 10 01.3365 +00 07 00.845   83   65 19.1 R  PE 874
 2010 06 19 07 13 48.0  00 10 01.3620 +00 07 01.055   83   65 19.1 R  PE 874
 2010 06 19 07 17 12.0  00 10 01.4031 +00 07 01.275   83   65 17.6 R  PE 874
 2010 06 19 07 20 36.0  00 10 01.4497 +00 07 01.667   83   65 18.9 R  PE 874
 2010 06 19 07 24 00.0  00 10 01.4835 +00 07 01.938   83   65 19.1 R  PE 874
 2010 06 19 07 30 47.0  00 10 01.5820 +00 07 02.639   83   65 19.0 R  PE 874
 2010 06 19 07 32 29.0  00 10 01.5935 +00 07 02.746   83   65 19.0 R  PE 874
 2010 06 19 07 50 07.0  00 10 01.8428 +00 07 04.595   83   65 18.4 R  PE 874
 2010 06 19 07 59 13.0  00 10 01.9507 +00 07 05.444   83   65 18.5 R  PE 874
 2010 06 19 08 02 15.0  00 10 01.9937 +00 07 05.761   83   65 18.5 R  PE 874
 2010 06 19 08 05 17.0  00 10 02.0324 +00 07 06.127   83   65 17.9 R  PE 874
 2010 06 19 08 08 19.0  00 10 02.0738 +00 07 06.369   83   65 18.6 R  PE 874
 2010 06 19 08 11 21.0  00 10 02.1064 +00 07 06.599   83   65 18.0 R  PE 874
 2010 06 19 08 14 23.0  00 10 02.1518 +00 07 06.940   83   65 18.7 R  PE 874
 2010 06 19 08 17 25.0  00 10 02.1934 +00 07 07.199   83   65 18.5 R  PE 874
 2010 06 19 08 26 21.0  00 10 02.3075 +00 07 08.087   83   65 18.5 R  PE 874
 2010 06 19 08 29 23.0  00 10 02.3445 +00 07 08.402   83   65 17.8 R  PE 874
 2010 06 19 08 32 25.0  00 10 02.3786 +00 07 08.626   83   65 18.6 R  PE 874
 2010 06 19 08 35 27.0  00 10 02.4193 +00 07 08.919   83   65 18.4 R  PE 874
 2010 06 19 08 38 29.0  00 10 02.4609 +00 07 09.245   83   65 18.3 R  PE 874
 2010 06 19 08 41 31.0  00 10 02.4959 +00 07 09.495   83   65 18.1 R  PE 874
 2010 06 19 08 44 33.0  00 10 02.5365 +00 07 09.839   83   65 17.0 R  PE 874
