 1998 08 11 23 07 50.9  23 54 25.2334 -01 48 44.024   46   34 14.9 R  OH 511
 1998 08 11 23 13 16.0  23 54 25.1527 -01 48 44.350   46   34 14.8 R  OH 511
 1998 08 11 23 16 06.8  23 54 25.1216 -01 48 44.651   46   34 14.8 R  OH 511
 1998 08 11 23 20 20.7  23 54 25.0547 -01 48 44.880   46   34 14.8 R  OH 511
 1998 08 11 23 24 45.8  23 54 24.9982 -01 48 45.257   46   34 14.9 R  OH 511
 1998 08 11 23 28 24.0  23 54 24.9493 -01 48 45.457   46   34 14.9 R  OH 511
 1998 08 11 23 32 52.9  23 54 24.8851 -01 48 45.753   46   34 14.9 R  OH 511
 1998 08 11 23 35 54.0  23 54 24.8444 -01 48 45.959   46   34 15.2 I  OH 511
 1998 08 11 23 39 28.3  23 54 24.7993 -01 48 46.215   46   34 14.7 V  OH 511
 1998 08 11 23 42 41.9  23 54 24.7537 -01 48 46.471   46   34 15.1 I  OH 511
 1998 08 11 23 46 28.5  23 54 24.6958 -01 48 46.660   46   34 15.0 R  OH 511
 1998 08 12 23 27 28.3  23 54 05.2419 -01 50 27.680   26   37 15.0 R  OH 511
 1998 08 12 23 49 55.2  23 54 04.9232 -01 50 29.384   26   37 15.0 R  OH 511
 1998 08 12 23 56 30.6  23 54 04.8254 -01 50 29.801   26   37 15.0 R  OH 511
 1998 08 13 00 02 31.3  23 54 04.7406 -01 50 30.308   26   37 15.0 R  OH 511
 1998 08 13 00 05 53.7  23 54 04.6946 -01 50 30.529   26   37 15.0 R  OH 511
 1998 08 13 00 09 15.7  23 54 04.6460 -01 50 30.810   26   37 15.0 R  OH 511
 1998 08 13 00 12 37.9  23 54 04.5948 -01 50 31.023   26   37 15.0 R  OH 511
 1998 08 13 00 19 22.5  23 54 04.4978 -01 50 31.556   26   37 15.0 R  OH 511
 1998 08 13 00 22 45.5  23 54 04.4535 -01 50 31.823   26   37 15.0 R  OH 511
 1998 08 13 00 26 08.0  23 54 04.3999 -01 50 32.025   26   37 15.0 R  OH 511
 1998 08 13 00 29 30.1  23 54 04.3546 -01 50 32.342   26   37 15.1 R  OH 511
 1998 08 13 00 32 53.1  23 54 04.3054 -01 50 32.532   26   37 15.0 R  OH 511
 1998 08 13 00 36 15.5  23 54 04.2591 -01 50 32.765   26   37 15.0 R  OH 511
 1998 08 13 00 39 37.4  23 54 04.2089 -01 50 33.028   26   37 15.1 R  OH 511
 1998 08 13 00 43 00.1  23 54 04.1609 -01 50 33.318   26   37 15.1 R  OH 511
 1998 08 13 00 46 22.9  23 54 04.1121 -01 50 33.552   26   37 15.0 R  OH 511
 1998 08 13 00 49 45.6  23 54 04.0624 -01 50 33.833   26   37 15.0 R  OH 511
 1998 12 16 17 35 15.2  23 22 02.7322 -05 37 09.392   27   19 15.4 R  OH 511
 1998 12 16 17 45 20.9  23 22 02.9097 -05 37 08.425   27   19 15.5 R  OH 511
 1998 12 16 17 51 20.8  23 22 03.0116 -05 37 07.818   27   19 15.4 R  OH 511
 1998 12 16 17 54 43.1  23 22 03.0752 -05 37 07.442   27   19 15.3 R  OH 511
 1998 12 16 18 01 27.9  23 22 03.1939 -05 37 06.806   27   19 15.4 R  OH 511
 1998 12 16 18 04 50.9  23 22 03.2491 -05 37 06.468   27   19 15.5 R  OH 511
 1998 12 16 18 08 13.1  23 22 03.3099 -05 37 06.117   27   19 15.4 R  OH 511
 1998 12 16 18 11 35.9  23 22 03.3694 -05 37 05.764   27   19 15.5 R  OH 511
 1998 12 16 18 14 58.6  23 22 03.4311 -05 37 05.437   27   19 15.4 R  OH 511
 1998 12 16 18 18 20.6  23 22 03.4871 -05 37 05.122   27   19 15.4 R  OH 511
 1998 12 16 18 21 43.2  23 22 03.5472 -05 37 04.750   27   19 15.5 R  OH 511
 1999 10 09 01 49 28.5  01 58 38.5094 +09 57 21.857   19   11 14.5 R  OH 511
 1999 10 09 01 54 34.9  01 58 38.4206 +09 57 21.354   19   11 14.5 R  OH 511
 1999 10 09 01 56 57.2  01 58 38.3800 +09 57 21.149   19   11 14.6 R  OH 511
 1999 10 09 01 59 19.3  01 58 38.3364 +09 57 20.915   19   11 14.4 R  OH 511
 1999 10 09 02 04 04.1  01 58 38.2527 +09 57 20.462   19   11 14.5 R  OH 511
 1999 10 09 02 08 48.9  01 58 38.1707 +09 57 20.019   19   11 14.4 R  OH 511
 1999 10 09 02 11 10.7  01 58 38.1291 +09 57 19.796   19   11 14.5 R  OH 511
 1999 10 09 02 13 33.2  01 58 38.0834 +09 57 19.549   19   11 14.4 R  OH 511
 1999 10 09 02 15 55.1  01 58 38.0446 +09 57 19.356   19   11 14.4 R  OH 511
 1999 10 11 21 16 09.4  01 57 28.3962 +09 51 02.876   16   22 14.4 R  OH 511
 1999 10 11 21 20 12.1  01 57 28.3262 +09 51 02.487   16   22 14.4 R  OH 511
 1999 10 11 21 23 13.5  01 57 28.2700 +09 51 02.223   16   22 14.2 R  OH 511
 1999 10 11 21 31 32.3  01 57 28.1224 +09 51 01.468   16   22 14.2 R  OH 511
 1999 10 11 21 33 40.7  01 57 28.0847 +09 51 01.258   16   22 14.3 R  OH 511
 1999 10 11 21 36 02.8  01 57 28.0432 +09 51 01.012   16   22 14.2 R  OH 511
 1999 10 11 21 37 59.7  01 57 28.0088 +09 51 00.875   16   22 14.2 R  OH 511
 1999 10 11 21 39 51.9  01 57 27.9754 +09 51 00.725   16   22 14.2 R  OH 511
 1999 10 11 21 41 43.8  01 57 27.9428 +09 51 00.483   16   22 14.3 R  OH 511
 1999 12 03 19 00 10.4  01 38 59.2857 +08 53 00.574   14   14 15.1 R  OH 511
 1999 12 03 19 03 10.6  01 38 59.2643 +08 53 00.609   14   14 15.1 R  OH 511
 1999 12 03 19 08 11.8  01 38 59.2224 +08 53 00.670   14   14 15.1 R  OH 511
 1999 12 03 19 10 33.8  01 38 59.2037 +08 53 00.659   14   14 15.1 R  OH 511
 1999 12 03 19 12 56.6  01 38 59.1844 +08 53 00.710   14   14 15.1 R  OH 511
 1999 12 03 19 15 19.0  01 38 59.1669 +08 53 00.696   14   14 15.2 R  OH 511
 1999 12 03 19 17 41.3  01 38 59.1461 +08 53 00.726   14   14 15.1 R  OH 511
 1999 12 03 20 02 37.7  01 38 58.7920 +08 53 01.057   14   14 15.1 R  OH 511
 1999 12 03 20 05 01.3  01 38 58.7723 +08 53 01.066   14   14 15.0 R  OH 511
 1999 12 05 21 30 40.0  01 38 37.7313 +08 53 28.507   26   22 15.1 R  OH 511
 1999 12 05 21 33 07.5  01 38 37.7110 +08 53 28.542   26   22 15.1 R  OH 511
 1999 12 05 21 35 10.2  01 38 37.7008 +08 53 28.513   26   22 15.1 R  OH 511
 1999 12 05 21 37 32.7  01 38 37.6852 +08 53 28.547   26   22 15.1 R  OH 511
 1999 12 05 21 39 55.4  01 38 37.6674 +08 53 28.568   26   22 15.1 R  OH 511
 1999 12 05 21 42 18.0  01 38 37.6492 +08 53 28.598   26   22 15.1 R  OH 511
 1999 12 05 21 44 40.1  01 38 37.6318 +08 53 28.615   26   22 15.1 R  OH 511
 1999 12 06 20 39 08.2  01 38 28.7640 +08 53 45.311   13   12 14.8 R  OH 511
 1999 12 06 20 43 14.2  01 38 28.7372 +08 53 45.385   13   12 15.0 R  OH 511
 1999 12 06 20 48 38.8  01 38 28.6987 +08 53 45.444   13   12 14.9 R  OH 511
 1999 12 06 20 53 34.3  01 38 28.6661 +08 53 45.506   13   12 14.8 R  OH 511
 1999 12 06 20 57 39.5  01 38 28.6389 +08 53 45.552   13   12 14.8 R  OH 511
 1999 12 06 21 01 28.3  01 38 28.6118 +08 53 45.596   13   12 14.8 R  OH 511
 1999 12 06 21 04 44.4  01 38 28.5915 +08 53 45.634   13   12 14.8 R  OH 511
 1999 12 06 21 07 56.4  01 38 28.5697 +08 53 45.662   13   12 15.0 R  OH 511
 1999 12 06 21 11 12.9  01 38 28.5481 +08 53 45.715   13   12 14.7 R  OH 511
 1999 12 06 21 14 27.0  01 38 28.5256 +08 53 45.759   13   12 15.0 R  OH 511
 1999 12 06 21 16 28.9  01 38 28.5124 +08 53 45.808   13   12 14.8 R  OH 511
 1999 12 06 21 18 30.8  01 38 28.4998 +08 53 45.812   13   12 14.8 R  OH 511
 1999 12 06 21 22 43.0  01 38 28.4697 +08 53 45.855   13   12 15.0 R  OH 511
 1999 12 08 18 05 59.8  01 38 12.7670 +08 54 25.820   15   22 14.8 R  OH 511
 1999 12 08 18 09 57.6  01 38 12.7442 +08 54 25.863   15   22 14.8 R  OH 511
 1999 12 08 18 12 29.8  01 38 12.7297 +08 54 25.876   15   22 14.8 R  OH 511
 1999 12 08 18 15 01.9  01 38 12.7166 +08 54 25.967   15   22 14.8 R  OH 511
 1999 12 08 18 17 34.1  01 38 12.6994 +08 54 26.007   15   22 14.9 R  OH 511
 2000 11 10 00 39 55.3  04 30 56.2030 +21 20 55.345   19   10 14.8 R  OH 511
 2000 11 10 00 47 04.6  04 30 56.0307 +21 20 54.878   19   10 14.9 R  OH 511
 2000 11 10 00 53 56.7  04 30 55.8677 +21 20 54.425   19   10 14.8 R  OH 511
 2000 11 10 01 01 25.0  04 30 55.6906 +21 20 53.915   19   10 14.8 R  OH 511
 2000 11 10 01 06 06.9  04 30 55.5770 +21 20 53.575   19   10 14.8 R  OH 511
 2000 11 10 01 10 49.2  04 30 55.4688 +21 20 53.277   19   10 14.8 R  OH 511
 2000 11 10 01 15 31.1  04 30 55.3563 +21 20 52.961   19   10 14.7 R  OH 511
 2000 11 10 01 24 55.5  04 30 55.1302 +21 20 52.336   19   10 14.8 R  OH 511
 2000 11 20 00 15 35.7  04 24 56.7112 +21 03 05.027    8   14 14.3 R  OH 511
 2000 11 20 00 20 42.7  04 24 56.5740 +21 03 04.638    8   14 14.4 R  OH 511
 2000 11 20 00 28 42.7  04 24 56.3576 +21 03 03.977    8   14 14.6 R  OH 511
 2000 11 21 00 32 04.8  04 24 18.1012 +21 01 06.067   24   22 14.5 R  OH 511
 2000 11 21 00 34 39.6  04 24 18.0336 +21 01 05.825   24   22 14.4 R  OH 511
 2000 11 21 00 37 24.8  04 24 17.9614 +21 01 05.630   24   22 14.4 R  OH 511
 2000 11 21 00 41 26.7  04 24 17.8515 +21 01 05.243   24   22 14.4 R  OH 511
 2000 11 21 00 43 48.7  04 24 17.7869 +21 01 05.085   24   22 14.4 R  OH 511
 2000 11 21 00 46 11.3  04 24 17.7242 +21 01 04.881   24   22 14.4 R  OH 511
 2000 11 21 00 48 33.3  04 24 17.6550 +21 01 04.686   24   22 14.4 R  OH 511
 2000 11 21 00 56 20.4  04 24 17.4483 +21 01 04.064   24   22 14.4 R  OH 511
 2000 11 21 00 59 52.0  04 24 17.3513 +21 01 03.762   24   22 14.4 R  OH 511
 2000 11 21 01 04 20.5  04 24 17.2307 +21 01 03.363   24   22 14.4 R  OH 511
 2000 11 21 02 32 29.5  04 24 14.8426 +21 00 55.984   24   22 14.5 R  OH 511
 2000 11 21 03 08 05.7  04 24 13.8840 +21 00 52.998   24   22 14.5 R  OH 511
 2000 11 21 03 11 58.8  04 24 13.7792 +21 00 52.723   24   22 14.4 R  OH 511
 2000 11 21 03 19 09.7  04 24 13.5845 +21 00 52.055   24   22 14.4 R  OH 511
 2000 11 21 03 23 46.5  04 24 13.4629 +21 00 51.715   24   22 14.4 R  OH 511
 2000 11 24 22 33 04.5  04 21 46.2683 +20 53 10.370    6    5 14.5 R  OH 511
 2000 11 24 22 35 26.7  04 21 46.2026 +20 53 10.164    6    5 14.5 R  OH 511
 2000 11 24 22 37 49.3  04 21 46.1362 +20 53 09.957    6    5 14.5 R  OH 511
 2000 11 24 22 40 11.6  04 21 46.0720 +20 53 09.771    6    5 14.6 R  OH 511
 2000 11 24 22 42 33.5  04 21 46.0063 +20 53 09.560    6    5 14.5 R  OH 511
 2000 11 24 22 44 55.8  04 21 45.9398 +20 53 09.357    6    5 14.4 R  OH 511
 2000 11 24 22 47 17.9  04 21 45.8743 +20 53 09.155    6    5 14.5 R  OH 511
 2000 11 24 22 49 39.8  04 21 45.8087 +20 53 08.951    6    5 14.5 R  OH 511
 2001 11 18 03 02 47.2  07 02 43.4537 +22 09 40.502   50   30 15.1 R  OH 511
 2001 11 18 03 04 40.4  07 02 43.4281 +22 09 40.581   50   30 14.8 R  OH 511
 2001 11 18 03 08 19.0  07 02 43.3863 +22 09 40.672   50   30 14.0 R  OH 511
 2001 11 18 03 13 05.9  07 02 43.3407 +22 09 40.819   50   30 14.1 R  OH 511
 2001 11 20 02 44 25.1  07 02 11.9102 +22 11 29.183   15   18 15.0 R  OH 511
 2001 11 20 02 47 45.7  07 02 11.8677 +22 11 29.351   15   18 15.1 R  OH 511
 2001 11 20 02 50 09.1  07 02 11.8425 +22 11 29.443   15   18 15.0 R  OH 511
 2001 11 20 02 52 32.4  07 02 11.8146 +22 11 29.499   15   18 15.1 R  OH 511
 2001 11 20 02 54 55.4  07 02 11.7841 +22 11 29.636   15   18 15.1 R  OH 511
 2001 11 20 02 57 18.4  07 02 11.7569 +22 11 29.695   15   18 15.1 R  OH 511
 2001 11 20 02 59 43.6  07 02 11.7269 +22 11 29.833   15   18 15.0 R  OH 511
 2001 11 20 03 02 07.1  07 02 11.6980 +22 11 29.901   15   18 15.1 R  OH 511
 2001 11 20 03 04 30.6  07 02 11.6703 +22 11 29.986   15   18 15.0 R  OH 511
 2001 11 20 03 06 54.4  07 02 11.6419 +22 11 30.093   15   18 15.1 R  OH 511
 2001 11 22 23 30 00.8  07 01 22.3077 +22 14 21.254   19   34 15.1 R  OH 511
 2001 11 22 23 37 48.2  07 01 22.2060 +22 14 21.648   19   34 15.1 R  OH 511
 2001 11 22 23 41 41.0  07 01 22.1543 +22 14 21.850   19   34 15.1 R  OH 511
 2001 11 22 23 45 34.1  07 01 22.1044 +22 14 22.033   19   34 15.0 R  OH 511
 2001 11 22 23 49 26.8  07 01 22.0564 +22 14 22.202   19   34 15.1 R  OH 511
 2001 11 22 23 53 20.5  07 01 22.0047 +22 14 22.407   19   34 15.0 R  OH 511
 2001 11 23 00 01 06.3  07 01 21.9012 +22 14 22.774   19   34 15.1 R  OH 511
 2001 12 20 02 03 07.5  06 50 29.2903 +22 52 14.691    9   11 14.7 R  OH 511
 2001 12 20 02 11 39.9  06 50 29.1214 +22 52 15.261    9   11 14.6 R  OH 511
 2001 12 20 02 14 23.7  06 50 29.0668 +22 52 15.451    9   11 14.6 R  OH 511
 2001 12 20 02 17 07.2  06 50 29.0124 +22 52 15.626    9   11 14.6 R  OH 511
 2001 12 20 02 19 50.2  06 50 28.9573 +22 52 15.804    9   11 14.6 R  OH 511
 2001 12 20 02 22 33.8  06 50 28.9049 +22 52 15.970    9   11 14.6 R  OH 511
 2001 12 20 02 25 16.9  06 50 28.8506 +22 52 16.132    9   11 14.6 R  OH 511
 2001 12 20 02 28 00.1  06 50 28.7957 +22 52 16.324    9   11 14.6 R  OH 511
 2001 12 20 02 30 43.1  06 50 28.7421 +22 52 16.491    9   11 14.6 R  OH 511
 2001 12 21 21 11 35.5  06 49 38.8140 +22 55 04.996    8    9 14.7 R  OH 511
 2001 12 21 21 16 36.8  06 49 38.7131 +22 55 05.324    8    9 14.7 R  OH 511
 2001 12 21 21 18 59.8  06 49 38.6655 +22 55 05.486    8    9 14.6 R  OH 511
 2001 12 21 21 21 23.2  06 49 38.6174 +22 55 05.649    8    9 14.7 R  OH 511
 2001 12 21 21 23 46.2  06 49 38.5694 +22 55 05.827    8    9 14.6 R  OH 511
 2001 12 21 21 26 09.8  06 49 38.5223 +22 55 05.965    8    9 14.6 R  OH 511
 2002 01 10 21 01 50.9  06 40 17.7258 +23 24 31.389   10   10 14.7 R  OH 511
 2002 01 10 22 31 20.4  06 40 16.0251 +23 24 36.240   10   10 14.7 R  OH 511
 2002 01 10 22 34 32.9  06 40 15.9653 +23 24 36.430   10   10 14.3 R  OH 511
 2002 01 10 22 37 16.0  06 40 15.9135 +23 24 36.573   10   10 14.6 R  OH 511
 2002 01 10 22 39 59.0  06 40 15.8611 +23 24 36.705   10   10 14.6 R  OH 511
 2002 01 10 22 42 42.4  06 40 15.8094 +23 24 36.861   10   10 14.6 R  OH 511
 2002 01 10 22 45 25.4  06 40 15.7576 +23 24 36.995   10   10 14.8 R  OH 511
 2002 01 10 22 48 08.8  06 40 15.7075 +23 24 37.166   10   10 13.9 R  OH 511
 2002 01 10 22 53 35.6  06 40 15.6023 +23 24 37.447   10   10 14.9 R  OH 511
 2002 01 10 22 56 19.0  06 40 15.5520 +23 24 37.601   10   10 14.6 R  OH 511
 2002 01 10 22 59 02.6  06 40 15.4982 +23 24 37.745   10   10 14.6 R  OH 511
 2002 02 07 17 51 22.6  06 30 29.2621 +23 49 27.565   10    8 15.1 R  OH 511
 2002 02 07 17 54 25.5  06 30 29.2322 +23 49 27.629   10    8 15.2 R  OH 511
 2002 02 07 17 57 29.0  06 30 29.2005 +23 49 27.691   10    8 15.2 R  OH 511
 2002 02 07 18 00 31.9  06 30 29.1720 +23 49 27.769   10    8 15.1 R  OH 511
 2002 02 07 18 03 34.6  06 30 29.1421 +23 49 27.813   10    8 15.1 R  OH 511
 2002 02 08 19 31 26.3  06 30 14.8883 +23 49 57.277   29   23 15.0 R  OH 511
 2002 02 08 19 36 15.4  06 30 14.8419 +23 49 57.355   29   23 15.0 R  OH 511
 2002 02 08 19 41 01.8  06 30 14.7941 +23 49 57.420   29   23 15.7 R  OH 511
 2002 02 08 19 43 24.7  06 30 14.7765 +23 49 57.520   29   23 15.0 R  OH 511
 2002 03 24 20 57 09.3  06 32 06.6629 +23 45 07.532   25   17 15.5 R  OH 511
 2002 03 24 20 59 32.9  06 32 06.6962 +23 45 07.511   25   17 15.5 R  OH 511
 2002 03 24 21 01 55.9  06 32 06.7238 +23 45 07.437   25   17 15.4 R  OH 511
 2002 03 24 21 04 18.9  06 32 06.7543 +23 45 07.375   25   17 15.5 R  OH 511
 2002 03 24 21 06 42.8  06 32 06.7832 +23 45 07.308   25   17 15.5 R  OH 511
 2002 03 24 21 09 05.6  06 32 06.8128 +23 45 07.260   25   17 15.4 R  OH 511
 2002 03 24 21 11 28.2  06 32 06.8410 +23 45 07.158   25   17 15.4 R  OH 511
 2002 03 24 21 13 51.9  06 32 06.8723 +23 45 07.094   25   17 15.4 R  OH 511
 2002 03 24 21 16 14.7  06 32 06.9035 +23 45 07.061   25   17 15.5 R  OH 511
 2002 03 24 21 18 38.3  06 32 06.9345 +23 45 07.009   25   17 15.5 R  OH 511
 2002 03 27 19 43 41.6  06 33 03.1207 +23 43 20.492   26   12 15.5 R  OH 511
 2002 03 27 19 49 05.4  06 33 03.1930 +23 43 20.357   26   12 15.5 R  OH 511
 2002 03 27 19 51 29.2  06 33 03.2224 +23 43 20.277   26   12 15.4 R  OH 511
 2002 03 27 20 04 29.5  06 33 03.4013 +23 43 19.951   26   12 15.5 R  OH 511
 2002 03 27 20 06 53.2  06 33 03.4370 +23 43 19.875   26   12 15.5 R  OH 511
 2002 03 27 20 09 16.0  06 33 03.4660 +23 43 19.813   26   12 15.6 R  OH 511
 2002 03 27 20 32 06.4  06 33 03.7761 +23 43 19.158   26   12 15.6 R  OH 511
 2002 03 27 20 34 29.9  06 33 03.8123 +23 43 19.102   26   12 15.6 R  OH 511
 2002 03 28 20 44 55.3  06 33 24.3867 +23 42 40.286   34   27 15.6 R  OH 511
 2002 03 28 20 52 52.8  06 33 24.4972 +23 42 40.129   34   27 15.6 R  OH 511
 2002 03 28 20 55 36.4  06 33 24.5399 +23 42 39.980   34   27 15.6 R  OH 511
 2002 03 28 20 58 19.7  06 33 24.5808 +23 42 39.916   34   27 15.7 R  OH 511
 2002 03 28 21 01 03.0  06 33 24.6186 +23 42 39.839   34   27 15.6 R  OH 511
 2002 03 28 21 03 45.8  06 33 24.6558 +23 42 39.780   34   27 15.5 R  OH 511
 2002 12 28 23 58 21.5  09 23 35.4748 +16 13 49.063   27    9 15.5 R  OH 511
 2002 12 29 00 04 28.2  09 23 35.3953 +16 13 49.353   27    9 15.4 R  OH 511
 2002 12 29 00 07 31.0  09 23 35.3570 +16 13 49.486   27    9 15.4 R  OH 511
 2002 12 29 00 10 34.3  09 23 35.3156 +16 13 49.623   27    9 15.4 R  OH 511
 2002 12 29 00 13 37.7  09 23 35.2797 +16 13 49.756   27    9 15.4 R  OH 511
 2002 12 29 00 16 41.7  09 23 35.2359 +16 13 49.876   27    9 15.4 R  OH 511
 2002 12 29 23 59 08.1  09 23 16.6605 +16 14 53.314    9    2 15.3 R  OH 511
 2002 12 30 00 10 22.9  09 23 16.5079 +16 14 53.842    9    2 15.3 R  OH 511
 2002 12 30 00 13 46.2  09 23 16.4599 +16 14 53.995    9    2 15.3 R  OH 511
 2002 12 30 00 20 32.6  09 23 16.3681 +16 14 54.314    9    2 15.3 R  OH 511
 2002 12 30 00 23 55.4  09 23 16.3215 +16 14 54.471    9    2 15.3 R  OH 511
 2002 12 30 00 27 18.3  09 23 16.2743 +16 14 54.631    9    2 15.3 R  OH 511
 2002 12 30 00 34 05.3  09 23 16.1824 +16 14 54.949    9    2 15.3 R  OH 511
 2002 12 30 00 37 28.4  09 23 16.1360 +16 14 55.104    9    2 15.3 R  OH 511
 2003 01 14 21 59 25.6  09 16 34.8963 +16 38 28.457   43   39 14.9 R  OH 511
 2003 01 14 22 03 32.5  09 16 34.8117 +16 38 28.718   43   39 15.1 R  OH 511
 2003 01 14 22 09 41.5  09 16 34.6827 +16 38 29.145   43   39 15.0 R  OH 511
 2003 01 14 22 15 10.6  09 16 34.5635 +16 38 29.573   43   39 15.0 R  OH 511
 2003 01 14 22 20 56.6  09 16 34.4363 +16 38 29.964   43   39 15.0 R  OH 511
 2003 01 14 22 24 53.0  09 16 34.3482 +16 38 30.365   43   39 15.1 R  OH 511
 2003 01 14 22 31 09.7  09 16 34.2126 +16 38 30.795   43   39 15.1 R  OH 511
 2003 01 14 22 33 32.7  09 16 34.1620 +16 38 30.989   43   39 14.9 R  OH 511
 2003 01 14 22 35 42.3  09 16 34.1101 +16 38 31.219   43   39 15.0 R  OH 511
 2003 01 14 22 39 51.9  09 16 34.0270 +16 38 31.485   43   39 15.0 R  OH 511
 2003 01 14 22 43 06.8  09 16 33.9586 +16 38 31.742   43   39 15.0 R  OH 511
 2003 01 14 22 46 09.5  09 16 33.8874 +16 38 31.987   43   39 15.1 R  OH 511
 2003 01 14 22 48 33.0  09 16 33.8382 +16 38 32.150   43   39 15.1 R  OH 511
 2003 01 14 22 50 55.7  09 16 33.7849 +16 38 32.374   43   39 15.1 R  OH 511
 2003 01 14 22 53 18.4  09 16 33.7311 +16 38 32.591   43   39 15.0 R  OH 511
 2003 01 15 23 36 26.1  09 16 01.8359 +16 40 26.126   25   21 15.2 R  OH 511
 2003 01 15 23 40 38.0  09 16 01.7476 +16 40 26.502   25   21 15.1 R  OH 511
 2003 01 15 23 43 22.9  09 16 01.6843 +16 40 26.729   25   21 15.2 R  OH 511
 2003 01 15 23 46 33.1  09 16 01.6160 +16 40 26.926   25   21 15.1 R  OH 511
 2003 01 15 23 48 06.7  09 16 01.5801 +16 40 27.045   25   21 15.1 R  OH 511
 2003 01 15 23 49 39.7  09 16 01.5483 +16 40 27.177   25   21 15.1 R  OH 511
 2003 01 15 23 51 12.6  09 16 01.5141 +16 40 27.313   25   21 15.2 R  OH 511
 2003 01 15 23 52 45.6  09 16 01.4768 +16 40 27.424   25   21 15.1 R  OH 511
 2003 02 04 21 04 04.6  09 04 17.7217 +17 22 07.182   25   19 14.8 R  OH 511
 2003 02 04 21 15 03.8  09 04 17.4257 +17 22 08.227   25   19 14.8 R  OH 511
 2003 02 04 21 16 47.0  09 04 17.3830 +17 22 08.372   25   19 14.8 R  OH 511
 2003 02 04 21 18 30.0  09 04 17.3346 +17 22 08.575   25   19 14.8 R  OH 511
 2003 02 04 21 18 30.0  09 04 17.3346 +17 22 08.575   25   19 14.8 R  OH 511
 2003 02 04 22 00 57.5  09 04 16.2050 +17 22 12.527   25   19 14.9 R  OH 511
 2003 04 01 19 00 11.5  08 39 51.3218 +18 55 42.976   17   10 15.5 R  OH 511
 2003 04 01 19 03 40.5  08 39 51.3074 +18 55 43.054   17   10 15.4 R  OH 511
 2003 04 01 19 08 04.4  08 39 51.2913 +18 55 43.200   17   10 15.3 R  OH 511
 2003 04 01 19 12 27.7  08 39 51.2747 +18 55 43.312   17   10 15.6 R  OH 511
 2003 04 01 19 16 51.5  08 39 51.2579 +18 55 43.445   17   10 15.4 R  OH 511
 2003 04 01 19 21 15.3  08 39 51.2423 +18 55 43.581   17   10 15.5 R  OH 511
 2003 05 12 20 27 59.9  08 49 23.0166 +18 42 33.296   32   38 15.8 R  OH 511
 2003 05 12 20 31 13.6  08 49 23.0790 +18 42 33.130   32   38 15.9 R  OH 511
 2003 05 12 20 33 36.5  08 49 23.1278 +18 42 32.922   32   38 15.9 R  OH 511
 2003 05 12 20 35 59.3  08 49 23.1767 +18 42 32.733   32   38 15.8 R  OH 511
 2003 05 12 20 38 22.3  08 49 23.2254 +18 42 32.578   32   38 15.9 R  OH 511
 2003 05 12 20 40 45.4  08 49 23.2777 +18 42 32.478   32   38 15.9 R  OH 511
 2003 05 12 20 43 08.6  08 49 23.3253 +18 42 32.336   32   38 15.8 R  OH 511
 2003 05 12 20 45 32.1  08 49 23.3759 +18 42 32.207   32   38 15.9 R  OH 511
 2003 05 12 20 47 55.6  08 49 23.4295 +18 42 32.084   32   38 15.9 R  OH 511
 2003 05 13 20 11 46.4  08 49 53.1246 +18 41 07.941   24   14 15.9 R  OH 511
 2003 05 13 20 19 54.1  08 49 53.2964 +18 41 07.434   24   14 15.9 R  OH 511
 2003 05 13 20 26 40.1  08 49 53.4374 +18 41 07.001   24   14 15.7 R  OH 511
 2003 05 13 20 30 03.7  08 49 53.5110 +18 41 06.802   24   14 15.9 R  OH 511
 2003 05 13 20 33 27.3  08 49 53.5821 +18 41 06.559   24   14 15.9 R  OH 511
 2003 05 13 20 36 50.2  08 49 53.6510 +18 41 06.359   24   14 15.9 R  OH 511
 2003 05 13 20 40 13.3  08 49 53.7220 +18 41 06.128   24   14 15.9 R  OH 511
 2003 05 13 20 43 36.3  08 49 53.7945 +18 41 05.953   24   14 15.9 R  OH 511
 2003 05 13 20 46 59.8  08 49 53.8696 +18 41 05.745   24   14 15.9 R  OH 511
 2003 05 13 20 50 23.4  08 49 53.9382 +18 41 05.526   24   14 15.9 R  OH 511
 2004 04 19 20 00 54.4  10 48 26.0300 +09 23 18.754   24   18 15.8 R  OH 511
 2004 04 19 20 11 52.9  10 48 25.9618 +09 23 18.838   24   18 15.5 R  OH 511
 2004 04 19 20 17 26.5  10 48 25.9289 +09 23 18.881   24   18 15.4 R  OH 511
 2004 04 19 20 21 49.9  10 48 25.8990 +09 23 18.922   24   18 15.4 R  OH 511
 2004 04 19 20 30 37.2  10 48 25.8423 +09 23 18.954   24   18 14.7 R  OH 511
 2004 04 19 20 35 00.8  10 48 25.8144 +09 23 19.025   24   18 15.3 R  OH 511
 2004 04 19 20 39 26.3  10 48 25.7893 +09 23 19.034   24   18 15.4 R  OH 511
 2004 04 20 19 38 22.9  10 48 18.0054 +09 23 25.920   28   10 15.4 R  OH 511
 2004 04 20 19 51 01.4  10 48 17.9337 +09 23 25.975   28   10 15.3 R  OH 511
 2004 04 20 19 54 24.9  10 48 17.9164 +09 23 25.999   28   10 15.3 R  OH 511
 2004 04 20 19 57 48.2  10 48 17.8946 +09 23 26.007   28   10 15.3 R  OH 511
 2004 04 20 20 01 11.8  10 48 17.8750 +09 23 26.013   28   10 15.3 R  OH 511
 2004 04 20 20 04 35.2  10 48 17.8556 +09 23 26.020   28   10 15.4 R  OH 511
 2004 04 20 20 07 58.5  10 48 17.8368 +09 23 26.044   28   10 15.3 R  OH 511
 2004 04 20 20 11 21.8  10 48 17.8123 +09 23 26.030   28   10 15.4 R  OH 511
 2004 05 17 20 00 23.4  10 48 15.4217 +09 02 48.902   18   24 15.9 R  OH 511
 2004 05 17 20 04 53.3  10 48 15.4438 +09 02 48.605   18   24 15.8 R  OH 511
 2004 05 17 20 20 00.4  10 48 15.5219 +09 02 47.622   18   24 15.9 R  OH 511
 2004 05 17 20 23 23.8  10 48 15.5394 +09 02 47.412   18   24 15.8 R  OH 511
 2004 05 17 20 26 47.3  10 48 15.5568 +09 02 47.197   18   24 15.9 R  OH 511
 2004 05 17 20 30 10.9  10 48 15.5736 +09 02 46.977   18   24 15.9 R  OH 511
 2004 05 17 20 33 34.8  10 48 15.5899 +09 02 46.750   18   24 15.9 R  OH 511
 2004 05 17 20 36 58.1  10 48 15.6066 +09 02 46.484   18   24 15.8 R  OH 511
 2004 05 17 20 40 22.0  10 48 15.6242 +09 02 46.241   18   24 15.8 R  OH 511
 2004 05 17 20 43 45.3  10 48 15.6431 +09 02 46.062   18   24 15.8 R  OH 511
 2004 05 17 20 47 08.9  10 48 15.6577 +09 02 45.791   18   24 15.8 R  OH 511
 2004 05 20 20 57 47.3  10 48 41.3699 +08 57 47.873   12   20 15.7 R  OH 511
 2004 05 20 21 01 10.8  10 48 41.3908 +08 57 47.649   12   20 15.7 R  OH 511
 2004 05 20 21 04 34.7  10 48 41.4099 +08 57 47.418   12   20 15.7 R  OH 511
 2004 05 20 21 07 58.8  10 48 41.4321 +08 57 47.126   12   20 15.8 R  OH 511
 2004 05 20 21 11 22.1  10 48 41.4529 +08 57 46.897   12   20 15.7 R  OH 511
 2004 05 20 21 14 46.0  10 48 41.4739 +08 57 46.630   12   20 15.7 R  OH 511
 2004 05 20 21 21 32.6  10 48 41.5167 +08 57 46.178   12   20 15.7 R  OH 511
 2004 05 20 21 24 55.9  10 48 41.5379 +08 57 45.884   12   20 15.8 R  OH 511
 2005 03 07 22 39 27.5  13 08 03.6071 -05 56 29.301   39   40 15.4 R  OH 511
 2005 03 07 22 47 42.5  13 08 03.4715 -05 56 28.609   39   40 15.4 R  OH 511
 2005 03 07 22 50 46.6  13 08 03.4220 -05 56 28.386   39   40 15.4 R  OH 511
 2005 03 07 22 53 50.0  13 08 03.3756 -05 56 28.139   39   40 15.4 R  OH 511
 2005 03 07 22 59 57.2  13 08 03.2774 -05 56 27.597   39   40 15.4 R  OH 511
 2005 03 07 23 03 00.5  13 08 03.2318 -05 56 27.395   39   40 15.4 R  OH 511
 2005 03 07 23 06 03.8  13 08 03.1754 -05 56 27.031   39   40 15.3 R  OH 511
 2005 03 07 23 09 07.5  13 08 03.1296 -05 56 26.787   39   40 15.3 R  OH 511
 2005 03 07 23 12 10.9  13 08 03.0762 -05 56 26.471   39   40 15.3 R  OH 511
 2005 03 07 23 15 14.5  13 08 03.0302 -05 56 26.300   39   40 15.3 R  OH 511
 2005 03 08 23 19 34.0  13 07 40.0318 -05 54 20.389   34   15 15.3 R  OH 511
 2005 03 08 23 22 57.6  13 07 39.9765 -05 54 20.100   34   15 15.4 R  OH 511
 2005 03 08 23 26 21.7  13 07 39.9152 -05 54 19.779   34   15 15.3 R  OH 511
 2005 03 08 23 29 45.5  13 07 39.8632 -05 54 19.504   34   15 15.3 R  OH 511
 2005 03 08 23 33 08.8  13 07 39.8041 -05 54 19.215   34   15 15.4 R  OH 511
 2005 03 08 23 36 32.1  13 07 39.7483 -05 54 18.885   34   15 15.3 R  OH 511
 2005 03 08 23 39 55.9  13 07 39.6966 -05 54 18.593   34   15 15.3 R  OH 511
 2005 03 08 23 43 19.7  13 07 39.6358 -05 54 18.268   34   15 15.3 R  OH 511
 2005 03 10 23 24 09.5  13 06 52.2514 -05 49 55.702   22   16 15.7 R  OH 511
 2005 03 10 23 29 57.2  13 06 52.1543 -05 49 55.162   22   16 15.4 R  OH 511
 2005 03 10 23 33 31.1  13 06 52.0926 -05 49 54.865   22   16 15.5 R  OH 511
 2005 03 10 23 36 34.8  13 06 52.0374 -05 49 54.536   22   16 15.5 R  OH 511
 2005 03 10 23 39 41.4  13 06 51.9868 -05 49 54.252   22   16 15.5 R  OH 511
 2005 03 10 23 42 45.1  13 06 51.9302 -05 49 53.954   22   16 15.5 R  OH 511
 2005 03 10 23 45 48.7  13 06 51.8774 -05 49 53.669   22   16 15.5 R  OH 511
 2005 03 10 23 48 55.4  13 06 51.8250 -05 49 53.374   22   16 15.5 R  OH 511
 2005 03 10 23 51 58.9  13 06 51.7696 -05 49 53.116   22   16 15.5 R  OH 511
 2005 03 10 23 55 02.6  13 06 51.7189 -05 49 52.821   22   16 15.5 R  OH 511
 2005 03 10 23 58 06.2  13 06 51.6665 -05 49 52.508   22   16 15.4 R  OH 511
 2005 04 06 23 08 42.5  12 53 17.8448 -04 27 06.471   40   18 15.2 R  OH 511
 2005 04 06 23 15 33.9  12 53 17.6896 -04 27 05.466   40   18 14.5 R  OH 511
 2005 04 06 23 19 27.1  12 53 17.5966 -04 27 04.849   40   18 14.8 R  OH 511
 2005 04 06 23 23 20.3  12 53 17.5014 -04 27 04.286   40   18 14.4 R  OH 511
 2005 04 06 23 27 13.5  12 53 17.4116 -04 27 03.674   40   18 14.7 R  OH 511
 2005 04 13 21 28 32.6  12 49 27.1757 -04 01 21.563   11   18 15.0 R  OH 511
 2005 04 13 21 34 05.3  12 49 27.0474 -04 01 20.673   11   18 15.0 R  OH 511
 2005 04 13 21 41 20.8  12 49 26.8784 -04 01 19.530   11   18 15.0 R  OH 511
 2005 04 13 23 11 24.9  12 49 24.7794 -04 01 05.501   11   18 15.0 R  OH 511
 2005 04 13 23 21 38.3  12 49 24.5399 -04 01 03.869   11   18 14.6 R  OH 511
 2005 04 13 23 26 01.7  12 49 24.4387 -04 01 03.177   11   18 14.8 R  OH 511
 2005 04 14 20 47 03.6  12 48 55.2549 -03 57 42.787   50   11 15.0 R  OH 511
 2005 04 14 21 25 04.8  12 48 54.3845 -03 57 36.866   50   11 15.4 R  OH 511
 2005 04 14 21 29 28.4  12 48 54.2752 -03 57 36.166   50   11 15.0 R  OH 511
 2005 04 14 21 33 52.7  12 48 54.1762 -03 57 35.491   50   11 14.9 R  OH 511
 2005 04 14 21 38 16.2  12 48 54.0719 -03 57 34.780   50   11 14.9 R  OH 511
 2005 04 14 21 42 40.1  12 48 53.9679 -03 57 34.091   50   11 14.9 R  OH 511
 2005 04 14 21 47 03.9  12 48 53.8666 -03 57 33.424   50   11 14.9 R  OH 511
 2008 08 25 20 12 44.1  18 56 56.5665 -23 32 09.071   21   38 15.3 R  OH 511
 2008 08 25 20 18 10.0  18 56 56.5397 -23 32 09.099   21   38 15.2 R  OH 511
 2008 08 25 20 22 09.8  18 56 56.5245 -23 32 09.111   21   38 15.3 R  OH 511
