 1992 06 09 07 10 12.0  19 19 20.8072 -21 25 43.899   31   42 19.1 un PE 874
 1992 06 09 07 10 12.0  19 19 20.8072 -21 25 43.899   31   42 19.1 un PE 874
 1992 06 09 07 42 07.0  19 19 20.6706 -21 25 44.218   31   42 19.5 un PE 874
 1992 06 09 07 42 07.0  19 19 20.6706 -21 25 44.218   31   42 19.5 un PE 874
 1995 07 07 03 56 27.0  19 45 19.2848 -20 40 10.838   12   20 18.9 C  PE 874
 1995 07 07 04 02 45.0  19 45 19.2585 -20 40 10.934   12   20 18.9 C  PE 874
 1995 07 07 04 09 26.0  19 45 19.2298 -20 40 10.969   12   20 19.0 C  PE 874
 1995 07 07 04 16 08.0  19 45 19.2000 -20 40 11.069   12   20 18.9 C  PE 874
 1995 07 07 04 22 51.0  19 45 19.1697 -20 40 11.152   12   20 18.9 C  PE 874
 1995 07 07 04 30 39.0  19 45 19.1359 -20 40 11.227   12   20 18.7 C  PE 874
 1995 07 07 04 38 52.0  19 45 19.0998 -20 40 11.332   12   20 18.8 C  PE 874
 1995 07 07 04 55 15.0  19 45 19.0282 -20 40 11.522   12   20 18.6 C  PE 874
 1995 07 07 05 03 12.0  19 45 18.9914 -20 40 11.582   12   20 18.5 C  PE 874
 1995 07 07 05 11 52.0  19 45 18.9529 -20 40 11.660   12   20 18.8 C  PE 874
 1995 07 11 03 43 52.0  19 44 54.1642 -20 41 13.219   20   32 18.6 C  PE 874
 1995 07 11 03 50 22.0  19 44 54.1346 -20 41 13.325   20   32 18.5 C  PE 874
 1995 07 11 04 06 09.0  19 44 54.0654 -20 41 13.457   20   32 18.5 C  PE 874
 1995 07 11 04 12 58.0  19 44 54.0339 -20 41 13.519   20   32 18.4 C  PE 874
 1995 07 11 04 19 48.0  19 44 54.0046 -20 41 13.625   20   32 18.5 C  PE 874
 1995 07 11 04 26 35.0  19 44 53.9734 -20 41 13.641   20   32 18.8 C  PE 874
 1995 07 11 04 33 22.0  19 44 53.9429 -20 41 13.711   20   32 18.5 C  PE 874
 1995 07 11 04 40 16.0  19 44 53.9080 -20 41 13.782   20   32 18.8 C  PE 874
 1995 10 11 22 58 31.0  19 38 38.2623 -20 58 00.874   29    9 19.5 C  PE 874
 1995 10 11 23 13 29.0  19 38 38.2759 -20 58 00.870   29    9 19.5 C  PE 874
 1995 10 11 23 21 36.0  19 38 38.2764 -20 58 00.886   29    9 19.4 C  PE 874
 1995 10 11 23 27 49.0  19 38 38.2793 -20 58 00.864   29    9 19.5 C  PE 874
 1995 10 11 23 35 08.0  19 38 38.2867 -20 58 00.866   29    9 19.4 C  PE 874
 1995 10 11 23 40 02.0  19 38 38.2905 -20 58 00.861   29    9 19.4 C  PE 874
 1995 10 12 22 43 11.0  19 38 39.2963 -20 58 00.078   53   52 19.4 C  PE 874
 1995 10 12 22 54 36.0  19 38 39.3107 -20 58 00.066   53   52 19.4 C  PE 874
 1995 10 12 23 00 34.0  19 38 39.3178 -20 58 00.183   53   52 19.4 C  PE 874
 1995 10 12 23 06 44.0  19 38 39.3180 -20 58 00.060   53   52 19.4 C  PE 874
 1995 10 12 23 12 43.0  19 38 39.3259 -20 58 00.067   53   52 19.5 C  PE 874
 2001 10 24 22 26 38.2  20 33 42.4038 -18 37 27.359   75   70 18.2 C  PE 874
 2001 10 24 22 26 38.2  20 33 42.4038 -18 37 27.359   75   70 18.2 C  PE 874
 2001 10 24 22 26 38.2  20 33 42.4038 -18 37 27.359   75   70 18.2 C  PE 874
 2001 10 24 22 26 38.2  20 33 42.4038 -18 37 27.359   75   70 18.2 C  PE 874
 2001 10 24 22 37 04.4  20 33 42.4100 -18 37 27.235   75   70 18.7 C  PE 874
 2001 10 24 22 37 04.4  20 33 42.4100 -18 37 27.235   75   70 18.7 C  PE 874
 2001 10 24 22 37 04.4  20 33 42.4100 -18 37 27.235   75   70 18.7 C  PE 874
 2001 10 24 22 37 04.4  20 33 42.4100 -18 37 27.235   75   70 18.7 C  PE 874
 2001 10 24 22 42 53.1  20 33 42.4024 -18 37 27.386   75   70 19.0 C  PE 874
 2001 10 24 22 42 53.1  20 33 42.4024 -18 37 27.386   75   70 19.0 C  PE 874
 2001 10 24 22 42 53.1  20 33 42.4024 -18 37 27.386   75   70 19.0 C  PE 874
 2001 10 24 22 42 53.1  20 33 42.4024 -18 37 27.386   75   70 19.0 C  PE 874
 2001 10 25 23 58 26.3  20 33 43.4454 -18 37 24.512   59   57 20.1 C  PE 874
 2001 10 26 00 04 46.8  20 33 43.4401 -18 37 24.464   59   57 19.4 C  PE 874
 2001 10 26 00 10 48.3  20 33 43.4481 -18 37 24.437   59   57 19.4 C  PE 874
 2001 10 26 00 16 43.2  20 33 43.4540 -18 37 24.486   59   57 18.7 C  PE 874
 2001 10 26 00 23 39.7  20 33 43.4517 -18 37 24.495   59   57 19.4 C  PE 874
 2001 10 26 00 29 28.5  20 33 43.4579 -18 37 24.379   59   57 19.4 C  PE 874
 2001 10 26 00 35 17.3  20 33 43.4643 -18 37 24.363   59   57 19.5 C  PE 874
 2001 10 26 00 47 46.9  20 33 43.4691 -18 37 24.466   59   57 19.4 C  PE 874
 2001 10 26 01 02 21.9  20 33 43.4794 -18 37 24.404   59   57 19.7 C  PE 874
 2001 10 26 01 08 08.9  20 33 43.4900 -18 37 24.450   59   57 19.6 C  PE 874
 2001 10 26 01 13 56.0  20 33 43.4897 -18 37 24.416   59   57 19.1 C  PE 874
 2001 10 26 01 51 32.4  20 33 43.5090 -18 37 24.305   59   57 18.1 C  PE 874
 2001 10 26 22 26 47.2  20 33 44.5070 -18 37 21.836   50   34 19.5 C  PE 874
 2001 10 26 22 32 36.0  20 33 44.5110 -18 37 21.789   50   34 19.5 C  PE 874
 2001 10 26 22 38 24.9  20 33 44.5156 -18 37 21.769   50   34 18.7 C  PE 874
 2001 10 26 22 44 14.7  20 33 44.5226 -18 37 21.746   50   34 19.1 C  PE 874
 2001 10 26 22 50 03.6  20 33 44.5324 -18 37 21.819   50   34 19.6 C  PE 874
 2001 10 26 23 48 14.3  20 33 44.5674 -18 37 21.634   50   34 19.4 C  PE 874
 2001 10 27 22 53 10.4  20 33 45.8045 -18 37 18.107   23   22 19.5 C  PE 874
 2001 10 27 22 58 58.6  20 33 45.8084 -18 37 18.060   23   22 19.4 C  PE 874
 2001 10 27 23 04 47.7  20 33 45.8125 -18 37 18.034   23   22 19.6 C  PE 874
 2001 10 27 23 10 35.7  20 33 45.8154 -18 37 18.038   23   22 19.5 C  PE 874
 2001 10 27 23 16 23.7  20 33 45.8197 -18 37 17.985   23   22 19.4 C  PE 874
 2001 10 27 23 22 11.7  20 33 45.8254 -18 37 17.994   23   22 19.5 C  PE 874
 2001 10 27 23 27 59.8  20 33 45.8320 -18 37 17.993   23   22 19.5 C  PE 874
 2001 10 27 23 39 35.9  20 33 45.8427 -18 37 17.985   23   22 19.5 C  PE 874
 2002 08 09 23 25 51.4  20 47 22.9404 -17 49 01.489   73   69 18.6 C  PE 874
 2002 08 09 23 36 12.0  20 47 22.8831 -17 49 01.560   73   69 18.6 C  PE 874
 2002 08 09 23 50 11.2  20 47 22.8281 -17 49 01.946   73   69 19.1 C  PE 874
 2002 08 09 23 57 07.3  20 47 22.7904 -17 49 01.951   73   69 18.8 C  PE 874
 2002 08 10 00 03 57.1  20 47 22.7667 -17 49 02.193   73   69 19.1 C  PE 874
 2002 08 10 00 10 47.1  20 47 22.7332 -17 49 02.325   73   69 19.2 C  PE 874
 2002 08 10 00 17 37.8  20 47 22.6926 -17 49 02.349   73   69 19.1 C  PE 874
 2002 08 10 00 24 28.5  20 47 22.6696 -17 49 02.638   73   69 18.8 C  PE 874
 2002 08 10 00 31 18.8  20 47 22.6303 -17 49 02.606   73   69 19.1 C  PE 874
 2002 08 11 23 17 14.4  20 47 10.1126 -17 49 52.990   20   36 18.5 un PE 874
 2002 08 12 02 38 30.3  20 47 09.2066 -17 49 56.571   20   36 18.3 un PE 874
 2002 08 12 02 49 20.2  20 47 09.1577 -17 49 56.752   20   36 18.3 un PE 874
 2002 08 12 03 00 10.1  20 47 09.1061 -17 49 56.981   20   36 18.3 un PE 874
 2002 08 12 03 11 00.1  20 47 09.0576 -17 49 57.123   20   36 18.4 un PE 874
 2002 08 12 03 21 50.8  20 47 09.0079 -17 49 57.395   20   36 18.4 un PE 874
 2002 08 12 03 33 29.5  20 47 08.9566 -17 49 57.623   20   36 18.5 un PE 874
 2003 08 24 01 12 43.6  20 55 06.7888 -17 22 26.058   16    9 19.0 C  PE 874
 2003 08 24 01 18 32.4  20 55 06.7622 -17 22 26.167   16    9 18.9 C  PE 874
 2003 08 24 01 24 20.7  20 55 06.7391 -17 22 26.260   16    9 18.9 C  PE 874
 2003 08 24 01 30 09.5  20 55 06.7121 -17 22 26.357   16    9 18.9 C  PE 874
 2003 08 24 01 35 58.4  20 55 06.6875 -17 22 26.485   16    9 18.8 C  PE 874
 2003 08 24 01 41 47.1  20 55 06.6610 -17 22 26.577   16    9 18.9 C  PE 874
 2003 08 24 01 47 35.9  20 55 06.6381 -17 22 26.690   16    9 19.0 C  PE 874
 2003 08 24 01 53 24.8  20 55 06.6115 -17 22 26.791   16    9 19.0 C  PE 874
 2007 08 14 06 05 13.5  21 32 24.9484 -14 52 23.248   40   16 19.1 C  PE 874
 2007 08 14 06 13 01.4  21 32 24.9182 -14 52 23.418   40   16 19.1 C  PE 874
 2007 08 14 06 25 00.4  21 32 24.8664 -14 52 23.707   40   16 19.0 C  PE 874
 2007 08 14 06 34 27.0  21 32 24.8239 -14 52 23.867   40   16 18.6 C  PE 874
 2007 08 14 06 45 04.0  21 32 24.7710 -14 52 24.102   40   16 19.0 C  PE 874
 2007 08 14 06 49 46.9  21 32 24.7528 -14 52 24.220   40   16 19.1 C  PE 874
 2007 08 21 06 16 41.9  21 31 40.5044 -14 56 03.484   69   34 18.9 C  PE 874
 2007 08 21 06 17 38.1  21 31 40.5016 -14 56 03.514   69   34 19.0 C  PE 874
 2007 08 21 06 18 06.2  21 31 40.4932 -14 56 03.474   69   34 18.9 C  PE 874
 2007 08 21 06 19 00.7  21 31 40.4830 -14 56 03.500   69   34 18.7 C  PE 874
 2007 08 21 06 20 24.1  21 31 40.4830 -14 56 03.476   69   34 18.9 C  PE 874
 2007 08 21 06 20 51.4  21 31 40.4854 -14 56 03.524   69   34 18.7 C  PE 874
 2007 08 21 06 21 18.6  21 31 40.4828 -14 56 03.533   69   34 18.3 C  PE 874
 2007 08 21 06 22 41.4  21 31 40.4747 -14 56 03.600   69   34 18.9 C  PE 874
 2007 08 21 06 23 35.9  21 31 40.4617 -14 56 03.648   69   34 19.0 C  PE 874
 2007 08 25 03 02 01.2  21 31 16.2971 -14 58 03.384   67   31 18.3 C  PE 874
 2007 08 25 03 03 24.6  21 31 16.2851 -14 58 03.387   67   31 18.5 C  PE 874
 2007 08 25 03 06 52.4  21 31 16.2813 -14 58 03.511   67   31 18.4 C  PE 874
 2007 08 25 03 09 14.1  21 31 16.2558 -14 58 03.563   67   31 18.8 C  PE 874
 2007 08 25 03 10 50.3  21 31 16.2571 -14 58 03.556   67   31 18.3 C  PE 874
 2007 08 25 03 14 46.5  21 31 16.2341 -14 58 03.598   67   31 18.4 C  PE 874
 2007 08 25 03 15 34.6  21 31 16.2382 -14 58 03.646   67   31 18.4 C  PE 874
 2007 08 25 03 19 33.4  21 31 16.2148 -14 58 03.706   67   31 18.3 C  PE 874
 2007 08 25 03 21 56.8  21 31 16.2049 -14 58 03.758   67   31 18.8 C  PE 874
 2008 07 09 08 32 14.1  21 44 43.6966 -13 54 55.268   72   56 18.6 I  PE 874
 2008 07 09 08 35 19.6  21 44 43.6893 -13 54 55.314   72   56 18.9 I  PE 874
 2008 07 09 08 38 24.1  21 44 43.6750 -13 54 55.334   72   56 19.2 I  PE 874
 2008 07 09 08 41 28.8  21 44 43.6645 -13 54 55.458   72   56 19.3 I  PE 874
 2008 07 09 08 47 51.8  21 44 43.6390 -13 54 55.421   72   56 18.6 I  PE 874
 2008 07 09 08 51 08.7  21 44 43.6311 -13 54 55.625   72   56 19.2 I  PE 874
 2008 07 09 08 54 14.4  21 44 43.6122 -13 54 55.592   72   56 20.1 I  PE 874
 2008 07 09 08 57 21.1  21 44 43.6050 -13 54 55.758   72   56 17.6 I  PE 874
 2008 07 30 04 34 58.2  21 42 51.5894 -14 04 43.803   26   53 19.4 I  PE 874
 2008 07 30 04 55 40.8  21 42 51.4981 -14 04 44.387   26   53 19.5 I  PE 874
 2008 07 30 05 06 18.8  21 42 51.4541 -14 04 44.539   26   53 19.8 I  PE 874
 2008 07 30 05 16 53.7  21 42 51.4084 -14 04 44.717   26   53 19.6 I  PE 874
 2008 07 30 05 27 28.7  21 42 51.3679 -14 04 44.934   26   53 19.3 I  PE 874
 2008 07 30 05 38 03.5  21 42 51.3228 -14 04 45.205   26   53 18.1 I  PE 874
 2008 07 30 05 48 38.4  21 42 51.2753 -14 04 45.441   26   53 19.7 I  PE 874
 2008 07 30 06 09 48.4  21 42 51.1857 -14 04 45.808   26   53 19.5 I  PE 874
 2008 09 20 02 31 39.2  21 37 41.6095 -14 31 06.964   76   65 19.4 I  PE 874
 2008 09 20 02 44 01.4  21 37 41.5646 -14 31 07.237   76   65 19.6 I  PE 874
 2008 09 20 03 33 28.3  21 37 41.3844 -14 31 08.042   76   65 19.8 I  PE 874
 2008 09 20 03 39 12.2  21 37 41.3650 -14 31 08.021   76   65 19.6 I  PE 874
 2008 09 23 02 00 40.6  21 37 27.3407 -14 32 18.651   32   20 19.4 I  PE 874
 2008 09 23 02 07 51.3  21 37 27.3190 -14 32 18.786   32   20 19.5 I  PE 874
 2008 09 23 02 13 27.2  21 37 27.2960 -14 32 18.873   32   20 19.4 I  PE 874
 2008 09 23 02 19 06.5  21 37 27.2767 -14 32 18.966   32   20 19.9 I  PE 874
 2008 09 23 02 26 48.6  21 37 27.2545 -14 32 19.044   32   20 19.3 I  PE 874
 2008 09 23 02 32 24.0  21 37 27.2312 -14 32 19.136   32   20 18.7 I  PE 874
 2008 09 23 02 43 34.8  21 37 27.1993 -14 32 19.328   32   20 19.6 I  PE 874
 2008 09 23 02 54 45.0  21 37 27.1620 -14 32 19.535   32   20 19.3 I  PE 874
 2008 09 24 02 30 43.6  21 37 22.6204 -14 32 42.386   60   71 19.4 I  PE 874
 2008 09 24 02 36 39.6  21 37 22.5996 -14 32 42.353   60   71 19.5 I  PE 874
 2008 09 24 02 48 29.4  21 37 22.5597 -14 32 42.624   60   71 20.1 I  PE 874
 2008 09 24 02 54 24.3  21 37 22.5455 -14 32 42.668   60   71 19.6 I  PE 874
 2008 09 24 03 00 19.3  21 37 22.5152 -14 32 42.679   60   71 18.8 I  PE 874
 2008 09 24 03 06 22.7  21 37 22.4980 -14 32 42.772   60   71 18.6 I  PE 874
 2009 06 24 06 30 27.6  21 54 31.1716 -13 08 08.655   48   71 17.8 I  PE 874
 2009 06 24 06 34 25.3  21 54 31.1616 -13 08 08.784   48   71 17.9 I  PE 874
 2009 06 24 06 38 21.6  21 54 31.1549 -13 08 08.626   48   71 19.8 I  PE 874
 2009 06 24 06 50 15.4  21 54 31.1318 -13 08 08.847   48   71 19.9 I  PE 874
 2009 06 24 06 54 16.0  21 54 31.1193 -13 08 08.923   48   71 19.6 I  PE 874
 2009 06 24 06 58 18.7  21 54 31.1181 -13 08 08.880   48   71 19.9 I  PE 874
 2009 06 24 07 02 15.8  21 54 31.1108 -13 08 09.051   48   71 19.6 I  PE 874
 2010 06 16 07 43 20.0  22 03 33.0072 -12 23 51.281   14    7 19.4 R  PE 874
 2010 06 16 07 45 22.0  22 03 33.0058 -12 23 51.296   14    7 19.3 R  PE 874
 2010 06 16 07 47 24.0  22 03 33.0015 -12 23 51.298   14    7 19.4 R  PE 874
 2010 06 16 07 49 26.0  22 03 33.0011 -12 23 51.323   14    7 19.3 R  PE 874
 2010 06 16 07 51 28.0  22 03 32.9973 -12 23 51.325   14    7 19.3 R  PE 874
 2010 06 16 07 55 33.0  22 03 32.9937 -12 23 51.368   14    7 19.3 R  PE 874
 2010 06 16 07 57 35.0  22 03 32.9893 -12 23 51.376   14    7 19.4 R  PE 874
 2010 06 16 07 59 37.0  22 03 32.9887 -12 23 51.387   14    7 19.3 R  PE 874
 2010 06 16 08 01 39.0  22 03 32.9841 -12 23 51.420   14    7 19.3 R  PE 874
 2010 06 16 08 05 43.0  22 03 32.9799 -12 23 51.438   14    7 19.3 R  PE 874
 2010 06 16 08 07 45.0  22 03 32.9753 -12 23 51.468   14    7 19.4 R  PE 874
 2010 06 16 08 09 47.0  22 03 32.9741 -12 23 51.468   14    7 19.3 R  PE 874
 2010 06 16 08 11 49.0  22 03 32.9702 -12 23 51.482   14    7 19.3 R  PE 874
 2010 06 16 08 13 51.0  22 03 32.9691 -12 23 51.499   14    7 19.3 R  PE 874
 2010 06 16 08 15 53.0  22 03 32.9672 -12 23 51.506   14    7 19.3 R  PE 874
 2010 06 16 08 17 55.0  22 03 32.9651 -12 23 51.533   14    7 19.3 R  PE 874
 2010 06 16 08 19 57.0  22 03 32.9613 -12 23 51.551   14    7 19.3 R  PE 874
 2010 06 16 08 21 59.0  22 03 32.9594 -12 23 51.560   14    7 19.4 R  PE 874
 2010 06 18 06 32 55.0  22 03 29.4498 -12 24 13.303   19    6 19.4 R  PE 874
 2010 06 18 06 41 03.0  22 03 29.4402 -12 24 13.377   19    6 19.5 R  PE 874
 2010 06 18 06 43 05.0  22 03 29.4347 -12 24 13.385   19    6 19.4 R  PE 874
 2010 06 18 06 49 11.0  22 03 29.4280 -12 24 13.448   19    6 19.4 R  PE 874
 2010 06 18 06 51 13.0  22 03 29.4236 -12 24 13.461   19    6 19.5 R  PE 874
 2010 06 18 06 55 17.0  22 03 29.4171 -12 24 13.478   19    6 19.5 R  PE 874
 2010 06 18 06 57 19.0  22 03 29.4172 -12 24 13.508   19    6 19.4 R  PE 874
 2010 06 18 06 59 21.0  22 03 29.4141 -12 24 13.524   19    6 19.4 R  PE 874
 2010 06 18 07 01 23.0  22 03 29.4112 -12 24 13.532   19    6 19.6 R  PE 874
 2010 06 18 07 03 24.0  22 03 29.4068 -12 24 13.555   19    6 19.4 R  PE 874
 2010 06 18 07 05 26.0  22 03 29.4016 -12 24 13.570   19    6 19.5 R  PE 874
 2010 06 18 07 09 30.0  22 03 29.3984 -12 24 13.601   19    6 19.5 R  PE 874
 2010 06 18 07 11 32.0  22 03 29.3961 -12 24 13.631   19    6 19.4 R  PE 874
 2011 09 04 05 24 59.0  22 05 50.4066 -12 17 02.402   49   21 19.1 I  PE 874
 2011 09 04 05 28 02.0  22 05 50.3919 -12 17 02.501   49   21 19.4 I  PE 874
 2011 09 04 05 31 06.0  22 05 50.3786 -12 17 02.505   49   21 17.9 I  PE 874
 2011 09 04 05 43 19.0  22 05 50.3235 -12 17 02.822   49   21 18.8 I  PE 874
 2011 09 04 05 46 22.0  22 05 50.3158 -12 17 02.871   49   21 18.4 I  PE 874
 2011 09 04 05 49 26.0  22 05 50.2995 -12 17 02.988   49   21 19.3 I  PE 874
 2011 09 04 05 52 29.0  22 05 50.2944 -12 17 03.030   49   21 19.3 I  PE 874
 2011 09 04 06 01 39.0  22 05 50.2504 -12 17 03.262   49   21 19.2 I  PE 874
 2011 09 04 06 07 46.0  22 05 50.2283 -12 17 03.409   49   21 19.3 I  PE 874
 2011 09 04 06 10 49.0  22 05 50.2096 -12 17 03.499   49   21 17.2 I  PE 874
 2011 09 04 06 13 52.0  22 05 50.1990 -12 17 03.547   49   21 19.5 I  PE 874
 2011 09 04 06 16 55.0  22 05 50.1764 -12 17 03.615   49   21 18.2 I  PE 874
 2011 09 04 06 19 59.0  22 05 50.1649 -12 17 03.700   49   21 18.9 I  PE 874
 2011 09 04 06 34 13.0  22 05 50.1063 -12 17 04.052   49   21 18.9 I  PE 874
 2011 09 04 06 37 17.0  22 05 50.0979 -12 17 04.107   49   21 19.5 I  PE 874
 2011 09 04 06 40 20.0  22 05 50.0803 -12 17 04.144   49   21 19.3 I  PE 874
 2011 09 04 06 43 23.0  22 05 50.0733 -12 17 04.201   49   21 19.3 I  PE 874
 2011 09 04 06 49 30.0  22 05 50.0422 -12 17 04.364   49   21 19.6 I  PE 874
 2011 09 04 06 55 37.0  22 05 50.0185 -12 17 04.488   49   21 19.2 I  PE 874
 2011 09 04 06 58 40.0  22 05 50.0038 -12 17 04.582   49   21 19.3 I  PE 874
 2013 06 09 08 02 27.3  22 29 20.8266 -10 10 40.986   32   26 19.6 R  PE 874
 2013 06 09 08 05 33.0  22 29 20.8318 -10 10 41.001   32   26 19.5 R  PE 874
 2013 06 09 08 08 38.7  22 29 20.8296 -10 10 41.057   32   26 19.5 R  PE 874
 2013 06 09 08 11 44.5  22 29 20.8303 -10 10 40.997   32   26 19.4 R  PE 874
 2013 06 09 08 14 50.2  22 29 20.8289 -10 10 41.014   32   26 19.5 R  PE 874
 2013 09 02 04 23 59.5  22 23 30.8906 -10 46 24.863   15   10 19.2 I  PE 874
 2013 09 02 04 28 46.3  22 23 30.8688 -10 46 24.997   15   10 19.1 I  PE 874
 2013 09 02 04 31 51.3  22 23 30.8554 -10 46 25.055   15   10 19.0 I  PE 874
 2013 09 02 04 38 01.2  22 23 30.8300 -10 46 25.205   15   10 19.1 I  PE 874
 2013 09 02 04 41 06.2  22 23 30.8143 -10 46 25.299   15   10 19.0 I  PE 874
 2013 09 02 04 44 11.1  22 23 30.8023 -10 46 25.379   15   10 18.9 I  PE 874
 2013 09 02 04 47 16.1  22 23 30.7896 -10 46 25.469   15   10 19.2 I  PE 874
 2013 09 02 04 50 21.1  22 23 30.7769 -10 46 25.533   15   10 19.1 I  PE 874
 2013 09 03 02 59 38.6  22 23 25.0759 -10 46 58.965   29   37 19.1 I  PE 874
 2013 09 03 02 59 38.6  22 23 25.0759 -10 46 58.965   29   37 19.1 I  PE 874
 2013 09 03 03 03 55.3  22 23 25.0526 -10 46 59.076   29   37 19.2 I  PE 874
 2013 09 03 03 03 55.3  22 23 25.0526 -10 46 59.076   29   37 19.2 I  PE 874
 2013 09 03 03 07 00.2  22 23 25.0428 -10 46 59.180   29   37 19.1 I  PE 874
 2013 09 03 03 07 00.2  22 23 25.0428 -10 46 59.180   29   37 19.1 I  PE 874
 2013 09 03 03 10 05.1  22 23 25.0298 -10 46 59.225   29   37 19.1 I  PE 874
 2013 09 03 03 10 05.1  22 23 25.0298 -10 46 59.225   29   37 19.1 I  PE 874
 2013 09 03 03 13 10.0  22 23 25.0128 -10 46 59.228   29   37 19.3 I  PE 874
 2013 09 03 03 13 10.0  22 23 25.0128 -10 46 59.228   29   37 19.3 I  PE 874
 2013 09 03 03 16 15.0  22 23 25.0008 -10 46 59.377   29   37 19.3 I  PE 874
 2013 09 03 03 16 15.0  22 23 25.0008 -10 46 59.377   29   37 19.3 I  PE 874
 2013 09 03 03 19 19.9  22 23 24.9851 -10 46 59.422   29   37 17.0 I  PE 874
 2013 09 03 03 19 19.9  22 23 24.9851 -10 46 59.422   29   37 17.0 I  PE 874
 2013 09 03 03 22 24.8  22 23 24.9743 -10 46 59.511   29   37 19.4 I  PE 874
 2013 09 03 03 22 24.8  22 23 24.9743 -10 46 59.511   29   37 19.4 I  PE 874
 2013 09 03 03 28 34.7  22 23 24.9446 -10 46 59.667   29   37 19.3 I  PE 874
 2013 09 03 03 28 34.7  22 23 24.9446 -10 46 59.667   29   37 19.3 I  PE 874
 2013 09 03 03 34 44.6  22 23 24.9225 -10 46 59.885   29   37 19.3 I  PE 874
 2013 09 03 03 34 44.6  22 23 24.9225 -10 46 59.885   29   37 19.3 I  PE 874
 2013 09 03 03 37 49.5  22 23 24.9032 -10 46 59.918   29   37 19.2 I  PE 874
 2013 09 03 03 37 49.5  22 23 24.9032 -10 46 59.918   29   37 19.2 I  PE 874
 2013 09 03 03 40 54.4  22 23 24.8935 -10 47 00.013   29   37 19.1 I  PE 874
 2013 09 03 03 40 54.4  22 23 24.8935 -10 47 00.013   29   37 19.1 I  PE 874
 2013 09 03 03 43 59.3  22 23 24.8792 -10 47 00.125   29   37 19.4 I  PE 874
 2013 09 03 03 43 59.3  22 23 24.8792 -10 47 00.125   29   37 19.4 I  PE 874
 2013 09 03 03 47 04.3  22 23 24.8626 -10 47 00.081   29   37 19.2 I  PE 874
 2013 09 03 03 47 04.3  22 23 24.8626 -10 47 00.081   29   37 19.2 I  PE 874
 2013 09 03 03 50 09.2  22 23 24.8532 -10 47 00.221   29   37 19.1 I  PE 874
 2013 09 03 03 50 09.2  22 23 24.8532 -10 47 00.221   29   37 19.1 I  PE 874
 2013 09 03 03 53 14.1  22 23 24.8362 -10 47 00.218   29   37 19.1 I  PE 874
 2013 09 03 03 53 14.1  22 23 24.8362 -10 47 00.218   29   37 19.1 I  PE 874
 2013 09 03 03 56 19.1  22 23 24.8251 -10 47 00.378   29   37 19.1 I  PE 874
 2013 09 03 03 56 19.1  22 23 24.8251 -10 47 00.378   29   37 19.1 I  PE 874
 2013 09 03 03 59 24.0  22 23 24.8091 -10 47 00.429   29   37 19.0 I  PE 874
 2013 09 03 03 59 24.0  22 23 24.8091 -10 47 00.429   29   37 19.0 I  PE 874
 2014 07 03 07 31 55.7  22 37 18.0411 -09 28 42.274   24   19 19.3 I  PE 874
 2014 07 03 07 33 30.9  22 37 18.0378 -09 28 42.293   24   19 19.3 I  PE 874
 2014 07 03 07 36 41.4  22 37 18.0334 -09 28 42.330   24   19 19.4 I  PE 874
 2014 07 03 07 38 16.6  22 37 18.0289 -09 28 42.343   24   19 18.8 I  PE 874
 2014 07 03 07 39 51.8  22 37 18.0257 -09 28 42.389   24   19 19.2 I  PE 874
 2014 07 03 07 41 27.1  22 37 18.0226 -09 28 42.408   24   19 19.4 I  PE 874
 2014 07 03 07 43 02.3  22 37 18.0234 -09 28 42.450   24   19 18.8 I  PE 874
 2014 07 03 07 47 48.0  22 37 18.0136 -09 28 42.482   24   19 19.4 I  PE 874
 2014 07 03 07 52 33.7  22 37 18.0033 -09 28 42.548   24   19 19.3 I  PE 874
 2014 07 03 07 54 08.9  22 37 17.9973 -09 28 42.558   24   19 19.4 I  PE 874
 2014 07 03 07 55 44.2  22 37 17.9950 -09 28 42.554   24   19 19.2 I  PE 874
 2014 07 03 07 57 19.4  22 37 17.9967 -09 28 42.609   24   19 18.9 I  PE 874
 2014 07 03 07 58 54.6  22 37 17.9888 -09 28 42.598   24   19 19.2 I  PE 874
 2014 07 03 08 00 29.9  22 37 17.9879 -09 28 42.590   24   19 19.4 I  PE 874
 2014 07 03 08 02 05.1  22 37 17.9833 -09 28 42.619   24   19 19.5 I  PE 874
 2014 07 05 04 35 22.1  22 37 12.9646 -09 29 16.061   26   29 18.8 I  PE 874
 2014 07 05 04 36 57.4  22 37 12.9631 -09 29 16.092   26   29 19.1 I  PE 874
 2014 07 05 04 41 43.2  22 37 12.9550 -09 29 16.069   26   29 19.2 I  PE 874
 2014 07 05 04 43 18.4  22 37 12.9514 -09 29 16.142   26   29 19.1 I  PE 874
 2014 07 05 04 46 29.0  22 37 12.9410 -09 29 16.189   26   29 19.0 I  PE 874
 2014 07 05 04 49 39.5  22 37 12.9372 -09 29 16.262   26   29 19.4 I  PE 874
 2014 07 05 04 51 14.7  22 37 12.9348 -09 29 16.259   26   29 19.1 I  PE 874
 2014 07 05 04 54 25.2  22 37 12.9290 -09 29 16.280   26   29 18.9 I  PE 874
 2014 07 05 04 56 00.5  22 37 12.9246 -09 29 16.331   26   29 19.0 I  PE 874
 2014 07 05 04 57 35.8  22 37 12.9177 -09 29 16.359   26   29 19.1 I  PE 874
 2014 07 05 04 59 11.0  22 37 12.9151 -09 29 16.305   26   29 19.3 I  PE 874
 2014 07 05 05 00 46.3  22 37 12.9122 -09 29 16.398   26   29 19.0 I  PE 874
 2014 07 05 05 02 21.5  22 37 12.9093 -09 29 16.358   26   29 19.1 I  PE 874
 2014 07 05 05 03 56.8  22 37 12.9083 -09 29 16.393   26   29 19.0 I  PE 874
