 1998 08 16 23 55 23.6  23 52 07.9610 -02 08 55.619   45    6 18.2 R  OH 511
 1998 08 17 00 01 47.2  23 52 07.8877 -02 08 55.981   45    6 18.2 R  OH 511
 1998 08 17 00 08 11.1  23 52 07.8113 -02 08 56.334   45    6 18.2 R  OH 511
 1998 08 17 00 14 35.1  23 52 07.7348 -02 08 56.706   45    6 18.2 R  OH 511
 1998 08 17 00 20 58.5  23 52 07.6522 -02 08 57.073   45    6 18.2 R  OH 511
 1998 08 17 00 40 10.0  23 52 07.4237 -02 08 58.163   45    6 18.3 R  OH 511
 1998 08 17 00 46 33.7  23 52 07.3410 -02 08 58.530   45    6 18.2 R  OH 511
 1998 08 17 00 52 57.1  23 52 07.2618 -02 08 58.901   45    6 18.2 R  OH 511
 1998 12 15 17 38 13.1  23 22 41.6417 -05 42 39.409   76   42 18.7 R  OH 511
 1998 12 15 17 51 08.5  23 22 41.8307 -05 42 38.251   76   42 18.7 R  OH 511
 1998 12 15 17 59 11.2  23 22 41.9460 -05 42 37.577   76   42 18.4 R  OH 511
 1998 12 15 18 14 12.9  23 22 42.1792 -05 42 36.267   76   42 19.2 R  OH 511
 1998 12 15 18 22 15.8  23 22 42.2940 -05 42 35.627   76   42 18.5 R  OH 511
 1998 12 15 18 34 16.0  23 22 42.4704 -05 42 34.487   76   42 18.7 R  OH 511
 1998 12 15 18 42 18.1  23 22 42.5793 -05 42 33.902   76   42 18.8 R  OH 511
 1999 10 10 22 22 12.3  01 57 35.5431 +09 44 23.902  111   58 17.4 R  OH 511
 1999 10 10 22 30 06.4  01 57 35.3618 +09 44 22.880  111   58 17.8 R  OH 511
 1999 10 10 22 42 16.4  01 57 35.0842 +09 44 21.269  111   58 17.6 R  OH 511
 1999 10 10 22 52 01.5  01 57 34.8649 +09 44 19.998  111   58 17.6 R  OH 511
 1999 10 10 23 02 44.6  01 57 34.6153 +09 44 18.654  111   58 17.5 R  OH 511
 1999 10 10 23 09 07.5  01 57 34.4627 +09 44 17.761  111   58 17.0 R  OH 511
 1999 10 10 23 15 30.9  01 57 34.3305 +09 44 17.050  111   58 17.3 R  OH 511
 1999 10 10 23 21 54.1  01 57 34.1898 +09 44 16.252  111   58 16.9 R  OH 511
 1999 10 10 23 34 40.2  01 57 33.8714 +09 44 14.404  111   58 17.7 R  OH 511
 1999 10 14 23 21 57.5  01 55 23.1867 +09 31 49.254   43   66 17.8 R  OH 511
 1999 10 14 23 28 21.6  01 55 23.0382 +09 31 48.497   43   66 18.0 R  OH 511
 1999 10 14 23 37 54.3  01 55 22.8185 +09 31 47.352   43   66 18.0 R  OH 511
 1999 10 14 23 45 52.8  01 55 22.6309 +09 31 46.330   43   66 18.0 R  OH 511
 1999 10 14 23 52 16.2  01 55 22.4871 +09 31 45.476   43   66 17.9 R  OH 511
 1999 10 14 23 58 39.7  01 55 22.3314 +09 31 44.717   43   66 17.6 R  OH 511
 1999 10 15 00 11 27.0  01 55 22.0333 +09 31 43.099   43   66 18.0 R  OH 511
 1999 10 15 00 24 13.6  01 55 21.7353 +09 31 41.424   43   66 17.3 R  OH 511
 1999 10 15 00 30 39.4  01 55 21.5868 +09 31 40.515   43   66 17.9 R  OH 511
 1999 11 10 20 49 50.7  01 41 23.6992 +08 21 38.012   16   17 18.1 R  OH 511
 1999 11 10 20 57 58.3  01 41 23.5457 +08 21 37.428   16   17 18.2 R  OH 511
 1999 11 10 21 06 39.9  01 41 23.3816 +08 21 36.754   16   17 18.3 R  OH 511
 1999 11 10 21 11 22.4  01 41 23.2905 +08 21 36.390   16   17 18.3 R  OH 511
 1999 11 10 21 16 04.5  01 41 23.2053 +08 21 36.002   16   17 18.3 R  OH 511
 1999 11 10 21 20 46.4  01 41 23.1157 +08 21 35.642   16   17 18.3 R  OH 511
 1999 11 10 21 25 28.8  01 41 23.0257 +08 21 35.294   16   17 18.3 R  OH 511
 1999 12 01 22 50 14.2  01 34 29.7633 +08 00 19.452   95   76 18.2 R  OH 511
 1999 12 01 23 05 43.4  01 34 29.6246 +08 00 19.552   95   76 18.4 R  OH 511
 1999 12 01 23 10 25.4  01 34 29.5754 +08 00 19.483   95   76 18.2 R  OH 511
 1999 12 01 23 19 50.4  01 34 29.4984 +08 00 19.379   95   76 18.3 R  OH 511
 2000 12 22 18 39 51.0  04 08 51.4157 +20 13 54.800   56   21 17.6 R  OH 511
 2000 12 22 18 46 33.3  04 08 51.2796 +20 13 54.321   56   21 17.6 R  OH 511
 2000 12 22 18 55 47.9  04 08 51.0954 +20 13 53.683   56   21 17.4 R  OH 511
 2000 12 22 19 02 11.0  04 08 50.9725 +20 13 53.276   56   21 18.0 R  OH 511
 2000 12 22 19 08 34.7  04 08 50.8372 +20 13 52.822   56   21 17.8 R  OH 511
 2000 12 22 19 14 57.9  04 08 50.7148 +20 13 52.333   56   21 17.7 R  OH 511
 2001 11 21 01 35 15.9  07 07 15.3546 +21 56 26.660   27   22 18.3 R  OH 511
 2001 11 21 01 41 39.6  07 07 15.2549 +21 56 26.837   27   22 17.1 R  OH 511
 2001 11 21 01 48 03.9  07 07 15.1597 +21 56 26.943   27   22 18.0 R  OH 511
 2001 11 21 01 54 28.0  07 07 15.0638 +21 56 27.052   27   22 18.0 R  OH 511
 2001 11 22 00 48 48.6  07 06 54.7524 +21 56 54.467   39   26 18.1 R  OH 511
 2001 11 22 00 56 07.4  07 06 54.6403 +21 56 54.582   39   26 18.4 R  OH 511
 2001 11 22 01 02 32.2  07 06 54.5369 +21 56 54.776   39   26 18.1 R  OH 511
 2001 11 22 01 08 57.1  07 06 54.4467 +21 56 54.871   39   26 18.2 R  OH 511
 2001 11 22 01 15 21.4  07 06 54.3392 +21 56 55.000   39   26 18.0 R  OH 511
 2001 11 22 01 21 45.8  07 06 54.2425 +21 56 55.160   39   26 18.1 R  OH 511
 2001 11 22 01 28 10.5  07 06 54.1442 +21 56 55.266   39   26 18.2 R  OH 511
 2001 11 22 01 34 35.4  07 06 54.0470 +21 56 55.399   39   26 17.6 R  OH 511
 2001 11 22 01 40 59.4  07 06 53.9432 +21 56 55.591   39   26 18.2 R  OH 511
 2001 11 22 01 47 24.0  07 06 53.8438 +21 56 55.739   39   26 18.0 R  OH 511
 2001 12 19 02 00 57.5  06 52 34.1578 +22 21 00.914   46   24 17.9 R  OH 511
 2001 12 19 02 06 21.3  06 52 34.0121 +22 21 01.150   46   24 18.2 R  OH 511
 2001 12 19 02 11 45.1  06 52 33.8645 +22 21 01.461   46   24 18.0 R  OH 511
 2001 12 20 02 46 05.1  06 51 53.3814 +22 22 14.867   28   16 16.5 R  OH 511
 2001 12 20 02 56 52.8  06 51 53.0795 +22 22 15.405   28   16 17.4 R  OH 511
 2001 12 20 03 02 16.5  06 51 52.9315 +22 22 15.629   28   16 17.6 R  OH 511
 2001 12 20 03 07 40.6  06 51 52.7757 +22 22 15.919   28   16 17.5 R  OH 511
 2002 01 08 21 03 18.1  06 38 34.1482 +22 47 21.352   47   25 17.8 R  OH 511
 2002 01 08 21 10 13.9  06 38 33.9604 +22 47 21.716   47   25 18.2 R  OH 511
 2002 01 08 21 16 16.9  06 38 33.7960 +22 47 22.115   47   25 17.9 R  OH 511
 2002 01 08 21 22 19.8  06 38 33.6297 +22 47 22.403   47   25 18.0 R  OH 511
 2002 01 08 21 28 22.8  06 38 33.4566 +22 47 22.757   47   25 18.0 R  OH 511
 2002 01 08 21 34 26.1  06 38 33.2860 +22 47 23.067   47   25 18.1 R  OH 511
 2002 01 08 21 46 32.5  06 38 32.9500 +22 47 23.755   47   25 17.9 R  OH 511
 2002 01 08 21 52 36.0  06 38 32.7896 +22 47 24.102   47   25 18.3 R  OH 511
 2002 01 08 21 58 39.5  06 38 32.6217 +22 47 24.417   47   25 17.9 R  OH 511
 2002 01 08 22 04 43.2  06 38 32.4533 +22 47 24.707   47   25 17.7 R  OH 511
 2003 03 24 23 16 21.1  08 47 01.7405 +18 28 39.201   60   26 18.3 R  OH 511
 2003 03 24 23 27 08.0  08 47 01.6634 +18 28 39.325   60   26 18.4 R  OH 511
 2003 03 24 23 37 55.2  08 47 01.5799 +18 28 39.360   60   26 18.3 R  OH 511
