 2007 04 18 04 16 34.9  17 17 42.3919 -22 45 26.851   18   21 17.7 U  Z  874
 2007 04 18 04 17 38.3  17 17 42.3842 -22 45 26.907   18   21 17.7 U  Z  874
 2007 04 18 04 18 41.0  17 17 42.3778 -22 45 26.923   18   21 17.7 U  Z  874
 2007 04 18 04 19 44.5  17 17 42.3747 -22 45 26.912   18   21 17.7 U  Z  874
 2007 04 18 04 20 48.9  17 17 42.3672 -22 45 26.982   18   21 17.7 U  Z  874
 2007 04 18 04 21 52.4  17 17 42.3581 -22 45 26.995   18   21 17.7 U  Z  874
 2007 04 18 04 22 55.0  17 17 42.3543 -22 45 26.981   18   21 17.7 U  Z  874
 2007 04 18 04 23 58.5  17 17 42.3469 -22 45 27.005   18   21 17.7 U  Z  874
 2007 04 18 04 25 02.9  17 17 42.3405 -22 45 27.041   18   21 17.7 U  Z  874
 2007 04 18 04 26 06.4  17 17 42.3338 -22 45 27.014   18   21 17.7 U  Z  874
