 1998 08 19 23 28 05.4  23 48 01.8308 -02 34 43.230   73   35 18.6 R  OH 511
 1998 08 19 23 45 21.2  23 48 01.5183 -02 34 44.933   73   35 19.0 R  OH 511
 1998 08 19 23 50 03.1  23 48 01.4285 -02 34 45.491   73   35 19.2 R  OH 511
 1998 08 19 23 54 45.4  23 48 01.3449 -02 34 45.973   73   35 19.6 R  OH 511
 1998 08 19 23 59 28.9  23 48 01.2556 -02 34 46.476   73   35 18.8 R  OH 511
 1998 09 30 21 51 01.7  23 25 55.2338 -04 43 12.443   52   50 18.6 V  OH 511
 1998 09 30 22 07 15.7  23 25 54.8858 -04 43 14.536   52   50 18.3 V  OH 511
 1998 09 30 22 11 58.3  23 25 54.7868 -04 43 15.125   52   50 18.5 V  OH 511
 1998 09 30 22 16 40.8  23 25 54.6853 -04 43 15.733   52   50 18.2 V  OH 511
 1998 09 30 22 21 23.5  23 25 54.5825 -04 43 16.309   52   50 18.5 V  OH 511
 1998 09 30 22 30 47.8  23 25 54.3856 -04 43 17.408   52   50 18.5 V  OH 511
 1998 09 30 22 35 30.0  23 25 54.2754 -04 43 18.030   52   50 18.6 V  OH 511
 1998 09 30 22 40 41.5  23 25 54.1733 -04 43 18.730   52   50 18.5 V  OH 511
 1998 09 30 22 45 23.5  23 25 54.0742 -04 43 19.297   52   50 18.4 V  OH 511
 1998 09 30 22 50 05.4  23 25 53.9661 -04 43 19.954   52   50 18.4 V  OH 511
 1998 09 30 22 54 47.8  23 25 53.8631 -04 43 20.403   52   50 18.2 V  OH 511
 1998 09 30 22 59 29.7  23 25 53.7667 -04 43 21.181   52   50 18.2 V  OH 511
 1998 09 30 23 04 12.4  23 25 53.6577 -04 43 21.711   52   50 18.4 V  OH 511
 1998 09 30 23 08 55.1  23 25 53.5620 -04 43 22.224   52   50 18.5 V  OH 511
 1999 10 10 03 14 29.7  02 09 51.1824 +10 11 10.159   51   14 18.6 R  OH 511
 1999 10 10 03 22 47.7  02 09 51.0076 +10 11 09.244   51   14 18.6 R  OH 511
 1999 10 10 03 33 32.2  02 09 50.7808 +10 11 08.109   51   14 18.6 R  OH 511
 1999 10 10 03 40 29.3  02 09 50.6370 +10 11 07.351   51   14 18.6 R  OH 511
 1999 10 10 03 54 55.2  02 09 50.3330 +10 11 05.789   51   14 18.6 R  OH 511
 1999 10 10 04 03 34.1  02 09 50.1397 +10 11 04.852   51   14 18.5 R  OH 511
 1999 10 10 04 11 13.8  02 09 49.9837 +10 11 04.001   51   14 18.5 R  OH 511
 1999 10 11 02 43 20.6  02 09 21.6153 +10 08 38.948   42   57 18.7 R  OH 511
 1999 10 11 02 50 03.7  02 09 21.4755 +10 08 38.145   42   57 18.5 R  OH 511
 1999 10 11 03 02 15.5  02 09 21.2118 +10 08 36.817   42   57 18.6 R  OH 511
 1999 10 11 03 08 42.9  02 09 21.0683 +10 08 36.089   42   57 18.7 R  OH 511
 1999 10 11 03 21 48.1  02 09 20.7929 +10 08 34.688   42   57 18.4 R  OH 511
 1999 10 11 03 26 49.0  02 09 20.6845 +10 08 34.112   42   57 18.4 R  OH 511
 1999 10 11 03 33 03.7  02 09 20.5474 +10 08 33.375   42   57 18.5 R  OH 511
 1999 10 11 03 37 58.7  02 09 20.4490 +10 08 32.863   42   57 18.4 R  OH 511
 1999 10 11 03 41 23.7  02 09 20.3741 +10 08 32.463   42   57 18.3 R  OH 511
 1999 10 15 22 56 23.9  02 06 50.9179 +09 55 56.510   97   42 18.5 R  OH 511
 1999 10 15 23 01 47.7  02 06 50.7847 +09 55 55.915   97   42 18.5 R  OH 511
 1999 10 15 23 11 08.4  02 06 50.5760 +09 55 54.807   97   42 18.7 R  OH 511
 1999 10 15 23 52 05.5  02 06 49.6562 +09 55 50.349   97   42 18.5 R  OH 511
 1999 10 16 00 00 54.4  02 06 49.4550 +09 55 49.381   97   42 18.4 R  OH 511
 1999 10 16 00 09 35.6  02 06 49.2567 +09 55 48.391   97   42 18.4 R  OH 511
 1999 10 16 00 17 00.1  02 06 49.1060 +09 55 47.676   97   42 18.3 R  OH 511
 1999 10 16 00 42 30.3  02 06 48.5113 +09 55 44.742   97   42 18.5 R  OH 511
 1999 11 09 21 26 07.2  01 53 25.8715 +08 52 17.056  114   86 18.6 R  OH 511
 1999 11 09 21 38 14.3  01 53 25.6170 +08 52 15.768  114   86 18.7 R  OH 511
 1999 11 09 21 52 06.3  01 53 25.3082 +08 52 14.426  114   86 18.7 R  OH 511
 1999 11 09 22 05 58.2  01 53 25.0015 +08 52 13.131  114   86 18.7 R  OH 511
 1999 11 09 22 19 50.0  01 53 24.7215 +08 52 11.884  114   86 18.7 R  OH 511
 1999 11 10 23 57 20.5  01 52 52.4565 +08 49 49.737   28   40 18.0 R  OH 511
 1999 11 11 00 02 23.3  01 52 52.3494 +08 49 49.308   28   40 18.2 R  OH 511
 1999 11 11 00 11 26.5  01 52 52.1572 +08 49 48.496   28   40 18.0 R  OH 511
 1999 11 11 00 17 50.1  01 52 52.0256 +08 49 47.912   28   40 18.1 R  OH 511
 1999 11 11 00 24 13.5  01 52 51.8839 +08 49 47.263   28   40 18.0 R  OH 511
 1999 11 11 00 30 36.5  01 52 51.7495 +08 49 46.791   28   40 18.1 R  OH 511
 1999 11 11 00 37 00.3  01 52 51.6149 +08 49 46.102   28   40 18.1 R  OH 511
 1999 11 11 00 43 24.5  01 52 51.4819 +08 49 45.584   28   40 18.0 R  OH 511
 1999 11 11 00 49 48.1  01 52 51.3467 +08 49 45.015   28   40 18.0 R  OH 511
 1999 11 11 01 02 35.3  01 52 51.0730 +08 49 43.795   28   40 18.1 R  OH 511
 1999 11 11 01 08 58.7  01 52 50.9407 +08 49 43.234   28   40 18.0 R  OH 511
 1999 11 29 22 56 16.4  01 44 50.2028 +08 17 47.723   37   40 19.2 R  OH 511
 1999 11 29 23 00 29.2  01 44 50.1392 +08 17 47.431   37   40 19.0 R  OH 511
 1999 11 29 23 10 54.5  01 44 49.9867 +08 17 47.014   37   40 18.9 R  OH 511
 1999 11 29 23 17 18.2  01 44 49.9001 +08 17 46.659   37   40 18.9 R  OH 511
 1999 11 29 23 23 41.4  01 44 49.8093 +08 17 46.371   37   40 18.8 R  OH 511
 1999 11 29 23 30 04.1  01 44 49.7164 +08 17 46.149   37   40 18.9 R  OH 511
 1999 11 29 23 36 27.5  01 44 49.6268 +08 17 45.763   37   40 18.9 R  OH 511
 1999 11 29 23 42 51.4  01 44 49.5327 +08 17 45.519   37   40 19.0 R  OH 511
 1999 11 30 20 26 42.9  01 44 32.6017 +08 16 49.802   49   49 18.6 R  OH 511
 1999 11 30 20 30 39.1  01 44 32.5443 +08 16 49.488   49   49 17.5 R  OH 511
 1999 11 30 20 39 26.3  01 44 32.4213 +08 16 49.179   49   49 18.4 R  OH 511
 1999 11 30 20 55 30.9  01 44 32.2058 +08 16 48.520   49   49 18.6 R  OH 511
 1999 11 30 21 03 32.9  01 44 32.0924 +08 16 48.144   49   49 18.6 R  OH 511
 1999 11 30 21 11 34.8  01 44 31.9810 +08 16 47.813   49   49 18.6 R  OH 511
 1999 12 01 20 08 41.4  01 44 13.7643 +08 15 49.739   80   55 18.7 R  OH 511
 1999 12 01 20 12 38.4  01 44 13.7184 +08 15 49.487   80   55 18.7 R  OH 511
 1999 12 01 20 21 24.0  01 44 13.5988 +08 15 49.243   80   55 18.8 R  OH 511
 1999 12 01 20 29 26.0  01 44 13.4954 +08 15 48.945   80   55 18.8 R  OH 511
 1999 12 01 20 37 28.7  01 44 13.3951 +08 15 48.635   80   55 18.8 R  OH 511
 1999 12 01 20 45 30.7  01 44 13.2756 +08 15 48.306   80   55 18.8 R  OH 511
 1999 12 01 20 53 33.0  01 44 13.1680 +08 15 47.921   80   55 18.9 R  OH 511
 1999 12 06 23 37 11.8  01 42 46.4135 +08 11 43.821   73   31 18.9 R  OH 511
 1999 12 06 23 44 35.2  01 42 46.3420 +08 11 43.699   73   31 18.9 R  OH 511
 1999 12 06 23 51 57.4  01 42 46.2617 +08 11 43.447   73   31 18.8 R  OH 511
 1999 12 07 00 06 44.6  01 42 46.0941 +08 11 43.076   73   31 18.9 R  OH 511
 1999 12 07 19 19 24.3  01 42 34.3338 +08 11 15.296   31    6 18.7 R  OH 511
 1999 12 07 19 34 49.5  01 42 34.1697 +08 11 14.958   31    6 18.9 R  OH 511
 1999 12 07 19 46 12.6  01 42 34.0543 +08 11 14.698   31    6 18.8 R  OH 511
 1999 12 07 19 57 38.0  01 42 33.9340 +08 11 14.428   31    6 18.8 R  OH 511
 1999 12 07 20 09 03.5  01 42 33.8133 +08 11 14.178   31    6 18.9 R  OH 511
 1999 12 07 20 31 48.3  01 42 33.5728 +08 11 13.652   31    6 18.7 R  OH 511
 1999 12 07 20 43 11.7  01 42 33.4577 +08 11 13.400   31    6 18.8 R  OH 511
 2001 11 21 00 16 34.9  06 58 11.4517 +22 37 41.476   33   18 19.2 R  OH 511
 2001 11 21 00 29 11.3  06 58 11.3090 +22 37 42.016   33   18 18.9 R  OH 511
 2001 11 21 00 37 14.9  06 58 11.2124 +22 37 42.418   33   18 18.9 R  OH 511
 2001 11 21 00 45 18.3  06 58 11.1161 +22 37 42.787   33   18 18.9 R  OH 511
 2001 11 21 00 53 22.0  06 58 11.0253 +22 37 43.147   33   18 19.0 R  OH 511
 2001 11 21 01 01 25.6  06 58 10.9313 +22 37 43.489   33   18 18.9 R  OH 511
 2001 11 21 01 12 54.1  06 58 10.8027 +22 37 43.994   33   18 18.9 R  OH 511
 2001 11 22 02 41 52.1  06 57 53.2350 +22 38 52.439   32   10 18.9 R  OH 511
 2001 11 22 02 49 42.7  06 57 53.1340 +22 38 52.765   32   10 18.9 R  OH 511
 2001 11 22 02 58 07.5  06 57 53.0357 +22 38 53.143   32   10 18.9 R  OH 511
 2001 11 22 03 06 30.4  06 57 52.9333 +22 38 53.522   32   10 18.8 R  OH 511
 2001 11 22 03 14 55.6  06 57 52.8288 +22 38 53.907   32   10 18.9 R  OH 511
 2001 11 22 03 23 21.8  06 57 52.7270 +22 38 54.290   32   10 18.9 R  OH 511
 2001 11 22 03 31 47.1  06 57 52.6207 +22 38 54.649   32   10 18.9 R  OH 511
 2001 11 22 03 40 12.1  06 57 52.5189 +22 38 55.026   32   10 18.9 R  OH 511
 2001 11 22 03 48 37.6  06 57 52.4213 +22 38 55.413   32   10 19.0 R  OH 511
 2001 12 18 01 24 48.2  06 47 05.7034 +23 11 23.299   54   17 18.4 R  OH 511
 2001 12 18 01 32 47.5  06 47 05.5399 +23 11 23.677   54   17 18.5 R  OH 511
 2001 12 18 01 41 12.1  06 47 05.3507 +23 11 24.145   54   17 18.8 R  OH 511
 2001 12 18 01 49 37.7  06 47 05.1621 +23 11 24.618   54   17 18.8 R  OH 511
 2001 12 18 01 58 02.1  06 47 04.9805 +23 11 25.084   54   17 18.7 R  OH 511
 2001 12 18 02 06 27.8  06 47 04.7897 +23 11 25.556   54   17 18.7 R  OH 511
 2001 12 18 02 15 03.6  06 47 04.5967 +23 11 26.007   54   17 18.8 R  OH 511
 2001 12 18 02 23 28.3  06 47 04.4187 +23 11 26.458   54   17 18.7 R  OH 511
 2001 12 18 02 31 53.6  06 47 04.2290 +23 11 26.929   54   17 18.7 R  OH 511
 2001 12 18 02 40 19.0  06 47 04.0469 +23 11 27.367   54   17 18.7 R  OH 511
 2001 12 21 01 35 06.1  06 45 30.8610 +23 15 22.036   88   71 18.5 R  OH 511
 2001 12 21 01 43 49.7  06 45 30.6609 +23 15 22.591   88   71 18.6 R  OH 511
 2001 12 21 01 52 32.9  06 45 30.4775 +23 15 22.905   88   71 18.8 R  OH 511
 2001 12 21 02 01 16.5  06 45 30.2672 +23 15 23.389   88   71 18.6 R  OH 511
 2001 12 21 22 29 38.0  06 45 03.0855 +23 16 30.810   46   27 18.8 R  OH 511
 2001 12 21 22 37 41.9  06 45 02.9024 +23 16 31.253   46   27 18.6 R  OH 511
 2001 12 21 22 45 45.4  06 45 02.7264 +23 16 31.650   46   27 18.4 R  OH 511
 2001 12 21 22 53 48.2  06 45 02.5400 +23 16 32.135   46   27 18.6 R  OH 511
 2002 01 10 00 34 37.7  06 34 45.9685 +23 39 39.886   78   22 18.3 R  OH 511
 2002 01 10 00 43 28.7  06 34 45.7814 +23 39 40.230   78   22 18.7 R  OH 511
 2002 01 10 00 51 31.9  06 34 45.6039 +23 39 40.610   78   22 18.6 R  OH 511
 2002 01 10 00 59 35.7  06 34 45.4234 +23 39 40.948   78   22 18.6 R  OH 511
 2002 01 10 01 07 39.1  06 34 45.2377 +23 39 41.265   78   22 18.7 R  OH 511
 2002 01 10 01 15 42.8  06 34 45.0764 +23 39 41.615   78   22 18.6 R  OH 511
 2002 01 11 21 24 27.9  06 33 48.7379 +23 41 37.969  102   53 18.2 R  OH 511
 2002 01 11 21 33 04.0  06 33 48.5612 +23 41 38.283  102   53 18.7 R  OH 511
 2002 01 11 21 42 47.9  06 33 48.3354 +23 41 38.842  102   53 18.6 R  OH 511
 2002 01 11 21 52 31.5  06 33 48.1257 +23 41 39.246  102   53 18.7 R  OH 511
 2002 01 11 22 02 14.6  06 33 47.9131 +23 41 39.678  102   53 18.5 R  OH 511
 2002 01 11 22 11 57.9  06 33 47.7042 +23 41 40.128  102   53 18.5 R  OH 511
 2002 02 07 22 32 07.3  06 23 31.1166 +24 01 59.162   76   92 19.0 R  OH 511
 2002 02 07 22 40 11.0  06 23 31.0286 +24 01 59.505   76   92 19.0 R  OH 511
 2002 02 07 22 48 14.6  06 23 30.9582 +24 01 59.534   76   92 18.9 R  OH 511
 2002 02 07 22 56 17.6  06 23 30.8873 +24 01 59.601   76   92 18.9 R  OH 511
