 1998 08 12 00 42 03.2  02 10 44.4602 +10 30 15.309   21   25 16.7 R  OH 511
 1998 08 12 00 46 25.7  02 10 44.4672 +10 30 15.300   21   25 16.3 R  OH 511
 1998 08 12 00 50 48.7  02 10 44.4772 +10 30 15.272   21   25 16.3 R  OH 511
 1998 08 12 00 55 11.0  02 10 44.4867 +10 30 15.266   21   25 16.7 R  OH 511
 1998 08 12 01 08 18.5  02 10 44.5141 +10 30 15.267   21   25 16.6 R  OH 511
 1998 08 12 01 12 41.0  02 10 44.5240 +10 30 15.316   21   25 16.6 R  OH 511
 1998 08 12 01 17 03.2  02 10 44.5292 +10 30 15.339   21   25 16.4 R  OH 511
 1998 08 12 01 21 25.4  02 10 44.5372 +10 30 15.329   21   25 16.6 R  OH 511
 1998 08 15 00 33 38.1  02 10 51.8586 +10 30 06.744   21   36 16.7 R  OH 511
 1998 08 15 00 43 29.9  02 10 51.8678 +10 30 06.739   21   36 16.6 R  OH 511
 1998 08 15 00 50 20.6  02 10 51.8766 +10 30 06.728   21   36 16.7 R  OH 511
 1998 08 15 00 54 43.5  02 10 51.8813 +10 30 06.658   21   36 16.7 R  OH 511
 1998 08 15 00 59 05.9  02 10 51.8850 +10 30 06.695   21   36 16.6 R  OH 511
 1998 08 15 01 03 28.6  02 10 51.8926 +10 30 06.627   21   36 16.6 R  OH 511
 1998 08 15 01 12 13.6  02 10 51.8993 +10 30 06.566   21   36 16.7 R  OH 511
 1998 08 15 01 16 35.9  02 10 51.9084 +10 30 06.569   21   36 16.7 R  OH 511
 1998 08 15 01 20 58.3  02 10 51.9095 +10 30 06.498   21   36 16.7 R  OH 511
 1998 08 15 01 39 41.1  02 10 51.9315 +10 30 06.523   21   36 16.6 R  OH 511
 1998 08 16 02 05 52.3  02 10 53.5756 +10 29 59.085   16   34 16.6 R  OH 511
 1998 08 16 02 13 50.7  02 10 53.5851 +10 29 59.046   16   34 16.6 R  OH 511
 1998 08 16 02 27 57.8  02 10 53.5941 +10 29 59.065   16   34 16.8 R  OH 511
 1998 08 16 02 32 39.9  02 10 53.5981 +10 29 58.951   16   34 16.6 R  OH 511
 1998 08 16 02 37 22.9  02 10 53.6031 +10 29 58.967   16   34 16.6 R  OH 511
 1998 08 16 02 42 04.6  02 10 53.6069 +10 29 58.912   16   34 16.6 R  OH 511
 1998 08 16 02 51 28.7  02 10 53.6148 +10 29 58.844   16   34 16.6 R  OH 511
 1998 08 16 02 56 11.2  02 10 53.6173 +10 29 58.845   16   34 16.6 R  OH 511
 1998 08 16 03 03 16.9  02 10 53.6226 +10 29 58.827   16   34 16.6 R  OH 511
 1998 08 17 02 00 38.6  02 10 54.7833 +10 29 49.693    5   22 16.5 R  OH 511
 1998 08 17 02 09 37.4  02 10 54.7876 +10 29 49.659    5   22 16.4 R  OH 511
 1998 08 17 02 20 50.9  02 10 54.7928 +10 29 49.583    5   22 16.5 R  OH 511
 1998 08 17 02 24 13.0  02 10 54.7950 +10 29 49.572    5   22 16.4 R  OH 511
 1998 08 17 02 27 35.6  02 10 54.7969 +10 29 49.551    5   22 16.5 R  OH 511
 1998 08 17 02 30 58.3  02 10 54.7977 +10 29 49.522    5   22 16.5 R  OH 511
 1998 08 17 02 34 21.1  02 10 54.7998 +10 29 49.509    5   22 16.5 R  OH 511
 1998 08 17 02 37 43.2  02 10 54.8018 +10 29 49.506    5   22 16.5 R  OH 511
 1998 08 19 02 47 51.5  02 10 55.9140 +10 29 23.859   27   15 16.6 R  OH 511
 1998 08 19 02 53 29.5  02 10 55.9141 +10 29 23.836   27   15 16.5 R  OH 511
 1998 08 19 03 03 54.1  02 10 55.9156 +10 29 23.714   27   15 16.5 R  OH 511
 1998 08 19 03 08 16.9  02 10 55.9171 +10 29 23.648   27   15 16.5 R  OH 511
 1998 08 19 03 12 39.5  02 10 55.9167 +10 29 23.612   27   15 16.5 R  OH 511
 1998 08 19 03 17 50.8  02 10 55.9130 +10 29 23.554   27   15 16.5 R  OH 511
 1998 08 19 03 21 13.3  02 10 55.9151 +10 29 23.544   27   15 16.5 R  OH 511
 1998 08 19 03 24 35.2  02 10 55.9140 +10 29 23.491   27   15 16.5 R  OH 511
 1998 08 19 03 27 57.8  02 10 55.9129 +10 29 23.431   27   15 16.5 R  OH 511
 1998 08 19 03 31 20.1  02 10 55.9117 +10 29 23.418   27   15 16.5 R  OH 511
 1998 08 20 03 19 21.7  02 10 55.8440 +10 29 07.533   18   14 16.5 R  OH 511
 1998 08 20 03 28 07.6  02 10 55.8412 +10 29 07.406   18   14 16.5 R  OH 511
 1998 08 20 03 32 31.6  02 10 55.8391 +10 29 07.359   18   14 16.6 R  OH 511
 1998 08 20 03 36 53.8  02 10 55.8397 +10 29 07.287   18   14 16.6 R  OH 511
 1998 08 20 03 41 16.8  02 10 55.8349 +10 29 07.269   18   14 16.5 R  OH 511
 1998 08 20 03 45 39.2  02 10 55.8327 +10 29 07.222   18   14 16.5 R  OH 511
 1998 08 20 03 50 01.5  02 10 55.8333 +10 29 07.162   18   14 16.5 R  OH 511
 1998 09 06 01 44 32.3  02 09 52.5972 +10 19 23.076   12   22 16.5 R  OH 511
 1998 09 06 01 55 23.2  02 09 52.5420 +10 19 22.658   12   22 16.5 R  OH 511
 1998 09 06 02 01 46.2  02 09 52.5094 +10 19 22.473   12   22 16.5 R  OH 511
 1998 09 06 02 08 09.2  02 09 52.4765 +10 19 22.220   12   22 16.5 R  OH 511
 1998 09 06 02 14 33.2  02 09 52.4455 +10 19 21.990   12   22 16.5 R  OH 511
 1998 09 06 02 20 56.3  02 09 52.4107 +10 19 21.733   12   22 16.5 R  OH 511
 1998 09 09 02 36 56.7  02 09 29.3491 +10 16 39.273   48   34 16.3 R  OH 511
 1998 09 09 02 42 03.8  02 09 29.3189 +10 16 39.067   48   34 16.3 R  OH 511
 1998 09 09 02 47 08.9  02 09 29.2908 +10 16 38.852   48   34 16.4 R  OH 511
 1998 09 09 02 52 23.4  02 09 29.2546 +10 16 38.631   48   34 16.4 R  OH 511
 1998 09 09 02 57 54.1  02 09 29.2186 +10 16 38.502   48   34 16.4 R  OH 511
 1998 09 10 02 42 31.0  02 09 20.9131 +10 15 41.417   22   10 16.2 R  OH 511
 1998 09 10 02 50 45.1  02 09 20.8633 +10 15 41.064   22   10 16.3 R  OH 511
 1998 09 10 02 55 47.0  02 09 20.8327 +10 15 40.868   22   10 16.5 R  OH 511
 1998 09 10 03 00 49.7  02 09 20.7980 +10 15 40.673   22   10 16.3 R  OH 511
 1998 09 10 03 05 52.0  02 09 20.7676 +10 15 40.475   22   10 16.1 R  OH 511
 1998 12 15 21 10 06.0  01 46 10.8176 +08 11 30.630   36   22 16.6 R  OH 511
 1998 12 15 21 18 54.4  01 46 10.7708 +08 11 30.507   36   22 16.8 R  OH 511
 1998 12 15 21 26 40.2  01 46 10.7325 +08 11 30.374   36   22 16.8 R  OH 511
 1998 12 15 21 31 02.5  01 46 10.7119 +08 11 30.332   36   22 16.8 R  OH 511
 1998 12 15 21 35 25.0  01 46 10.6898 +08 11 30.253   36   22 16.8 R  OH 511
 1998 12 15 21 39 48.0  01 46 10.6696 +08 11 30.204   36   22 16.8 R  OH 511
 1998 12 15 21 44 10.9  01 46 10.6485 +08 11 30.112   36   22 16.8 R  OH 511
 1998 12 15 21 48 32.8  01 46 10.6307 +08 11 30.088   36   22 16.5 R  OH 511
 1998 12 15 21 52 55.8  01 46 10.6100 +08 11 29.992   36   22 16.6 R  OH 511
 1998 12 15 21 57 18.3  01 46 10.5905 +08 11 29.949   36   22 16.5 R  OH 511
 1998 12 15 22 01 40.7  01 46 10.5702 +08 11 29.897   36   22 16.8 R  OH 511
 1998 12 15 22 06 03.8  01 46 10.5437 +08 11 29.782   36   22 16.7 R  OH 511
 1998 12 16 20 32 20.5  01 46 04.5306 +08 11 10.197   47   16 16.7 R  OH 511
 1998 12 16 20 38 16.7  01 46 04.4988 +08 11 10.070   47   16 16.4 R  OH 511
 1998 12 16 20 42 58.5  01 46 04.4752 +08 11 10.024   47   16 16.4 R  OH 511
 1998 12 16 20 47 40.8  01 46 04.4616 +08 11 09.973   47   16 16.7 R  OH 511
 1998 12 16 20 52 22.9  01 46 04.4335 +08 11 09.881   47   16 16.8 R  OH 511
 1998 12 16 20 57 05.7  01 46 04.4127 +08 11 09.817   47   16 16.7 R  OH 511
 1998 12 16 21 01 48.2  01 46 04.3895 +08 11 09.755   47   16 16.4 R  OH 511
 1998 12 17 20 53 39.6  01 45 58.3503 +08 10 51.217   21   30 16.4 R  OH 511
 1998 12 17 21 00 43.6  01 45 58.3179 +08 10 51.115   21   30 16.3 R  OH 511
 1998 12 17 21 03 05.7  01 45 58.3094 +08 10 51.109   21   30 16.4 R  OH 511
 1998 12 17 21 07 50.5  01 45 58.2913 +08 10 51.042   21   30 16.4 R  OH 511
 1998 12 17 21 12 35.8  01 45 58.2677 +08 10 50.932   21   30 16.4 R  OH 511
 1998 12 17 21 14 58.4  01 45 58.2569 +08 10 50.912   21   30 16.4 R  OH 511
 1998 12 17 21 17 20.7  01 45 58.2503 +08 10 50.903   21   30 16.5 R  OH 511
 1998 12 17 21 19 42.4  01 45 58.2381 +08 10 50.830   21   30 16.3 R  OH 511
 1998 12 17 21 22 05.4  01 45 58.2287 +08 10 50.798   21   30 16.4 R  OH 511
 1999 10 09 03 42 53.7  02 55 20.0766 +13 58 57.638   12   24 16.1 R  OH 511
 1999 10 09 03 49 55.0  02 55 20.0088 +13 58 57.305   12   24 16.3 R  OH 511
 1999 10 09 03 57 52.3  02 55 19.9298 +13 58 56.980   12   24 16.2 R  OH 511
 1999 10 09 04 04 10.7  02 55 19.8698 +13 58 56.693   12   24 16.1 R  OH 511
 1999 10 09 04 09 20.5  02 55 19.8207 +13 58 56.469   12   24 16.2 R  OH 511
 1999 10 09 04 14 09.2  02 55 19.7748 +13 58 56.267   12   24 16.2 R  OH 511
 1999 10 09 04 18 50.8  02 55 19.7294 +13 58 56.067   12   24 16.2 R  OH 511
 1999 10 11 03 47 29.7  02 54 52.2193 +13 56 46.841   13    9 16.1 R  OH 511
 1999 10 11 03 53 00.2  02 54 52.1630 +13 56 46.581   13    9 16.1 R  OH 511
 1999 10 11 04 01 34.9  02 54 52.0771 +13 56 46.189   13    9 16.2 R  OH 511
 1999 10 11 04 05 50.1  02 54 52.0340 +13 56 45.991   13    9 16.1 R  OH 511
 1999 10 11 04 09 14.6  02 54 52.0021 +13 56 45.837   13    9 16.1 R  OH 511
 1999 10 11 04 12 43.7  02 54 51.9652 +13 56 45.685   13    9 16.1 R  OH 511
 1999 10 11 04 16 16.0  02 54 51.9310 +13 56 45.519   13    9 16.1 R  OH 511
 1999 10 11 04 23 15.3  02 54 51.8596 +13 56 45.201   13    9 16.2 R  OH 511
 1999 10 14 00 20 57.1  02 54 10.8403 +13 53 34.845   38   25 15.1 R  OH 511
 1999 10 14 00 25 39.7  02 54 10.7931 +13 53 34.609   38   25 16.3 R  OH 511
 1999 10 14 00 31 46.9  02 54 10.7293 +13 53 34.269   38   25 16.2 R  OH 511
 1999 10 14 00 36 54.0  02 54 10.6779 +13 53 34.067   38   25 16.2 R  OH 511
 1999 10 14 00 41 17.4  02 54 10.6327 +13 53 33.870   38   25 16.1 R  OH 511
 1999 11 11 01 20 19.1  02 46 21.0059 +13 19 26.744   32   37 16.0 R  OH 511
 1999 11 11 01 22 01.5  02 46 20.9792 +13 19 26.695   32   37 16.0 R  OH 511
 1999 11 11 01 23 43.6  02 46 20.9626 +13 19 26.549   32   37 15.9 R  OH 511
 1999 11 11 01 25 25.6  02 46 20.9414 +13 19 26.550   32   37 15.8 R  OH 511
 1999 11 11 01 27 07.8  02 46 20.9191 +13 19 26.383   32   37 15.9 R  OH 511
 2000 11 24 21 28 23.7  03 39 32.8220 +17 06 16.209   12    8 16.0 R  OH 511
 2000 11 24 21 31 26.6  03 39 32.7768 +17 06 16.054   12    8 15.9 R  OH 511
 2000 11 24 21 34 28.9  03 39 32.7306 +17 06 15.916   12    8 16.0 R  OH 511
 2000 11 24 21 37 31.5  03 39 32.6867 +17 06 15.785   12    8 15.9 R  OH 511
 2000 11 24 21 40 33.4  03 39 32.6428 +17 06 15.655   12    8 15.9 R  OH 511
 2000 11 24 21 43 35.7  03 39 32.5991 +17 06 15.527   12    8 15.9 R  OH 511
 2000 11 24 21 46 38.3  03 39 32.5544 +17 06 15.376   12    8 15.8 R  OH 511
 2000 11 27 22 52 27.0  03 38 29.9087 +17 02 58.334   49   29 16.1 R  OH 511
 2000 11 27 22 56 50.5  03 38 29.8460 +17 02 58.121   49   29 16.1 R  OH 511
 2000 11 27 22 59 52.4  03 38 29.8092 +17 02 58.038   49   29 16.1 R  OH 511
 2000 11 27 23 28 20.1  03 38 29.3931 +17 02 56.782   49   29 16.2 R  OH 511
 2000 11 28 21 41 46.9  03 38 10.5603 +17 01 57.828   37   39 16.0 R  OH 511
 2000 11 28 21 59 43.0  03 38 10.3092 +17 01 57.130   37   39 16.2 R  OH 511
 2000 11 28 22 07 04.1  03 38 10.2004 +17 01 56.698   37   39 16.6 R  OH 511
 2000 11 28 22 10 06.3  03 38 10.1609 +17 01 56.659   37   39 16.2 R  OH 511
 2000 11 28 22 13 08.6  03 38 10.1157 +17 01 56.490   37   39 16.2 R  OH 511
 2000 11 28 22 16 11.1  03 38 10.0747 +17 01 56.331   37   39 16.2 R  OH 511
 2000 11 28 22 19 13.2  03 38 10.0295 +17 01 56.216   37   39 16.2 R  OH 511
 2000 12 21 18 35 01.4  03 31 18.7744 +16 41 43.459   22   45 15.5 R  OH 511
 2000 12 21 18 38 24.3  03 31 18.7404 +16 41 43.312   22   45 15.9 R  OH 511
 2000 12 21 18 41 46.7  03 31 18.7026 +16 41 43.217   22   45 16.0 R  OH 511
 2000 12 21 18 45 09.3  03 31 18.6714 +16 41 43.203   22   45 15.9 R  OH 511
 2000 12 21 18 48 31.7  03 31 18.6319 +16 41 43.141   22   45 16.0 R  OH 511
 2000 12 21 18 51 53.8  03 31 18.5991 +16 41 42.932   22   45 16.1 R  OH 511
 2000 12 21 18 55 16.3  03 31 18.5612 +16 41 42.838   22   45 16.0 R  OH 511
 2000 12 21 18 58 38.3  03 31 18.5277 +16 41 42.793   22   45 15.8 R  OH 511
 2001 08 24 02 42 59.2  04 53 27.0014 +20 51 25.960   12   21 16.8 R  OH 511
 2001 08 24 02 47 34.6  04 53 27.0495 +20 51 25.972   12   21 16.7 R  OH 511
 2001 08 24 02 52 55.0  04 53 27.1070 +20 51 26.090   12   21 16.8 R  OH 511
 2001 08 24 02 57 46.9  04 53 27.1575 +20 51 26.144   12   21 16.7 R  OH 511
 2001 08 24 03 01 09.3  04 53 27.1925 +20 51 26.213   12   21 16.7 R  OH 511
 2001 08 24 03 04 31.6  04 53 27.2295 +20 51 26.273   12   21 16.8 R  OH 511
 2001 08 24 03 07 53.7  04 53 27.2637 +20 51 26.288   12   21 16.8 R  OH 511
 2001 08 24 03 11 15.7  04 53 27.2997 +20 51 26.317   12   21 16.8 R  OH 511
 2001 08 24 03 14 37.6  04 53 27.3354 +20 51 26.333   12   21 16.8 R  OH 511
 2001 08 24 03 17 59.9  04 53 27.3699 +20 51 26.419   12   21 16.8 R  OH 511
 2001 08 24 03 21 21.8  04 53 27.4049 +20 51 26.465   12   21 16.8 R  OH 511
 2001 08 24 03 24 44.2  04 53 27.4391 +20 51 26.504   12   21 16.8 R  OH 511
 2001 08 24 03 28 07.2  04 53 27.4769 +20 51 26.572   12   21 16.8 R  OH 511
 2001 08 25 01 41 37.2  04 53 41.4734 +20 51 43.170   34   23 16.7 R  OH 511
 2001 08 25 01 44 40.0  04 53 41.5042 +20 51 43.214   34   23 16.7 R  OH 511
 2001 08 25 01 49 40.8  04 53 41.5503 +20 51 43.321   34   23 16.7 R  OH 511
 2001 08 25 01 53 03.1  04 53 41.5880 +20 51 43.341   34   23 16.7 R  OH 511
 2001 08 25 01 56 25.7  04 53 41.6241 +20 51 43.432   34   23 16.7 R  OH 511
 2001 08 25 01 59 48.4  04 53 41.6553 +20 51 43.446   34   23 16.8 R  OH 511
 2001 08 25 02 03 11.3  04 53 41.6948 +20 51 43.477   34   23 16.8 R  OH 511
 2001 11 17 01 20 01.0  04 48 11.7316 +20 34 16.255   20   26 16.2 R  OH 511
 2001 11 17 01 26 02.2  04 48 11.6444 +20 34 16.063   20   26 16.2 R  OH 511
 2001 11 17 01 27 56.0  04 48 11.6184 +20 34 16.015   20   26 16.1 R  OH 511
 2001 11 17 01 29 49.3  04 48 11.5909 +20 34 15.988   20   26 16.1 R  OH 511
 2001 11 17 01 31 42.5  04 48 11.5654 +20 34 15.930   20   26 16.2 R  OH 511
 2001 11 17 01 33 35.4  04 48 11.5377 +20 34 15.879   20   26 16.2 R  OH 511
 2001 11 17 01 35 47.6  04 48 11.5049 +20 34 15.779   20   26 16.2 R  OH 511
 2001 11 17 01 38 34.8  04 48 11.4667 +20 34 15.710   20   26 16.1 R  OH 511
 2001 11 17 01 41 07.5  04 48 11.4310 +20 34 15.681   20   26 16.2 R  OH 511
 2001 11 17 01 42 39.3  04 48 11.4101 +20 34 15.663   20   26 16.2 R  OH 511
 2001 11 17 01 44 10.8  04 48 11.3841 +20 34 15.599   20   26 16.2 R  OH 511
 2001 11 17 01 45 42.4  04 48 11.3640 +20 34 15.513   20   26 16.1 R  OH 511
 2001 11 17 01 48 00.0  04 48 11.3295 +20 34 15.496   20   26 16.2 R  OH 511
 2001 11 17 01 49 32.7  04 48 11.3096 +20 34 15.496   20   26 16.2 R  OH 511
 2001 11 17 01 51 05.2  04 48 11.2882 +20 34 15.397   20   26 16.2 R  OH 511
 2001 11 17 01 55 22.4  04 48 11.2251 +20 34 15.333   20   26 16.2 R  OH 511
 2001 11 18 01 34 24.9  04 47 51.2874 +20 33 39.772   10   10 16.2 R  OH 511
 2001 11 18 01 39 30.7  04 47 51.2125 +20 33 39.653   10   10 16.2 R  OH 511
 2001 11 18 01 44 29.8  04 47 51.1422 +20 33 39.521   10   10 16.1 R  OH 511
 2001 11 18 01 47 33.1  04 47 51.0978 +20 33 39.447   10   10 16.1 R  OH 511
 2001 11 18 01 50 36.2  04 47 51.0543 +20 33 39.366   10   10 16.1 R  OH 511
 2001 11 18 01 53 39.1  04 47 51.0105 +20 33 39.290   10   10 16.1 R  OH 511
 2001 11 18 01 56 42.0  04 47 50.9679 +20 33 39.197   10   10 16.1 R  OH 511
 2001 11 18 01 59 44.9  04 47 50.9228 +20 33 39.115   10   10 16.1 R  OH 511
 2001 11 18 02 02 48.8  04 47 50.8806 +20 33 39.036   10   10 16.1 R  OH 511
 2001 11 18 02 05 51.9  04 47 50.8361 +20 33 38.951   10   10 16.1 R  OH 511
 2001 11 20 02 14 37.4  04 47 09.6708 +20 32 25.663   24   30 15.3 R  OH 511
 2001 11 20 02 24 48.5  04 47 09.5184 +20 32 25.373   24   30 16.3 R  OH 511
 2001 11 20 02 27 26.6  04 47 09.4834 +20 32 25.357   24   30 16.0 R  OH 511
 2001 11 20 02 29 50.2  04 47 09.4489 +20 32 25.282   24   30 16.1 R  OH 511
 2001 11 20 02 32 14.2  04 47 09.4147 +20 32 25.181   24   30 16.1 R  OH 511
 2001 11 20 02 34 37.0  04 47 09.3769 +20 32 25.149   24   30 16.1 R  OH 511
 2001 11 20 02 39 36.8  04 47 09.3066 +20 32 25.072   24   30 16.5 R  OH 511
 2001 11 20 20 47 33.3  04 46 53.6960 +20 31 57.105    8   12 16.1 R  OH 511
 2001 11 20 20 50 56.9  04 46 53.6462 +20 31 57.039    8   12 16.2 R  OH 511
 2001 11 20 20 54 20.4  04 46 53.5975 +20 31 56.952    8   12 16.1 R  OH 511
 2001 11 20 20 57 43.9  04 46 53.5470 +20 31 56.854    8   12 16.1 R  OH 511
 2001 11 20 21 04 30.5  04 46 53.4484 +20 31 56.707    8   12 16.1 R  OH 511
 2001 11 20 21 07 54.1  04 46 53.3987 +20 31 56.605    8   12 16.1 R  OH 511
 2001 11 20 21 14 40.9  04 46 53.2993 +20 31 56.451    8   12 16.2 R  OH 511
 2001 11 20 22 23 17.3  04 46 52.2941 +20 31 54.739    8   12 16.0 R  OH 511
 2001 11 20 22 26 40.3  04 46 52.2457 +20 31 54.659    8   12 16.1 R  OH 511
 2001 11 20 22 30 03.3  04 46 52.1961 +20 31 54.582    8   12 16.1 R  OH 511
 2001 11 20 22 33 27.1  04 46 52.1444 +20 31 54.497    8   12 16.1 R  OH 511
 2001 11 20 22 36 50.6  04 46 52.0961 +20 31 54.387    8   12 16.1 R  OH 511
 2001 11 20 22 40 14.0  04 46 52.0456 +20 31 54.335    8   12 16.1 R  OH 511
 2001 11 20 22 50 23.8  04 46 51.8967 +20 31 54.081    8   12 16.1 R  OH 511
 2001 11 21 21 23 24.8  04 46 32.2707 +20 31 19.169   20    8 16.1 R  OH 511
 2001 11 21 21 28 08.3  04 46 32.2035 +20 31 19.044   20    8 16.1 R  OH 511
 2001 11 21 21 32 51.5  04 46 32.1331 +20 31 18.947   20    8 16.2 R  OH 511
 2001 11 21 21 37 34.4  04 46 32.0617 +20 31 18.818   20    8 16.2 R  OH 511
 2001 11 21 21 42 18.1  04 46 31.9932 +20 31 18.710   20    8 16.2 R  OH 511
 2001 11 21 21 47 01.1  04 46 31.9256 +20 31 18.579   20    8 16.2 R  OH 511
 2001 11 21 21 51 44.6  04 46 31.8524 +20 31 18.480   20    8 16.2 R  OH 511
 2001 11 21 21 56 27.6  04 46 31.7866 +20 31 18.351   20    8 16.1 R  OH 511
 2001 11 21 22 01 11.1  04 46 31.7134 +20 31 18.223   20    8 16.2 R  OH 511
 2001 11 21 22 05 53.9  04 46 31.6445 +20 31 18.119   20    8 16.2 R  OH 511
 2001 11 22 22 20 15.6  04 46 10.3811 +20 30 40.504   34    6 16.2 R  OH 511
 2001 11 22 22 24 58.8  04 46 10.3060 +20 30 40.377   34    6 16.1 R  OH 511
 2001 11 22 22 29 42.4  04 46 10.2356 +20 30 40.252   34    6 16.2 R  OH 511
 2001 11 22 22 34 26.1  04 46 10.1675 +20 30 40.140   34    6 16.2 R  OH 511
 2001 11 22 22 39 09.0  04 46 10.0962 +20 30 40.010   34    6 16.2 R  OH 511
 2001 11 22 22 43 52.6  04 46 10.0312 +20 30 39.906   34    6 16.3 R  OH 511
 2001 11 22 22 48 35.9  04 46 09.9565 +20 30 39.777   34    6 16.2 R  OH 511
 2001 11 22 22 53 19.6  04 46 09.8887 +20 30 39.663   34    6 16.2 R  OH 511
 2001 11 23 21 16 49.3  04 45 50.1395 +20 30 04.717   16   19 16.2 R  OH 511
 2001 11 23 21 20 42.6  04 45 50.0842 +20 30 04.581   16   19 16.2 R  OH 511
 2001 11 23 21 24 35.4  04 45 50.0250 +20 30 04.501   16   19 16.2 R  OH 511
 2001 11 23 21 28 28.1  04 45 49.9646 +20 30 04.390   16   19 16.2 R  OH 511
 2001 11 23 21 44 02.1  04 45 49.7335 +20 30 04.028   16   19 16.2 R  OH 511
 2001 11 23 21 47 55.8  04 45 49.6752 +20 30 03.942   16   19 16.2 R  OH 511
 2001 11 23 22 03 51.6  04 45 49.4385 +20 30 03.516   16   19 16.1 R  OH 511
 2001 11 23 22 07 45.1  04 45 49.3806 +20 30 03.396   16   19 16.1 R  OH 511
 2001 11 23 22 11 38.5  04 45 49.3215 +20 30 03.348   16   19 16.1 R  OH 511
 2001 11 23 22 15 32.0  04 45 49.2636 +20 30 03.194   16   19 16.1 R  OH 511
 2001 11 23 22 19 25.4  04 45 49.2047 +20 30 03.098   16   19 16.1 R  OH 511
 2001 11 23 22 23 18.7  04 45 49.1469 +20 30 03.024   16   19 16.1 R  OH 511
 2001 11 23 22 27 12.2  04 45 49.0866 +20 30 02.930   16   19 16.1 R  OH 511
 2001 11 23 22 31 05.9  04 45 49.0320 +20 30 02.841   16   19 16.1 R  OH 511
 2001 11 23 22 34 59.1  04 45 48.9711 +20 30 02.741   16   19 16.1 R  OH 511
 2001 11 23 22 38 52.7  04 45 48.9133 +20 30 02.642   16   19 16.1 R  OH 511
 2001 12 18 20 18 35.4  04 36 52.0402 +20 14 32.535   23   17 16.0 R  OH 511
 2001 12 18 20 25 15.2  04 36 51.9392 +20 14 32.372   23   17 16.1 R  OH 511
 2001 12 18 20 29 08.0  04 36 51.8852 +20 14 32.312   23   17 16.0 R  OH 511
 2001 12 18 20 33 01.4  04 36 51.8276 +20 14 32.195   23   17 16.0 R  OH 511
 2001 12 18 20 36 55.1  04 36 51.7738 +20 14 32.075   23   17 16.0 R  OH 511
 2001 12 18 20 40 48.2  04 36 51.7171 +20 14 32.002   23   17 16.0 R  OH 511
 2001 12 18 20 44 41.5  04 36 51.6600 +20 14 31.901   23   17 16.1 R  OH 511
 2001 12 18 20 48 34.6  04 36 51.6036 +20 14 31.799   23   17 16.0 R  OH 511
 2001 12 18 20 52 27.6  04 36 51.5460 +20 14 31.709   23   17 16.0 R  OH 511
 2001 12 18 20 56 20.6  04 36 51.4897 +20 14 31.649   23   17 16.1 R  OH 511
 2001 12 18 21 00 14.0  04 36 51.4309 +20 14 31.570   23   17 16.0 R  OH 511
 2001 12 18 21 08 38.7  04 36 51.3098 +20 14 31.346   23   17 16.1 R  OH 511
 2001 12 18 21 12 32.2  04 36 51.2545 +20 14 31.236   23   17 16.1 R  OH 511
 2001 12 18 21 16 25.2  04 36 51.1946 +20 14 31.166   23   17 16.1 R  OH 511
 2001 12 18 21 20 18.5  04 36 51.1433 +20 14 31.080   23   17 16.2 R  OH 511
 2001 12 19 19 50 04.4  04 36 31.9027 +20 13 58.610   24    6 16.2 R  OH 511
 2001 12 19 19 56 06.1  04 36 31.8175 +20 13 58.488   24    6 16.2 R  OH 511
 2001 12 19 21 24 58.5  04 36 30.5331 +20 13 56.390   24    6 16.1 R  OH 511
 2001 12 19 21 28 52.1  04 36 30.4744 +20 13 56.305   24    6 16.1 R  OH 511
 2001 12 19 21 32 46.2  04 36 30.4203 +20 13 56.212   24    6 16.1 R  OH 511
 2001 12 19 21 36 39.1  04 36 30.3642 +20 13 56.122   24    6 16.1 R  OH 511
 2001 12 19 21 40 32.6  04 36 30.3073 +20 13 56.033   24    6 16.1 R  OH 511
 2001 12 20 19 29 54.0  04 36 11.8217 +20 13 24.841   15    8 16.2 R  OH 511
 2001 12 20 19 36 08.8  04 36 11.7345 +20 13 24.722   15    8 16.2 R  OH 511
 2001 12 20 19 40 02.6  04 36 11.6797 +20 13 24.621   15    8 16.2 R  OH 511
 2001 12 20 19 43 56.3  04 36 11.6240 +20 13 24.539   15    8 16.2 R  OH 511
 2001 12 20 19 47 49.2  04 36 11.5679 +20 13 24.451   15    8 16.2 R  OH 511
 2001 12 20 19 51 42.4  04 36 11.5111 +20 13 24.361   15    8 16.3 R  OH 511
 2001 12 20 19 55 35.6  04 36 11.4580 +20 13 24.264   15    8 16.3 R  OH 511
 2001 12 20 19 59 28.5  04 36 11.4002 +20 13 24.167   15    8 16.3 R  OH 511
 2001 12 20 20 03 21.5  04 36 11.3453 +20 13 24.091   15    8 16.2 R  OH 511
 2001 12 20 20 07 14.4  04 36 11.2915 +20 13 24.000   15    8 16.3 R  OH 511
 2001 12 20 20 11 07.4  04 36 11.2345 +20 13 23.923   15    8 16.3 R  OH 511
 2001 12 21 19 33 23.9  04 35 51.6024 +20 12 51.076   26   14 16.2 R  OH 511
 2001 12 21 19 37 40.3  04 35 51.5416 +20 12 50.950   26   14 16.1 R  OH 511
 2001 12 21 19 41 33.9  04 35 51.4898 +20 12 50.865   26   14 16.2 R  OH 511
 2001 12 21 19 45 27.0  04 35 51.4325 +20 12 50.769   26   14 16.2 R  OH 511
 2001 12 21 19 49 20.4  04 35 51.3808 +20 12 50.704   26   14 16.2 R  OH 511
 2002 01 08 18 06 18.5  04 30 34.1172 +20 04 28.594   21   23 16.4 R  OH 511
 2002 01 08 18 09 41.9  04 30 34.0852 +20 04 28.509   21   23 16.3 R  OH 511
 2002 01 08 18 13 04.9  04 30 34.0491 +20 04 28.489   21   23 16.4 R  OH 511
 2002 01 08 18 16 28.4  04 30 34.0121 +20 04 28.447   21   23 16.4 R  OH 511
 2002 01 08 18 19 51.6  04 30 33.9772 +20 04 28.344   21   23 16.6 R  OH 511
 2002 01 08 18 23 15.4  04 30 33.9436 +20 04 28.338   21   23 16.4 R  OH 511
 2002 01 08 18 26 38.2  04 30 33.9072 +20 04 28.286   21   23 16.3 R  OH 511
 2002 01 08 18 30 01.3  04 30 33.8700 +20 04 28.225   21   23 16.4 R  OH 511
 2002 01 08 18 33 25.0  04 30 33.8360 +20 04 28.158   21   23 16.4 R  OH 511
 2002 01 08 18 36 48.2  04 30 33.8023 +20 04 28.097   21   23 16.5 R  OH 511
 2002 01 09 19 01 15.3  04 30 18.8788 +20 04 06.763   30   17 15.5 R  OH 511
 2002 01 09 19 06 49.8  04 30 18.8277 +20 04 06.705   30   17 16.3 R  OH 511
 2002 01 09 19 10 13.4  04 30 18.7908 +20 04 06.670   30   17 16.3 R  OH 511
 2002 01 09 19 13 36.8  04 30 18.7564 +20 04 06.615   30   17 16.3 R  OH 511
 2002 01 09 19 17 00.0  04 30 18.7202 +20 04 06.594   30   17 16.4 R  OH 511
 2002 01 09 19 20 23.6  04 30 18.6871 +20 04 06.505   30   17 16.5 R  OH 511
 2002 01 10 18 41 21.6  04 30 04.7969 +20 03 46.995   16   10 16.3 R  OH 511
 2002 01 10 18 47 49.6  04 30 04.7290 +20 03 46.934   16   10 16.4 R  OH 511
 2002 01 10 18 51 13.4  04 30 04.6973 +20 03 46.867   16   10 16.3 R  OH 511
 2002 01 10 18 54 36.9  04 30 04.6626 +20 03 46.827   16   10 16.4 R  OH 511
 2002 01 10 18 58 00.1  04 30 04.6292 +20 03 46.778   16   10 16.4 R  OH 511
 2002 01 11 18 28 46.0  04 29 51.0047 +20 03 27.903   28   13 16.4 R  OH 511
 2002 01 11 18 32 09.8  04 29 50.9738 +20 03 27.862   28   13 16.4 R  OH 511
 2002 01 11 18 35 32.7  04 29 50.9397 +20 03 27.846   28   13 16.4 R  OH 511
 2002 01 11 18 38 55.5  04 29 50.9105 +20 03 27.792   28   13 16.4 R  OH 511
 2002 12 13 01 23 25.0  05 44 19.5259 +22 06 37.642   10   14 15.8 R  OH 511
 2002 12 13 01 29 21.8  05 44 19.4418 +22 06 37.678   10   14 15.8 R  OH 511
 2002 12 13 01 32 02.2  05 44 19.4043 +22 06 37.646   10   14 15.8 R  OH 511
 2002 12 13 01 34 25.9  05 44 19.3708 +22 06 37.649   10   14 15.8 R  OH 511
 2002 12 13 01 36 48.8  05 44 19.3360 +22 06 37.654   10   14 15.9 R  OH 511
 2002 12 13 01 39 11.7  05 44 19.3048 +22 06 37.661   10   14 15.8 R  OH 511
 2002 12 15 22 48 58.8  05 43 21.5957 +22 06 38.494   51   14 15.9 R  OH 511
 2002 12 15 22 54 02.4  05 43 21.5249 +22 06 38.503   51   14 15.9 R  OH 511
 2002 12 15 22 59 05.5  05 43 21.4585 +22 06 38.509   51   14 15.9 R  OH 511
 2002 12 15 23 04 08.3  05 43 21.3772 +22 06 38.518   51   14 16.0 R  OH 511
 2002 12 15 23 09 11.6  05 43 21.3043 +22 06 38.518   51   14 15.8 R  OH 511
 2002 12 15 23 19 18.9  05 43 21.1644 +22 06 38.531   51   14 15.8 R  OH 511
 2002 12 15 23 29 25.4  05 43 21.0261 +22 06 38.489   51   14 15.9 R  OH 511
 2002 12 15 23 34 29.0  05 43 20.9505 +22 06 38.504   51   14 15.9 R  OH 511
 2002 12 28 21 59 38.5  05 39 01.5550 +22 06 40.418   23   16 16.1 R  OH 511
 2002 12 28 22 05 32.2  05 39 01.4721 +22 06 40.458   23   16 16.1 R  OH 511
 2002 12 28 22 08 55.8  05 39 01.4237 +22 06 40.443   23   16 16.1 R  OH 511
 2002 12 28 22 12 19.4  05 39 01.3786 +22 06 40.468   23   16 16.1 R  OH 511
 2002 12 28 22 15 42.9  05 39 01.3271 +22 06 40.459   23   16 16.1 R  OH 511
 2002 12 28 22 19 06.0  05 39 01.2829 +22 06 40.461   23   16 16.1 R  OH 511
 2002 12 29 22 38 11.5  05 38 41.4065 +22 06 40.632   10   16 16.2 R  OH 511
 2002 12 29 22 42 21.9  05 38 41.3478 +22 06 40.655   10   16 16.1 R  OH 511
 2002 12 29 22 49 01.1  05 38 41.2562 +22 06 40.679   10   16 16.0 R  OH 511
 2002 12 29 22 55 53.3  05 38 41.1611 +22 06 40.650   10   16 16.1 R  OH 511
 2002 12 29 23 00 16.8  05 38 41.1015 +22 06 40.667   10   16 16.1 R  OH 511
 2002 12 29 23 04 39.8  05 38 41.0391 +22 06 40.676   10   16 16.1 R  OH 511
 2002 12 29 23 09 02.9  05 38 40.9785 +22 06 40.675   10   16 16.1 R  OH 511
 2003 01 28 20 19 41.4  05 30 40.9582 +22 07 39.471   12   20 16.3 R  OH 511
 2003 01 28 20 23 04.9  05 30 40.9295 +22 07 39.459   12   20 16.3 R  OH 511
 2003 01 28 20 26 27.9  05 30 40.9031 +22 07 39.508   12   20 16.3 R  OH 511
 2003 01 28 20 29 50.9  05 30 40.8750 +22 07 39.477   12   20 16.3 R  OH 511
 2003 01 28 21 12 40.8  05 30 40.5306 +22 07 39.637   12   20 16.2 R  OH 511
 2003 01 28 21 19 21.2  05 30 40.4784 +22 07 39.682   12   20 16.3 R  OH 511
 2003 01 28 21 22 44.8  05 30 40.4516 +22 07 39.680   12   20 16.3 R  OH 511
 2003 01 28 21 26 08.1  05 30 40.4219 +22 07 39.688   12   20 16.3 R  OH 511
 2003 01 28 21 32 54.1  05 30 40.3697 +22 07 39.743   12   20 16.3 R  OH 511
 2003 02 28 18 18 41.8  05 28 23.6905 +22 12 34.970   23   16 16.6 R  OH 511
 2003 02 28 18 43 35.3  05 28 23.7294 +22 12 35.222   23   16 16.3 R  OH 511
 2003 02 28 18 49 40.5  05 28 23.7384 +22 12 35.298   23   16 16.2 R  OH 511
 2003 02 28 18 53 03.9  05 28 23.7466 +22 12 35.313   23   16 16.4 R  OH 511
 2003 02 28 18 56 26.8  05 28 23.7481 +22 12 35.371   23   16 16.4 R  OH 511
 2003 02 28 18 59 50.0  05 28 23.7546 +22 12 35.358   23   16 16.4 R  OH 511
 2003 02 28 19 03 13.5  05 28 23.7606 +22 12 35.434   23   16 16.3 R  OH 511
 2003 03 27 19 29 54.1  05 32 21.3097 +22 20 36.419   15   19 16.6 R  OH 511
 2003 03 27 19 36 51.3  05 32 21.3785 +22 20 36.495   15   19 16.6 R  OH 511
 2003 03 27 19 41 34.3  05 32 21.4268 +22 20 36.548   15   19 16.5 R  OH 511
 2003 03 27 19 46 17.4  05 32 21.4734 +22 20 36.621   15   19 16.6 R  OH 511
 2003 03 27 19 51 00.3  05 32 21.5194 +22 20 36.719   15   19 16.6 R  OH 511
 2003 03 27 19 55 43.8  05 32 21.5668 +22 20 36.761   15   19 16.5 R  OH 511
 2003 03 27 20 00 26.7  05 32 21.6114 +22 20 36.784   15   19 16.6 R  OH 511
 2004 01 19 19 48 27.0  06 33 15.5911 +22 30 50.598   18   12 15.9 R  OH 511
 2004 01 19 20 33 27.0  06 33 15.0186 +22 30 51.353   18   12 15.8 R  OH 511
 2004 01 19 20 36 49.9  06 33 14.9757 +22 30 51.424   18   12 15.8 R  OH 511
 2004 01 19 20 40 12.7  06 33 14.9286 +22 30 51.453   18   12 15.9 R  OH 511
 2004 01 19 20 43 35.6  06 33 14.8868 +22 30 51.549   18   12 15.9 R  OH 511
 2004 01 19 20 50 21.7  06 33 14.8012 +22 30 51.641   18   12 15.9 R  OH 511
 2004 01 19 20 53 44.5  06 33 14.7579 +22 30 51.700   18   12 15.9 R  OH 511
 2004 01 19 20 57 07.4  06 33 14.7135 +22 30 51.765   18   12 15.8 R  OH 511
 2004 01 20 19 50 37.3  06 32 57.6057 +22 31 14.019   47   36 15.9 R  OH 511
 2004 01 20 19 59 01.9  06 32 57.4910 +22 31 14.187   47   36 15.9 R  OH 511
 2004 01 20 20 55 21.5  06 32 56.7929 +22 31 15.108   47   36 15.9 R  OH 511
 2004 01 20 21 09 15.3  06 32 56.6119 +22 31 15.413   47   36 16.0 R  OH 511
 2004 01 20 21 13 38.5  06 32 56.5557 +22 31 15.489   47   36 15.9 R  OH 511
 2004 01 20 21 18 02.0  06 32 56.5039 +22 31 15.534   47   36 15.9 R  OH 511
 2004 01 20 21 22 25.1  06 32 56.4502 +22 31 15.632   47   36 15.8 R  OH 511
 2004 01 20 21 44 24.0  06 32 56.1704 +22 31 15.984   47   36 15.8 R  OH 511
 2004 01 20 21 48 48.0  06 32 56.1158 +22 31 16.102   47   36 15.9 R  OH 511
 2004 01 20 22 12 37.6  06 32 55.8144 +22 31 16.465   47   36 15.8 R  OH 511
 2004 01 20 22 17 00.9  06 32 55.7572 +22 31 16.559   47   36 15.9 R  OH 511
 2004 01 20 22 25 48.0  06 32 55.6442 +22 31 16.684   47   36 15.7 R  OH 511
 2004 01 20 22 30 11.9  06 32 55.5860 +22 31 16.731   47   36 15.9 R  OH 511
 2004 01 20 22 38 58.4  06 32 55.4779 +22 31 16.888   47   36 15.8 R  OH 511
 2004 01 21 19 41 39.9  06 32 40.0079 +22 31 37.220   32   42 16.0 R  OH 511
 2004 01 21 19 49 26.2  06 32 39.9139 +22 31 37.341   32   42 16.0 R  OH 511
 2004 01 21 21 04 20.3  06 32 38.9894 +22 31 38.612   32   42 16.0 R  OH 511
 2004 01 21 22 41 00.7  06 32 37.7827 +22 31 40.117   32   42 16.0 R  OH 511
 2004 01 21 22 48 46.6  06 32 37.6886 +22 31 40.228   32   42 16.0 R  OH 511
 2004 01 21 22 52 40.0  06 32 37.6406 +22 31 40.245   32   42 16.0 R  OH 511
 2004 01 21 22 56 32.9  06 32 37.5918 +22 31 40.377   32   42 16.0 R  OH 511
 2004 01 21 23 00 25.8  06 32 37.5435 +22 31 40.420   32   42 16.0 R  OH 511
 2004 01 21 23 08 11.6  06 32 37.4478 +22 31 40.533   32   42 16.1 R  OH 511
 2004 01 21 23 15 57.5  06 32 37.3505 +22 31 40.712   32   42 16.1 R  OH 511
 2004 01 21 23 40 48.3  06 32 37.0399 +22 31 41.148   32   42 16.0 R  OH 511
 2004 01 22 00 00 13.1  06 32 36.7985 +22 31 41.426   32   42 16.0 R  OH 511
 2004 01 22 20 44 52.2  06 32 21.7992 +22 32 01.255   13   16 15.9 R  OH 511
 2004 01 22 20 47 55.8  06 32 21.7639 +22 32 01.317   13   16 15.8 R  OH 511
 2004 01 22 20 50 58.7  06 32 21.7270 +22 32 01.332   13   16 15.8 R  OH 511
 2004 01 22 20 54 02.0  06 32 21.6874 +22 32 01.413   13   16 15.8 R  OH 511
 2004 01 22 20 57 05.7  06 32 21.6522 +22 32 01.471   13   16 15.8 R  OH 511
 2004 01 22 21 00 09.1  06 32 21.6138 +22 32 01.530   13   16 15.9 R  OH 511
 2004 01 22 21 03 12.4  06 32 21.5763 +22 32 01.541   13   16 15.8 R  OH 511
 2004 01 22 21 06 15.1  06 32 21.5392 +22 32 01.613   13   16 15.8 R  OH 511
 2005 03 07 19 37 14.1  07 26 34.5298 +22 00 55.986   21   16 16.1 R  OH 511
 2005 03 07 19 41 00.3  07 26 34.5104 +22 00 56.010   21   16 16.4 R  OH 511
 2005 03 07 19 49 51.1  07 26 34.4628 +22 00 56.159   21   16 16.4 R  OH 511
 2005 03 07 19 53 14.9  07 26 34.4434 +22 00 56.174   21   16 16.4 R  OH 511
 2005 03 07 19 56 38.2  07 26 34.4278 +22 00 56.225   21   16 16.4 R  OH 511
 2005 03 07 20 00 01.9  07 26 34.4106 +22 00 56.278   21   16 16.3 R  OH 511
 2005 03 07 20 56 21.8  07 26 34.1094 +22 00 56.976   21   16 16.4 R  OH 511
 2005 03 07 20 59 45.7  07 26 34.0928 +22 00 57.066   21   16 16.4 R  OH 511
 2005 03 07 21 03 09.3  07 26 34.0741 +22 00 57.069   21   16 16.5 R  OH 511
 2005 03 08 19 19 25.8  07 26 27.5711 +22 01 13.882   16    9 16.4 R  OH 511
 2005 03 08 19 22 49.6  07 26 27.5549 +22 01 13.908   16    9 16.4 R  OH 511
 2005 03 08 19 26 13.1  07 26 27.5406 +22 01 13.969   16    9 16.5 R  OH 511
 2005 03 08 19 29 36.9  07 26 27.5223 +22 01 14.002   16    9 16.4 R  OH 511
 2005 03 08 19 33 00.7  07 26 27.5058 +22 01 14.057   16    9 16.4 R  OH 511
 2005 03 08 19 36 24.8  07 26 27.4886 +22 01 14.091   16    9 16.4 R  OH 511
 2005 03 08 19 39 48.2  07 26 27.4702 +22 01 14.118   16    9 16.4 R  OH 511
 2005 03 08 19 46 35.5  07 26 27.4368 +22 01 14.221   16    9 16.4 R  OH 511
 2005 03 09 19 29 32.7  07 26 20.9487 +22 01 31.215   13   30 16.4 R  OH 511
 2005 03 09 19 39 19.6  07 26 20.9029 +22 01 31.291   13   30 16.4 R  OH 511
 2005 03 09 19 42 43.6  07 26 20.8861 +22 01 31.307   13   30 16.3 R  OH 511
 2005 03 09 19 46 07.3  07 26 20.8703 +22 01 31.322   13   30 16.4 R  OH 511
 2005 03 09 19 49 30.4  07 26 20.8562 +22 01 31.396   13   30 16.4 R  OH 511
 2005 03 09 19 52 53.9  07 26 20.8398 +22 01 31.436   13   30 16.5 R  OH 511
 2005 03 09 19 56 17.3  07 26 20.8238 +22 01 31.452   13   30 16.4 R  OH 511
 2005 03 09 20 03 05.2  07 26 20.7928 +22 01 31.566   13   30 16.3 R  OH 511
 2005 03 09 20 06 28.7  07 26 20.7753 +22 01 31.545   13   30 16.4 R  OH 511
 2005 03 09 20 09 52.5  07 26 20.7590 +22 01 31.589   13   30 16.3 R  OH 511
 2005 03 10 18 59 01.4  07 26 14.9781 +22 01 46.959    9   15 16.3 R  OH 511
 2005 03 10 19 05 02.0  07 26 14.9507 +22 01 47.050    9   15 16.4 R  OH 511
 2005 03 10 19 08 25.7  07 26 14.9360 +22 01 47.059    9   15 16.4 R  OH 511
 2005 03 10 19 11 49.9  07 26 14.9218 +22 01 47.132    9   15 16.4 R  OH 511
 2005 03 10 19 18 37.5  07 26 14.8926 +22 01 47.193    9   15 16.4 R  OH 511
 2005 03 10 19 22 01.4  07 26 14.8780 +22 01 47.220    9   15 16.4 R  OH 511
 2005 03 10 19 25 25.3  07 26 14.8644 +22 01 47.246    9   15 16.4 R  OH 511
 2005 03 10 19 32 13.0  07 26 14.8340 +22 01 47.361    9   15 16.4 R  OH 511
 2005 03 10 19 35 36.7  07 26 14.8187 +22 01 47.382    9   15 16.4 R  OH 511
 2005 04 01 20 55 16.3  07 26 03.3431 +22 03 29.428   27   15 16.6 R  OH 511
 2005 04 01 21 00 06.0  07 26 03.3533 +22 03 29.409   27   15 16.4 R  OH 511
 2005 04 01 21 33 26.4  07 26 03.4622 +22 03 29.261   27   15 16.5 R  OH 511
 2005 04 01 21 38 10.1  07 26 03.4748 +22 03 29.197   27   15 16.4 R  OH 511
 2005 04 01 21 42 53.6  07 26 03.4898 +22 03 29.193   27   15 16.4 R  OH 511
 2005 04 01 21 47 37.2  07 26 03.5064 +22 03 29.181   27   15 16.5 R  OH 511
 2005 04 01 21 52 20.9  07 26 03.5198 +22 03 29.154   27   15 16.5 R  OH 511
 2005 04 02 19 57 05.9  07 26 08.1845 +22 03 22.947   28   23 16.7 R  OH 511
 2005 04 02 20 07 48.9  07 26 08.2218 +22 03 22.850   28   23 16.6 R  OH 511
 2005 04 02 20 17 15.7  07 26 08.2571 +22 03 22.836   28   23 16.6 R  OH 511
 2005 04 02 20 21 59.0  07 26 08.2710 +22 03 22.787   28   23 16.6 R  OH 511
 2005 04 02 20 32 54.0  07 26 08.3136 +22 03 22.757   28   23 16.7 R  OH 511
 2005 04 02 20 37 37.5  07 26 08.3254 +22 03 22.672   28   23 16.6 R  OH 511
 2005 04 02 20 42 20.7  07 26 08.3433 +22 03 22.711   28   23 17.3 R  OH 511
 2005 04 02 20 52 59.8  07 26 08.3772 +22 03 22.612   28   23 16.1 R  OH 511
 2005 04 06 19 12 38.5  07 26 32.8440 +22 02 46.342   23   16 16.5 R  OH 511
 2005 04 06 19 19 34.8  07 26 32.8811 +22 02 46.327   23   16 16.4 R  OH 511
 2005 04 06 19 24 18.5  07 26 32.9028 +22 02 46.284   23   16 16.4 R  OH 511
 2005 04 06 19 29 02.5  07 26 32.9257 +22 02 46.251   23   16 16.4 R  OH 511
 2005 04 06 19 33 46.5  07 26 32.9486 +22 02 46.207   23   16 16.4 R  OH 511
 2005 04 06 19 38 30.1  07 26 32.9717 +22 02 46.156   23   16 16.5 R  OH 511
 2005 04 08 19 52 03.4  07 26 48.2998 +22 02 21.679   16    6 16.5 R  OH 511
 2005 04 08 20 11 11.5  07 26 48.4071 +22 02 21.483   16    6 16.5 R  OH 511
 2005 04 08 20 17 35.6  07 26 48.4415 +22 02 21.420   16    6 16.5 R  OH 511
 2005 04 08 20 24 00.4  07 26 48.4762 +22 02 21.369   16    6 16.5 R  OH 511
 2005 04 08 20 30 24.9  07 26 48.5117 +22 02 21.303   16    6 16.5 R  OH 511
 2005 04 08 20 36 49.1  07 26 48.5457 +22 02 21.230   16    6 16.5 R  OH 511
 2005 04 12 19 23 01.5  07 27 24.2140 +22 01 21.430   18    9 16.6 R  OH 511
 2005 04 12 19 30 18.5  07 27 24.2643 +22 01 21.336   18    9 16.5 R  OH 511
 2005 04 12 19 36 17.4  07 27 24.3043 +22 01 21.250   18    9 16.5 R  OH 511
 2005 04 12 19 41 00.7  07 27 24.3376 +22 01 21.187   18    9 16.5 R  OH 511
 2005 04 12 19 45 44.1  07 27 24.3681 +22 01 21.143   18    9 16.5 R  OH 511
 2005 04 12 19 50 27.7  07 27 24.3991 +22 01 21.088   18    9 16.6 R  OH 511
 2005 04 12 19 55 11.7  07 27 24.4340 +22 01 21.037   18    9 16.6 R  OH 511
 2005 04 13 19 12 41.3  07 27 34.2984 +22 01 03.899   33   26 16.8 R  OH 511
 2005 04 13 19 37 35.0  07 27 34.4792 +22 01 03.648   33   26 16.5 R  OH 511
 2005 04 13 19 42 18.2  07 27 34.5098 +22 01 03.571   33   26 16.6 R  OH 511
 2005 04 13 19 47 01.6  07 27 34.5439 +22 01 03.507   33   26 16.6 R  OH 511
 2005 04 13 19 56 28.4  07 27 34.6097 +22 01 03.383   33   26 16.6 R  OH 511
 2005 04 13 20 01 11.6  07 27 34.6458 +22 01 03.316   33   26 16.6 R  OH 511
 2005 04 14 19 12 34.0  07 27 44.9072 +22 00 45.425   23   13 16.5 R  OH 511
 2005 04 14 19 22 08.6  07 27 44.9790 +22 00 45.252   23   13 16.6 R  OH 511
 2005 04 14 19 26 52.2  07 27 45.0154 +22 00 45.208   23   13 16.5 R  OH 511
 2005 04 14 19 31 35.5  07 27 45.0488 +22 00 45.135   23   13 16.5 R  OH 511
 2005 04 14 19 36 19.2  07 27 45.0849 +22 00 45.067   23   13 16.6 R  OH 511
 2005 04 14 19 41 02.6  07 27 45.1205 +22 00 45.015   23   13 16.6 R  OH 511
 2005 04 14 19 45 45.8  07 27 45.1554 +22 00 44.952   23   13 16.6 R  OH 511
 2005 05 04 20 09 00.9  07 32 46.6242 +21 51 10.386   11   34 16.6 R  OH 511
 2005 05 04 20 13 44.3  07 32 46.6869 +21 51 10.247   11   34 16.6 R  OH 511
 2005 05 04 20 18 28.2  07 32 46.7474 +21 51 10.078   11   34 16.6 R  OH 511
 2005 05 04 20 23 12.0  07 32 46.8101 +21 51 09.913   11   34 16.6 R  OH 511
 2005 05 04 20 27 55.9  07 32 46.8714 +21 51 09.836   11   34 16.6 R  OH 511
 2005 05 04 20 32 39.4  07 32 46.9330 +21 51 09.662   11   34 16.7 R  OH 511
 2005 05 05 20 17 30.6  07 33 05.9539 +21 50 31.324   38   37 16.8 R  OH 511
 2005 05 05 20 22 14.1  07 33 06.0149 +21 50 31.211   38   37 16.8 R  OH 511
 2005 05 05 20 26 57.5  07 33 06.0867 +21 50 31.100   38   37 16.8 R  OH 511
 2005 05 05 20 31 41.4  07 33 06.1450 +21 50 30.945   38   37 16.8 R  OH 511
 2005 05 05 20 36 24.9  07 33 06.2100 +21 50 30.876   38   37 16.7 R  OH 511
 2005 05 05 20 41 08.3  07 33 06.2714 +21 50 30.698   38   37 16.8 R  OH 511
 2005 05 05 20 45 52.2  07 33 06.3347 +21 50 30.628   38   37 16.8 R  OH 511
 2005 05 08 20 01 36.0  07 34 05.5734 +21 48 30.003   36   23 16.8 R  OH 511
 2005 05 08 20 06 19.5  07 34 05.6450 +21 48 29.884   36   23 16.7 R  OH 511
 2005 05 08 20 11 03.1  07 34 05.7096 +21 48 29.774   36   23 16.7 R  OH 511
 2005 05 08 20 15 47.2  07 34 05.7751 +21 48 29.643   36   23 16.7 R  OH 511
 2005 05 08 20 20 30.6  07 34 05.8387 +21 48 29.476   36   23 16.8 R  OH 511
 2005 05 08 20 25 14.3  07 34 05.9080 +21 48 29.316   36   23 16.7 R  OH 511
 2005 05 08 20 29 58.1  07 34 05.9715 +21 48 29.178   36   23 16.7 R  OH 511
 2005 05 08 20 34 41.9  07 34 06.0386 +21 48 29.000   36   23 16.7 R  OH 511
 2005 05 08 20 39 25.8  07 34 06.1068 +21 48 28.894   36   23 16.7 R  OH 511
 2007 04 23 20 39 05.6  09 25 06.9426 +16 33 06.730   30    4 16.2 R  OH 511
 2007 04 23 20 52 56.9  09 25 06.9672 +16 33 06.592   30    4 16.5 R  OH 511
 2007 04 23 20 59 58.9  09 25 06.9829 +16 33 06.531   30    4 16.7 I  OH 511
 2007 04 23 21 08 27.2  09 25 06.9962 +16 33 06.443   30    4 16.7 I  OH 511
 2007 04 23 21 12 57.1  09 25 07.0000 +16 33 06.408   30    4 16.4 R  OH 511
 2007 04 23 21 16 57.0  09 25 07.0087 +16 33 06.368   30    4 16.8 I  OH 511
 2007 04 23 21 21 26.7  09 25 07.0153 +16 33 06.327   30    4 16.4 R  OH 511
 2007 04 23 21 25 25.9  09 25 07.0249 +16 33 06.280   30    4 16.9 I  OH 511
