 2009 05 22 08 19 03.6  21 57 35.0268 -13 41 58.103   53   35 20.3 RE E  809
 2009 05 22 08 27 19.1  21 57 35.1088 -13 41 57.671   53   35 22.0 RE E  809
 2009 05 22 08 30 06.2  21 57 35.1345 -13 41 57.472   53   35 22.4 RE E  809
 2009 05 22 08 32 48.4  21 57 35.1675 -13 41 57.349   53   35 22.3 RE E  809
 2009 05 22 08 35 52.9  21 57 35.1842 -13 41 57.072   53   35 22.4 RE E  809
 2009 05 22 08 39 38.3  21 57 35.2291 -13 41 56.956   53   35 22.1 RE E  809
 2009 05 22 08 42 26.4  21 57 35.2540 -13 41 56.718   53   35 21.2 RE E  809
 2009 05 22 08 45 13.6  21 57 35.2803 -13 41 56.549   53   35 22.2 RE E  809
 2009 05 22 08 50 42.2  21 57 35.3311 -13 41 56.254   53   35 22.1 RE E  809
 2009 05 22 08 53 29.2  21 57 35.3611 -13 41 56.044   53   35 22.0 RE E  809
