 2007 09 08 03 56 46.0  23 12 02.5426 -06 06 14.176    8   18 20.3 RE E  809
 2007 09 08 03 59 50.9  23 12 02.5235 -06 06 14.270    8   18 20.4 RE E  809
 2007 09 09 07 51 00.8  23 11 51.8474 -06 07 18.713   34    9 20.6 RE E  809
 2007 09 09 07 53 54.9  23 11 51.8320 -06 07 18.837   34    9 20.6 RE E  809
 2007 10 09 04 37 08.9  23 07 33.3351 -06 32 44.822   12   58 21.3 RE E  809
 2007 10 09 04 40 25.8  23 07 33.3188 -06 32 44.849   12   58 20.4 RE E  809
 2007 10 09 04 43 41.4  23 07 33.3003 -06 32 45.050   12   58 18.9 RE E  809
 2007 10 09 04 47 00.3  23 07 33.2837 -06 32 45.089   12   58 20.7 RE E  809
 2007 10 09 04 50 10.3  23 07 33.2649 -06 32 45.292   12   58 19.6 RE E  809
 2007 10 10 03 37 52.5  23 07 26.0935 -06 33 26.046   23   22 20.6 RE E  809
 2007 10 10 03 41 09.6  23 07 26.0755 -06 33 26.116   23   22 20.6 RE E  809
 2007 10 10 04 11 55.5  23 07 25.9146 -06 33 27.043   23   22 20.5 RE E  809
 2007 10 10 04 15 12.2  23 07 25.8973 -06 33 27.176   23   22 20.3 RE E  809
 2007 10 11 06 20 34.5  23 07 17.7773 -06 34 12.785   94   32 21.2 RE E  809
 2007 10 11 06 33 50.3  23 07 17.7179 -06 34 13.212   94   32 19.1 RE E  809
 2007 10 11 06 44 25.1  23 07 17.6513 -06 34 13.454   94   32 20.9 RE E  809
 2007 10 12 04 20 24.1  23 07 11.0699 -06 34 50.977  107   76 21.2 RE E  809
 2007 10 12 04 23 42.5  23 07 11.0571 -06 34 51.077  107   76 20.7 RE E  809
 2007 10 12 04 26 54.0  23 07 11.0554 -06 34 51.336  107   76 20.5 RE E  809
 2007 10 12 04 34 19.3  23 07 11.0071 -06 34 51.380  107   76 20.6 RE E  809
 2007 10 12 04 40 51.4  23 07 10.9754 -06 34 51.653  107   76 18.9 RE E  809
 2007 10 13 03 35 58.2  23 07 04.0954 -06 35 30.483   19   24 20.5 RE E  809
 2007 10 13 03 40 05.5  23 07 04.0752 -06 35 30.590   19   24 20.5 RE E  809
 2007 10 13 03 44 11.5  23 07 04.0523 -06 35 30.715   19   24 20.4 RE E  809
 2007 10 13 03 48 20.4  23 07 04.0305 -06 35 30.802   19   24 20.5 RE E  809
 2007 10 13 03 52 22.2  23 07 04.0132 -06 35 30.928   19   24 20.5 RE E  809
 2007 10 13 03 57 02.1  23 07 03.9884 -06 35 31.090   19   24 20.4 RE E  809
 2007 10 13 04 01 09.1  23 07 03.9662 -06 35 31.193   19   24 20.5 RE E  809
 2007 10 13 04 05 15.1  23 07 03.9472 -06 35 31.355   19   24 20.4 RE E  809
 2007 10 13 04 09 32.9  23 07 03.9268 -06 35 31.415   19   24 20.5 RE E  809
 2007 10 13 04 13 32.9  23 07 03.9052 -06 35 31.569   19   24 20.5 RE E  809
 2008 06 04 10 33 08.0  23 33 20.8117 -03 37 42.260  123   61 20.5 RE E  809
 2008 06 04 10 46 23.1  23 33 20.8618 -03 37 42.110  123   61 18.3 RE E  809
 2008 06 06 10 13 45.9  23 33 29.0716 -03 36 53.510   42   47 20.6 RE E  809
 2008 06 06 10 30 50.1  23 33 29.1208 -03 36 53.300   42   47 20.0 RE E  809
