 2007 04 10 03 43 08.2  09 23 50.6358 +15 50 10.131   16   11 20.4 RE E  809
 2007 04 10 03 45 55.5  09 23 50.6235 +15 50 10.165   16   11 20.4 RE E  809
 2007 04 10 03 48 41.6  09 23 50.6130 +15 50 10.230   16   11 20.4 RE E  809
 2007 04 12 03 33 12.4  09 23 41.3763 +15 50 52.715    2    1 20.4 RE E  809
 2007 04 12 03 36 05.0  09 23 41.3675 +15 50 52.753    2    1 20.5 RE E  809
 2007 04 13 03 35 16.0  09 23 37.3659 +15 51 11.126   44   33 20.5 RE E  809
 2007 04 13 03 38 06.1  09 23 37.3623 +15 51 11.111   44   33 20.5 RE E  809
 2008 06 05 23 21 54.9  10 19 15.3918 +12 27 10.221   93   75 20.6 RE E  809
 2008 06 05 23 34 35.2  10 19 15.5202 +12 27 09.681   93   75 21.2 RE E  809
 2008 06 05 23 44 16.0  10 19 15.6218 +12 27 09.039   93   75 20.6 RE E  809
 2009 05 22 01 03 44.2  11 09 13.9373 +07 08 01.232   36   44 20.7 RE E  809
 2009 05 22 01 05 41.9  11 09 13.9417 +07 08 01.133   36   44 20.8 RE E  809
 2009 05 22 01 07 56.1  11 09 13.9404 +07 08 01.113   36   44 20.7 RE E  809
 2009 05 22 01 09 34.2  11 09 13.9421 +07 08 01.123   36   44 20.8 RE E  809
 2009 05 22 01 11 14.8  11 09 13.9425 +07 08 01.103   36   44 20.9 RE E  809
 2009 05 22 01 12 54.9  11 09 13.9433 +07 08 01.083   36   44 20.8 RE E  809
 2009 05 22 01 14 34.7  11 09 13.9448 +07 08 01.042   36   44 20.8 RE E  809
 2009 05 22 01 16 14.9  11 09 13.9425 +07 08 01.027   36   44 20.9 RE E  809
 2009 05 22 01 17 54.5  11 09 13.9483 +07 08 01.009   36   44 20.8 RE E  809
 2009 05 22 01 19 31.6  11 09 13.9454 +07 08 01.001   36   44 20.8 RE E  809
 2009 05 22 01 21 11.2  11 09 13.9478 +07 08 00.994   36   44 20.8 RE E  809
 2009 05 22 01 22 50.9  11 09 13.9471 +07 08 00.916   36   44 20.7 RE E  809
 2009 05 22 01 24 30.9  11 09 13.9512 +07 08 00.939   36   44 20.8 RE E  809
 2009 05 22 01 25 59.5  11 09 13.9478 +07 08 00.868   36   44 20.8 RE E  809
 2009 05 22 01 27 38.9  11 09 13.9471 +07 08 00.885   36   44 20.9 RE E  809
 2009 05 22 01 29 15.9  11 09 13.9489 +07 08 00.813   36   44 20.5 RE E  809
 2009 05 22 01 31 10.4  11 09 13.9521 +07 08 00.822   36   44 20.9 RE E  809
 2009 05 22 01 33 28.5  11 09 13.9539 +07 08 00.722   36   44 20.8 RE E  809
 2009 05 22 01 35 09.0  11 09 13.9600 +07 08 00.651   36   44 20.9 RE E  809
 2009 05 22 01 36 48.7  11 09 13.9552 +07 08 00.637   36   44 20.8 RE E  809
 2009 05 22 01 38 28.8  11 09 13.9582 +07 08 00.628   36   44 20.7 RE E  809
 2009 05 22 01 40 05.8  11 09 13.9593 +07 08 00.626   36   44 20.7 RE E  809
 2009 05 22 01 41 44.9  11 09 13.9617 +07 08 00.545   36   44 20.8 RE E  809
 2009 05 22 01 43 24.8  11 09 13.9607 +07 08 00.548   36   44 20.8 RE E  809
 2009 05 22 01 45 04.8  11 09 13.9628 +07 08 00.518   36   44 21.0 RE E  809
 2009 05 22 01 46 44.9  11 09 13.9643 +07 08 00.453   36   44 20.7 RE E  809
 2009 05 22 01 48 24.9  11 09 13.9646 +07 08 00.486   36   44 20.8 RE E  809
 2009 05 22 01 50 04.9  11 09 13.9635 +07 08 00.463   36   44 20.5 RE E  809
 2009 05 22 01 51 33.5  11 09 13.9638 +07 08 00.457   36   44 20.7 RE E  809
 2009 05 22 01 53 13.0  11 09 13.9679 +07 08 00.419   36   44 20.7 RE E  809
 2009 05 22 01 54 52.8  11 09 13.9654 +07 08 00.373   36   44 20.7 RE E  809
 2009 05 22 01 56 29.9  11 09 13.9675 +07 08 00.373   36   44 20.6 RE E  809
 2009 05 23 01 59 10.3  11 09 15.1752 +07 07 38.065   27   50 20.7 RE E  809
 2009 05 23 02 08 03.9  11 09 15.1831 +07 07 37.948   27   50 20.7 RE E  809
 2009 05 23 02 11 13.2  11 09 15.1855 +07 07 37.811   27   50 20.7 RE E  809
 2009 05 23 02 14 20.3  11 09 15.1855 +07 07 37.815   27   50 20.2 RE E  809
 2009 05 23 02 17 28.6  11 09 15.1916 +07 07 37.743   27   50 20.7 RE E  809
 2009 05 23 02 20 29.9  11 09 15.1923 +07 07 37.732   27   50 20.7 RE E  809
 2009 05 23 02 23 37.7  11 09 15.1944 +07 07 37.673   27   50 20.8 RE E  809
 2009 05 23 02 27 24.1  11 09 15.1999 +07 07 37.550   27   50 20.8 RE E  809
 2009 05 23 02 30 32.9  11 09 15.1999 +07 07 37.569   27   50 19.8 RE E  809
 2009 05 23 02 33 40.1  11 09 15.2040 +07 07 37.388   27   50 20.7 RE E  809
 2009 05 23 02 36 48.2  11 09 15.2084 +07 07 37.375   27   50 20.9 RE E  809
 2009 05 23 02 39 49.4  11 09 15.2116 +07 07 37.319   27   50 21.0 RE E  809
 2009 05 23 02 42 56.6  11 09 15.2129 +07 07 37.265   27   50 20.6 RE E  809
 2009 05 23 02 45 58.6  11 09 15.2165 +07 07 37.163   27   50 20.9 RE E  809
