 1996 06 21 01 47 23.0  19 04 30.0789 -23 15 46.759   32    9 17.2 C  PE 874
 1996 06 21 01 50 56.0  19 04 30.0122 -23 15 47.009   32    9 17.2 C  PE 874
 1996 06 21 01 57 30.0  19 04 29.8842 -23 15 47.471   32    9 17.2 C  PE 874
 1996 06 21 02 01 00.0  19 04 29.8188 -23 15 47.708   32    9 17.2 C  PE 874
 1996 06 22 01 30 55.0  19 04 03.8762 -23 17 21.169   24    6 16.9 C  PE 874
 1996 06 22 01 34 02.0  19 04 03.8139 -23 17 21.378   24    6 16.9 C  PE 874
 1996 06 22 01 36 58.0  19 04 03.7609 -23 17 21.571   24    6 17.0 C  PE 874
 1996 06 22 01 39 46.0  19 04 03.7045 -23 17 21.762   24    6 17.0 C  PE 874
 1996 06 26 02 51 32.0  19 02 13.1641 -23 23 46.216   66   16 16.7 C  PE 874
 1996 06 26 02 58 57.0  19 02 13.0264 -23 23 46.671   66   16 16.9 C  PE 874
 1996 06 26 03 03 40.0  19 02 12.9221 -23 23 47.016   66   16 16.8 C  PE 874
 1996 06 26 03 08 23.0  19 02 12.8311 -23 23 47.321   66   16 16.9 C  PE 874
 1996 07 27 02 17 20.1  18 47 51.8209 -24 05 12.414    8   11 17.1 un PE 874
 1996 07 27 02 18 12.1  18 47 51.8053 -24 05 12.431    8   11 17.1 un PE 874
 1996 07 27 02 19 04.1  18 47 51.7898 -24 05 12.488    8   11 17.1 un PE 874
 1996 07 27 02 19 56.2  18 47 51.7766 -24 05 12.498    8   11 17.1 un PE 874
 1996 07 27 02 20 48.1  18 47 51.7611 -24 05 12.558    8   11 17.1 un PE 874
 1996 07 27 02 21 39.1  18 47 51.7465 -24 05 12.599    8   11 17.1 un PE 874
 1996 07 27 02 23 24.1  18 47 51.7154 -24 05 12.667    8   11 17.1 un PE 874
 1996 07 27 02 24 16.2  18 47 51.7003 -24 05 12.698    8   11 17.1 un PE 874
 1996 08 26 00 42 46.9  18 40 18.9146 -24 24 45.779    4   22 17.8 un PE 874
 1996 08 26 00 43 44.8  18 40 18.9112 -24 24 45.789    4   22 17.8 un PE 874
 1996 08 26 01 04 33.9  18 40 18.8359 -24 24 46.019    4   22 17.8 un PE 874
 1996 08 26 01 32 38.9  18 40 18.7367 -24 24 46.387    4   22 17.7 un PE 874
 1996 08 26 01 33 37.8  18 40 18.7337 -24 24 46.354    4   22 17.7 un PE 874
 1997 08 14 02 22 03.0  21 14 55.2239 -16 52 42.769   50   15 17.1 un PE 874
 1997 08 14 02 25 42.0  21 14 55.1403 -16 52 43.081   50   15 17.1 un PE 874
 1997 08 14 05 03 35.0  21 14 51.4482 -16 52 56.461   50   15 16.8 un PE 874
 1997 08 14 05 07 14.0  21 14 51.3568 -16 52 56.797   50   15 16.9 un PE 874
 2007 08 18 01 46 07.0  16 43 38.1868 -21 19 25.816   24   11 17.7 C  PE 874
 2007 08 18 01 46 31.9  16 43 38.1849 -21 19 25.818   24   11 17.7 C  PE 874
 2007 08 18 01 47 14.8  16 43 38.1880 -21 19 25.848   24   11 17.7 C  PE 874
 2007 08 18 01 50 03.6  16 43 38.1984 -21 19 25.835   24   11 17.6 C  PE 874
 2007 08 18 01 50 27.6  16 43 38.2004 -21 19 25.849   24   11 17.7 C  PE 874
 2007 08 18 01 50 51.6  16 43 38.2012 -21 19 25.837   24   11 17.6 C  PE 874
 2007 08 18 01 51 39.5  16 43 38.2040 -21 19 25.834   24   11 17.7 C  PE 874
 2007 08 18 01 52 03.5  16 43 38.2055 -21 19 25.840   24   11 17.6 C  PE 874
 2007 08 18 01 53 16.6  16 43 38.2114 -21 19 25.842   24   11 17.6 C  PE 874
 2007 08 18 01 53 40.6  16 43 38.2110 -21 19 25.836   24   11 17.6 C  PE 874
 2007 08 18 01 54 04.6  16 43 38.2137 -21 19 25.835   24   11 17.7 C  PE 874
 2007 08 18 01 54 28.6  16 43 38.2136 -21 19 25.827   24   11 17.6 C  PE 874
 2007 08 18 01 55 16.6  16 43 38.2166 -21 19 25.842   24   11 17.6 C  PE 874
 2007 08 18 01 55 40.6  16 43 38.2200 -21 19 25.859   24   11 17.6 C  PE 874
 2007 08 18 01 56 04.6  16 43 38.2225 -21 19 25.822   24   11 17.7 C  PE 874
 2007 08 18 01 56 52.8  16 43 38.2249 -21 19 25.861   24   11 17.7 C  PE 874
 2007 08 18 01 57 16.8  16 43 38.2275 -21 19 25.860   24   11 17.7 C  PE 874
 2007 08 18 01 57 41.7  16 43 38.2288 -21 19 25.849   24   11 17.7 C  PE 874
 2007 08 18 01 58 06.5  16 43 38.2273 -21 19 25.858   24   11 17.8 C  PE 874
 2007 08 18 01 58 30.5  16 43 38.2327 -21 19 25.840   24   11 17.7 C  PE 874
 2007 08 18 01 58 54.5  16 43 38.2297 -21 19 25.858   24   11 17.7 C  PE 874
 2007 08 18 01 59 43.6  16 43 38.2361 -21 19 25.846   24   11 17.7 C  PE 874
 2007 08 18 02 00 07.6  16 43 38.2388 -21 19 25.846   24   11 17.7 C  PE 874
 2007 08 18 02 00 31.6  16 43 38.2380 -21 19 25.835   24   11 17.7 C  PE 874
 2007 08 18 02 00 55.6  16 43 38.2402 -21 19 25.829   24   11 17.7 C  PE 874
 2007 08 18 02 01 19.6  16 43 38.2410 -21 19 25.859   24   11 17.8 C  PE 874
 2007 08 18 02 01 43.6  16 43 38.2439 -21 19 25.843   24   11 17.6 C  PE 874
 2007 08 18 02 02 07.5  16 43 38.2461 -21 19 25.842   24   11 17.8 C  PE 874
 2007 08 18 02 02 31.5  16 43 38.2451 -21 19 25.851   24   11 17.8 C  PE 874
 2007 08 18 02 02 55.5  16 43 38.2482 -21 19 25.845   24   11 17.7 C  PE 874
 2007 08 18 02 03 19.5  16 43 38.2501 -21 19 25.850   24   11 17.8 C  PE 874
 2007 08 20 00 26 14.5  16 43 50.4253 -21 19 39.589   12    9 18.0 C  PE 874
 2007 08 20 00 27 29.8  16 43 50.4317 -21 19 39.594   12    9 18.1 C  PE 874
 2007 08 20 00 29 22.4  16 43 50.4412 -21 19 39.591   12    9 17.9 C  PE 874
 2007 08 20 00 30 09.1  16 43 50.4435 -21 19 39.599   12    9 18.0 C  PE 874
 2007 08 20 00 30 46.3  16 43 50.4468 -21 19 39.609   12    9 18.0 C  PE 874
 2007 08 20 00 31 23.6  16 43 50.4495 -21 19 39.607   12    9 18.0 C  PE 874
 2007 08 20 00 32 00.8  16 43 50.4522 -21 19 39.628   12    9 18.0 C  PE 874
 2007 08 20 00 33 54.3  16 43 50.4593 -21 19 39.623   12    9 17.9 C  PE 874
 2007 08 20 00 35 00.3  16 43 50.4650 -21 19 39.614   12    9 17.9 C  PE 874
 2007 08 20 00 36 15.5  16 43 50.4708 -21 19 39.634   12    9 18.0 C  PE 874
 2007 08 20 00 36 52.7  16 43 50.4743 -21 19 39.626   12    9 18.0 C  PE 874
 2007 08 20 00 37 30.8  16 43 50.4784 -21 19 39.635   12    9 18.0 C  PE 874
 2007 08 20 00 38 46.2  16 43 50.4819 -21 19 39.635   12    9 17.9 C  PE 874
 2007 08 20 00 39 23.2  16 43 50.4853 -21 19 39.657   12    9 17.9 C  PE 874
 2007 08 20 00 40 37.7  16 43 50.4924 -21 19 39.661   12    9 17.9 C  PE 874
 2007 08 20 00 41 15.8  16 43 50.4923 -21 19 39.658   12    9 17.9 C  PE 874
 2007 08 20 00 41 53.9  16 43 50.4974 -21 19 39.649   12    9 17.9 C  PE 874
 2007 08 20 00 42 31.1  16 43 50.5005 -21 19 39.673   12    9 17.9 C  PE 874
 2007 08 20 00 43 08.3  16 43 50.5009 -21 19 39.652   12    9 17.9 C  PE 874
 2007 08 20 00 43 45.5  16 43 50.5050 -21 19 39.675   12    9 17.9 C  PE 874
 2007 08 20 00 44 22.8  16 43 50.5079 -21 19 39.671   12    9 17.9 C  PE 874
 2007 08 20 00 45 00.9  16 43 50.5118 -21 19 39.681   12    9 17.9 C  PE 874
 2007 08 20 00 46 17.0  16 43 50.5172 -21 19 39.681   12    9 17.9 C  PE 874
 2007 08 20 00 47 31.5  16 43 50.5225 -21 19 39.680   12    9 17.9 C  PE 874
 2007 08 20 00 48 46.0  16 43 50.5284 -21 19 39.680   12    9 17.9 C  PE 874
 2007 08 20 00 50 37.7  16 43 50.5359 -21 19 39.688   12    9 18.0 C  PE 874
 2007 08 20 00 51 53.9  16 43 50.5428 -21 19 39.697   12    9 18.0 C  PE 874
 2007 08 20 00 53 08.4  16 43 50.5488 -21 19 39.697   12    9 18.0 C  PE 874
 2007 08 20 00 53 45.6  16 43 50.5508 -21 19 39.690   12    9 17.9 C  PE 874
 2007 08 20 00 55 01.9  16 43 50.5569 -21 19 39.696   12    9 17.9 C  PE 874
 2007 08 20 00 55 39.9  16 43 50.5589 -21 19 39.721   12    9 17.9 C  PE 874
 2007 08 20 00 57 31.7  16 43 50.5667 -21 19 39.729   12    9 17.9 C  PE 874
 2007 08 20 00 58 09.8  16 43 50.5716 -21 19 39.736   12    9 17.9 C  PE 874
 2007 08 20 00 58 47.8  16 43 50.5725 -21 19 39.735   12    9 18.0 C  PE 874
 2007 08 20 01 00 38.6  16 43 50.5820 -21 19 39.728   12    9 18.0 C  PE 874
 2007 09 07 23 40 48.3  16 48 12.2928 -21 26 22.068   23   16 17.2 C  PE 874
 2007 09 07 23 42 29.9  16 48 12.3147 -21 26 22.102   23   16 17.4 C  PE 874
 2007 09 07 23 43 37.3  16 48 12.3315 -21 26 22.157   23   16 17.3 C  PE 874
 2007 09 07 23 45 52.1  16 48 12.3660 -21 26 22.191   23   16 17.3 C  PE 874
 2007 09 07 23 48 07.5  16 48 12.3979 -21 26 22.253   23   16 17.3 C  PE 874
 2007 09 07 23 49 15.8  16 48 12.4104 -21 26 22.290   23   16 17.2 C  PE 874
 2007 09 07 23 54 53.7  16 48 12.4865 -21 26 22.364   23   16 17.2 C  PE 874
 2007 09 07 23 56 02.0  16 48 12.5032 -21 26 22.426   23   16 17.4 C  PE 874
 2007 09 07 23 57 09.3  16 48 12.5193 -21 26 22.444   23   16 17.2 C  PE 874
 2007 09 07 23 58 17.5  16 48 12.5352 -21 26 22.452   23   16 17.3 C  PE 874
 2007 09 08 00 02 48.7  16 48 12.5988 -21 26 22.550   23   16 17.3 C  PE 874
 2007 09 08 00 10 03.0  16 48 12.6992 -21 26 22.716   23   16 17.3 C  PE 874
 2009 06 21 06 47 46.0  21 58 32.4511 -13 00 16.035   24    8 17.9 I  PE 874
 2009 06 21 06 50 22.1  21 58 32.4380 -13 00 16.081   24    8 18.0 I  PE 874
 2009 06 21 06 52 57.8  21 58 32.4243 -13 00 16.117   24    8 18.0 I  PE 874
 2009 06 21 06 58 07.9  21 58 32.3971 -13 00 16.182   24    8 17.9 I  PE 874
 2009 06 21 07 00 43.0  21 58 32.3801 -13 00 16.221   24    8 18.1 I  PE 874
 2009 06 21 07 08 28.0  21 58 32.3386 -13 00 16.341   24    8 17.9 I  PE 874
 2009 06 21 07 13 37.9  21 58 32.3147 -13 00 16.419   24    8 18.0 I  PE 874
 2009 06 21 07 16 12.8  21 58 32.3020 -13 00 16.456   24    8 18.0 I  PE 874
 2009 06 24 07 12 49.2  21 58 08.4724 -13 01 39.775   21   17 17.6 I  PE 874
 2009 06 24 07 14 25.1  21 58 08.4629 -13 01 39.771   21   17 17.7 I  PE 874
 2009 06 24 07 16 00.0  21 58 08.4521 -13 01 39.839   21   17 17.7 I  PE 874
 2009 06 24 07 17 35.0  21 58 08.4389 -13 01 39.865   21   17 16.0 I  PE 874
 2009 06 24 07 19 10.0  21 58 08.4324 -13 01 39.894   21   17 17.7 I  PE 874
 2009 06 24 07 20 45.0  21 58 08.4177 -13 01 39.978   21   17 17.7 I  PE 874
 2009 06 24 07 22 19.9  21 58 08.4083 -13 01 39.991   21   17 17.6 I  PE 874
 2009 06 24 07 23 54.9  21 58 08.3960 -13 01 40.017   21   17 17.7 I  PE 874
 2009 06 24 07 25 29.8  21 58 08.3863 -13 01 40.061   21   17 17.7 I  PE 874
 2009 06 24 07 27 04.7  21 58 08.3777 -13 01 40.098   21   17 17.7 I  PE 874
 2010 10 20 03 31 19.0  23 48 33.9226 -03 39 24.338   26   20 17.3 I  PE 874
 2010 10 20 03 35 14.0  23 48 33.8705 -03 39 24.730   26   20 17.3 I  PE 874
 2010 10 20 03 38 25.0  23 48 33.8228 -03 39 25.004   26   20 17.2 I  PE 874
 2010 10 20 03 39 28.0  23 48 33.8111 -03 39 25.153   26   20 17.1 I  PE 874
 2010 10 20 03 40 32.0  23 48 33.7967 -03 39 25.219   26   20 17.2 I  PE 874
 2010 10 20 03 42 39.0  23 48 33.7668 -03 39 25.424   26   20 17.3 I  PE 874
 2010 10 20 03 43 42.0  23 48 33.7561 -03 39 25.496   26   20 17.1 I  PE 874
 2013 11 10 05 09 36.4  07 24 18.4726 +23 11 13.112   26   12 17.1 I  PE 874
 2013 11 10 05 12 59.9  07 24 18.4707 +23 11 13.224   26   12 17.1 I  PE 874
 2013 11 10 05 17 09.7  07 24 18.4661 +23 11 13.306   26   12 17.1 I  PE 874
 2013 11 10 05 19 14.6  07 24 18.4654 +23 11 13.364   26   12 17.1 I  PE 874
 2013 11 10 05 21 19.5  07 24 18.4666 +23 11 13.405   26   12 17.1 I  PE 874
 2013 11 10 05 23 24.4  07 24 18.4654 +23 11 13.469   26   12 17.1 I  PE 874
 2013 11 10 05 25 29.3  07 24 18.4656 +23 11 13.501   26   12 17.1 I  PE 874
 2013 11 10 05 27 34.2  07 24 18.4646 +23 11 13.534   26   12 17.1 I  PE 874
 2013 11 10 05 29 39.2  07 24 18.4607 +23 11 13.585   26   12 17.1 I  PE 874
 2013 11 10 05 35 53.9  07 24 18.4528 +23 11 13.746   26   12 17.1 I  PE 874
 2013 11 10 05 37 58.8  07 24 18.4564 +23 11 13.791   26   12 17.1 I  PE 874
 2013 11 10 05 40 03.7  07 24 18.4546 +23 11 13.859   26   12 17.1 I  PE 874
