 2007 04 18 01 59 01.5  09 24 58.3386 +16 33 50.973   37   31 16.7 U  Z  874
 2007 04 18 02 11 35.9  09 24 58.3343 +16 33 50.952   37   31 16.6 U  Z  874
 2007 04 18 02 12 49.4  09 24 58.3363 +16 33 50.941   37   31 16.6 U  Z  874
 2007 04 18 02 14 03.7  09 24 58.3345 +16 33 50.994   37   31 16.6 U  Z  874
 2007 04 18 02 15 17.4  09 24 58.3314 +16 33 50.959   37   31 16.6 U  Z  874
 2007 04 18 02 16 30.9  09 24 58.3342 +16 33 50.939   37   31 16.6 U  Z  874
 2007 04 18 02 17 44.4  09 24 58.3350 +16 33 51.010   37   31 16.6 U  Z  874
 2007 04 18 02 18 57.0  09 24 58.3320 +16 33 50.939   37   31 16.6 U  Z  874
 2007 04 18 02 20 10.5  09 24 58.3297 +16 33 51.009   37   31 16.7 U  Z  874
 2007 04 18 02 21 24.0  09 24 58.3380 +16 33 50.954   37   31 16.6 U  Z  874
 2007 04 18 02 22 37.5  09 24 58.3328 +16 33 50.941   37   31 16.6 U  Z  874
 2007 04 18 02 25 55.8  09 24 58.3315 +16 33 50.938   37   31 16.6 U  Z  874
 2007 04 18 02 27 28.4  09 24 58.3353 +16 33 50.958   37   31 16.6 U  Z  874
 2007 04 18 02 29 01.8  09 24 58.3386 +16 33 50.888   37   31 16.6 U  Z  874
 2007 04 18 02 30 35.3  09 24 58.3334 +16 33 50.964   37   31 16.6 U  Z  874
 2007 04 18 02 32 09.8  09 24 58.3343 +16 33 50.927   37   31 16.6 U  Z  874
 2007 04 18 02 35 16.7  09 24 58.3364 +16 33 50.895   37   31 16.6 U  Z  874
 2007 04 18 02 36 49.3  09 24 58.3374 +16 33 50.891   37   31 16.7 U  Z  874
 2007 04 18 02 38 21.9  09 24 58.3332 +16 33 50.965   37   31 16.6 U  Z  874
