 2009 05 22 06 48 07.4  21 59 02.2088 -14 05 25.020   29   34 21.1 RE E  809
 2009 05 22 06 49 46.7  21 59 02.2260 -14 05 24.945   29   34 21.0 RE E  809
 2009 05 22 07 06 22.7  21 59 02.3890 -14 05 24.081   29   34 20.9 RE E  809
 2009 05 22 07 09 10.3  21 59 02.4164 -14 05 23.909   29   34 20.7 RE E  809
 2009 05 22 07 11 57.9  21 59 02.4472 -14 05 23.729   29   34 20.2 RE E  809
 2009 05 22 07 14 45.3  21 59 02.4751 -14 05 23.577   29   34 21.2 RE E  809
 2009 05 22 07 20 12.3  21 59 02.5256 -14 05 23.309   29   34 21.1 RE E  809
 2009 05 22 07 22 54.4  21 59 02.5524 -14 05 23.160   29   34 21.1 RE E  809
 2009 05 22 07 25 41.3  21 59 02.5842 -14 05 23.076   29   34 21.2 RE E  809
 2009 05 22 07 35 33.8  21 59 02.6841 -14 05 22.561   29   34 20.8 RE E  809
 2009 05 22 07 41 08.2  21 59 02.7367 -14 05 22.224   29   34 20.9 RE E  809
 2009 05 22 07 46 37.8  21 59 02.7922 -14 05 21.994   29   34 20.7 RE E  809
 2009 05 22 09 13 43.6  21 59 03.6467 -14 05 17.438   29   34 20.7 RE E  809
 2009 05 22 09 16 30.0  21 59 03.6730 -14 05 17.257   29   34 20.7 RE E  809
 2009 05 22 09 28 50.1  21 59 03.7945 -14 05 16.596   29   34 21.7 RE E  809
 2009 05 22 09 31 36.3  21 59 03.8191 -14 05 16.377   29   34 19.8 RE E  809
