 2001 08 26 07 04 10.1  04 53 59.4001 +20 52 05.327   11   16 16.9 B  BC 874
 2001 08 26 07 11 05.4  04 53 59.4691 +20 52 05.419   11   16 16.8 B  BC 874
 2001 08 26 07 12 45.3  04 53 59.4848 +20 52 05.438   11   16 16.9 B  BC 874
 2001 08 26 07 14 24.4  04 53 59.5013 +20 52 05.452   11   16 16.8 B  BC 874
 2001 08 26 07 16 03.5  04 53 59.5163 +20 52 05.439   11   16 16.8 B  BC 874
 2001 08 26 07 19 21.6  04 53 59.5496 +20 52 05.484   11   16 16.8 B  BC 874
 2001 08 26 07 21 00.8  04 53 59.5661 +20 52 05.527   11   16 16.8 B  BC 874
 2001 08 26 07 24 18.8  04 53 59.5987 +20 52 05.553   11   16 16.8 B  BC 874
 2001 08 26 07 25 57.8  04 53 59.6147 +20 52 05.564   11   16 16.8 B  BC 874
 2001 08 26 07 27 36.1  04 53 59.6306 +20 52 05.591   11   16 16.8 B  BC 874
 2001 08 26 07 29 14.1  04 53 59.6472 +20 52 05.644   11   16 16.8 B  BC 874
 2001 08 26 07 30 54.0  04 53 59.6637 +20 52 05.638   11   16 16.8 B  BC 874
 2001 08 26 07 32 32.9  04 53 59.6782 +20 52 05.681   11   16 16.8 B  BC 874
 2001 08 26 07 35 51.0  04 53 59.7103 +20 52 05.699   11   16 16.8 B  BC 874
 2001 08 26 07 37 29.9  04 53 59.7263 +20 52 05.718   11   16 16.8 B  BC 874
 2001 08 26 07 39 11.0  04 53 59.7439 +20 52 05.724   11   16 16.8 B  BC 874
 2001 08 26 07 40 49.9  04 53 59.7580 +20 52 05.784   11   16 16.8 B  BC 874
 2004 10 09 07 09 09.3  07 54 35.4110 +20 44 17.227   24   29 16.8 V  BC 874
 2004 10 09 07 25 17.6  07 54 35.5435 +20 44 16.882   24   29 16.6 V  BC 874
 2004 10 09 07 29 26.8  07 54 35.5751 +20 44 16.789   24   29 16.5 V  BC 874
 2004 10 09 07 33 20.5  07 54 35.6071 +20 44 16.731   24   29 16.0 V  BC 874
 2004 10 09 07 44 42.0  07 54 35.7021 +20 44 16.449   24   29 16.7 V  BC 874
 2005 04 01 23 38 22.8  07 26 03.8868 +22 03 29.762   29   28 16.6 C  BC 874
 2005 04 01 23 40 08.9  07 26 03.8964 +22 03 29.704   29   28 16.6 C  BC 874
 2005 04 01 23 41 55.8  07 26 03.9025 +22 03 29.669   29   28 16.7 C  BC 874
 2005 04 01 23 43 41.8  07 26 03.9044 +22 03 29.720   29   28 16.5 C  BC 874
 2005 04 01 23 45 27.7  07 26 03.9119 +22 03 29.696   29   28 16.5 C  BC 874
 2005 04 01 23 47 13.7  07 26 03.9186 +22 03 29.686   29   28 16.6 C  BC 874
 2005 04 01 23 48 59.7  07 26 03.9234 +22 03 29.672   29   28 16.6 C  BC 874
 2005 04 01 23 50 45.8  07 26 03.9262 +22 03 29.715   29   28 16.5 C  BC 874
 2005 04 01 23 52 31.8  07 26 03.9324 +22 03 29.675   29   28 16.6 C  BC 874
 2005 04 01 23 54 17.9  07 26 03.9392 +22 03 29.625   29   28 16.6 C  BC 874
 2005 04 01 23 56 52.3  07 26 03.9452 +22 03 29.666   29   28 16.4 C  BC 874
 2005 04 01 23 58 09.1  07 26 03.9486 +22 03 29.638   29   28 16.6 C  BC 874
 2005 04 01 23 59 26.0  07 26 03.9509 +22 03 29.682   29   28 16.6 C  BC 874
 2005 04 02 00 00 43.9  07 26 03.9577 +22 03 29.593   29   28 16.7 C  BC 874
 2005 04 02 00 02 01.7  07 26 03.9620 +22 03 29.638   29   28 16.6 C  BC 874
 2005 04 02 00 04 35.4  07 26 03.9696 +22 03 29.619   29   28 16.6 C  BC 874
 2005 04 02 00 05 52.3  07 26 03.9720 +22 03 29.627   29   28 16.3 C  BC 874
 2005 04 02 00 07 09.1  07 26 03.9828 +22 03 29.569   29   28 16.6 C  BC 874
 2005 04 03 22 22 44.2  07 26 14.2839 +22 03 15.380   25   36 16.5 C  BC 874
 2005 04 03 22 24 31.1  07 26 14.2905 +22 03 15.367   25   36 16.5 C  BC 874
 2005 04 03 22 28 05.1  07 26 14.3035 +22 03 15.360   25   36 16.5 C  BC 874
 2005 04 03 22 29 51.9  07 26 14.3118 +22 03 15.384   25   36 16.5 C  BC 874
 2005 04 03 22 31 38.9  07 26 14.3181 +22 03 15.331   25   36 16.6 C  BC 874
 2005 04 03 22 35 12.6  07 26 14.3315 +22 03 15.282   25   36 16.5 C  BC 874
 2005 04 03 22 37 00.4  07 26 14.3361 +22 03 15.281   25   36 16.5 C  BC 874
 2005 04 03 22 44 07.2  07 26 14.3643 +22 03 15.295   25   36 16.4 C  BC 874
 2005 04 03 22 49 41.0  07 26 14.3869 +22 03 15.215   25   36 16.5 C  BC 874
 2005 04 03 22 52 27.9  07 26 14.3976 +22 03 15.209   25   36 16.5 C  BC 874
 2005 04 03 22 56 41.2  07 26 14.4085 +22 03 15.199   25   36 15.5 V  BC 874
 2005 04 03 23 08 33.3  07 26 14.4569 +22 03 15.085   25   36 16.7 V  BC 874
 2005 04 03 23 12 07.0  07 26 14.4678 +22 03 15.010   25   36 16.8 V  BC 874
 2005 04 03 23 13 53.8  07 26 14.4752 +22 03 15.012   25   36 16.7 V  BC 874
 2005 04 03 23 15 40.8  07 26 14.4807 +22 03 14.975   25   36 16.8 V  BC 874
 2005 04 03 23 17 27.7  07 26 14.4888 +22 03 14.964   25   36 16.7 V  BC 874
 2005 04 03 23 19 15.4  07 26 14.4950 +22 03 15.011   25   36 16.7 V  BC 874
 2005 04 03 23 21 02.3  07 26 14.5003 +22 03 14.937   25   36 16.7 V  BC 874
 2005 04 03 23 22 49.1  07 26 14.5132 +22 03 14.932   25   36 16.8 V  BC 874
 2005 04 03 23 24 36.0  07 26 14.5171 +22 03 14.947   25   36 16.7 V  BC 874
 2005 04 03 23 42 06.4  07 26 14.5852 +22 03 14.871   25   36 16.7 C  BC 874
 2005 04 03 23 45 40.3  07 26 14.5977 +22 03 14.854   25   36 16.7 C  BC 874
 2005 04 03 23 47 27.2  07 26 14.6064 +22 03 14.833   25   36 16.6 C  BC 874
 2005 04 03 23 49 14.1  07 26 14.6070 +22 03 14.847   25   36 16.6 C  BC 874
 2005 04 03 23 51 01.1  07 26 14.6184 +22 03 14.834   25   36 16.7 C  BC 874
 2005 04 03 23 54 35.0  07 26 14.6317 +22 03 14.774   25   36 16.6 C  BC 874
 2005 04 03 23 56 23.5  07 26 14.6361 +22 03 14.832   25   36 16.6 C  BC 874
 2005 04 04 00 08 57.0  07 26 14.6868 +22 03 14.672   25   36 16.7 R  BC 874
 2005 04 04 00 12 31.6  07 26 14.7000 +22 03 14.666   25   36 16.7 R  BC 874
 2005 04 04 00 14 19.7  07 26 14.7060 +22 03 14.644   25   36 16.5 R  BC 874
 2005 04 04 00 16 07.8  07 26 14.7161 +22 03 14.583   25   36 16.2 R  BC 874
 2005 04 04 22 22 47.8  07 26 20.3133 +22 03 06.558   17   46 16.7 C  BC 874
 2005 04 04 22 25 38.0  07 26 20.3262 +22 03 06.476   17   46 16.6 C  BC 874
 2005 04 04 22 29 10.9  07 26 20.3403 +22 03 06.503   17   46 16.6 C  BC 874
 2005 04 04 22 30 57.9  07 26 20.3482 +22 03 06.491   17   46 16.7 C  BC 874
 2005 04 04 22 32 44.9  07 26 20.3546 +22 03 06.427   17   46 16.7 C  BC 874
 2005 04 04 22 36 17.9  07 26 20.3688 +22 03 06.393   17   46 16.7 C  BC 874
 2005 04 04 22 38 04.9  07 26 20.3789 +22 03 06.388   17   46 16.8 C  BC 874
 2005 04 04 22 50 36.1  07 26 20.4274 +22 03 06.362   17   46 16.6 C  BC 874
 2005 04 04 22 53 29.8  07 26 20.4401 +22 03 06.306   17   46 16.6 C  BC 874
 2005 04 04 22 55 47.5  07 26 20.4494 +22 03 06.330   17   46 16.6 C  BC 874
 2005 04 04 22 58 05.2  07 26 20.4570 +22 03 06.306   17   46 16.6 C  BC 874
 2005 04 04 23 00 22.1  07 26 20.4693 +22 03 06.341   17   46 16.6 C  BC 874
 2005 04 04 23 02 39.0  07 26 20.4779 +22 03 06.255   17   46 16.6 C  BC 874
 2005 04 04 23 09 29.8  07 26 20.5061 +22 03 06.268   17   46 16.6 C  BC 874
 2005 04 04 23 11 46.9  07 26 20.5171 +22 03 06.255   17   46 16.6 C  BC 874
 2005 04 04 23 37 13.4  07 26 20.6205 +22 03 06.059   17   46 16.6 V  BC 874
 2005 04 04 23 41 20.7  07 26 20.6363 +22 03 05.916   17   46 16.6 V  BC 874
 2005 04 04 23 44 08.4  07 26 20.6462 +22 03 06.062   17   46 16.6 V  BC 874
 2005 04 04 23 52 29.2  07 26 20.6816 +22 03 05.859   17   46 16.5 V  BC 874
 2005 04 05 00 00 50.0  07 26 20.7146 +22 03 05.890   17   46 15.0 V  BC 874
 2006 03 01 01 11 34.8  08 33 11.7849 +19 36 07.352   25   22 16.4 C  BC 874
 2006 03 01 01 13 37.6  08 33 11.7616 +19 36 07.389   25   22 16.3 C  BC 874
 2006 03 01 01 17 44.1  08 33 11.7129 +19 36 07.555   25   22 16.3 C  BC 874
 2006 03 01 01 19 46.8  08 33 11.6872 +19 36 07.687   25   22 16.3 C  BC 874
 2006 03 01 01 21 49.6  08 33 11.6667 +19 36 07.716   25   22 16.3 C  BC 874
 2006 03 01 01 23 52.4  08 33 11.6433 +19 36 07.805   25   22 16.3 C  BC 874
 2006 03 01 01 25 56.1  08 33 11.6188 +19 36 07.912   25   22 16.3 C  BC 874
 2006 03 01 01 27 59.8  08 33 11.5965 +19 36 07.975   25   22 16.2 C  BC 874
 2006 03 01 01 30 02.6  08 33 11.5742 +19 36 08.059   25   22 16.2 C  BC 874
 2006 03 14 22 52 57.3  08 30 05.8765 +19 47 32.087   15   23 16.3 C  BC 874
 2006 03 14 22 57 39.7  08 30 05.8392 +19 47 32.234   15   23 16.3 C  BC 874
 2006 03 14 22 59 33.4  08 30 05.8238 +19 47 32.280   15   23 16.3 C  BC 874
 2006 03 14 23 01 26.2  08 30 05.8090 +19 47 32.305   15   23 16.3 C  BC 874
 2006 03 14 23 03 20.2  08 30 05.7933 +19 47 32.339   15   23 16.3 C  BC 874
 2006 03 14 23 05 13.0  08 30 05.7790 +19 47 32.388   15   23 16.3 C  BC 874
 2006 03 14 23 07 05.9  08 30 05.7636 +19 47 32.486   15   23 16.3 C  BC 874
 2006 03 14 23 08 58.7  08 30 05.7491 +19 47 32.506   15   23 16.3 C  BC 874
 2006 03 14 23 10 52.4  08 30 05.7357 +19 47 32.609   15   23 16.3 C  BC 874
 2006 03 14 23 12 45.2  08 30 05.7195 +19 47 32.648   15   23 16.3 C  BC 874
 2007 04 15 00 42 51.5  09 24 59.3280 +16 33 47.257   30   19 16.4 B  BC 874
 2007 04 15 00 44 14.3  09 24 59.3241 +16 33 47.277   30   19 16.4 B  BC 874
 2007 04 15 00 47 00.9  09 24 59.3243 +16 33 47.253   30   19 16.4 B  BC 874
 2007 04 15 00 48 24.5  09 24 59.3238 +16 33 47.254   30   19 16.4 B  BC 874
 2007 04 15 00 49 47.6  09 24 59.3215 +16 33 47.290   30   19 16.5 B  BC 874
 2007 04 15 00 51 10.4  09 24 59.3218 +16 33 47.254   30   19 16.4 B  BC 874
 2007 04 15 00 52 33.3  09 24 59.3186 +16 33 47.269   30   19 16.4 B  BC 874
 2007 04 15 00 53 56.1  09 24 59.3168 +16 33 47.254   30   19 16.4 B  BC 874
 2007 04 15 00 55 19.8  09 24 59.3129 +16 33 47.329   30   19 16.4 B  BC 874
 2007 04 15 00 58 06.3  09 24 59.3151 +16 33 47.309   30   19 16.5 B  BC 874
 2007 04 15 00 59 29.1  09 24 59.3166 +16 33 47.305   30   19 16.4 B  BC 874
 2007 04 15 01 02 15.7  09 24 59.3114 +16 33 47.314   30   19 16.5 B  BC 874
 2007 04 15 01 03 38.5  09 24 59.3106 +16 33 47.300   30   19 16.5 B  BC 874
 2007 04 15 01 05 01.3  09 24 59.3059 +16 33 47.349   30   19 16.5 B  BC 874
 2007 04 15 01 06 24.2  09 24 59.3104 +16 33 47.337   30   19 16.4 B  BC 874
 2007 04 15 01 07 47.9  09 24 59.3087 +16 33 47.323   30   19 16.4 B  BC 874
 2007 04 15 01 09 11.5  09 24 59.3075 +16 33 47.329   30   19 16.4 B  BC 874
 2007 04 15 01 10 34.4  09 24 59.3044 +16 33 47.346   30   19 16.5 B  BC 874
 2007 04 15 01 11 57.2  09 24 59.2985 +16 33 47.354   30   19 16.5 B  BC 874
 2007 04 15 01 13 20.1  09 24 59.3012 +16 33 47.338   30   19 16.5 B  BC 874
 2007 04 15 01 16 07.5  09 24 59.2968 +16 33 47.360   30   19 16.4 B  BC 874
 2007 04 15 01 17 30.3  09 24 59.3002 +16 33 47.342   30   19 16.5 B  BC 874
 2007 04 15 01 18 53.1  09 24 59.2982 +16 33 47.325   30   19 16.5 B  BC 874
 2007 04 15 01 20 16.0  09 24 59.2930 +16 33 47.363   30   19 16.5 B  BC 874
 2007 04 15 01 21 39.6  09 24 59.2917 +16 33 47.357   30   19 16.4 B  BC 874
 2007 04 15 01 23 02.5  09 24 59.2894 +16 33 47.338   30   19 16.4 B  BC 874
 2007 04 15 01 24 25.3  09 24 59.2883 +16 33 47.340   30   19 16.4 B  BC 874
 2007 04 15 01 25 48.1  09 24 59.2864 +16 33 47.363   30   19 16.5 B  BC 874
 2007 04 15 01 27 11.0  09 24 59.2877 +16 33 47.402   30   19 16.5 B  BC 874
 2007 04 15 01 28 34.6  09 24 59.2874 +16 33 47.332   30   19 16.4 B  BC 874
 2007 04 15 01 29 57.5  09 24 59.2853 +16 33 47.389   30   19 16.4 B  BC 874
 2007 04 15 01 31 20.3  09 24 59.2843 +16 33 47.369   30   19 16.4 B  BC 874
 2007 04 15 01 35 29.7  09 24 59.2800 +16 33 47.387   30   19 16.4 B  BC 874
 2007 04 15 01 36 52.5  09 24 59.2810 +16 33 47.399   30   19 16.4 B  BC 874
 2007 04 16 01 10 12.1  09 24 58.5719 +16 33 50.539   19    8 16.6 U  BC 874
 2007 04 16 01 11 35.8  09 24 58.5703 +16 33 50.542   19    8 16.6 U  BC 874
 2007 04 16 01 12 58.6  09 24 58.5724 +16 33 50.541   19    8 16.6 U  BC 874
 2007 04 16 01 14 21.5  09 24 58.5679 +16 33 50.533   19    8 16.5 U  BC 874
 2007 04 16 01 17 07.2  09 24 58.5677 +16 33 50.531   19    8 16.5 U  BC 874
 2007 04 16 01 18 30.0  09 24 58.5675 +16 33 50.528   19    8 16.6 U  BC 874
 2007 04 16 01 21 17.6  09 24 58.5659 +16 33 50.552   19    8 16.6 U  BC 874
 2007 04 16 01 31 06.2  09 24 58.5576 +16 33 50.559   19    8 16.6 U  BC 874
 2007 04 18 01 59 01.5  09 24 58.3380 +16 33 50.997   37   28 16.6 U  BC 874
 2007 04 18 02 11 35.9  09 24 58.3327 +16 33 50.959   37   28 16.6 U  BC 874
 2007 04 18 02 12 49.4  09 24 58.3343 +16 33 50.940   37   28 16.6 U  BC 874
 2007 04 18 02 14 03.7  09 24 58.3357 +16 33 50.989   37   28 16.6 U  BC 874
 2007 04 18 02 15 17.4  09 24 58.3311 +16 33 50.960   37   28 16.6 U  BC 874
 2007 04 18 02 16 30.9  09 24 58.3342 +16 33 50.939   37   28 16.6 U  BC 874
 2007 04 18 02 17 44.4  09 24 58.3350 +16 33 51.009   37   28 16.6 U  BC 874
 2007 04 18 02 18 57.0  09 24 58.3330 +16 33 50.933   37   28 16.6 U  BC 874
 2007 04 18 02 21 24.0  09 24 58.3373 +16 33 50.957   37   28 16.6 U  BC 874
 2007 04 18 02 22 37.5  09 24 58.3340 +16 33 50.941   37   28 16.6 U  BC 874
 2007 04 18 02 25 55.8  09 24 58.3309 +16 33 50.944   37   28 16.6 U  BC 874
 2007 04 18 02 27 28.4  09 24 58.3352 +16 33 50.962   37   28 16.6 U  BC 874
 2007 04 18 02 29 01.8  09 24 58.3372 +16 33 50.888   37   28 16.6 U  BC 874
 2007 04 18 02 30 35.3  09 24 58.3329 +16 33 50.961   37   28 16.5 U  BC 874
 2007 04 18 02 32 09.8  09 24 58.3395 +16 33 50.871   37   28 16.5 U  BC 874
 2007 04 18 02 33 43.2  09 24 58.3401 +16 33 50.902   37   28 16.6 U  BC 874
 2007 04 18 02 35 16.7  09 24 58.3368 +16 33 50.900   37   28 16.6 U  BC 874
 2007 04 18 02 36 49.3  09 24 58.3377 +16 33 50.904   37   28 16.7 U  BC 874
 2007 04 18 02 38 21.9  09 24 58.3331 +16 33 50.956   37   28 16.6 U  BC 874
 2007 04 19 01 08 23.2  09 24 58.8283 +16 33 48.335   33   40 16.8 U  BC 874
 2007 04 19 01 09 46.3  09 24 58.8259 +16 33 48.392   33   40 16.7 U  BC 874
 2007 04 19 01 11 09.7  09 24 58.8309 +16 33 48.314   33   40 16.7 U  BC 874
 2007 04 19 01 12 33.4  09 24 58.8299 +16 33 48.364   33   40 16.7 U  BC 874
 2007 04 19 01 13 56.1  09 24 58.8293 +16 33 48.290   33   40 16.8 U  BC 874
 2007 04 19 01 15 20.6  09 24 58.8322 +16 33 48.375   33   40 16.7 U  BC 874
 2007 04 19 01 16 44.0  09 24 58.8309 +16 33 48.362   33   40 16.7 U  BC 874
 2007 04 19 01 29 15.3  09 24 58.8326 +16 33 48.323   33   40 16.7 U  BC 874
 2007 04 19 01 30 38.7  09 24 58.8373 +16 33 48.322   33   40 16.8 U  BC 874
 2007 04 19 01 32 02.2  09 24 58.8338 +16 33 48.358   33   40 16.7 U  BC 874
 2007 04 19 01 33 25.7  09 24 58.8308 +16 33 48.310   33   40 16.7 U  BC 874
 2007 04 19 01 34 49.1  09 24 58.8366 +16 33 48.236   33   40 16.8 U  BC 874
 2007 04 19 01 39 23.6  09 24 58.8340 +16 33 48.192   33   40 16.7 U  BC 874
 2007 04 19 01 43 03.0  09 24 58.8350 +16 33 48.253   33   40 16.4 U  BC 874
 2007 04 19 01 47 57.7  09 24 58.8426 +16 33 48.230   33   40 16.7 U  BC 874
 2007 04 19 22 39 00.7  09 24 59.6548 +16 33 44.345   26   32 16.8 U  BC 874
 2007 04 19 22 39 58.2  09 24 59.6568 +16 33 44.257   26   32 16.6 U  BC 874
 2007 04 19 22 42 45.2  09 24 59.6622 +16 33 44.279   26   32 16.6 U  BC 874
 2007 04 19 22 44 10.4  09 24 59.6571 +16 33 44.344   26   32 16.6 U  BC 874
 2007 04 19 22 45 33.6  09 24 59.6614 +16 33 44.334   26   32 16.6 U  BC 874
 2007 04 19 22 46 56.1  09 24 59.6621 +16 33 44.230   26   32 16.7 U  BC 874
 2007 04 19 22 51 06.0  09 24 59.6612 +16 33 44.241   26   32 16.6 U  BC 874
 2007 04 19 22 52 29.8  09 24 59.6629 +16 33 44.286   26   32 16.6 U  BC 874
 2007 04 19 22 55 17.2  09 24 59.6632 +16 33 44.251   26   32 16.7 U  BC 874
 2007 04 19 22 56 40.6  09 24 59.6670 +16 33 44.251   26   32 16.7 U  BC 874
 2007 04 19 22 58 03.3  09 24 59.6676 +16 33 44.232   26   32 16.6 U  BC 874
 2007 04 19 22 59 26.6  09 24 59.6666 +16 33 44.262   26   32 16.6 U  BC 874
 2007 04 19 23 01 58.3  09 24 59.6698 +16 33 44.228   26   32 16.6 U  BC 874
 2007 04 19 23 03 21.6  09 24 59.6674 +16 33 44.243   26   32 16.7 U  BC 874
 2007 04 19 23 04 44.1  09 24 59.6678 +16 33 44.285   26   32 16.7 U  BC 874
 2007 04 19 23 14 38.9  09 24 59.6721 +16 33 44.220   26   32 16.7 U  BC 874
 2007 04 19 23 31 44.2  09 24 59.6819 +16 33 44.135   26   32 16.5 U  BC 874
 2007 04 19 23 32 57.4  09 24 59.6821 +16 33 44.135   26   32 16.7 U  BC 874
 2007 04 19 23 34 10.7  09 24 59.6822 +16 33 44.133   26   32 16.7 U  BC 874
 2007 04 19 23 35 23.2  09 24 59.6839 +16 33 44.078   26   32 16.7 U  BC 874
 2007 04 19 23 36 36.4  09 24 59.6842 +16 33 44.086   26   32 16.6 U  BC 874
 2007 04 19 23 37 49.7  09 24 59.6833 +16 33 44.135   26   32 16.7 U  BC 874
 2007 04 19 23 39 02.1  09 24 59.6881 +16 33 44.128   26   32 16.7 U  BC 874
 2007 04 19 23 41 28.8  09 24 59.6863 +16 33 44.118   26   32 16.6 U  BC 874
 2007 04 19 23 42 41.1  09 24 59.6860 +16 33 44.083   26   32 16.6 U  BC 874
 2007 04 19 23 43 54.4  09 24 59.6900 +16 33 44.034   26   32 16.6 U  BC 874
 2007 04 19 23 45 07.6  09 24 59.6901 +16 33 44.054   26   32 16.6 U  BC 874
 2007 04 19 23 46 20.8  09 24 59.6916 +16 33 44.020   26   32 16.6 U  BC 874
 2007 04 19 23 47 33.2  09 24 59.6898 +16 33 44.012   26   32 16.6 U  BC 874
 2007 04 19 23 48 46.5  09 24 59.6886 +16 33 44.071   26   32 16.6 U  BC 874
 2007 04 19 23 50 52.9  09 24 59.6883 +16 33 44.046   26   32 16.6 U  BC 874
 2007 04 20 00 06 43.5  09 24 59.7005 +16 33 43.928   26   32 16.6 U  BC 874
 2007 04 20 00 07 56.1  09 24 59.7021 +16 33 43.913   26   32 16.6 U  BC 874
 2007 04 20 00 09 09.3  09 24 59.7035 +16 33 43.927   26   32 16.6 U  BC 874
 2007 04 20 00 10 22.7  09 24 59.7035 +16 33 43.956   26   32 16.6 U  BC 874
 2007 04 20 00 11 37.1  09 24 59.7028 +16 33 43.919   26   32 16.6 U  BC 874
 2007 04 20 00 12 50.6  09 24 59.7035 +16 33 43.934   26   32 16.6 U  BC 874
 2007 04 20 00 14 04.3  09 24 59.6997 +16 33 43.929   26   32 16.7 U  BC 874
 2007 04 20 00 15 18.0  09 24 59.7036 +16 33 43.971   26   32 16.6 U  BC 874
 2007 04 20 00 16 31.2  09 24 59.7072 +16 33 43.895   26   32 16.6 U  BC 874
 2008 05 24 23 11 37.2  10 16 39.8740 +12 31 07.533   24   28 17.1 I  BC 874
 2008 05 24 23 13 52.9  10 16 39.8900 +12 31 07.407   24   28 16.8 I  BC 874
 2008 05 24 23 17 00.7  10 16 39.9134 +12 31 07.294   24   28 16.9 I  BC 874
 2008 05 24 23 20 21.3  10 16 39.9319 +12 31 07.162   24   28 17.0 I  BC 874
 2008 05 24 23 23 45.2  10 16 39.9533 +12 31 06.970   24   28 16.9 I  BC 874
 2008 05 24 23 25 48.7  10 16 39.9696 +12 31 06.896   24   28 16.8 I  BC 874
 2008 05 24 23 27 51.3  10 16 39.9802 +12 31 06.831   24   28 16.9 I  BC 874
 2008 05 24 23 29 18.4  10 16 39.9918 +12 31 06.780   24   28 16.9 I  BC 874
 2008 05 24 23 31 21.9  10 16 40.0047 +12 31 06.677   24   28 17.0 I  BC 874
 2008 05 24 23 33 24.4  10 16 40.0208 +12 31 06.556   24   28 16.8 I  BC 874
 2008 05 24 23 37 31.3  10 16 40.0458 +12 31 06.338   24   28 17.0 I  BC 874
 2008 05 24 23 41 37.3  10 16 40.0726 +12 31 06.247   24   28 16.8 I  BC 874
 2008 05 24 23 43 40.8  10 16 40.0841 +12 31 06.109   24   28 17.0 I  BC 874
 2008 05 24 23 47 47.7  10 16 40.1097 +12 31 05.903   24   28 17.0 I  BC 874
 2008 05 24 23 49 51.2  10 16 40.1273 +12 31 05.842   24   28 17.0 I  BC 874
 2008 05 24 23 51 54.7  10 16 40.1412 +12 31 05.771   24   28 16.9 I  BC 874
 2008 05 24 23 53 57.3  10 16 40.1500 +12 31 05.722   24   28 17.0 I  BC 874
 2008 05 24 23 56 00.8  10 16 40.1651 +12 31 05.526   24   28 17.0 I  BC 874
 2008 05 24 23 58 04.2  10 16 40.1794 +12 31 05.488   24   28 16.9 I  BC 874
 2008 05 25 00 00 07.7  10 16 40.1925 +12 31 05.383   24   28 16.8 I  BC 874
 2008 05 25 00 03 21.8  10 16 40.2135 +12 31 05.268   24   28 17.0 I  BC 874
 2008 05 25 00 05 25.3  10 16 40.2298 +12 31 05.170   24   28 17.0 I  BC 874
 2008 05 25 00 07 28.7  10 16 40.2382 +12 31 05.026   24   28 17.0 I  BC 874
 2008 05 25 00 09 32.2  10 16 40.2525 +12 31 05.012   24   28 17.2 I  BC 874
 2008 05 26 22 29 43.4  10 16 59.7182 +12 29 00.885   16   28 17.2 I  BC 874
 2008 05 26 22 34 18.1  10 16 59.7507 +12 29 00.698   16   28 17.1 I  BC 874
 2008 05 26 22 44 55.3  10 16 59.8240 +12 29 00.233   16   28 17.2 I  BC 874
 2008 05 26 22 47 48.9  10 16 59.8443 +12 29 00.049   16   28 17.2 I  BC 874
 2008 05 26 22 53 36.8  10 16 59.8876 +12 28 59.797   16   28 17.2 I  BC 874
 2008 05 26 22 56 30.3  10 16 59.9068 +12 28 59.698   16   28 17.2 I  BC 874
 2008 05 26 22 59 23.8  10 16 59.9259 +12 28 59.517   16   28 17.2 I  BC 874
 2008 05 26 23 02 18.1  10 16 59.9457 +12 28 59.435   16   28 17.1 I  BC 874
 2008 05 26 23 05 11.5  10 16 59.9667 +12 28 59.305   16   28 17.2 I  BC 874
 2008 05 26 23 08 05.0  10 16 59.9877 +12 28 59.157   16   28 17.2 I  BC 874
 2008 05 26 23 10 58.5  10 17 00.0098 +12 28 58.996   16   28 17.1 I  BC 874
 2008 05 26 23 13 52.0  10 17 00.0284 +12 28 58.920   16   28 17.2 I  BC 874
 2008 05 26 23 16 45.5  10 17 00.0506 +12 28 58.775   16   28 17.2 I  BC 874
 2008 05 26 23 19 39.0  10 17 00.0680 +12 28 58.610   16   28 17.3 I  BC 874
 2008 05 26 23 22 32.4  10 17 00.0889 +12 28 58.508   16   28 17.1 I  BC 874
 2008 05 26 23 25 25.9  10 17 00.1081 +12 28 58.388   16   28 17.2 I  BC 874
 2008 05 26 23 28 19.4  10 17 00.1322 +12 28 58.245   16   28 17.3 I  BC 874
 2008 05 26 23 31 13.2  10 17 00.1502 +12 28 58.088   16   28 17.2 I  BC 874
 2008 05 26 23 34 06.7  10 17 00.1707 +12 28 57.951   16   28 17.2 I  BC 874
 2008 05 26 23 36 59.8  10 17 00.1913 +12 28 57.800   16   28 17.3 I  BC 874
 2008 05 27 21 50 15.2  10 17 10.0611 +12 27 55.364   75   22 17.2 I  BC 874
 2008 05 27 21 54 24.6  10 17 10.0875 +12 27 55.195   75   22 17.1 I  BC 874
 2008 05 27 21 58 20.4  10 17 10.1121 +12 27 54.972   75   22 17.1 I  BC 874
 2008 05 27 22 02 24.6  10 17 10.1392 +12 27 54.776   75   22 17.1 I  BC 874
 2008 05 27 22 06 22.1  10 17 10.1650 +12 27 54.609   75   22 17.1 I  BC 874
 2008 05 27 22 13 16.6  10 17 10.2295 +12 27 54.242   75   22 17.2 I  BC 874
 2008 05 27 22 17 19.2  10 17 10.2608 +12 27 54.087   75   22 17.2 I  BC 874
 2008 05 27 22 22 10.5  10 17 10.2856 +12 27 53.814   75   22 17.1 I  BC 874
 2008 05 27 22 27 30.2  10 17 10.3336 +12 27 53.628   75   22 17.2 I  BC 874
 2008 05 27 22 31 30.2  10 17 10.3584 +12 27 53.428   75   22 17.2 I  BC 874
 2008 05 27 22 35 35.4  10 17 10.3891 +12 27 53.202   75   22 17.1 I  BC 874
 2008 05 27 22 39 36.3  10 17 10.4188 +12 27 53.013   75   22 17.2 I  BC 874
 2009 07 21 22 15 57.3  11 17 39.2935 +06 43 41.733   70   32 17.1 I  BC 874
 2009 07 21 22 17 55.4  11 17 39.3276 +06 43 41.541   70   32 16.7 I  BC 874
 2009 07 21 22 20 06.7  11 17 39.3558 +06 43 41.301   70   32 17.3 I  BC 874
 2009 07 21 22 21 40.4  11 17 39.3764 +06 43 41.109   70   32 17.2 I  BC 874
 2009 07 21 22 23 13.9  11 17 39.3915 +06 43 40.951   70   32 17.2 I  BC 874
 2010 02 21 03 33 30.3  12 16 59.5903 +00 51 19.929   51   11 16.5 C  BC 874
 2010 02 21 03 47 13.9  12 16 59.4740 +00 51 20.836   51   11 16.5 C  BC 874
 2010 02 21 03 48 56.7  12 16 59.4583 +00 51 20.938   51   11 16.4 C  BC 874
 2010 02 21 03 50 40.4  12 16 59.4431 +00 51 21.021   51   11 16.5 C  BC 874
 2010 02 21 03 52 23.2  12 16 59.4272 +00 51 21.143   51   11 16.4 C  BC 874
 2010 02 21 03 54 06.1  12 16 59.4136 +00 51 21.242   51   11 16.4 C  BC 874
 2010 02 21 06 48 53.3  12 16 57.9014 +00 51 32.486   51   11 16.3 C  BC 874
 2010 02 21 06 50 36.2  12 16 57.8850 +00 51 32.579   51   11 16.5 C  BC 874
 2010 02 21 06 52 19.0  12 16 57.8689 +00 51 32.701   51   11 16.4 C  BC 874
 2010 02 21 06 54 01.8  12 16 57.8528 +00 51 32.804   51   11 16.4 C  BC 874
 2010 02 21 06 55 44.7  12 16 57.8454 +00 51 32.909   51   11 16.3 C  BC 874
 2010 02 21 06 57 28.4  12 16 57.8273 +00 51 33.051   51   11 16.3 C  BC 874
 2010 02 21 07 00 54.0  12 16 57.7952 +00 51 33.265   51   11 16.4 C  BC 874
 2010 02 21 07 02 36.9  12 16 57.7841 +00 51 33.363   51   11 16.3 C  BC 874
 2010 02 21 07 07 46.2  12 16 57.7359 +00 51 33.710   51   11 16.3 C  BC 874
 2010 02 21 07 09 29.1  12 16 57.7216 +00 51 33.786   51   11 16.4 C  BC 874
 2010 02 21 07 11 11.9  12 16 57.7066 +00 51 33.911   51   11 16.3 C  BC 874
 2010 02 21 07 12 54.7  12 16 57.6904 +00 51 34.025   51   11 16.5 C  BC 874
 2010 02 21 07 23 15.2  12 16 57.6038 +00 51 34.675   51   11 16.4 C  BC 874
 2010 02 21 07 24 58.0  12 16 57.5913 +00 51 34.792   51   11 16.2 C  BC 874
 2010 02 21 07 26 40.9  12 16 57.5764 +00 51 34.901   51   11 16.2 C  BC 874
 2010 02 21 07 30 07.4  12 16 57.5479 +00 51 35.126   51   11 16.2 C  BC 874
 2010 02 21 07 31 50.2  12 16 57.5315 +00 51 35.254   51   11 16.3 C  BC 874
 2010 02 21 07 35 15.9  12 16 57.5034 +00 51 35.465   51   11 16.2 C  BC 874
 2010 02 21 07 36 58.7  12 16 57.4866 +00 51 35.560   51   11 16.3 C  BC 874
 2010 02 21 07 38 42.4  12 16 57.4745 +00 51 35.672   51   11 16.2 C  BC 874
 2010 02 22 04 46 31.8  12 16 46.7221 +00 52 57.835   26   28 16.4 C  BC 874
 2010 02 22 04 48 15.9  12 16 46.7034 +00 52 57.906   26   28 16.4 C  BC 874
 2010 02 22 04 49 58.8  12 16 46.6876 +00 52 58.034   26   28 16.5 C  BC 874
 2010 02 22 04 51 42.5  12 16 46.6736 +00 52 58.177   26   28 16.5 C  BC 874
 2010 02 22 04 53 26.2  12 16 46.6598 +00 52 58.308   26   28 16.3 C  BC 874
 2010 02 22 04 56 51.8  12 16 46.6286 +00 52 58.484   26   28 16.3 C  BC 874
 2010 02 22 05 00 18.4  12 16 46.5980 +00 52 58.766   26   28 16.5 C  BC 874
 2010 02 22 05 02 01.2  12 16 46.5807 +00 52 58.799   26   28 16.5 C  BC 874
 2010 02 22 05 05 26.9  12 16 46.5541 +00 52 59.085   26   28 16.5 C  BC 874
 2010 02 22 05 10 37.2  12 16 46.5074 +00 52 59.404   26   28 16.3 C  BC 874
 2010 02 22 05 12 20.0  12 16 46.4941 +00 52 59.490   26   28 16.4 C  BC 874
 2010 02 22 05 14 02.8  12 16 46.4742 +00 52 59.603   26   28 16.3 C  BC 874
 2010 02 22 05 15 46.5  12 16 46.4614 +00 52 59.699   26   28 16.3 C  BC 874
 2010 02 22 05 17 30.2  12 16 46.4472 +00 52 59.858   26   28 16.5 C  BC 874
 2010 02 22 05 22 38.7  12 16 46.3984 +00 53 00.146   26   28 16.5 C  BC 874
 2010 02 22 05 24 22.4  12 16 46.3870 +00 53 00.314   26   28 16.3 C  BC 874
 2010 02 22 05 27 48.1  12 16 46.3547 +00 53 00.526   26   28 16.3 C  BC 874
 2010 02 22 05 29 30.9  12 16 46.3403 +00 53 00.648   26   28 16.4 C  BC 874
 2010 02 22 05 32 57.4  12 16 46.3104 +00 53 00.855   26   28 16.3 C  BC 874
 2010 02 22 05 34 41.1  12 16 46.2971 +00 53 00.944   26   28 16.2 C  BC 874
 2010 02 22 05 41 04.8  12 16 46.2350 +00 53 01.367   26   28 16.5 C  BC 874
 2010 02 22 05 42 48.6  12 16 46.2212 +00 53 01.533   26   28 16.3 C  BC 874
 2010 02 22 05 44 32.2  12 16 46.2066 +00 53 01.611   26   28 16.3 C  BC 874
 2010 02 22 05 46 15.1  12 16 46.1946 +00 53 01.753   26   28 16.2 C  BC 874
 2010 02 22 05 49 40.8  12 16 46.1594 +00 53 01.903   26   28 16.4 C  BC 874
 2010 02 22 05 53 08.1  12 16 46.1297 +00 53 02.128   26   28 16.3 C  BC 874
 2010 02 22 05 54 51.0  12 16 46.1144 +00 53 02.221   26   28 16.3 C  BC 874
 2010 02 22 05 56 33.8  12 16 46.1000 +00 53 02.378   26   28 16.6 C  BC 874
 2010 02 22 05 58 16.7  12 16 46.0851 +00 53 02.520   26   28 16.4 C  BC 874
 2010 02 22 06 00 00.4  12 16 46.0704 +00 53 02.592   26   28 16.2 C  BC 874
 2010 02 22 06 01 43.2  12 16 46.0520 +00 53 02.705   26   28 16.4 C  BC 874
 2010 02 22 06 03 26.0  12 16 46.0382 +00 53 02.845   26   28 16.3 C  BC 874
 2010 02 22 06 05 08.9  12 16 46.0257 +00 53 02.951   26   28 16.4 C  BC 874
 2010 02 22 06 06 51.7  12 16 46.0092 +00 53 03.063   26   28 16.3 C  BC 874
 2010 02 22 06 08 35.4  12 16 45.9939 +00 53 03.177   26   28 16.4 C  BC 874
 2010 02 22 06 10 18.2  12 16 45.9787 +00 53 03.242   26   28 16.2 C  BC 874
 2010 02 22 06 12 01.1  12 16 45.9649 +00 53 03.381   26   28 16.5 C  BC 874
 2010 02 22 06 13 43.9  12 16 45.9507 +00 53 03.517   26   28 16.4 C  BC 874
 2010 02 22 06 15 26.9  12 16 45.9316 +00 53 03.609   26   28 16.3 C  BC 874
 2010 02 22 06 17 09.8  12 16 45.9201 +00 53 03.727   26   28 16.4 C  BC 874
 2010 02 22 06 18 53.4  12 16 45.9011 +00 53 03.787   26   28 16.3 C  BC 874
 2010 02 22 06 20 36.3  12 16 45.8874 +00 53 03.904   26   28 16.5 C  BC 874
 2010 02 22 06 22 19.1  12 16 45.8722 +00 53 04.072   26   28 16.4 C  BC 874
 2010 02 22 06 24 01.9  12 16 45.8589 +00 53 04.221   26   28 16.4 C  BC 874
 2010 02 22 06 25 44.8  12 16 45.8401 +00 53 04.288   26   28 16.6 C  BC 874
 2010 02 22 06 27 28.5  12 16 45.8244 +00 53 04.355   26   28 16.5 C  BC 874
 2010 02 22 06 57 42.0  12 16 45.5549 +00 53 06.374   26   28 16.4 C  BC 874
 2010 02 22 07 02 53.9  12 16 45.5101 +00 53 06.718   26   28 16.4 C  BC 874
 2010 02 22 07 06 21.3  12 16 45.4839 +00 53 06.989   26   28 16.4 C  BC 874
 2010 02 22 07 09 46.9  12 16 45.4513 +00 53 07.124   26   28 16.4 C  BC 874
 2010 02 22 07 14 57.1  12 16 45.4068 +00 53 07.485   26   28 16.6 C  BC 874
 2010 02 22 07 18 22.8  12 16 45.3757 +00 53 07.719   26   28 16.3 C  BC 874
 2010 02 22 07 29 30.2  12 16 45.2772 +00 53 08.411   26   28 16.4 C  BC 874
 2010 02 22 07 46 41.1  12 16 45.1272 +00 53 09.534   26   28 16.4 C  BC 874
 2010 02 23 05 24 31.0  12 16 33.8710 +00 54 34.959   22   18 16.3 C  BC 874
 2010 02 23 05 25 43.8  12 16 33.8603 +00 54 34.991   22   18 16.0 C  BC 874
 2010 02 23 05 33 03.5  12 16 33.7945 +00 54 35.534   22   18 16.1 C  BC 874
 2010 02 23 05 34 17.2  12 16 33.7831 +00 54 35.607   22   18 16.1 C  BC 874
 2010 02 23 05 37 55.8  12 16 33.7524 +00 54 35.796   22   18 16.2 C  BC 874
 2010 02 23 05 41 36.0  12 16 33.7181 +00 54 36.059   22   18 16.3 C  BC 874
 2010 02 23 05 44 02.5  12 16 33.6944 +00 54 36.254   22   18 16.4 C  BC 874
 2010 02 23 05 47 41.8  12 16 33.6610 +00 54 36.469   22   18 16.1 C  BC 874
 2010 02 23 05 51 23.0  12 16 33.6279 +00 54 36.687   22   18 16.0 C  BC 874
 2010 02 23 05 52 35.8  12 16 33.6184 +00 54 36.776   22   18 16.1 C  BC 874
 2010 02 23 05 53 48.7  12 16 33.6076 +00 54 36.879   22   18 16.0 C  BC 874
 2010 02 23 05 56 15.2  12 16 33.5830 +00 54 37.031   22   18 16.0 C  BC 874
 2010 02 23 05 57 28.1  12 16 33.5740 +00 54 37.092   22   18 16.2 C  BC 874
 2010 02 23 05 59 53.8  12 16 33.5540 +00 54 37.266   22   18 16.1 C  BC 874
 2010 02 23 06 24 25.6  12 16 33.3299 +00 54 38.908   22   18 16.1 C  BC 874
 2010 02 23 06 26 52.1  12 16 33.3099 +00 54 39.062   22   18 16.1 C  BC 874
 2010 02 23 06 29 17.8  12 16 33.2864 +00 54 39.234   22   18 16.1 C  BC 874
 2010 02 23 06 30 30.7  12 16 33.2762 +00 54 39.322   22   18 16.1 C  BC 874
 2010 02 23 06 31 44.4  12 16 33.2663 +00 54 39.364   22   18 16.2 C  BC 874
 2010 02 23 06 34 10.0  12 16 33.2427 +00 54 39.571   22   18 16.0 C  BC 874
 2010 02 23 06 36 35.8  12 16 33.2221 +00 54 39.733   22   18 16.1 C  BC 874
 2010 02 23 06 43 55.5  12 16 33.1565 +00 54 40.193   22   18 16.1 C  BC 874
 2010 02 23 06 47 34.8  12 16 33.1202 +00 54 40.460   22   18 16.2 C  BC 874
 2010 02 23 06 48 47.7  12 16 33.1107 +00 54 40.534   22   18 16.3 C  BC 874
 2010 02 23 06 50 01.4  12 16 33.0994 +00 54 40.613   22   18 16.1 C  BC 874
 2010 02 23 06 53 39.9  12 16 33.0690 +00 54 40.828   22   18 16.2 C  BC 874
 2010 02 23 06 56 07.3  12 16 33.0421 +00 54 41.023   22   18 16.2 C  BC 874
 2010 02 23 06 57 20.1  12 16 33.0326 +00 54 41.099   22   18 16.1 C  BC 874
 2010 02 23 06 58 33.1  12 16 33.0253 +00 54 41.156   22   18 16.1 C  BC 874
 2010 02 23 07 11 04.5  12 16 32.9106 +00 54 42.007   22   18 16.0 C  BC 874
 2010 02 23 07 13 31.1  12 16 32.8888 +00 54 42.146   22   18 16.2 C  BC 874
 2010 02 23 07 14 43.9  12 16 32.8761 +00 54 42.207   22   18 16.1 C  BC 874
 2010 02 23 07 15 57.6  12 16 32.8649 +00 54 42.313   22   18 16.3 C  BC 874
 2010 02 23 07 17 11.3  12 16 32.8557 +00 54 42.394   22   18 16.2 C  BC 874
 2010 02 23 07 22 03.5  12 16 32.8119 +00 54 42.736   22   18 16.2 C  BC 874
 2010 02 23 07 23 53.1  12 16 32.7949 +00 54 42.843   22   18 16.0 C  BC 874
 2010 02 23 07 26 18.8  12 16 32.7727 +00 54 42.998   22   18 16.1 C  BC 874
 2010 02 23 07 28 46.2  12 16 32.7505 +00 54 43.163   22   18 16.0 C  BC 874
 2010 05 03 22 16 55.0  11 59 24.1828 +02 48 44.124   27   19 16.7 C  BC 874
 2010 05 03 22 20 01.0  11 59 24.1607 +02 48 44.260   27   19 16.6 C  BC 874
 2010 05 03 22 21 03.0  11 59 24.1565 +02 48 44.300   27   19 16.7 C  BC 874
 2010 05 03 22 22 05.0  11 59 24.1496 +02 48 44.350   27   19 16.6 C  BC 874
 2010 05 03 22 25 10.0  11 59 24.1270 +02 48 44.486   27   19 16.7 C  BC 874
 2010 05 03 22 28 16.0  11 59 24.1029 +02 48 44.604   27   19 16.6 C  BC 874
 2010 05 03 22 29 17.0  11 59 24.0933 +02 48 44.611   27   19 16.7 C  BC 874
 2010 05 03 22 30 19.0  11 59 24.0888 +02 48 44.713   27   19 16.6 C  BC 874
 2010 05 03 22 31 21.0  11 59 24.0805 +02 48 44.699   27   19 16.6 C  BC 874
 2010 05 03 22 33 25.0  11 59 24.0649 +02 48 44.779   27   19 16.7 C  BC 874
 2010 05 03 22 34 26.0  11 59 24.0554 +02 48 44.825   27   19 16.6 C  BC 874
 2010 05 03 22 36 30.0  11 59 24.0402 +02 48 44.937   27   19 16.8 C  BC 874
 2010 05 04 00 01 44.0  11 59 23.4165 +02 48 48.365   27   19 16.8 C  BC 874
 2010 05 04 00 02 46.0  11 59 23.4131 +02 48 48.373   27   19 16.8 C  BC 874
 2010 05 04 00 03 48.0  11 59 23.4079 +02 48 48.434   27   19 16.7 C  BC 874
 2010 05 04 00 04 49.0  11 59 23.3967 +02 48 48.463   27   19 16.8 C  BC 874
 2010 05 04 00 05 51.0  11 59 23.3875 +02 48 48.530   27   19 16.8 C  BC 874
 2010 05 04 00 06 53.0  11 59 23.3832 +02 48 48.550   27   19 16.6 C  BC 874
 2010 05 04 00 07 55.0  11 59 23.3721 +02 48 48.595   27   19 16.8 C  BC 874
 2010 05 04 00 09 59.0  11 59 23.3614 +02 48 48.669   27   19 16.7 C  BC 874
 2010 05 04 00 11 00.0  11 59 23.3511 +02 48 48.714   27   19 16.8 C  BC 874
 2010 05 04 01 39 14.0  11 59 22.7090 +02 48 52.278   27   19 16.6 C  BC 874
 2010 05 04 01 40 16.0  11 59 22.7001 +02 48 52.302   27   19 16.6 C  BC 874
 2010 05 04 01 41 18.0  11 59 22.6940 +02 48 52.361   27   19 16.7 C  BC 874
 2010 05 04 01 42 19.0  11 59 22.6865 +02 48 52.374   27   19 16.6 C  BC 874
 2010 05 04 01 43 21.0  11 59 22.6780 +02 48 52.423   27   19 16.7 C  BC 874
 2010 05 04 01 44 23.0  11 59 22.6743 +02 48 52.461   27   19 16.7 C  BC 874
 2010 05 04 01 45 25.0  11 59 22.6610 +02 48 52.523   27   19 16.6 C  BC 874
 2010 05 04 01 46 27.0  11 59 22.6542 +02 48 52.517   27   19 16.6 C  BC 874
 2010 05 04 01 47 29.0  11 59 22.6463 +02 48 52.560   27   19 16.7 C  BC 874
 2010 05 04 21 48 00.0  11 59 14.3784 +02 49 39.720   40   14 16.9 C  BC 874
 2010 05 04 21 49 33.0  11 59 14.3653 +02 49 39.766   40   14 16.9 C  BC 874
 2010 05 04 21 51 06.0  11 59 14.3556 +02 49 39.836   40   14 16.9 C  BC 874
 2010 05 04 21 52 39.0  11 59 14.3446 +02 49 39.908   40   14 16.9 C  BC 874
 2010 05 04 21 54 12.0  11 59 14.3341 +02 49 39.974   40   14 16.9 C  BC 874
 2010 05 04 21 55 45.0  11 59 14.3217 +02 49 40.006   40   14 16.9 C  BC 874
 2010 05 04 21 57 18.0  11 59 14.3105 +02 49 40.072   40   14 16.9 C  BC 874
 2010 05 04 21 58 51.0  11 59 14.2997 +02 49 40.138   40   14 16.8 C  BC 874
 2010 05 04 22 00 24.0  11 59 14.2889 +02 49 40.192   40   14 16.9 C  BC 874
 2010 05 04 22 01 57.0  11 59 14.2787 +02 49 40.262   40   14 16.9 C  BC 874
 2010 05 04 22 47 34.0  11 59 13.9481 +02 49 42.054   40   14 16.7 C  BC 874
 2010 05 04 22 48 36.0  11 59 13.9415 +02 49 42.077   40   14 16.8 C  BC 874
 2010 05 04 22 49 37.0  11 59 13.9354 +02 49 42.124   40   14 16.8 C  BC 874
 2010 05 04 22 50 39.0  11 59 13.9288 +02 49 42.171   40   14 16.7 C  BC 874
 2010 05 04 22 51 41.0  11 59 13.9220 +02 49 42.189   40   14 16.7 C  BC 874
 2010 05 04 22 54 47.0  11 59 13.9024 +02 49 42.331   40   14 16.7 C  BC 874
 2010 05 06 23 02 25.0  11 58 54.7384 +02 51 29.475   10   24 16.8 C  BC 874
 2010 05 06 23 04 29.0  11 58 54.7251 +02 51 29.579   10   24 16.7 C  BC 874
 2010 05 06 23 05 30.0  11 58 54.7176 +02 51 29.588   10   24 16.8 C  BC 874
 2010 05 06 23 06 32.0  11 58 54.7102 +02 51 29.619   10   24 16.8 C  BC 874
 2010 05 06 23 07 34.0  11 58 54.7036 +02 51 29.612   10   24 16.8 C  BC 874
 2010 05 06 23 09 38.0  11 58 54.6901 +02 51 29.700   10   24 16.8 C  BC 874
 2010 05 07 00 26 56.0  11 58 54.1729 +02 51 32.464   10   24 16.9 C  BC 874
 2010 05 07 00 28 59.0  11 58 54.1582 +02 51 32.570   10   24 16.8 C  BC 874
 2010 05 07 00 30 01.0  11 58 54.1532 +02 51 32.597   10   24 16.8 C  BC 874
 2010 05 07 00 31 03.0  11 58 54.1463 +02 51 32.597   10   24 16.7 C  BC 874
 2010 05 07 00 33 07.0  11 58 54.1308 +02 51 32.676   10   24 16.9 C  BC 874
 2010 05 07 00 34 09.0  11 58 54.1241 +02 51 32.727   10   24 16.8 C  BC 874
 2010 05 07 02 18 25.0  11 58 53.4302 +02 51 36.438   10   24 17.0 C  BC 874
 2010 05 07 02 19 26.0  11 58 53.4240 +02 51 36.491   10   24 17.0 C  BC 874
 2010 05 07 02 20 28.0  11 58 53.4183 +02 51 36.491   10   24 17.0 C  BC 874
 2010 05 07 02 21 30.0  11 58 53.4100 +02 51 36.545   10   24 17.0 C  BC 874
 2010 05 07 02 22 32.0  11 58 53.4025 +02 51 36.522   10   24 17.0 C  BC 874
 2010 05 07 02 24 36.0  11 58 53.3894 +02 51 36.653   10   24 17.0 C  BC 874
 2010 05 07 02 26 40.0  11 58 53.3754 +02 51 36.678   10   24 17.1 C  BC 874
 2010 05 08 00 00 50.0  11 58 45.2663 +02 52 21.633   67   11 16.7 C  BC 874
 2010 05 08 00 06 17.0  11 58 45.2248 +02 52 21.840   67   11 16.7 C  BC 874
 2010 05 08 00 07 39.0  11 58 45.2173 +02 52 21.873   67   11 16.7 C  BC 874
 2010 05 08 00 09 01.0  11 58 45.2032 +02 52 21.941   67   11 16.8 C  BC 874
 2010 05 08 00 10 22.0  11 58 45.2009 +02 52 21.964   67   11 16.6 C  BC 874
 2010 05 08 02 55 12.0  11 58 44.1442 +02 52 27.547   67   11 16.7 C  BC 874
 2010 05 08 02 56 44.0  11 58 44.1277 +02 52 27.617   67   11 16.8 C  BC 874
 2010 05 08 02 59 47.0  11 58 44.1182 +02 52 27.707   67   11 16.9 C  BC 874
 2010 05 08 03 01 19.0  11 58 44.1057 +02 52 27.749   67   11 16.8 C  BC 874
 2010 05 08 03 02 51.0  11 58 44.0989 +02 52 27.805   67   11 16.8 C  BC 874
 2010 05 08 03 04 23.0  11 58 44.0880 +02 52 27.870   67   11 16.8 C  BC 874
 2010 05 08 03 05 55.0  11 58 44.0797 +02 52 27.920   67   11 16.9 C  BC 874
 2010 05 08 03 07 27.0  11 58 44.0693 +02 52 27.955   67   11 16.9 C  BC 874
 2010 05 08 03 08 58.0  11 58 44.0511 +02 52 27.992   67   11 16.8 C  BC 874
 2010 07 04 21 33 29.0  11 59 43.0465 +02 34 43.819   23   12 17.0 R  BC 874
 2010 07 04 21 34 51.0  11 59 43.0524 +02 34 43.750   23   12 17.1 R  BC 874
 2010 07 04 21 36 13.0  11 59 43.0654 +02 34 43.669   23   12 17.0 R  BC 874
 2010 07 04 21 38 56.0  11 59 43.0847 +02 34 43.512   23   12 17.0 R  BC 874
 2010 07 04 21 40 18.0  11 59 43.0964 +02 34 43.421   23   12 17.0 R  BC 874
 2010 07 04 21 41 40.0  11 59 43.1049 +02 34 43.371   23   12 17.0 R  BC 874
 2010 07 04 21 43 02.0  11 59 43.1156 +02 34 43.293   23   12 17.0 R  BC 874
 2010 07 04 21 44 24.0  11 59 43.1239 +02 34 43.209   23   12 17.1 R  BC 874
 2010 07 04 21 45 46.0  11 59 43.1323 +02 34 43.138   23   12 17.0 R  BC 874
 2010 07 04 21 47 08.0  11 59 43.1457 +02 34 43.041   23   12 17.0 R  BC 874
 2010 07 04 21 48 29.0  11 59 43.1551 +02 34 42.971   23   12 17.0 R  BC 874
 2010 07 04 21 51 13.0  11 59 43.1753 +02 34 42.799   23   12 17.1 R  BC 874
 2010 07 04 21 52 35.0  11 59 43.1861 +02 34 42.746   23   12 17.0 R  BC 874
 2010 07 04 21 53 57.0  11 59 43.1933 +02 34 42.656   23   12 17.0 R  BC 874
 2010 07 04 21 55 19.0  11 59 43.2048 +02 34 42.560   23   12 17.0 R  BC 874
 2010 07 04 21 58 02.0  11 59 43.2227 +02 34 42.397   23   12 16.9 R  BC 874
 2010 07 04 21 59 24.0  11 59 43.2324 +02 34 42.362   23   12 17.0 R  BC 874
 2010 07 04 22 00 46.0  11 59 43.2447 +02 34 42.255   23   12 17.0 R  BC 874
 2010 07 04 22 02 08.0  11 59 43.2568 +02 34 42.177   23   12 17.0 R  BC 874
 2010 07 04 22 03 29.0  11 59 43.2675 +02 34 42.125   23   12 17.2 R  BC 874
 2010 07 04 22 06 13.0  11 59 43.2833 +02 34 41.963   23   12 17.0 R  BC 874
 2010 07 04 22 08 57.0  11 59 43.3060 +02 34 41.783   23   12 17.0 R  BC 874
 2010 07 04 22 10 19.0  11 59 43.3123 +02 34 41.697   23   12 17.0 R  BC 874
 2010 07 04 22 11 40.0  11 59 43.3251 +02 34 41.624   23   12 17.0 R  BC 874
 2010 07 04 22 13 02.0  11 59 43.3341 +02 34 41.564   23   12 17.1 R  BC 874
 2010 07 05 23 40 34.0  11 59 55.0356 +02 33 12.868   28   19 17.2 R  BC 874
 2010 07 05 23 46 32.0  11 59 55.0833 +02 33 12.539   28   19 17.1 R  BC 874
 2010 07 05 23 48 36.0  11 59 55.0964 +02 33 12.395   28   19 17.1 R  BC 874
 2010 07 05 23 50 39.0  11 59 55.1133 +02 33 12.266   28   19 17.3 R  BC 874
 2010 07 05 23 51 41.0  11 59 55.1205 +02 33 12.238   28   19 17.1 R  BC 874
 2010 07 05 23 52 43.0  11 59 55.1253 +02 33 12.161   28   19 17.2 R  BC 874
 2010 07 05 23 53 45.0  11 59 55.1334 +02 33 12.104   28   19 17.2 R  BC 874
 2010 07 05 23 54 47.0  11 59 55.1468 +02 33 12.007   28   19 17.2 R  BC 874
 2010 07 05 23 55 49.0  11 59 55.1548 +02 33 11.961   28   19 17.2 R  BC 874
 2010 07 05 23 56 51.0  11 59 55.1597 +02 33 11.897   28   19 17.2 R  BC 874
 2010 07 05 23 57 53.0  11 59 55.1655 +02 33 11.856   28   19 17.2 R  BC 874
 2010 07 05 23 59 57.0  11 59 55.1830 +02 33 11.711   28   19 17.2 R  BC 874
 2010 07 06 00 02 01.0  11 59 55.1999 +02 33 11.577   28   19 17.2 R  BC 874
 2010 07 06 00 03 03.0  11 59 55.2101 +02 33 11.527   28   19 17.3 R  BC 874
 2010 07 06 00 04 05.0  11 59 55.2166 +02 33 11.494   28   19 17.2 R  BC 874
 2010 07 06 00 05 07.0  11 59 55.2225 +02 33 11.460   28   19 17.2 R  BC 874
 2010 07 06 00 07 11.0  11 59 55.2406 +02 33 11.327   28   19 17.2 R  BC 874
 2010 07 06 00 08 13.0  11 59 55.2497 +02 33 11.209   28   19 17.2 R  BC 874
 2010 07 06 00 09 15.0  11 59 55.2584 +02 33 11.178   28   19 17.2 R  BC 874
 2010 07 06 00 10 17.0  11 59 55.2653 +02 33 11.113   28   19 17.3 R  BC 874
 2010 07 06 00 12 21.0  11 59 55.2803 +02 33 11.008   28   19 17.2 R  BC 874
 2010 07 06 00 13 23.0  11 59 55.2849 +02 33 10.939   28   19 17.2 R  BC 874
 2010 07 06 00 14 25.0  11 59 55.2936 +02 33 10.871   28   19 17.1 R  BC 874
 2010 07 06 00 15 27.0  11 59 55.3038 +02 33 10.851   28   19 17.2 R  BC 874
 2010 07 06 23 43 20.0  12 00 06.4212 +02 31 47.121   26   27 17.1 R  BC 874
 2010 07 06 23 50 30.0  12 00 06.4768 +02 31 46.626   26   27 17.1 R  BC 874
 2010 07 06 23 51 32.0  12 00 06.4873 +02 31 46.559   26   27 17.2 R  BC 874
 2010 07 06 23 52 33.0  12 00 06.4933 +02 31 46.548   26   27 17.1 R  BC 874
 2010 07 06 23 53 35.0  12 00 06.4991 +02 31 46.520   26   27 17.0 R  BC 874
 2010 07 06 23 54 37.0  12 00 06.5132 +02 31 46.377   26   27 17.1 R  BC 874
 2010 07 06 23 55 39.0  12 00 06.5211 +02 31 46.353   26   27 17.1 R  BC 874
 2010 07 06 23 56 41.0  12 00 06.5267 +02 31 46.274   26   27 17.1 R  BC 874
 2010 07 06 23 57 42.0  12 00 06.5350 +02 31 46.223   26   27 17.1 R  BC 874
 2010 07 06 23 58 44.0  12 00 06.5453 +02 31 46.150   26   27 17.2 R  BC 874
 2010 07 06 23 59 46.0  12 00 06.5509 +02 31 46.084   26   27 17.2 R  BC 874
 2010 07 07 00 00 48.0  12 00 06.5561 +02 31 46.084   26   27 17.0 R  BC 874
 2010 07 07 00 01 49.0  12 00 06.5681 +02 31 45.934   26   27 17.0 R  BC 874
 2010 07 07 00 02 51.0  12 00 06.5734 +02 31 45.935   26   27 17.1 R  BC 874
 2010 07 07 00 03 53.0  12 00 06.5851 +02 31 45.829   26   27 17.1 R  BC 874
 2010 07 07 00 04 55.0  12 00 06.5909 +02 31 45.804   26   27 17.1 R  BC 874
 2010 07 07 00 05 57.0  12 00 06.6002 +02 31 45.756   26   27 17.0 R  BC 874
 2010 07 07 00 08 00.0  12 00 06.6172 +02 31 45.612   26   27 17.1 R  BC 874
 2010 07 07 00 09 02.0  12 00 06.6228 +02 31 45.539   26   27 17.1 R  BC 874
 2011 05 23 21 50 48.0  12 42 29.5245 -01 44 14.363   56   46 17.1 I  BC 874
 2011 05 23 21 54 23.0  12 42 29.5052 -01 44 14.434   56   46 15.4 I  BC 874
 2011 05 23 21 57 29.0  12 42 29.4916 -01 44 14.317   56   46 16.3 I  BC 874
 2011 05 23 21 58 31.0  12 42 29.4940 -01 44 14.320   56   46 17.0 I  BC 874
 2011 05 23 22 01 37.0  12 42 29.4830 -01 44 14.204   56   46 17.2 I  BC 874
 2011 05 23 22 02 39.0  12 42 29.4750 -01 44 14.256   56   46 17.1 I  BC 874
 2011 05 23 22 07 48.0  12 42 29.4514 -01 44 14.084   56   46 16.9 I  BC 874
 2011 05 23 22 08 50.0  12 42 29.4448 -01 44 14.026   56   46 15.9 I  BC 874
 2011 05 23 22 09 52.0  12 42 29.4438 -01 44 14.122   56   46 16.8 I  BC 874
 2011 05 23 22 32 20.0  12 42 29.3407 -01 44 13.654   56   46 17.0 I  BC 874
 2011 05 23 22 46 21.0  12 42 29.2679 -01 44 13.422   56   46 17.0 I  BC 874
 2011 05 23 22 48 58.0  12 42 29.2537 -01 44 13.332   56   46 16.9 I  BC 874
 2011 05 23 22 52 05.0  12 42 29.2425 -01 44 13.243   56   46 17.0 I  BC 874
 2011 05 23 23 06 17.0  12 42 29.1750 -01 44 13.095   56   46 17.1 I  BC 874
 2011 05 23 23 07 19.0  12 42 29.1772 -01 44 12.982   56   46 16.8 I  BC 874
 2011 05 23 23 09 23.0  12 42 29.1588 -01 44 13.085   56   46 17.0 I  BC 874
 2011 05 23 23 10 25.0  12 42 29.1554 -01 44 12.983   56   46 16.9 I  BC 874
 2011 05 23 23 11 27.0  12 42 29.1458 -01 44 13.045   56   46 16.7 I  BC 874
 2011 05 23 23 16 36.0  12 42 29.1257 -01 44 12.881   56   46 16.9 I  BC 874
 2011 05 23 23 17 38.0  12 42 29.1208 -01 44 12.851   56   46 17.1 I  BC 874
 2011 05 23 23 18 40.0  12 42 29.1238 -01 44 12.819   56   46 16.4 I  BC 874
 2011 05 23 23 19 42.0  12 42 29.1113 -01 44 12.761   56   46 15.8 I  BC 874
 2011 05 23 23 20 44.0  12 42 29.1032 -01 44 12.802   56   46 17.0 I  BC 874
 2011 05 23 23 22 47.0  12 42 29.0915 -01 44 12.789   56   46 17.0 I  BC 874
 2011 05 23 23 23 49.0  12 42 29.0925 -01 44 12.789   56   46 16.9 I  BC 874
 2011 05 23 23 24 51.0  12 42 29.0889 -01 44 12.716   56   46 16.9 I  BC 874
 2011 05 23 23 25 53.0  12 42 29.0807 -01 44 12.686   56   46 17.0 I  BC 874
 2011 05 23 23 26 55.0  12 42 29.0779 -01 44 12.759   56   46 17.0 I  BC 874
 2011 05 23 23 27 57.0  12 42 29.0726 -01 44 12.638   56   46 16.2 I  BC 874
 2012 05 24 01 16 29.0  13 28 24.8415 -06 18 59.615   20   15 16.6 C  BC 874
 2012 05 24 01 18 32.0  13 28 24.8280 -06 18 59.489   20   15 16.6 C  BC 874
 2012 05 24 01 22 41.0  13 28 24.7906 -06 18 59.347   20   15 16.6 C  BC 874
 2012 05 24 01 24 44.0  13 28 24.7736 -06 18 59.298   20   15 16.7 C  BC 874
 2012 05 24 01 26 47.0  13 28 24.7596 -06 18 59.176   20   15 16.6 C  BC 874
 2012 05 24 01 28 50.0  13 28 24.7396 -06 18 59.145   20   15 16.7 C  BC 874
 2012 05 24 01 30 53.0  13 28 24.7224 -06 18 59.051   20   15 16.6 C  BC 874
 2012 05 24 01 37 02.0  13 28 24.6746 -06 18 58.825   20   15 16.7 C  BC 874
 2012 05 24 01 39 05.0  13 28 24.6573 -06 18 58.730   20   15 16.6 C  BC 874
 2012 05 24 01 41 08.0  13 28 24.6414 -06 18 58.668   20   15 16.7 C  BC 874
 2012 05 24 01 43 11.0  13 28 24.6234 -06 18 58.591   20   15 16.6 C  BC 874
 2012 05 24 01 45 14.0  13 28 24.6062 -06 18 58.484   20   15 16.8 C  BC 874
 2012 05 24 01 47 17.0  13 28 24.5893 -06 18 58.422   20   15 16.6 C  BC 874
 2012 05 24 01 51 23.0  13 28 24.5553 -06 18 58.273   20   15 16.6 C  BC 874
 2012 05 24 01 55 29.0  13 28 24.5196 -06 18 58.113   20   15 16.6 C  BC 874
 2012 05 24 01 57 32.0  13 28 24.5035 -06 18 58.049   20   15 16.7 C  BC 874
 2012 05 24 02 01 38.0  13 28 24.4697 -06 18 57.867   20   15 16.7 C  BC 874
 2012 05 24 02 03 41.0  13 28 24.4550 -06 18 57.800   20   15 16.6 C  BC 874
 2012 05 24 02 05 44.0  13 28 24.4345 -06 18 57.720   20   15 16.7 C  BC 874
 2012 05 24 02 07 47.0  13 28 24.4212 -06 18 57.638   20   15 16.6 C  BC 874
 2012 05 24 02 09 50.0  13 28 24.4018 -06 18 57.568   20   15 16.7 C  BC 874
 2012 05 24 02 11 53.0  13 28 24.3882 -06 18 57.512   20   15 16.6 C  BC 874
 2012 05 24 02 13 56.0  13 28 24.3691 -06 18 57.400   20   15 16.7 C  BC 874
 2012 05 24 02 15 59.0  13 28 24.3514 -06 18 57.368   20   15 16.6 C  BC 874
 2012 05 24 02 18 02.0  13 28 24.3356 -06 18 57.254   20   15 16.7 C  BC 874
 2012 05 24 22 29 17.0  13 28 14.8112 -06 18 12.356   58   19 16.9 I  BC 874
 2012 05 24 22 33 23.0  13 28 14.7851 -06 18 12.170   58   19 16.9 I  BC 874
 2012 05 24 22 37 29.0  13 28 14.7494 -06 18 12.059   58   19 16.9 I  BC 874
 2012 05 24 22 39 32.0  13 28 14.7259 -06 18 11.947   58   19 16.8 I  BC 874
 2012 05 24 22 43 38.0  13 28 14.6953 -06 18 11.825   58   19 16.8 I  BC 874
 2012 05 26 23 27 10.5  13 27 52.4753 -06 16 29.445   16   24 17.0 I  BC 874
 2012 05 26 23 29 46.5  13 27 52.4560 -06 16 29.403   16   24 17.0 I  BC 874
 2012 05 26 23 31 04.5  13 27 52.4478 -06 16 29.348   16   24 16.4 I  BC 874
 2012 05 26 23 32 22.5  13 27 52.4373 -06 16 29.308   16   24 17.0 I  BC 874
 2012 05 26 23 34 58.5  13 27 52.4140 -06 16 29.186   16   24 16.6 I  BC 874
 2012 05 26 23 36 16.5  13 27 52.4073 -06 16 29.171   16   24 17.0 I  BC 874
 2012 05 26 23 42 46.5  13 27 52.3561 -06 16 28.918   16   24 17.0 I  BC 874
 2012 05 26 23 44 04.5  13 27 52.3465 -06 16 28.905   16   24 16.9 I  BC 874
 2012 05 26 23 45 22.5  13 27 52.3386 -06 16 28.842   16   24 17.1 I  BC 874
 2012 05 26 23 50 33.0  13 27 52.2964 -06 16 28.716   16   24 16.6 C  BC 874
 2012 05 26 23 51 16.0  13 27 52.2910 -06 16 28.697   16   24 16.6 C  BC 874
 2012 05 26 23 51 59.0  13 27 52.2855 -06 16 28.665   16   24 16.6 C  BC 874
 2012 05 26 23 52 42.0  13 27 52.2808 -06 16 28.640   16   24 16.6 C  BC 874
 2012 05 26 23 53 25.0  13 27 52.2765 -06 16 28.609   16   24 16.7 C  BC 874
 2012 05 26 23 54 08.0  13 27 52.2700 -06 16 28.613   16   24 16.7 C  BC 874
 2012 05 26 23 54 51.0  13 27 52.2632 -06 16 28.584   16   24 16.6 C  BC 874
 2012 05 26 23 55 34.0  13 27 52.2579 -06 16 28.518   16   24 16.6 C  BC 874
 2012 05 26 23 56 17.0  13 27 52.2520 -06 16 28.504   16   24 16.6 C  BC 874
 2012 05 26 23 57 00.0  13 27 52.2475 -06 16 28.500   16   24 16.7 C  BC 874
 2012 05 26 23 57 43.0  13 27 52.2409 -06 16 28.472   16   24 16.7 C  BC 874
 2012 05 26 23 58 26.0  13 27 52.2368 -06 16 28.467   16   24 16.6 C  BC 874
 2012 05 26 23 59 09.0  13 27 52.2321 -06 16 28.435   16   24 16.7 C  BC 874
 2012 05 26 23 59 52.0  13 27 52.2275 -06 16 28.401   16   24 16.7 C  BC 874
 2012 05 27 00 00 35.0  13 27 52.2206 -06 16 28.413   16   24 16.7 C  BC 874
 2012 05 27 22 05 23.0  13 27 42.6177 -06 15 44.818   29   26 16.9 I  BC 874
 2012 05 27 22 06 56.0  13 27 42.6073 -06 15 44.751   29   26 16.8 I  BC 874
 2012 05 27 22 08 29.0  13 27 42.5938 -06 15 44.731   29   26 16.8 I  BC 874
 2012 05 27 22 10 02.0  13 27 42.5806 -06 15 44.653   29   26 16.9 I  BC 874
 2012 05 27 22 11 35.0  13 27 42.5706 -06 15 44.595   29   26 16.8 I  BC 874
 2012 05 27 22 14 41.0  13 27 42.5462 -06 15 44.521   29   26 16.8 I  BC 874
 2012 05 27 22 16 14.0  13 27 42.5371 -06 15 44.474   29   26 16.8 I  BC 874
 2012 05 27 22 19 20.0  13 27 42.5115 -06 15 44.334   29   26 16.8 I  BC 874
 2012 05 27 22 20 53.0  13 27 42.5011 -06 15 44.312   29   26 16.9 I  BC 874
 2012 05 27 22 22 26.0  13 27 42.4935 -06 15 44.318   29   26 17.0 I  BC 874
 2012 05 27 22 25 32.0  13 27 42.4657 -06 15 44.182   29   26 17.0 I  BC 874
 2012 05 27 22 27 05.0  13 27 42.4567 -06 15 44.108   29   26 16.8 I  BC 874
 2012 05 27 22 36 32.0  13 27 42.3859 -06 15 43.869   29   26 16.6 C  BC 874
 2012 05 27 22 37 15.0  13 27 42.3797 -06 15 43.818   29   26 16.6 C  BC 874
 2012 05 27 22 37 58.0  13 27 42.3743 -06 15 43.812   29   26 16.6 C  BC 874
 2012 05 27 22 38 41.0  13 27 42.3703 -06 15 43.775   29   26 16.6 C  BC 874
 2012 05 27 22 39 24.0  13 27 42.3653 -06 15 43.745   29   26 16.5 C  BC 874
 2012 05 27 22 40 07.0  13 27 42.3593 -06 15 43.720   29   26 16.5 C  BC 874
 2012 05 27 22 40 50.0  13 27 42.3558 -06 15 43.694   29   26 16.6 C  BC 874
 2012 05 27 22 41 33.0  13 27 42.3496 -06 15 43.688   29   26 16.6 C  BC 874
 2012 05 27 22 42 16.0  13 27 42.3437 -06 15 43.669   29   26 16.5 C  BC 874
 2012 05 27 22 42 59.0  13 27 42.3401 -06 15 43.625   29   26 16.6 C  BC 874
 2012 05 27 22 58 04.0  13 27 42.2306 -06 15 43.190   29   26 16.6 C  BC 874
 2012 05 27 22 58 47.0  13 27 42.2253 -06 15 43.096   29   26 16.6 C  BC 874
 2012 05 27 22 59 30.0  13 27 42.2205 -06 15 43.069   29   26 16.6 C  BC 874
 2012 05 27 23 00 13.0  13 27 42.2147 -06 15 43.019   29   26 16.6 C  BC 874
 2012 05 28 22 41 35.0  13 27 32.2038 -06 14 58.399   72   27 17.1 I  BC 874
 2012 05 29 01 12 25.0  13 27 31.1266 -06 14 53.725   72   27 16.2 I  BC 874
 2012 05 29 01 16 28.0  13 27 31.0881 -06 14 53.645   72   27 16.8 I  BC 874
 2012 05 29 01 20 31.0  13 27 31.0549 -06 14 53.532   72   27 16.9 I  BC 874
 2012 05 29 01 24 35.0  13 27 31.0412 -06 14 53.363   72   27 16.4 I  BC 874
 2012 05 29 01 28 38.0  13 27 31.0036 -06 14 53.299   72   27 16.9 I  BC 874
 2012 05 29 01 36 45.0  13 27 30.9435 -06 14 53.044   72   27 16.6 I  BC 874
 2012 05 29 01 40 48.0  13 27 30.9152 -06 14 52.867   72   27 16.9 I  BC 874
 2012 05 29 01 44 52.0  13 27 30.8855 -06 14 52.792   72   27 16.8 I  BC 874
 2012 07 10 21 52 33.0  13 25 55.9952 -06 18 09.025   14   14 16.8 un BC 874
 2012 07 10 22 02 01.0  13 25 56.0318 -06 18 09.373   14   14 16.8 un BC 874
 2012 07 10 22 03 33.0  13 25 56.0359 -06 18 09.413   14   14 17.0 un BC 874
 2012 07 10 22 05 05.0  13 25 56.0421 -06 18 09.495   14   14 16.8 un BC 874
 2012 07 10 22 06 38.0  13 25 56.0479 -06 18 09.549   14   14 16.8 un BC 874
 2012 07 10 22 08 10.0  13 25 56.0557 -06 18 09.576   14   14 16.8 un BC 874
 2012 07 10 22 11 15.0  13 25 56.0648 -06 18 09.693   14   14 16.8 un BC 874
 2012 07 10 22 12 47.0  13 25 56.0715 -06 18 09.736   14   14 16.7 un BC 874
 2012 07 10 22 14 19.0  13 25 56.0788 -06 18 09.826   14   14 16.8 un BC 874
 2012 07 10 22 15 51.0  13 25 56.0844 -06 18 09.848   14   14 16.8 un BC 874
 2012 07 10 22 17 24.0  13 25 56.0894 -06 18 09.922   14   14 16.7 un BC 874
 2012 07 10 22 18 56.0  13 25 56.0947 -06 18 10.002   14   14 16.9 un BC 874
 2012 07 10 22 20 28.0  13 25 56.1001 -06 18 10.042   14   14 16.8 un BC 874
 2012 07 10 22 23 33.0  13 25 56.1141 -06 18 10.168   14   14 16.9 un BC 874
 2012 07 10 22 25 05.0  13 25 56.1204 -06 18 10.215   14   14 16.8 un BC 874
 2012 07 10 22 26 38.0  13 25 56.1236 -06 18 10.284   14   14 16.8 un BC 874
 2012 07 10 22 29 42.0  13 25 56.1375 -06 18 10.374   14   14 16.8 un BC 874
 2012 07 21 00 12 39.5  13 27 13.8336 -06 28 56.922   19   16 16.9 R  BC 874
 2012 07 21 00 15 26.7  13 27 13.8555 -06 28 57.059   19   16 16.9 R  BC 874
 2012 07 21 00 16 31.2  13 27 13.8599 -06 28 57.081   19   16 16.9 R  BC 874
 2012 07 21 00 18 40.2  13 27 13.8746 -06 28 57.215   19   16 16.9 R  BC 874
 2012 07 21 00 19 44.6  13 27 13.8796 -06 28 57.299   19   16 16.9 R  BC 874
 2012 07 21 00 20 49.1  13 27 13.8878 -06 28 57.330   19   16 17.0 R  BC 874
 2012 07 21 00 22 58.1  13 27 13.9009 -06 28 57.437   19   16 17.0 R  BC 874
 2012 07 21 00 25 07.0  13 27 13.9182 -06 28 57.531   19   16 17.0 R  BC 874
 2012 07 21 00 26 11.4  13 27 13.9224 -06 28 57.603   19   16 16.9 R  BC 874
 2012 07 21 00 30 29.4  13 27 13.9508 -06 28 57.849   19   16 17.0 R  BC 874
 2012 07 21 00 31 33.8  13 27 13.9584 -06 28 57.891   19   16 16.9 R  BC 874
 2012 07 21 00 32 38.3  13 27 13.9659 -06 28 57.938   19   16 16.9 R  BC 874
 2012 07 21 00 33 42.7  13 27 13.9733 -06 28 57.968   19   16 17.0 R  BC 874
 2012 07 21 22 12 00.1  13 27 22.7610 -06 30 06.179   27   26 17.1 R  BC 874
 2012 07 21 22 13 04.6  13 27 22.7643 -06 30 06.283   27   26 17.0 R  BC 874
 2012 07 21 22 14 09.0  13 27 22.7713 -06 30 06.342   27   26 17.1 R  BC 874
 2012 07 21 22 15 13.5  13 27 22.7789 -06 30 06.400   27   26 17.0 R  BC 874
 2012 07 21 22 16 18.0  13 27 22.7844 -06 30 06.441   27   26 17.0 R  BC 874
 2012 07 21 22 17 22.5  13 27 22.7948 -06 30 06.504   27   26 17.1 R  BC 874
 2012 07 21 22 18 27.0  13 27 22.8016 -06 30 06.604   27   26 17.1 R  BC 874
 2012 07 21 22 19 31.4  13 27 22.8092 -06 30 06.617   27   26 17.1 R  BC 874
 2012 07 21 22 21 40.4  13 27 22.8198 -06 30 06.718   27   26 17.1 R  BC 874
 2012 07 21 22 22 44.8  13 27 22.8294 -06 30 06.795   27   26 17.1 R  BC 874
 2012 07 21 22 23 49.3  13 27 22.8345 -06 30 06.858   27   26 17.1 R  BC 874
 2012 07 21 22 25 58.2  13 27 22.8494 -06 30 07.008   27   26 17.4 R  BC 874
 2012 07 21 22 27 02.7  13 27 22.8551 -06 30 06.973   27   26 17.1 R  BC 874
 2012 07 21 22 28 07.2  13 27 22.8660 -06 30 07.069   27   26 17.1 R  BC 874
 2012 07 21 22 29 11.6  13 27 22.8750 -06 30 07.096   27   26 17.1 R  BC 874
 2012 07 21 22 30 16.1  13 27 22.8776 -06 30 07.213   27   26 17.1 R  BC 874
 2013 05 03 00 15 50.2  14 26 06.1065 -11 39 05.098   41   34 16.5 I  BC 874
 2013 05 03 00 22 37.9  14 26 06.0207 -11 39 04.718   41   34 16.5 I  BC 874
 2013 05 03 00 28 11.5  14 26 05.9434 -11 39 04.304   41   34 16.8 I  BC 874
 2013 05 03 00 29 46.3  14 26 05.9240 -11 39 04.181   41   34 16.6 I  BC 874
 2013 05 03 00 31 21.2  14 26 05.9004 -11 39 04.116   41   34 16.4 I  BC 874
 2013 05 03 00 32 56.1  14 26 05.8808 -11 39 03.995   41   34 15.9 I  BC 874
 2013 05 03 00 36 06.0  14 26 05.8421 -11 39 03.815   41   34 16.8 I  BC 874
 2013 05 03 00 37 40.9  14 26 05.8169 -11 39 03.706   41   34 15.5 I  BC 874
 2013 05 03 00 43 55.1  14 26 05.7397 -11 39 03.347   41   34 16.7 I  BC 874
 2013 05 03 00 48 39.8  14 26 05.6712 -11 39 03.063   41   34 16.9 I  BC 874
 2013 05 03 00 51 49.7  14 26 05.6344 -11 39 02.860   41   34 15.4 I  BC 874
 2013 05 03 00 58 09.3  14 26 05.5525 -11 39 02.355   41   34 16.7 I  BC 874
 2013 05 03 01 05 29.5  14 26 05.4557 -11 39 01.878   41   34 16.3 I  BC 874
 2013 05 03 01 13 24.0  14 26 05.3518 -11 39 01.412   41   34 16.5 I  BC 874
 2013 05 03 01 16 33.9  14 26 05.3059 -11 39 01.181   41   34 16.6 I  BC 874
 2013 05 03 02 53 26.4  14 26 04.0295 -11 38 55.028   41   34 16.3 I  BC 874
 2013 05 03 02 57 36.4  14 26 03.9720 -11 38 54.779   41   34 16.8 I  BC 874
 2013 05 03 02 59 11.3  14 26 03.9496 -11 38 54.617   41   34 16.8 I  BC 874
 2013 05 03 03 00 46.2  14 26 03.9362 -11 38 54.575   41   34 16.9 I  BC 874
 2013 05 03 03 02 21.2  14 26 03.9066 -11 38 54.475   41   34 16.9 I  BC 874
 2013 05 03 03 03 56.1  14 26 03.8942 -11 38 54.362   41   34 16.9 I  BC 874
 2013 05 03 03 05 31.0  14 26 03.8705 -11 38 54.227   41   34 16.7 I  BC 874
 2013 05 03 03 07 05.9  14 26 03.8424 -11 38 54.148   41   34 16.9 I  BC 874
 2013 05 03 03 08 40.8  14 26 03.8275 -11 38 54.095   41   34 16.6 I  BC 874
 2013 05 03 03 10 15.8  14 26 03.8025 -11 38 53.923   41   34 16.6 I  BC 874
 2013 05 03 03 11 50.7  14 26 03.7866 -11 38 53.839   41   34 16.7 I  BC 874
 2013 05 03 03 13 25.6  14 26 03.7638 -11 38 53.754   41   34 16.7 I  BC 874
 2013 05 03 03 15 00.6  14 26 03.7383 -11 38 53.598   41   34 16.8 I  BC 874
 2013 05 03 22 50 06.1  14 25 48.6135 -11 37 38.499   28   18 16.4 I  BC 874
 2013 05 03 22 53 16.0  14 25 48.5651 -11 37 38.254   28   18 16.6 I  BC 874
 2013 05 03 22 54 50.9  14 25 48.5498 -11 37 38.169   28   18 16.7 I  BC 874
 2013 05 03 22 56 25.8  14 25 48.5260 -11 37 38.067   28   18 16.6 I  BC 874
 2013 05 03 22 58 00.7  14 25 48.5033 -11 37 38.001   28   18 16.6 I  BC 874
 2013 05 03 22 59 35.7  14 25 48.4848 -11 37 37.888   28   18 16.7 I  BC 874
 2013 05 03 23 01 10.6  14 25 48.4671 -11 37 37.788   28   18 16.1 I  BC 874
 2013 05 03 23 02 45.5  14 25 48.4444 -11 37 37.698   28   18 16.7 I  BC 874
 2013 05 03 23 04 20.4  14 25 48.4262 -11 37 37.600   28   18 16.6 I  BC 874
 2013 05 03 23 05 55.3  14 25 48.4058 -11 37 37.459   28   18 16.6 I  BC 874
 2013 05 03 23 09 05.2  14 25 48.3619 -11 37 37.291   28   18 16.5 I  BC 874
 2013 05 03 23 13 49.9  14 25 48.2982 -11 37 36.989   28   18 16.8 I  BC 874
 2013 05 03 23 15 24.9  14 25 48.2767 -11 37 36.892   28   18 16.7 I  BC 874
 2013 05 03 23 16 59.8  14 25 48.2576 -11 37 36.797   28   18 16.6 I  BC 874
 2013 05 03 23 25 55.2  14 25 48.1416 -11 37 36.249   28   18 16.5 I  BC 874
 2013 05 03 23 32 50.4  14 25 48.0485 -11 37 35.785   28   18 16.7 I  BC 874
 2013 05 03 23 34 25.3  14 25 48.0293 -11 37 35.652   28   18 16.7 I  BC 874
 2013 05 03 23 36 00.2  14 25 48.0093 -11 37 35.596   28   18 16.7 I  BC 874
 2013 05 03 23 45 43.3  14 25 47.8816 -11 37 34.945   28   18 16.6 I  BC 874
 2013 05 03 23 48 53.2  14 25 47.8413 -11 37 34.762   28   18 16.8 I  BC 874
 2013 05 05 02 36 26.3  14 25 27.0470 -11 35 52.547   16   17 16.9 I  BC 874
 2013 05 05 02 40 22.3  14 25 26.9946 -11 35 52.260   16   17 16.5 I  BC 874
 2013 05 05 02 43 32.1  14 25 26.9555 -11 35 52.068   16   17 16.6 I  BC 874
 2013 05 05 02 45 07.0  14 25 26.9337 -11 35 51.960   16   17 16.8 I  BC 874
 2013 05 05 02 49 51.8  14 25 26.8723 -11 35 51.681   16   17 16.8 I  BC 874
 2013 05 05 02 51 26.7  14 25 26.8519 -11 35 51.549   16   17 16.7 I  BC 874
 2013 05 05 02 53 01.7  14 25 26.8312 -11 35 51.473   16   17 16.8 I  BC 874
 2013 05 05 02 59 21.4  14 25 26.7464 -11 35 51.094   16   17 16.7 I  BC 874
 2013 05 05 03 00 56.3  14 25 26.7251 -11 35 50.992   16   17 16.7 I  BC 874
 2013 05 05 03 04 06.1  14 25 26.6839 -11 35 50.761   16   17 16.7 I  BC 874
 2013 05 05 03 05 41.1  14 25 26.6648 -11 35 50.675   16   17 16.9 I  BC 874
 2013 05 05 03 08 50.9  14 25 26.6205 -11 35 50.449   16   17 16.6 I  BC 874
 2013 05 06 23 14 36.1  14 24 52.6425 -11 33 03.317   60   21 16.4 I  BC 874
 2013 05 06 23 16 41.2  14 24 52.6179 -11 33 03.167   60   21 16.8 I  BC 874
 2013 05 06 23 18 46.1  14 24 52.5903 -11 33 03.056   60   21 16.5 I  BC 874
 2013 05 06 23 20 51.0  14 24 52.5730 -11 33 02.958   60   21 17.0 I  BC 874
 2013 05 06 23 22 56.0  14 24 52.5356 -11 33 02.794   60   21 17.1 I  BC 874
 2013 05 06 23 27 05.9  14 24 52.4810 -11 33 02.577   60   21 16.8 I  BC 874
 2013 05 06 23 29 10.8  14 24 52.4590 -11 33 02.407   60   21 16.5 I  BC 874
 2013 05 08 02 11 02.9  14 24 31.8951 -11 31 22.177   42   32 16.5 I  BC 874
 2013 05 08 02 12 37.8  14 24 31.8753 -11 31 22.081   42   32 16.8 I  BC 874
 2013 05 08 02 15 47.7  14 24 31.8367 -11 31 21.825   42   32 16.7 I  BC 874
 2013 05 08 02 17 22.6  14 24 31.8132 -11 31 21.796   42   32 17.0 I  BC 874
 2013 05 08 02 18 57.5  14 24 31.7873 -11 31 21.685   42   32 16.9 I  BC 874
 2013 05 08 02 20 32.5  14 24 31.7672 -11 31 21.564   42   32 16.7 I  BC 874
 2013 05 08 02 23 42.3  14 24 31.7291 -11 31 21.419   42   32 16.8 I  BC 874
 2013 05 08 02 25 17.3  14 24 31.7099 -11 31 21.286   42   32 16.8 I  BC 874
 2013 05 08 02 28 27.1  14 24 31.6721 -11 31 21.016   42   32 15.9 I  BC 874
 2013 05 08 02 30 02.0  14 24 31.6447 -11 31 20.965   42   32 16.9 I  BC 874
 2013 05 09 02 56 48.3  14 24 12.9345 -11 29 49.688   18   31 16.2 I  BC 874
 2013 05 09 02 58 53.3  14 24 12.9069 -11 29 49.524   18   31 16.7 I  BC 874
 2013 05 09 03 01 09.7  14 24 12.8758 -11 29 49.382   18   31 17.0 I  BC 874
 2013 05 09 03 02 44.6  14 24 12.8583 -11 29 49.292   18   31 16.7 I  BC 874
 2013 05 09 03 04 19.5  14 24 12.8384 -11 29 49.267   18   31 16.8 I  BC 874
 2013 05 09 03 05 54.5  14 24 12.8167 -11 29 49.146   18   31 16.5 I  BC 874
 2013 05 09 03 07 29.4  14 24 12.7954 -11 29 49.056   18   31 16.6 I  BC 874
 2013 05 09 03 09 04.3  14 24 12.7738 -11 29 48.955   18   31 16.7 I  BC 874
 2013 05 09 03 10 39.3  14 24 12.7556 -11 29 48.814   18   31 16.8 I  BC 874
 2013 05 09 03 12 14.2  14 24 12.7356 -11 29 48.762   18   31 16.7 I  BC 874
 2013 05 10 02 18 00.6  14 23 55.1482 -11 28 23.180   22    7 16.7 I  BC 874
 2013 05 10 02 19 20.5  14 23 55.1293 -11 28 23.109   22    7 16.8 I  BC 874
 2013 05 10 02 20 40.5  14 23 55.1161 -11 28 23.013   22    7 16.8 I  BC 874
 2013 05 10 02 22 00.4  14 23 55.0951 -11 28 22.921   22    7 17.0 I  BC 874
 2013 05 10 02 23 20.3  14 23 55.0804 -11 28 22.854   22    7 16.8 I  BC 874
 2013 05 10 02 27 20.2  14 23 55.0288 -11 28 22.610   22    7 16.7 I  BC 874
 2013 05 10 02 28 40.4  14 23 55.0116 -11 28 22.526   22    7 16.8 I  BC 874
