 2007 04 10 02 49 26.7  09 23 07.6381 +17 17 31.142   38   57 21.4 RE E  809
 2007 04 10 02 52 14.9  09 23 07.6333 +17 17 31.175   38   57 21.6 RE E  809
 2007 04 10 02 55 01.0  09 23 07.6287 +17 17 31.255   38   57 21.6 RE E  809
 2007 04 13 02 45 33.1  09 22 59.2285 +17 17 26.025   20   50 21.7 RE E  809
 2007 04 13 02 48 23.6  09 22 59.2215 +17 17 26.085   20   50 21.6 RE E  809
 2008 06 05 23 55 16.0  10 19 22.0628 +12 40 22.518   58    5 21.9 RE E  809
 2008 06 06 00 05 54.8  10 19 22.1609 +12 40 21.977   58    5 20.2 RE E  809
 2009 05 22 01 58 52.1  11 06 49.6930 +08 18 59.568   68   76 20.1 RE E  809
 2009 05 22 02 00 46.7  11 06 49.7043 +08 18 59.598   68   76 21.2 RE E  809
 2009 05 22 02 02 27.2  11 06 49.7005 +08 18 59.630   68   76 19.3 RE E  809
 2009 05 22 02 04 06.9  11 06 49.7093 +08 18 59.538   68   76 19.5 RE E  809
