 2007 09 09 23 36 10.2  16 37 23.9333 -21 19 53.077   74    5 14.9 RE E  809
 2007 09 09 23 37 42.6  16 37 23.9614 -21 19 53.174   74    5 14.9 RE E  809
 2007 09 09 23 39 15.3  16 37 23.9894 -21 19 53.270   74    5 14.9 RE E  809
 2007 09 09 23 40 54.4  16 37 24.0183 -21 19 53.363   74    5 14.9 RE E  809
 2007 09 09 23 42 31.4  16 37 24.0481 -21 19 53.458   74    5 14.9 RE E  809
 2007 09 09 23 44 07.2  16 37 24.0769 -21 19 53.546   74    5 14.9 RE E  809
 2007 09 09 23 45 44.1  16 37 24.1056 -21 19 53.647   74    5 15.0 RE E  809
 2007 09 09 23 47 20.2  16 37 24.1353 -21 19 53.749   74    5 14.9 RE E  809
 2007 09 09 23 48 57.8  16 37 24.1631 -21 19 53.849   74    5 14.9 RE E  809
 2007 09 09 23 53 09.0  16 37 24.2272 -21 19 54.084   74    5 15.3 RE E  809
 2007 09 09 23 54 45.1  16 37 24.2567 -21 19 54.184   74    5 15.3 RE E  809
 2007 09 09 23 56 21.4  16 37 24.2863 -21 19 54.275   74    5 15.3 RE E  809
 2007 09 09 23 57 58.5  16 37 24.3159 -21 19 54.374   74    5 15.3 RE E  809
 2007 09 09 23 59 35.3  16 37 24.3441 -21 19 54.475   74    5 15.3 RE E  809
 2007 09 10 00 01 14.1  16 37 24.3742 -21 19 54.570   74    5 15.3 RE E  809
 2007 09 10 00 02 51.6  16 37 24.4033 -21 19 54.663   74    5 15.3 RE E  809
 2007 09 10 00 04 29.5  16 37 24.4334 -21 19 54.772   74    5 15.2 RE E  809
 2009 05 23 10 20 52.2  21 55 35.9387 -13 50 43.087   12   13 15.3 RE E  809
 2009 05 23 10 22 32.2  21 55 35.9625 -13 50 42.991   12   13 15.4 RE E  809
 2009 05 23 10 24 12.8  21 55 35.9864 -13 50 42.850   12   13 15.3 RE E  809
 2009 05 23 10 26 44.6  21 55 36.0253 -13 50 42.665   12   13 16.0 RE E  809
 2009 05 23 10 28 22.5  21 55 36.0492 -13 50 42.549   12   13 16.0 RE E  809
 2009 05 23 10 30 04.5  21 55 36.0725 -13 50 42.425   12   13 16.0 RE E  809
