 2008 06 01 05 43 10.1  19 30 12.0692 -21 30 18.703   73   26 19.8 RE E  809
 2008 06 01 05 49 36.9  19 30 11.9919 -21 30 18.677   73   26 18.3 RE E  809
 2008 06 01 05 57 30.5  19 30 11.9217 -21 30 18.641   73   26 20.1 RE E  809
 2008 06 01 06 03 59.2  19 30 11.8528 -21 30 18.543   73   26 19.5 RE E  809
 2009 05 23 08 24 24.0  21 53 28.1065 -13 49 06.689   20   15 20.6 RE E  809
 2009 05 23 09 46 00.8  21 53 28.6161 -13 49 01.373   20   15 20.2 RE E  809
 2009 05 23 09 49 18.1  21 53 28.6374 -13 49 01.132   20   15 20.2 RE E  809
 2009 05 23 09 53 54.3  21 53 28.6651 -13 49 00.839   20   15 20.4 RE E  809
 2009 05 23 09 56 32.3  21 53 28.6818 -13 49 00.659   20   15 19.7 RE E  809
 2009 05 23 10 01 47.4  21 53 28.7128 -13 49 00.338   20   15 20.4 RE E  809
 2009 05 23 10 04 18.4  21 53 28.7291 -13 49 00.145   20   15 20.4 RE E  809
 2009 05 23 10 07 35.2  21 53 28.7470 -13 48 59.929   20   15 20.6 RE E  809
 2009 05 23 10 10 30.2  21 53 28.7660 -13 48 59.764   20   15 20.6 RE E  809
 2009 05 23 10 13 07.3  21 53 28.7841 -13 48 59.598   20   15 20.2 RE E  809
 2009 05 23 10 15 46.4  21 53 28.7978 -13 48 59.391   20   15 20.3 RE E  809
 2009 05 23 10 18 17.3  21 53 28.8130 -13 48 59.266   20   15 19.3 RE E  809
