 1998 08 13 23 23 58.7  23 58 05.8733 -02 32 15.532   26   43 17.1 R  OH 511
 1998 08 13 23 32 01.7  23 58 05.7825 -02 32 16.463   26   43 17.1 R  OH 511
 1998 08 13 23 36 44.5  23 58 05.7322 -02 32 16.993   26   43 17.1 R  OH 511
 1998 08 13 23 41 26.3  23 58 05.6777 -02 32 17.565   26   43 17.1 R  OH 511
 1998 08 13 23 46 08.3  23 58 05.6260 -02 32 17.977   26   43 17.2 R  OH 511
 1998 08 13 23 55 33.1  23 58 05.5226 -02 32 19.064   26   43 17.3 R  OH 511
 1998 08 14 00 00 14.9  23 58 05.4670 -02 32 19.667   26   43 17.1 R  OH 511
 1998 08 14 00 04 57.6  23 58 05.4137 -02 32 20.202   26   43 17.3 R  OH 511
 1998 08 14 00 09 39.6  23 58 05.3597 -02 32 20.749   26   43 17.2 R  OH 511
 1998 08 14 00 14 21.6  23 58 05.3096 -02 32 21.299   26   43 17.3 R  OH 511
 1998 08 14 00 32 23.4  23 58 05.1009 -02 32 23.317   26   43 17.3 R  OH 511
 1999 10 09 00 32 55.3  01 49 27.7332 +10 21 41.510  115   39 16.1 R  OH 511
 1999 10 09 00 57 12.8  01 49 27.2344 +10 21 39.208  115   39 16.7 R  OH 511
 1999 10 09 01 02 35.2  01 49 27.1272 +10 21 38.795  115   39 16.5 R  OH 511
 1999 10 09 01 10 12.5  01 49 26.9563 +10 21 38.013  115   39 16.0 R  OH 511
 1999 10 09 01 15 35.3  01 49 26.8529 +10 21 37.527  115   39 16.4 R  OH 511
 1999 10 09 01 20 58.8  01 49 26.7625 +10 21 37.060  115   39 16.5 R  OH 511
 1999 10 09 01 26 22.4  01 49 26.6427 +10 21 36.585  115   39 16.5 R  OH 511
 1999 10 09 01 31 45.6  01 49 26.5351 +10 21 36.094  115   39 16.5 R  OH 511
 1999 10 11 22 55 16.4  01 48 02.9821 +10 15 12.473   55   17 16.3 R  OH 511
 1999 10 11 23 01 17.6  01 48 02.8595 +10 15 11.935   55   17 16.2 R  OH 511
 1999 10 11 23 08 45.8  01 48 02.7047 +10 15 11.215   55   17 16.3 R  OH 511
 1999 10 11 23 14 08.3  01 48 02.5919 +10 15 10.725   55   17 16.2 R  OH 511
 1999 10 11 23 19 31.4  01 48 02.4872 +10 15 10.236   55   17 16.4 R  OH 511
 1999 10 11 23 24 53.9  01 48 02.3715 +10 15 09.706   55   17 16.4 R  OH 511
 1999 10 11 23 30 16.9  01 48 02.2624 +10 15 09.222   55   17 16.3 R  OH 511
 1999 10 12 00 02 25.4  01 48 01.5837 +10 15 06.193   55   17 16.4 R  OH 511
 1999 10 12 00 09 23.5  01 48 01.4417 +10 15 05.533   55   17 16.4 R  OH 511
 1999 10 12 00 16 06.4  01 48 01.3084 +10 15 04.915   55   17 16.4 R  OH 511
 1999 11 09 20 07 57.2  01 34 08.1286 +09 10 46.926   30   29 16.7 R  OH 511
 1999 11 09 20 12 52.5  01 34 08.0365 +09 10 46.463   30   29 16.7 R  OH 511
 1999 11 09 20 20 09.2  01 34 07.9067 +09 10 45.845   30   29 16.8 R  OH 511
 1999 11 09 20 28 56.4  01 34 07.7517 +09 10 45.176   30   29 16.8 R  OH 511
 1999 11 09 20 35 04.1  01 34 07.6388 +09 10 44.724   30   29 16.8 R  OH 511
 1999 11 09 20 41 24.7  01 34 07.5238 +09 10 44.230   30   29 16.8 R  OH 511
 1999 11 09 20 47 12.7  01 34 07.4167 +09 10 43.730   30   29 16.8 R  OH 511
 1999 11 09 20 53 43.6  01 34 07.3033 +09 10 43.211   30   29 16.8 R  OH 511
 1999 11 09 21 00 46.0  01 34 07.1757 +09 10 42.618   30   29 16.8 R  OH 511
 1999 11 09 21 05 28.1  01 34 07.0932 +09 10 42.284   30   29 16.8 R  OH 511
 1999 11 09 21 10 10.0  01 34 07.0045 +09 10 41.904   30   29 16.8 R  OH 511
 1999 11 09 21 14 52.5  01 34 06.9217 +09 10 41.534   30   29 16.8 R  OH 511
 1999 12 01 21 35 41.4  01 27 08.9700 +08 41 01.179  101   58 16.9 R  OH 511
 1999 12 01 21 42 51.4  01 27 08.9249 +08 41 00.839  101   58 16.9 R  OH 511
 1999 12 01 21 48 55.8  01 27 08.8736 +08 41 00.673  101   58 16.9 R  OH 511
 1999 12 01 21 51 58.1  01 27 08.8474 +08 41 00.609  101   58 16.9 R  OH 511
 1999 12 01 21 55 00.8  01 27 08.8227 +08 41 00.520  101   58 16.9 R  OH 511
 1999 12 03 22 56 30.5  01 26 46.8194 +08 39 48.005   28   88 17.0 R  OH 511
 1999 12 03 22 59 52.7  01 26 46.8009 +08 39 47.980   28   88 16.9 R  OH 511
 1999 12 03 23 06 42.4  01 26 46.7479 +08 39 47.993   28   88 16.8 R  OH 511
 1999 12 03 23 10 04.8  01 26 46.7253 +08 39 47.829   28   88 16.7 R  OH 511
 1999 12 03 23 13 26.9  01 26 46.7018 +08 39 47.583   28   88 16.7 R  OH 511
 1999 12 03 23 16 48.7  01 26 46.6756 +08 39 47.553   28   88 16.7 R  OH 511
 1999 12 03 23 20 11.6  01 26 46.6498 +08 39 47.583   28   88 16.6 R  OH 511
 1999 12 03 23 23 34.1  01 26 46.6267 +08 39 47.409   28   88 16.6 R  OH 511
 1999 12 03 23 27 08.2  01 26 46.6030 +08 39 47.272   28   88 16.7 R  OH 511
 1999 12 04 22 43 51.3  01 26 37.3268 +08 39 19.185   27   39 16.9 R  OH 511
 1999 12 04 22 47 35.5  01 26 37.3051 +08 39 19.243   27   39 16.7 R  OH 511
 1999 12 04 22 55 07.0  01 26 37.2509 +08 39 19.027   27   39 16.9 R  OH 511
 1999 12 04 22 58 58.8  01 26 37.2271 +08 39 18.971   27   39 16.9 R  OH 511
 1999 12 04 23 02 50.8  01 26 37.1998 +08 39 18.874   27   39 16.9 R  OH 511
 1999 12 04 23 06 42.6  01 26 37.1711 +08 39 18.789   27   39 17.0 R  OH 511
 1999 12 04 23 10 34.5  01 26 37.1473 +08 39 18.699   27   39 16.9 R  OH 511
 1999 12 04 23 14 27.4  01 26 37.1204 +08 39 18.702   27   39 17.0 R  OH 511
 1999 12 04 23 18 20.0  01 26 37.0937 +08 39 18.585   27   39 17.0 R  OH 511
 1999 12 08 19 05 26.3  01 26 07.8509 +08 38 08.022   29   11 16.9 R  OH 511
 1999 12 08 19 15 57.5  01 26 07.8011 +08 38 07.955   29   11 16.9 R  OH 511
 1999 12 08 19 25 14.0  01 26 07.7574 +08 38 07.875   29   11 16.9 R  OH 511
 1999 12 08 19 35 24.2  01 26 07.7067 +08 38 07.799   29   11 16.9 R  OH 511
 1999 12 08 19 46 11.1  01 26 07.6615 +08 38 07.749   29   11 16.8 R  OH 511
 2000 11 24 22 53 59.1  04 14 42.2306 +18 57 40.558   23   11 16.9 R  OH 511
 2000 11 24 22 57 21.6  04 14 42.1431 +18 57 40.375   23   11 16.9 R  OH 511
 2000 11 24 23 00 44.2  04 14 42.0501 +18 57 40.165   23   11 16.9 R  OH 511
 2000 11 24 23 04 07.2  04 14 41.9597 +18 57 39.968   23   11 16.9 R  OH 511
 2000 11 24 23 07 29.4  04 14 41.8716 +18 57 39.775   23   11 16.9 R  OH 511
 2001 11 22 00 08 06.5  07 05 28.8191 +23 26 53.293   16   10 17.3 R  OH 511
 2001 11 22 00 14 26.6  07 05 28.7589 +23 26 53.546   16   10 17.3 R  OH 511
 2001 11 22 00 17 50.7  07 05 28.7265 +23 26 53.682   16   10 17.3 R  OH 511
 2001 11 22 00 21 14.2  07 05 28.6922 +23 26 53.803   16   10 17.3 R  OH 511
 2001 11 22 00 24 37.9  07 05 28.6607 +23 26 53.933   16   10 17.3 R  OH 511
 2001 11 22 00 28 01.4  07 05 28.6283 +23 26 54.063   16   10 17.3 R  OH 511
 2001 11 22 00 31 24.7  07 05 28.5949 +23 26 54.219   16   10 17.3 R  OH 511
 2001 11 22 00 34 48.3  07 05 28.5652 +23 26 54.343   16   10 17.3 R  OH 511
 2001 11 22 00 38 11.8  07 05 28.5339 +23 26 54.455   16   10 17.3 R  OH 511
 2001 11 22 00 41 34.9  07 05 28.5001 +23 26 54.577   16   10 17.3 R  OH 511
 2001 12 17 22 10 06.3  06 55 50.7770 +23 53 23.174   13   12 17.0 R  OH 511
 2001 12 17 22 14 50.0  06 55 50.6799 +23 53 23.375   13   12 16.9 R  OH 511
 2001 12 17 22 19 33.0  06 55 50.5808 +23 53 23.620   13   12 16.9 R  OH 511
 2001 12 17 22 24 16.6  06 55 50.4795 +23 53 23.816   13   12 17.0 R  OH 511
 2001 12 17 22 28 59.7  06 55 50.3813 +23 53 24.053   13   12 16.9 R  OH 511
 2001 12 17 22 36 01.2  06 55 50.2338 +23 53 24.359   13   12 17.0 R  OH 511
 2001 12 17 22 40 44.1  06 55 50.1358 +23 53 24.569   13   12 16.9 R  OH 511
 2001 12 17 22 45 26.9  06 55 50.0354 +23 53 24.784   13   12 17.0 R  OH 511
 2001 12 17 22 50 10.4  06 55 49.9353 +23 53 25.013   13   12 17.0 R  OH 511
 2001 12 17 22 54 53.2  06 55 49.8386 +23 53 25.222   13   12 17.0 R  OH 511
 2001 12 21 02 16 57.5  06 54 14.8324 +23 56 40.972   37   13 16.8 R  OH 511
 2001 12 21 02 23 06.7  06 54 14.6925 +23 56 41.227   37   13 16.7 R  OH 511
 2001 12 21 02 26 29.7  06 54 14.6199 +23 56 41.355   37   13 16.7 R  OH 511
 2001 12 21 02 29 53.2  06 54 14.5442 +23 56 41.493   37   13 16.8 R  OH 511
 2001 12 21 02 33 16.4  06 54 14.4726 +23 56 41.626   37   13 16.8 R  OH 511
 2001 12 21 02 36 39.6  06 54 14.3956 +23 56 41.755   37   13 16.8 R  OH 511
 2002 01 10 21 53 13.4  06 43 08.6300 +24 14 54.721   25   18 16.8 R  OH 511
 2002 01 10 21 57 31.8  06 43 08.5308 +24 14 54.880   25   18 16.9 R  OH 511
 2002 01 10 22 00 55.2  06 43 08.4607 +24 14 54.972   25   18 16.8 R  OH 511
 2002 01 10 22 04 18.7  06 43 08.3858 +24 14 55.080   25   18 16.8 R  OH 511
 2002 01 10 22 07 42.4  06 43 08.3087 +24 14 55.169   25   18 16.9 R  OH 511
 2002 01 10 22 11 06.1  06 43 08.2332 +24 14 55.282   25   18 16.8 R  OH 511
 2002 01 10 22 14 28.9  06 43 08.1548 +24 14 55.381   25   18 16.9 R  OH 511
 2002 01 10 22 17 52.2  06 43 08.0805 +24 14 55.488   25   18 16.8 R  OH 511
 2002 01 10 22 21 15.9  06 43 08.0063 +24 14 55.601   25   18 16.8 R  OH 511
 2002 01 10 22 24 39.3  06 43 07.9304 +24 14 55.657   25   18 16.8 R  OH 511
 2002 02 07 23 34 16.1  06 31 30.8218 +24 24 51.920   31   56 17.3 R  OH 511
 2002 02 07 23 40 49.8  06 31 30.7508 +24 24 52.024   31   56 17.2 R  OH 511
 2002 02 07 23 45 33.2  06 31 30.6956 +24 24 52.028   31   56 17.2 R  OH 511
 2002 02 07 23 50 17.0  06 31 30.6446 +24 24 52.044   31   56 17.2 R  OH 511
 2002 02 07 23 55 00.0  06 31 30.5861 +24 24 52.061   31   56 17.2 R  OH 511
 2002 02 08 21 48 57.3  06 31 16.4136 +24 24 53.753   16   35 17.0 R  OH 511
 2002 02 08 21 54 15.4  06 31 16.3544 +24 24 53.818   16   35 17.0 R  OH 511
 2002 02 08 22 04 24.9  06 31 16.2408 +24 24 53.762   16   35 17.1 R  OH 511
 2002 03 28 20 20 47.7  06 34 39.4459 +24 06 06.334   64   22 17.6 R  OH 511
 2002 03 28 20 25 10.9  06 34 39.5208 +24 06 06.232   64   22 18.2 R  OH 511
 2002 03 28 20 29 34.4  06 34 39.5787 +24 06 06.043   64   22 16.5 R  OH 511
 2002 03 28 20 38 22.5  06 34 39.7138 +24 06 05.745   64   22 17.7 R  OH 511
 2002 12 29 03 01 17.5  09 10 38.2761 +15 56 38.805   32   25 17.0 R  OH 511
 2002 12 29 03 09 46.1  09 10 38.1615 +15 56 39.440   32   25 17.0 R  OH 511
 2002 12 29 03 14 09.7  09 10 38.1016 +15 56 39.709   32   25 17.0 R  OH 511
 2002 12 29 03 18 33.2  09 10 38.0421 +15 56 39.982   32   25 17.1 R  OH 511
 2002 12 29 03 22 56.7  09 10 37.9761 +15 56 40.326   32   25 17.0 R  OH 511
 2002 12 30 03 34 22.6  09 10 18.1560 +15 58 23.492   38   18 16.9 R  OH 511
 2002 12 30 03 40 14.7  09 10 18.0760 +15 58 23.907   38   18 17.0 R  OH 511
 2002 12 30 03 44 57.5  09 10 18.0045 +15 58 24.274   38   18 17.0 R  OH 511
 2002 12 30 03 54 24.1  09 10 17.8719 +15 58 24.921   38   18 16.9 R  OH 511
 2002 12 30 03 59 07.6  09 10 17.8063 +15 58 25.245   38   18 17.0 R  OH 511
 2002 12 30 04 03 50.4  09 10 17.7361 +15 58 25.584   38   18 16.9 R  OH 511
 2002 12 30 04 08 33.5  09 10 17.6681 +15 58 25.929   38   18 16.9 R  OH 511
 2002 12 30 04 13 17.1  09 10 17.6031 +15 58 26.242   38   18 16.9 R  OH 511
 2002 12 30 04 18 00.0  09 10 17.5396 +15 58 26.624   38   18 16.9 R  OH 511
 2002 12 30 04 22 42.8  09 10 17.4629 +15 58 26.969   38   18 16.9 R  OH 511
 2003 01 14 23 04 12.2  09 03 51.1699 +16 31 18.398   24   27 17.4 R  OH 511
 2003 01 14 23 09 54.0  09 03 51.0580 +16 31 19.006   24   27 17.4 R  OH 511
 2003 01 14 23 12 20.0  09 03 51.0056 +16 31 19.211   24   27 17.4 R  OH 511
 2003 01 14 23 14 42.7  09 03 50.9619 +16 31 19.451   24   27 17.4 R  OH 511
 2003 01 14 23 17 05.7  09 03 50.9131 +16 31 19.648   24   27 17.4 R  OH 511
 2003 01 14 23 19 28.8  09 03 50.8629 +16 31 19.902   24   27 17.5 R  OH 511
 2003 01 14 23 21 52.2  09 03 50.8150 +16 31 20.194   24   27 17.4 R  OH 511
 2003 03 25 19 28 55.4  08 36 03.7110 +18 53 08.527   12   14 17.5 R  OH 511
 2003 03 25 19 37 52.3  08 36 03.6786 +18 53 08.784   12   14 17.3 R  OH 511
 2003 03 25 21 17 01.8  08 36 03.3362 +18 53 11.745   12   14 17.3 R  OH 511
 2003 03 25 21 22 35.3  08 36 03.3186 +18 53 11.893   12   14 17.3 R  OH 511
 2003 03 25 21 28 08.4  08 36 03.2980 +18 53 12.073   12   14 17.3 R  OH 511
 2003 03 25 21 33 41.5  08 36 03.2788 +18 53 12.243   12   14 17.2 R  OH 511
 2003 03 27 21 14 01.4  08 35 56.2545 +18 54 32.207   20   53 17.3 R  OH 511
 2003 03 27 21 19 34.9  08 35 56.2417 +18 54 32.398   20   53 17.4 R  OH 511
 2003 03 27 21 36 14.0  08 35 56.2072 +18 54 32.701   20   53 16.9 R  OH 511
 2003 03 27 21 41 46.7  08 35 56.1949 +18 54 33.020   20   53 17.2 R  OH 511
 2003 03 27 22 02 14.7  08 35 56.1462 +18 54 33.379   20   53 16.3 R  OH 511
 2003 03 27 22 07 47.6  08 35 56.1339 +18 54 33.545   20   53 17.3 R  OH 511
 2003 03 27 22 13 21.1  08 35 56.1212 +18 54 33.646   20   53 17.9 R  OH 511
 2003 03 27 22 18 54.1  08 35 56.1101 +18 54 33.829   20   53 17.4 R  OH 511
 2003 03 27 22 24 26.9  08 35 56.0975 +18 54 33.984   20   53 17.3 R  OH 511
 2003 03 27 22 30 00.2  08 35 56.0830 +18 54 34.151   20   53 16.9 R  OH 511
 2004 03 26 01 26 22.1  11 00 17.7422 +09 05 19.426   58   77 17.4 R  OH 511
 2004 03 26 01 37 48.7  11 00 17.5168 +09 05 20.651   58   77 17.5 R  OH 511
 2004 03 26 01 45 00.5  11 00 17.3791 +09 05 21.223   58   77 17.6 R  OH 511
 2004 03 26 01 50 23.9  11 00 17.2722 +09 05 21.744   58   77 17.3 R  OH 511
 2004 03 26 01 55 47.5  11 00 17.1666 +09 05 22.182   58   77 17.4 R  OH 511
 2004 03 26 02 01 11.5  11 00 17.0611 +09 05 22.928   58   77 17.7 R  OH 511
 2004 03 26 02 11 58.7  11 00 16.8541 +09 05 23.958   58   77 17.6 R  OH 511
 2004 03 26 02 17 22.9  11 00 16.7599 +09 05 24.435   58   77 17.5 R  OH 511
 2004 04 19 20 48 14.3  10 51 24.0440 +09 45 32.625   25   14 16.5 R  OH 511
 2004 04 19 20 59 27.6  10 51 23.9253 +09 45 33.018   25   14 16.4 R  OH 511
 2004 04 19 21 03 50.7  10 51 23.8829 +09 45 33.150   25   14 16.4 R  OH 511
 2004 04 19 21 08 14.4  10 51 23.8390 +09 45 33.264   25   14 16.4 R  OH 511
 2004 04 19 21 12 37.8  10 51 23.7916 +09 45 33.441   25   14 16.3 R  OH 511
 2004 04 19 21 17 01.4  10 51 23.7437 +09 45 33.553   25   14 16.3 R  OH 511
 2004 04 19 21 21 25.1  10 51 23.6992 +09 45 33.706   25   14 16.4 R  OH 511
 2004 04 19 21 25 48.8  10 51 23.6520 +09 45 33.836   25   14 16.3 R  OH 511
 2004 04 20 20 16 39.9  10 51 10.1796 +09 46 15.948   19   35 16.0 R  OH 511
 2004 04 20 20 26 42.9  10 51 10.0769 +09 46 16.122   19   35 16.5 R  OH 511
 2004 04 20 20 31 26.8  10 51 10.0305 +09 46 16.320   19   35 16.6 R  OH 511
 2004 04 20 20 36 10.9  10 51 09.9843 +09 46 16.446   19   35 16.6 R  OH 511
 2004 04 20 20 40 54.6  10 51 09.9339 +09 46 16.603   19   35 16.6 R  OH 511
 2004 04 20 20 45 38.3  10 51 09.8897 +09 46 16.708   19   35 16.8 R  OH 511
 2004 04 20 20 50 22.0  10 51 09.8413 +09 46 16.869   19   35 16.6 R  OH 511
 2004 04 20 20 55 05.9  10 51 09.7935 +09 46 17.015   19   35 16.6 R  OH 511
 2004 04 20 20 59 49.7  10 51 09.7486 +09 46 17.101   19   35 16.6 R  OH 511
 2004 05 17 21 48 28.4  10 48 55.2409 +09 38 57.588   54   74 17.7 R  OH 511
 2004 05 17 21 54 16.8  10 48 55.2667 +09 38 57.197   54   74 17.5 R  OH 511
 2004 05 17 21 58 40.9  10 48 55.2713 +09 38 56.942   54   74 17.7 R  OH 511
 2004 05 17 22 03 04.3  10 48 55.2829 +09 38 56.794   54   74 17.6 R  OH 511
 2004 05 17 22 07 27.7  10 48 55.2955 +09 38 56.492   54   74 17.4 R  OH 511
 2004 05 17 22 11 51.3  10 48 55.3045 +09 38 56.327   54   74 16.8 R  OH 511
 2004 05 17 22 16 14.6  10 48 55.3123 +09 38 56.209   54   74 17.6 R  OH 511
 2004 05 17 22 20 38.2  10 48 55.3308 +09 38 55.889   54   74 17.4 R  OH 511
 2004 05 17 22 25 01.6  10 48 55.3319 +09 38 55.792   54   74 17.7 R  OH 511
 2004 05 17 22 29 25.7  10 48 55.3475 +09 38 55.362   54   74 17.6 R  OH 511
 2004 05 17 22 33 49.1  10 48 55.3613 +09 38 55.116   54   74 16.9 R  OH 511
 2004 05 21 20 07 26.9  10 49 15.4042 +09 33 42.555   92   77 17.6 R  OH 511
 2004 05 21 20 14 35.1  10 49 15.4144 +09 33 41.929   92   77 18.0 R  OH 511
 2004 05 21 20 52 37.1  10 49 15.5809 +09 33 39.645   92   77 17.2 R  OH 511
 2004 05 21 20 57 00.5  10 49 15.6001 +09 33 39.353   92   77 17.4 R  OH 511
 2004 05 21 21 01 24.1  10 49 15.6155 +09 33 39.136   92   77 17.3 R  OH 511
 2004 05 21 21 05 47.8  10 49 15.6373 +09 33 38.809   92   77 17.2 R  OH 511
 2004 05 21 21 10 11.3  10 49 15.6575 +09 33 38.505   92   77 17.6 R  OH 511
 2004 05 21 21 23 22.3  10 49 15.7007 +09 33 37.884   92   77 16.2 R  OH 511
 2005 03 08 00 39 06.2  13 07 22.1707 -06 07 34.864   40   26 17.6 R  OH 511
 2005 03 08 00 45 10.6  13 07 22.0960 -06 07 34.260   40   26 17.6 R  OH 511
 2005 03 08 00 49 33.8  13 07 22.0395 -06 07 33.818   40   26 17.5 R  OH 511
 2005 03 08 00 53 57.4  13 07 21.9793 -06 07 33.399   40   26 17.6 R  OH 511
 2005 03 08 00 58 21.2  13 07 21.9180 -06 07 32.967   40   26 17.4 R  OH 511
 2005 03 08 01 02 45.0  13 07 21.8663 -06 07 32.515   40   26 17.6 R  OH 511
 2005 03 08 01 07 08.9  13 07 21.8040 -06 07 32.018   40   26 17.5 R  OH 511
 2005 03 08 01 11 32.1  13 07 21.7518 -06 07 31.592   40   26 17.5 R  OH 511
 2005 03 08 01 15 55.6  13 07 21.6897 -06 07 31.180   40   26 17.5 R  OH 511
 2005 03 11 00 57 47.7  13 06 24.7829 -06 00 08.927   38   32 17.5 R  OH 511
 2005 03 11 01 04 56.8  13 06 24.6804 -06 00 08.171   38   32 17.5 R  OH 511
 2005 03 11 01 09 20.5  13 06 24.6187 -06 00 07.660   38   32 17.5 R  OH 511
 2005 03 11 01 13 43.7  13 06 24.5533 -06 00 07.236   38   32 17.5 R  OH 511
 2005 03 11 01 18 07.2  13 06 24.4915 -06 00 06.696   38   32 17.5 R  OH 511
 2005 03 11 01 22 30.6  13 06 24.4264 -06 00 06.268   38   32 17.4 R  OH 511
 2005 03 11 01 26 54.4  13 06 24.3696 -06 00 05.797   38   32 17.3 R  OH 511
 2005 03 11 01 31 18.1  13 06 24.3051 -06 00 05.291   38   32 17.5 R  OH 511
 2005 03 11 01 35 41.4  13 06 24.2389 -06 00 04.894   38   32 17.5 R  OH 511
 2005 04 13 01 07 53.0  12 53 00.6447 -04 20 55.683  100   45 16.5 R  OH 511
 2005 04 13 01 15 15.8  12 53 00.5240 -04 20 54.702  100   45 16.0 R  OH 511
 2005 04 13 01 21 19.2  12 53 00.4160 -04 20 53.863  100   45 16.1 R  OH 511
 2005 04 13 01 27 23.2  12 53 00.2937 -04 20 53.069  100   45 16.1 R  OH 511
 2005 04 13 01 33 26.5  12 53 00.1956 -04 20 52.299  100   45 16.3 R  OH 511
 2005 05 03 22 41 40.9  12 45 10.0856 -03 23 50.196   32   16 17.0 R  OH 511
 2005 05 03 22 51 18.0  12 45 09.9533 -03 23 49.287   32   16 17.0 R  OH 511
 2005 05 03 22 57 21.4  12 45 09.8759 -03 23 48.759   32   16 17.0 R  OH 511
 2005 05 03 23 03 25.6  12 45 09.7960 -03 23 48.163   32   16 17.0 R  OH 511
 2005 05 03 23 09 29.5  12 45 09.7153 -03 23 47.616   32   16 17.0 R  OH 511
 2005 05 03 23 15 33.6  12 45 09.6367 -03 23 47.028   32   16 17.0 R  OH 511
 2005 05 03 23 21 37.5  12 45 09.5532 -03 23 46.459   32   16 17.0 R  OH 511
 2005 05 03 23 27 41.7  12 45 09.4723 -03 23 45.899   32   16 17.0 R  OH 511
 2005 05 12 21 35 20.8  12 42 45.9309 -03 06 04.554   29   29 17.7 R  OH 511
 2005 05 12 21 43 38.9  12 42 45.8481 -03 06 03.990   29   29 17.7 R  OH 511
 2005 05 12 21 50 03.7  12 42 45.7868 -03 06 03.475   29   29 17.6 R  OH 511
 2005 05 12 21 56 28.7  12 42 45.7264 -03 06 03.102   29   29 17.7 R  OH 511
 2005 05 12 22 02 54.0  12 42 45.6645 -03 06 02.651   29   29 17.7 R  OH 511
 2005 05 12 22 09 18.8  12 42 45.5992 -03 06 02.171   29   29 17.7 R  OH 511
 2005 05 12 22 15 43.0  12 42 45.5347 -03 06 01.739   29   29 17.7 R  OH 511
 2005 05 12 22 22 07.3  12 42 45.4723 -03 06 01.246   29   29 17.6 R  OH 511
 2006 05 24 21 41 35.2  14 37 21.5120 -13 10 16.628  119   57 16.3 R  OH 511
 2006 05 24 21 47 28.1  14 37 21.3870 -13 10 16.174  119   57 16.4 R  OH 511
 2006 05 24 22 22 12.3  14 37 20.6414 -13 10 13.996  119   57 16.2 R  OH 511
 2006 05 24 22 27 45.6  14 37 20.5218 -13 10 13.643  119   57 16.4 R  OH 511
 2006 05 24 22 33 18.8  14 37 20.3836 -13 10 13.359  119   57 15.9 R  OH 511
