 2008 06 04 07 49 48.9  19 31 06.8557 -21 23 15.225   19   18 19.0 RE E  809
 2008 06 04 08 10 47.5  19 31 06.6410 -21 23 15.580   19   18 18.5 RE E  809
 2009 05 22 07 52 44.5  21 57 13.8315 -13 31 28.470   42   49 18.8 RE E  809
 2009 05 22 07 54 24.8  21 57 13.8500 -13 31 28.411   42   49 20.1 RE E  809
 2009 05 22 07 56 04.9  21 57 13.8693 -13 31 28.357   42   49 20.2 RE E  809
 2009 05 22 07 57 45.1  21 57 13.8882 -13 31 28.357   42   49 20.3 RE E  809
 2009 05 22 07 59 24.7  21 57 13.9047 -13 31 28.254   42   49 20.3 RE E  809
 2009 05 22 08 16 15.0  21 57 14.0905 -13 31 27.881   42   49 20.1 RE E  809
 2009 05 22 08 19 03.6  21 57 14.1242 -13 31 27.814   42   49 20.2 RE E  809
 2009 05 22 08 21 50.6  21 57 14.1572 -13 31 27.753   42   49 20.4 RE E  809
 2009 05 22 08 24 38.2  21 57 14.1878 -13 31 27.665   42   49 20.0 RE E  809
 2009 05 22 08 27 19.1  21 57 14.2163 -13 31 27.589   42   49 20.1 RE E  809
 2009 05 22 08 30 06.2  21 57 14.2501 -13 31 27.525   42   49 20.3 RE E  809
 2009 05 22 08 32 48.4  21 57 14.2804 -13 31 27.429   42   49 19.9 RE E  809
 2009 05 22 08 35 52.9  21 57 14.3154 -13 31 27.360   42   49 20.1 RE E  809
 2009 05 22 08 39 38.3  21 57 14.3595 -13 31 27.283   42   49 19.7 RE E  809
 2009 05 22 08 42 26.4  21 57 14.3911 -13 31 27.201   42   49 19.6 RE E  809
 2009 05 22 08 45 13.6  21 57 14.4219 -13 31 27.133   42   49 19.6 RE E  809
 2009 05 22 08 48 01.1  21 57 14.4555 -13 31 27.068   42   49 19.7 RE E  809
 2009 05 22 08 50 42.2  21 57 14.4841 -13 31 26.986   42   49 19.6 RE E  809
 2009 05 22 08 58 58.4  21 57 14.5763 -13 31 26.764   42   49 19.8 RE E  809
 2009 05 24 07 40 01.9  21 57 45.8749 -13 30 14.533   17   97 19.8 RE E  809
 2009 05 24 07 46 05.4  21 57 45.9379 -13 30 14.348   17   97 20.1 RE E  809
 2009 05 24 07 47 42.8  21 57 45.9521 -13 30 14.310   17   97 19.7 RE E  809
 2009 05 24 07 49 20.2  21 57 45.9713 -13 30 14.270   17   97 18.9 RE E  809
 2009 05 24 07 54 37.7  21 57 46.0250 -13 30 14.222   17   97 20.4 RE E  809
 2009 05 24 07 59 33.6  21 57 46.0756 -13 30 14.084   17   97 19.8 RE E  809
 2009 05 24 08 03 13.9  21 57 46.1148 -13 30 14.108   17   97 19.9 RE E  809
 2009 05 24 08 04 54.1  21 57 46.1299 -13 30 14.030   17   97 20.1 RE E  809
 2009 05 24 08 08 13.6  21 57 46.1654 -13 30 13.945   17   97 19.3 RE E  809
 2009 05 24 08 09 51.6  21 57 46.1820 -13 30 13.903   17   97 18.2 RE E  809
 2009 05 24 08 11 32.2  21 57 46.1980 -13 30 13.800   17   97 19.7 RE E  809
 2009 05 24 08 13 11.6  21 57 46.2137 -13 30 13.738   17   97 19.4 RE E  809
 2009 05 24 08 16 27.7  21 57 46.2467 -13 30 13.721   17   97 20.4 RE E  809
 2009 05 24 08 58 45.8  21 57 46.6778 -13 30 12.922   17   97 20.2 RE E  809
 2009 05 24 09 00 25.8  21 57 46.6919 -13 30 12.931   17   97 20.3 RE E  809
 2009 05 24 09 02 05.7  21 57 46.7109 -13 30 12.908   17   97 20.2 RE E  809
 2009 05 24 09 03 46.0  21 57 46.7257 -13 30 12.892   17   97 20.2 RE E  809
 2009 05 24 09 05 21.3  21 57 46.7431 -13 30 12.810   17   97 18.7 RE E  809
 2009 05 24 09 09 51.9  21 57 46.7890 -13 30 12.697   17   97 20.2 RE E  809
 2009 05 24 09 11 31.8  21 57 46.8041 -13 30 12.699   17   97 20.1 RE E  809
 2009 05 24 09 14 48.8  21 57 46.8402 -13 30 12.568   17   97 18.8 RE E  809
 2009 05 24 09 18 09.7  21 57 46.8731 -13 30 12.476   17   97 21.2 RE E  809
 2009 05 24 09 19 49.6  21 57 46.8899 -13 30 12.534   17   97 19.3 RE E  809
