 2007 04 10 03 21 04.2  09 22 03.6006 +16 13 31.287   60   54 20.8 RE E  809
 2007 04 10 03 23 51.4  09 22 03.5976 +16 13 31.250   60   54 20.9 RE E  809
 2007 04 10 03 26 40.1  09 22 03.5882 +16 13 31.248   60   54 19.2 RE E  809
 2007 04 12 03 18 24.9  09 21 54.8779 +16 14 03.608   37    8 20.8 RE E  809
 2007 04 12 03 21 16.5  09 21 54.8659 +16 14 03.623   37    8 19.8 RE E  809
 2007 04 13 03 18 30.1  09 21 51.1550 +16 14 16.882   47   59 19.4 RE E  809
 2007 04 13 03 21 20.7  09 21 51.1520 +16 14 16.821   47   59 20.0 RE E  809
 2009 05 20 02 06 57.9  11 06 57.2293 +07 27 42.583   31   12 20.4 RE E  809
 2009 05 20 02 11 46.4  11 06 57.2329 +07 27 42.519   31   12 20.3 RE E  809
 2009 05 20 02 16 34.5  11 06 57.2325 +07 27 42.493   31   12 20.5 RE E  809
 2009 05 20 02 21 23.6  11 06 57.2292 +07 27 42.418   31   12 19.9 RE E  809
 2009 05 20 02 31 51.6  11 06 57.2354 +07 27 42.342   31   12 21.1 RE E  809
 2009 05 20 02 36 42.2  11 06 57.2335 +07 27 42.291   31   12 20.9 RE E  809
 2009 05 20 02 41 29.5  11 06 57.2331 +07 27 42.213   31   12 20.6 RE E  809
 2009 05 20 02 46 18.9  11 06 57.2323 +07 27 42.183   31   12 21.1 RE E  809
 2009 05 20 02 51 00.5  11 06 57.2323 +07 27 42.137   31   12 19.2 RE E  809
 2009 05 21 01 27 38.8  11 06 57.6943 +07 27 27.927   13   16 19.2 RE E  809
 2009 05 21 01 32 21.1  11 06 57.6956 +07 27 27.879   13   16 19.4 RE E  809
 2009 05 21 01 35 29.3  11 06 57.6962 +07 27 27.871   13   16 20.9 RE E  809
 2009 05 21 01 47 52.2  11 06 57.6988 +07 27 27.719   13   16 19.3 RE E  809
 2009 05 21 01 50 54.4  11 06 57.7007 +07 27 27.700   13   16 20.6 RE E  809
 2009 05 21 01 54 01.6  11 06 57.7009 +07 27 27.656   13   16 20.7 RE E  809
 2009 05 21 01 57 02.8  11 06 57.7017 +07 27 27.590   13   16 21.0 RE E  809
 2009 05 21 02 00 10.6  11 06 57.7036 +07 27 27.557   13   16 20.1 RE E  809
 2009 05 21 02 04 51.9  11 06 57.7033 +07 27 27.543   13   16 20.4 RE E  809
 2009 05 21 02 11 34.2  11 06 57.7067 +07 27 27.439   13   16 20.7 RE E  809
 2009 05 21 02 20 50.6  11 06 57.7065 +07 27 27.315   13   16 20.9 RE E  809
 2009 05 21 02 23 57.2  11 06 57.7076 +07 27 27.289   13   16 19.6 RE E  809
 2009 05 21 02 33 07.9  11 06 57.7123 +07 27 27.209   13   16 20.8 RE E  809
 2009 05 23 01 11 30.4  11 06 59.7708 +07 26 51.058   23   38 19.1 RE E  809
 2009 05 23 01 13 08.1  11 06 59.7690 +07 26 50.976   23   38 20.5 RE E  809
 2009 05 23 01 14 48.8  11 06 59.7694 +07 26 51.047   23   38 20.8 RE E  809
 2009 05 23 01 16 29.1  11 06 59.7730 +07 26 51.017   23   38 20.6 RE E  809
 2009 05 23 01 18 07.4  11 06 59.7732 +07 26 51.021   23   38 19.3 RE E  809
 2009 05 23 01 19 47.1  11 06 59.7780 +07 26 50.952   23   38 20.9 RE E  809
 2009 05 23 01 21 26.9  11 06 59.7789 +07 26 50.965   23   38 21.0 RE E  809
 2009 05 23 01 27 02.2  11 06 59.7842 +07 26 50.800   23   38 20.6 RE E  809
 2009 05 23 01 30 10.3  11 06 59.7854 +07 26 50.805   23   38 20.5 RE E  809
 2009 05 23 01 33 18.0  11 06 59.7856 +07 26 50.741   23   38 20.7 RE E  809
 2009 05 23 01 36 26.1  11 06 59.7876 +07 26 50.661   23   38 20.7 RE E  809
 2009 05 23 01 39 27.3  11 06 59.7924 +07 26 50.648   23   38 20.8 RE E  809
 2009 05 23 01 43 13.8  11 06 59.7953 +07 26 50.582   23   38 20.6 RE E  809
 2009 05 23 01 46 22.5  11 06 59.7975 +07 26 50.501   23   38 20.5 RE E  809
 2009 05 23 01 49 30.5  11 06 59.8003 +07 26 50.436   23   38 20.4 RE E  809
 2009 05 23 01 52 39.2  11 06 59.8026 +07 26 50.392   23   38 20.7 RE E  809
 2009 05 23 01 55 40.9  11 06 59.8028 +07 26 50.396   23   38 20.6 RE E  809
