 2007 04 12 02 54 19.6  09 25 03.7831 +16 33 26.654   28   14 16.4 RE E  809
 2007 04 12 02 57 10.3  09 25 03.7813 +16 33 26.655   28   14 16.4 RE E  809
 2007 04 12 03 02 57.8  09 25 03.7691 +16 33 26.710   28   14 16.4 RE E  809
 2007 04 12 03 05 48.4  09 25 03.7621 +16 33 26.743   28   14 16.4 RE E  809
 2008 06 03 01 20 49.5  10 18 23.5493 +12 20 15.755   78   48 16.9 RE E  809
 2008 06 03 01 23 42.0  10 18 23.5678 +12 20 15.497   78   48 16.8 RE E  809
 2008 06 03 01 31 48.7  10 18 23.6371 +12 20 15.099   78   48 16.7 RE E  809
 2008 06 05 23 10 03.7  10 19 03.1790 +12 16 11.394   35   32 16.9 RE E  809
 2008 06 05 23 12 15.9  10 19 03.2020 +12 16 11.273   35   32 17.1 RE E  809
 2008 06 05 23 21 54.9  10 19 03.2907 +12 16 10.619   35   32 16.5 RE E  809
 2008 06 05 23 34 35.2  10 19 03.4111 +12 16 09.856   35   32 16.3 RE E  809
 2008 06 05 23 44 16.0  10 19 03.5096 +12 16 09.272   35   32 16.4 RE E  809
 2009 05 22 01 58 52.1  11 05 40.0935 +08 10 39.140   16   22 15.7 RE E  809
 2009 05 22 02 00 46.7  11 05 40.0954 +08 10 39.114   16   22 15.6 RE E  809
 2009 05 22 02 02 27.2  11 05 40.0973 +08 10 39.077   16   22 15.7 RE E  809
 2009 05 22 02 04 06.9  11 05 40.0958 +08 10 39.073   16   22 15.7 RE E  809
 2009 05 22 02 05 46.9  11 05 40.0986 +08 10 39.054   16   22 15.7 RE E  809
 2009 05 22 02 07 46.1  11 05 40.0997 +08 10 39.005   16   22 16.5 RE E  809
 2009 05 22 02 09 24.8  11 05 40.1010 +08 10 38.944   16   22 16.4 RE E  809
 2009 05 22 02 11 04.9  11 05 40.1016 +08 10 38.940   16   22 16.6 RE E  809
 2009 05 22 02 12 44.9  11 05 40.1016 +08 10 38.916   16   22 16.5 RE E  809
 2009 05 22 02 14 22.7  11 05 40.1026 +08 10 38.898   16   22 16.5 RE E  809
 2009 05 24 01 54 07.3  11 05 42.7025 +08 09 56.750   20   29 15.6 RE E  809
 2009 05 24 01 55 45.2  11 05 42.7040 +08 09 56.764   20   29 15.6 RE E  809
 2009 05 24 01 57 25.7  11 05 42.7077 +08 09 56.731   20   29 15.6 RE E  809
 2009 05 24 01 59 02.6  11 05 42.7092 +08 09 56.655   20   29 15.6 RE E  809
 2009 05 24 02 00 40.6  11 05 42.7121 +08 09 56.671   20   29 15.6 RE E  809
 2009 05 24 02 04 00.0  11 05 42.7146 +08 09 56.567   20   29 16.9 RE E  809
 2009 05 24 02 05 39.8  11 05 42.7179 +08 09 56.539   20   29 16.9 RE E  809
 2009 05 24 02 07 20.0  11 05 42.7188 +08 09 56.516   20   29 17.0 RE E  809
 2009 05 24 02 08 59.7  11 05 42.7200 +08 09 56.478   20   29 16.9 RE E  809
 2009 05 24 02 10 36.6  11 05 42.7210 +08 09 56.427   20   29 16.9 RE E  809
