 2005 04 03 01 26 35.8  12 57 19.3756 -04 52 18.916   20   16 16.9 C  BC 874
 2005 04 03 01 29 51.7  12 57 19.3133 -04 52 18.501   20   16 16.9 C  BC 874
 2005 04 03 01 31 38.6  12 57 19.2795 -04 52 18.232   20   16 17.0 C  BC 874
 2005 04 03 01 33 25.5  12 57 19.2451 -04 52 18.021   20   16 16.9 C  BC 874
 2005 04 03 01 35 12.4  12 57 19.2127 -04 52 17.758   20   16 16.9 C  BC 874
 2005 04 03 01 38 46.3  12 57 19.1465 -04 52 17.298   20   16 16.9 C  BC 874
 2005 04 03 01 40 33.2  12 57 19.1139 -04 52 17.055   20   16 17.0 C  BC 874
 2005 04 03 01 42 20.2  12 57 19.0793 -04 52 16.856   20   16 16.8 C  BC 874
 2005 04 04 02 46 49.4  12 56 51.8680 -04 48 58.116   16   23 16.9 C  BC 874
 2005 04 04 02 48 36.2  12 56 51.8367 -04 48 57.845   16   23 16.9 C  BC 874
 2005 04 04 02 50 23.1  12 56 51.8021 -04 48 57.619   16   23 17.0 C  BC 874
 2005 04 04 02 52 10.1  12 56 51.7695 -04 48 57.423   16   23 16.9 C  BC 874
 2005 04 04 02 55 43.7  12 56 51.7024 -04 48 56.943   16   23 17.0 C  BC 874
 2005 04 04 02 57 31.4  12 56 51.6679 -04 48 56.657   16   23 16.9 C  BC 874
 2005 04 04 02 59 18.3  12 56 51.6356 -04 48 56.439   16   23 17.0 C  BC 874
 2005 04 04 03 01 05.4  12 56 51.6046 -04 48 56.193   16   23 16.8 C  BC 874
 2005 04 04 03 02 52.7  12 56 51.5710 -04 48 55.941   16   23 17.0 C  BC 874
 2006 03 02 05 44 38.9  15 11 14.0144 -15 22 55.197   21   12 17.9 C  BC 874
 2006 03 02 05 48 45.5  15 11 14.0102 -15 22 55.144   21   12 18.0 C  BC 874
 2006 03 02 05 52 52.0  15 11 14.0094 -15 22 55.101   21   12 17.9 C  BC 874
 2006 03 02 05 54 54.8  15 11 14.0042 -15 22 55.065   21   12 18.0 C  BC 874
 2006 03 02 05 56 58.5  15 11 14.0043 -15 22 55.015   21   12 17.9 C  BC 874
 2006 03 02 06 01 04.7  15 11 14.0019 -15 22 54.995   21   12 18.0 C  BC 874
 2006 03 02 06 09 37.1  15 11 13.9919 -15 22 54.855   21   12 18.0 C  BC 874
 2006 03 02 06 13 42.8  15 11 13.9901 -15 22 54.812   21   12 18.0 C  BC 874
 2006 03 02 06 15 45.7  15 11 13.9900 -15 22 54.786   21   12 17.9 C  BC 874
 2006 03 02 06 17 49.3  15 11 13.9875 -15 22 54.734   21   12 17.9 C  BC 874
 2006 03 10 05 37 00.0  15 10 44.3579 -15 18 40.124   24   32 18.2 C  BC 874
 2006 03 10 05 45 19.5  15 10 44.3162 -15 18 39.811   24   32 18.3 C  BC 874
 2006 03 10 05 49 00.5  15 10 44.2982 -15 18 39.730   24   32 18.0 C  BC 874
 2006 03 10 05 55 38.6  15 10 44.2642 -15 18 39.615   24   32 17.5 C  BC 874
 2006 03 10 05 57 51.6  15 10 44.2531 -15 18 39.491   24   32 17.6 C  BC 874
 2006 03 10 06 00 04.4  15 10 44.2388 -15 18 39.374   24   32 18.1 C  BC 874
 2006 03 10 06 04 31.8  15 10 44.2189 -15 18 39.305   24   32 16.7 C  BC 874
 2006 03 10 06 06 44.6  15 10 44.2039 -15 18 39.241   24   32 16.7 C  BC 874
 2006 03 10 06 08 57.5  15 10 44.1910 -15 18 39.189   24   32 17.5 C  BC 874
 2006 03 10 06 11 10.3  15 10 44.1848 -15 18 39.076   24   32 18.2 C  BC 874
 2006 03 10 06 17 50.5  15 10 44.1469 -15 18 38.899   24   32 17.5 C  BC 874
 2006 03 10 06 22 15.8  15 10 44.1243 -15 18 38.790   24   32 18.1 C  BC 874
 2006 03 14 05 17 51.8  15 10 11.1900 -15 15 28.681   29   17 17.8 C  BC 874
 2006 03 14 05 21 17.7  15 10 11.1669 -15 15 28.563   29   17 17.8 C  BC 874
 2006 03 14 05 27 15.7  15 10 11.1248 -15 15 28.315   29   17 17.8 C  BC 874
 2006 03 14 05 29 29.4  15 10 11.1108 -15 15 28.255   29   17 17.7 C  BC 874
 2006 03 14 05 31 42.3  15 10 11.0924 -15 15 28.182   29   17 17.8 C  BC 874
 2006 03 14 05 40 34.5  15 10 11.0276 -15 15 27.824   29   17 17.8 C  BC 874
 2006 03 14 05 42 47.2  15 10 11.0112 -15 15 27.768   29   17 17.7 C  BC 874
 2006 03 14 05 45 00.1  15 10 10.9912 -15 15 27.658   29   17 17.8 C  BC 874
 2006 07 03 23 00 11.2  14 24 38.5528 -12 49 55.650   19   11 17.9 C  BC 874
 2006 07 03 23 02 24.0  14 24 38.5446 -12 49 55.719   19   11 17.9 C  BC 874
 2006 07 03 23 04 36.9  14 24 38.5335 -12 49 55.772   19   11 17.9 C  BC 874
 2006 07 03 23 06 50.6  14 24 38.5246 -12 49 55.836   19   11 17.9 C  BC 874
 2006 07 03 23 09 04.3  14 24 38.5185 -12 49 55.920   19   11 17.9 C  BC 874
 2006 07 03 23 15 42.8  14 24 38.4879 -12 49 56.088   19   11 17.9 C  BC 874
 2006 07 03 23 22 23.0  14 24 38.4592 -12 49 56.291   19   11 17.8 C  BC 874
 2006 07 03 23 24 35.8  14 24 38.4534 -12 49 56.352   19   11 17.9 C  BC 874
 2006 07 03 23 26 49.5  14 24 38.4433 -12 49 56.421   19   11 17.8 C  BC 874
 2006 07 03 23 29 03.1  14 24 38.4339 -12 49 56.482   19   11 17.8 C  BC 874
 2006 07 03 23 33 29.6  14 24 38.4169 -12 49 56.614   19   11 17.9 C  BC 874
 2006 07 03 23 40 09.0  14 24 38.3898 -12 49 56.788   19   11 17.9 C  BC 874
 2006 07 04 00 01 00.0  14 24 38.3023 -12 49 57.394   19   11 17.8 C  BC 874
 2006 07 04 00 03 13.0  14 24 38.2920 -12 49 57.481   19   11 17.8 C  BC 874
 2006 07 04 00 12 06.1  14 24 38.2564 -12 49 57.711   19   11 17.8 C  BC 874
 2006 07 04 00 16 31.7  14 24 38.2357 -12 49 57.831   19   11 17.8 C  BC 874
 2006 07 04 00 20 58.2  14 24 38.2182 -12 49 57.976   19   11 17.9 C  BC 874
 2006 07 04 00 23 11.1  14 24 38.2100 -12 49 58.052   19   11 17.8 C  BC 874
 2006 07 04 00 27 36.8  14 24 38.1928 -12 49 58.151   19   11 17.8 C  BC 874
 2006 07 04 00 32 04.1  14 24 38.1733 -12 49 58.297   19   11 17.9 C  BC 874
 2006 07 04 00 34 17.0  14 24 38.1656 -12 49 58.362   19   11 17.8 C  BC 874
 2006 08 30 23 01 32.9  14 39 53.2363 -15 02 02.405  109   46 17.4 C  BC 874
 2006 08 30 23 03 35.8  14 39 53.2926 -15 02 02.819  109   46 17.6 C  BC 874
 2006 08 30 23 07 41.6  14 39 53.3766 -15 02 03.319  109   46 17.0 C  BC 874
 2006 08 30 23 09 44.4  14 39 53.4365 -15 02 03.618  109   46 17.3 C  BC 874
 2006 08 30 23 13 51.8  14 39 53.5454 -15 02 04.181  109   46 15.9 C  BC 874
 2006 08 30 23 15 54.7  14 39 53.5820 -15 02 04.580  109   46 17.5 C  BC 874
 2006 08 30 23 20 00.4  14 39 53.6910 -15 02 05.134  109   46 16.2 C  BC 874
 2006 08 30 23 22 04.1  14 39 53.7358 -15 02 05.466  109   46 17.3 C  BC 874
 2006 08 30 23 24 06.9  14 39 53.7803 -15 02 05.712  109   46 16.4 C  BC 874
 2006 08 30 23 26 09.7  14 39 53.8155 -15 02 05.946  109   46 16.8 C  BC 874
 2006 08 30 23 28 12.6  14 39 53.8828 -15 02 06.260  109   46 17.4 C  BC 874
 2006 08 31 21 56 02.7  14 40 26.8017 -15 05 21.899   56   40 17.4 C  BC 874
 2006 08 31 21 58 48.1  14 40 26.8577 -15 05 22.347   56   40 16.8 C  BC 874
 2006 08 31 22 00 30.9  14 40 26.9070 -15 05 22.462   56   40 17.3 C  BC 874
 2006 08 31 22 05 40.2  14 40 27.0253 -15 05 23.249   56   40 16.4 C  BC 874
 2006 08 31 22 07 23.9  14 40 27.0735 -15 05 23.571   56   40 16.5 C  BC 874
 2006 08 31 22 12 32.4  14 40 27.1992 -15 05 24.271   56   40 17.4 C  BC 874
 2006 08 31 22 14 16.1  14 40 27.2347 -15 05 24.519   56   40 17.2 C  BC 874
 2006 08 31 22 21 07.4  14 40 27.4023 -15 05 25.541   56   40 17.0 C  BC 874
 2006 08 31 22 22 51.1  14 40 27.4481 -15 05 25.740   56   40 17.4 C  BC 874
 2008 04 18 06 47 21.9  19 27 25.6517 -21 05 24.882   41   24 18.0 I  BC 874
 2008 04 18 06 51 25.6  19 27 25.6937 -21 05 24.841   41   24 17.9 I  BC 874
 2008 04 18 07 03 34.1  19 27 25.8105 -21 05 24.743   41   24 17.9 I  BC 874
 2008 04 18 07 07 37.0  19 27 25.8426 -21 05 24.726   41   24 17.9 I  BC 874
 2008 04 18 07 11 40.7  19 27 25.8851 -21 05 24.685   41   24 17.8 I  BC 874
 2008 04 18 07 15 43.5  19 27 25.9219 -21 05 24.716   41   24 17.8 I  BC 874
 2008 04 18 07 23 49.6  19 27 25.9937 -21 05 24.650   41   24 17.9 I  BC 874
 2008 05 26 05 33 08.2  19 27 43.5876 -21 24 51.303   91   21 17.7 I  BC 874
 2008 05 26 05 37 35.6  19 27 43.5422 -21 24 51.512   91   21 17.8 I  BC 874
 2008 05 26 05 42 59.9  19 27 43.4987 -21 24 51.770   91   21 17.7 I  BC 874
 2008 05 26 05 46 33.4  19 27 43.4654 -21 24 51.958   91   21 17.5 I  BC 874
 2008 05 26 05 50 06.8  19 27 43.4198 -21 24 52.145   91   21 17.5 I  BC 874
 2008 05 26 05 53 40.3  19 27 43.3859 -21 24 52.344   91   21 16.0 I  BC 874
 2008 05 26 05 57 13.8  19 27 43.3557 -21 24 52.509   91   21 17.6 I  BC 874
 2008 05 26 06 00 48.1  19 27 43.3093 -21 24 52.644   91   21 17.5 I  BC 874
 2008 05 26 06 07 55.1  19 27 43.2509 -21 24 53.034   91   21 17.6 I  BC 874
 2008 05 26 06 11 28.5  19 27 43.1991 -21 24 53.167   91   21 16.8 I  BC 874
 2008 08 11 23 59 36.8  18 55 50.9190 -23 32 42.301   33   30 17.1 I  BC 874
 2008 08 12 00 03 43.4  18 55 50.8724 -23 32 42.493   33   30 17.1 I  BC 874
 2008 08 12 00 05 46.2  18 55 50.8506 -23 32 42.669   33   30 15.6 I  BC 874
 2008 08 12 00 16 14.6  18 55 50.7267 -23 32 43.117   33   30 17.1 I  BC 874
 2008 08 12 00 23 24.8  18 55 50.6389 -23 32 43.507   33   30 17.0 I  BC 874
 2008 08 12 02 28 49.9  18 55 49.1919 -23 32 49.425   33   30 17.2 I  BC 874
 2008 08 12 02 33 00.3  18 55 49.1446 -23 32 49.653   33   30 17.2 I  BC 874
 2008 08 12 02 39 08.9  18 55 49.0694 -23 32 49.961   33   30 17.1 I  BC 874
 2008 09 20 01 07 44.9  18 55 31.0825 -23 55 07.924   53   52 18.1 I  BC 874
 2008 09 20 01 10 32.0  18 55 31.1075 -23 55 07.913   53   52 18.0 I  BC 874
 2008 09 20 01 13 05.5  18 55 31.1284 -23 55 07.957   53   52 17.5 I  BC 874
 2008 09 20 01 15 38.9  18 55 31.1525 -23 55 07.917   53   52 18.4 I  BC 874
 2008 09 20 01 18 12.4  18 55 31.1851 -23 55 07.976   53   52 18.0 I  BC 874
 2008 09 20 01 23 19.3  18 55 31.2438 -23 55 07.930   53   52 17.8 I  BC 874
 2008 09 20 01 25 52.7  18 55 31.2650 -23 55 07.933   53   52 17.1 I  BC 874
 2008 09 20 01 28 26.1  18 55 31.2903 -23 55 07.868   53   52 18.3 I  BC 874
 2008 09 20 01 30 59.5  18 55 31.3201 -23 55 07.885   53   52 16.2 I  BC 874
 2008 09 20 01 36 18.7  18 55 31.3746 -23 55 07.970   53   52 18.5 I  BC 874
 2008 09 20 01 38 52.0  18 55 31.4013 -23 55 07.958   53   52 18.1 I  BC 874
 2008 09 20 01 41 25.3  18 55 31.4325 -23 55 07.909   53   52 18.0 I  BC 874
 2008 09 20 01 43 58.5  18 55 31.4491 -23 55 07.775   53   52 16.9 I  BC 874
 2009 07 18 07 05 44.1  21 51 16.4196 -13 31 20.145  107   45 17.1 C  BC 874
 2009 07 18 07 07 37.5  21 51 16.3820 -13 31 20.251  107   45 17.2 C  BC 874
 2009 07 18 07 09 30.9  21 51 16.3480 -13 31 20.523  107   45 17.1 C  BC 874
 2009 07 18 07 13 17.3  21 51 16.2833 -13 31 20.765  107   45 16.9 C  BC 874
 2009 07 18 07 18 57.7  21 51 16.2019 -13 31 21.146  107   45 17.5 C  BC 874
 2009 07 18 07 20 51.1  21 51 16.1529 -13 31 21.318  107   45 17.1 C  BC 874
 2010 07 06 08 09 36.0  00 09 17.4638 +00 09 14.491   31   48 17.3 C  BC 874
 2010 07 06 08 11 20.0  00 09 17.4853 +00 09 14.577   31   48 17.2 C  BC 874
 2010 07 06 08 12 12.0  00 09 17.4943 +00 09 14.624   31   48 17.0 C  BC 874
 2010 07 06 08 13 05.0  00 09 17.5064 +00 09 14.623   31   48 17.3 C  BC 874
 2010 07 06 08 14 49.0  00 09 17.5215 +00 09 14.632   31   48 17.4 C  BC 874
 2010 07 06 08 15 42.0  00 09 17.5333 +00 09 14.788   31   48 16.9 C  BC 874
 2010 07 06 08 16 34.0  00 09 17.5414 +00 09 14.807   31   48 16.9 C  BC 874
 2010 07 06 08 17 26.0  00 09 17.5570 +00 09 14.729   31   48 17.1 C  BC 874
