   0.213  -0.006   36.07   56.50 1.003     58.54    154.55 24.841 24.295 99.999 18.396 17.740 99.999 99.999 99.999  0.157 99.999 99.999 99.999 99.999  99.999  99.999  99.999  99.999  0.016  0.016  0.002  0.001  0.010  0.009  212  301  0.001  0.000    0  21.917697657 -13.146859567  6 17 48.28 2009  5 23 2454974.76236432    39  filtro desconhecido   targ_cat_global_reduction_sat_gr1                  Lysithea              2044  4098
   0.217  -0.021   36.07   56.50 1.068     58.54    154.55 24.841 24.295 99.999 18.382 17.666 99.999 99.999 99.999  0.157 99.999 99.999 99.999 99.999  99.999  99.999  99.999  99.999  0.014  0.014  0.002  0.002  0.011  0.011  212  203  0.001  0.000    0  21.917701882 -13.146852746  6 17 48.28 2009  5 23 2454974.76353377    39  filtro desconhecido   targ_cat_global_reduction_sat_gr1                  Lysithea              2044  4098
   0.211  -0.030   36.07   56.50 1.300     58.54    154.55 24.841 24.295 99.999 18.824 18.142 99.999 99.999 99.999  0.157 99.999 99.999 99.999 99.999  99.999  99.999  99.999  99.999  0.026  0.027  0.004  0.003  0.019  0.013  212  260  0.001  0.000    0  21.917709920 -13.146834029  6 17 48.28 2009  5 23 2454974.76584398    39  filtro desconhecido   targ_cat_global_reduction_sat_gr1                  Lysithea              2044  4098
   0.194   0.009   36.07   56.50 1.087     58.54    154.55 24.841 24.295 99.999 18.622 18.055 99.999 99.999 99.999  0.157 99.999 99.999 99.999 99.999  99.999  99.999  99.999  99.999  0.019  0.019  0.005  0.005  0.015  0.015  212  219  0.001  0.000    0  21.917717778 -13.146802041  6 17 48.28 2009  5 23 2454974.76815754    39  filtro desconhecido   targ_cat_global_reduction_sat_gr1                  Lysithea              2044  4098
   0.198  -0.005   36.07   56.50 0.944     58.54    154.55 24.841 24.295 99.999 18.489 17.876 99.999 99.999 99.999  0.157 99.999 99.999 99.999 99.999  99.999  99.999  99.999  99.999  0.010  0.009  0.004  0.004  0.013  0.011  212  251  0.001  0.000    0  21.917721813 -13.146795520  6 17 48.28 2009  5 23 2454974.76928034    39  filtro desconhecido   targ_cat_global_reduction_sat_gr1                  Lysithea              2044  4098
   0.187   0.007   36.07   56.50 0.946     58.54    154.55 24.841 24.295 99.999 18.506 18.022 99.999 99.999 99.999  0.157 99.999 99.999 99.999 99.999  99.999  99.999  99.999  99.999  0.017  0.016  0.005  0.004  0.020  0.013  212  201  0.001  0.000    0  21.917725648 -13.146781793  6 17 48.28 2009  5 23 2454974.77042884    39  filtro desconhecido   targ_cat_global_reduction_sat_gr1                  Lysithea              2044  4098
   0.236   0.019   36.07   56.50 0.911     58.54    154.55 24.841 24.295 99.999 18.593 17.911 99.999 99.999 99.999  0.157 99.999 99.999 99.999 99.999  99.999  99.999  99.999  99.999  0.014  0.014  0.005  0.005  0.017  0.015  212  270  0.001  0.000    0  21.917730659 -13.146767555  6 17 48.28 2009  5 23 2454974.77158510    39  filtro desconhecido   targ_cat_global_reduction_sat_gr1                  Lysithea              2044  4098
   0.229   0.005   36.07   56.50 0.900     58.54    154.55 24.841 24.295 99.999 18.507 17.939 99.999 99.999 99.999  0.157 99.999 99.999 99.999 99.999  99.999  99.999  99.999  99.999  0.010  0.010  0.005  0.004  0.020  0.015  212  212  0.001  0.000    0  21.917734614 -13.146760757  6 17 48.28 2009  5 23 2454974.77274506    39  filtro desconhecido   targ_cat_global_reduction_sat_gr1                  Lysithea              2044  4098
   0.182   0.035   36.07   56.50 1.059     58.54    154.55 24.841 24.295 99.999 18.622 17.958 99.999 99.999 99.999  0.157 99.999 99.999 99.999 99.999  99.999  99.999  99.999  99.999  0.013  0.014  0.005  0.004  0.034  0.029  212  254  0.001  0.000    0  21.917738908 -13.146738841  6 17 48.28 2009  5 23 2454974.77422115    39  filtro desconhecido   targ_cat_global_reduction_sat_gr1                  Lysithea              2044  4098
   0.191  -0.003   36.07   56.50 0.764     58.54    154.55 24.841 24.295 99.999 18.716 18.035 99.999 99.999 99.999  0.157 99.999 99.999 99.999 99.999  99.999  99.999  99.999  99.999  0.006  0.006  0.004  0.003  0.027  0.023  212  276  0.001  0.000    0  21.917743160 -13.146738625  6 17 48.28 2009  5 23 2454974.77538273    39  filtro desconhecido   targ_cat_global_reduction_sat_gr1                  Lysithea              2044  4098
   0.222   0.027   36.07   56.50 1.097     58.54    154.55 24.841 24.295 99.999 18.683 17.864 99.999 99.999 99.999  0.157 99.999 99.999 99.999 99.999  99.999  99.999  99.999  99.999  0.033  0.033  0.005  0.003  0.040  0.023  212  311  0.001  0.000    0  21.917747837 -13.146719736  6 17 48.28 2009  5 23 2454974.77653853    39  filtro desconhecido   targ_cat_global_reduction_sat_gr1                  Lysithea              2044  4098
   0.186  -0.001   36.07   56.50 0.843     58.54    154.55 24.841 24.295 99.999 18.571 17.825 99.999 99.999 99.999  0.157 99.999 99.999 99.999 99.999  99.999  99.999  99.999  99.999  0.008  0.008  0.004  0.004  0.033  0.027  212  303  0.001  0.000    0  21.917751206 -13.146716839  6 17 48.28 2009  5 23 2454974.77769641    39  filtro desconhecido   targ_cat_global_reduction_sat_gr1                  Lysithea              2044  4098
   0.171   0.025   36.07   56.50 0.806     58.54    154.55 24.841 24.295 99.999 18.644 17.897 99.999 99.999 99.999  0.157 99.999 99.999 99.999 99.999  99.999  99.999  99.999  99.999  0.014  0.015  0.004  0.004  0.028  0.027  212  300  0.001  0.000    0  21.917754983 -13.146699006  6 17 48.28 2009  5 23 2454974.77884966    39  filtro desconhecido   targ_cat_global_reduction_sat_gr1                  Lysithea              2044  4098
   0.221  -0.005   36.07   56.50 0.464     58.54    154.55 24.841 24.295 99.999 19.044 18.372 99.999 99.999 99.999  0.157 99.999 99.999 99.999 99.999  99.999  99.999  99.999  99.999  0.016  0.016  0.004  0.004  0.031  0.027  212  298  0.001  0.000    0  21.917760017 -13.146696762  6 17 48.28 2009  5 23 2454974.78000997    39  filtro desconhecido   targ_cat_global_reduction_sat_gr1                  Lysithea              2044  4098
   0.216  -0.015   36.07   56.50 0.676     58.54    154.55 24.841 24.295 99.999 18.769 18.028 99.999 99.999 99.999  0.157 99.999 99.999 99.999 99.999  99.999  99.999  99.999  99.999  0.000  0.000  0.005  0.004  0.033  0.027  212  285  0.001  0.000    0  21.917763993 -13.146688783  6 17 48.28 2009  5 23 2454974.78116854    39  filtro desconhecido   targ_cat_global_reduction_sat_gr1                  Lysithea              2044  4098
   0.196   0.006   36.07   56.50 1.059     58.54    154.55 24.841 24.295 99.999 18.625 17.897 99.999 99.999 99.999  0.157 99.999 99.999 99.999 99.999  99.999  99.999  99.999  99.999  0.019  0.019  0.005  0.004  0.038  0.029  212  331  0.001  0.000    0  21.917767667 -13.146672309  6 17 48.28 2009  5 23 2454974.78232723    39  filtro desconhecido   targ_cat_global_reduction_sat_gr1                  Lysithea              2044  4098
   0.203   0.008   36.07   56.50 0.605     58.54    154.55 24.841 24.295 99.999 18.917 18.180 99.999 99.999 99.999  0.157 99.999 99.999 99.999 99.999  99.999  99.999  99.999  99.999  0.001  0.001  0.004  0.004  0.031  0.027  212  319  0.001  0.000    0  21.917771852 -13.146661048  6 17 48.28 2009  5 23 2454974.78348279    39  filtro desconhecido   targ_cat_global_reduction_sat_gr1                  Lysithea              2044  4098
