  -0.008  -0.041  607.78    3.56 1.562     96.01    220.67 24.901 24.672 99.999 19.319 18.886 99.999 99.999 99.999  0.324 99.999 99.999 99.999 99.999  99.999  99.999  99.999  99.999  0.015  0.015  0.002  0.002  0.032  0.033 1803 1472 -0.000  0.000    0  16.722328263 -22.157323764  1 18 45.94 2007  9 10 2454353.55469836    59  filtro desconhecido   targ_cat_global_reduction_sat_gr1                  Lysithea              2044  4098
   0.015  -0.031  607.78    3.56 1.528     96.01    220.67 24.901 24.672 99.999 19.188 18.776 99.999 99.999 99.999  0.324 99.999 99.999 99.999 99.999  99.999  99.999  99.999  99.999  0.014  0.014  0.002  0.002  0.032  0.032 1803 1618 -0.000  0.000    0  16.722341874 -22.157335933  1 18 45.94 2007  9 10 2454353.55650366    59  filtro desconhecido   targ_cat_global_reduction_sat_gr1                  Lysithea              2044  4098
  -0.042  -0.009  607.78    3.56 1.518     96.01    220.67 24.901 24.672 99.999 19.246 18.821 99.999 99.999 99.999  0.324 99.999 99.999 99.999 99.999  99.999  99.999  99.999  99.999  0.014  0.014  0.002  0.002  0.031  0.033 1803 1507 -0.000  0.000    0  16.722354015 -22.157344627  1 18 45.94 2007  9 10 2454353.55832273    59  filtro desconhecido   targ_cat_global_reduction_sat_gr1                  Lysithea              2044  4098
  -0.030  -0.055  607.78    3.56 1.369     96.01    220.67 24.901 24.672 99.999 19.253 18.846 99.999 99.999 99.999  0.324 99.999 99.999 99.999 99.999  99.999  99.999  99.999  99.999  0.000  0.000  0.002  0.002  0.032  0.033 1803 1534 -0.000  0.000    0  16.722368852 -22.157373518  1 18 45.94 2007  9 10 2454353.56032289    59  filtro desconhecido   targ_cat_global_reduction_sat_gr1                  Lysithea              2044  4098
  -0.033  -0.056  607.78    3.56 1.364     96.01    220.67 24.901 24.672 99.999 19.217 18.820 99.999 99.999 99.999  0.324 99.999 99.999 99.999 99.999  99.999  99.999  99.999  99.999  0.000  0.000  0.002  0.002  0.033  0.033 1803 1421 -0.000  0.000    0  16.722381535 -22.157388231  1 18 45.94 2007  9 10 2454353.56207134    59  filtro desconhecido   targ_cat_global_reduction_sat_gr1                  Lysithea              2044  4098
  -0.038  -0.086  607.78    3.56 1.418     96.01    220.67 24.901 24.672 99.999 19.326 18.918 99.999 99.999 99.999  0.324 99.999 99.999 99.999 99.999  99.999  99.999  99.999  99.999  0.006  0.006  0.002  0.002  0.034  0.033 1803 1204 -0.000  0.000    0  16.722394798 -22.157411574  1 18 45.94 2007  9 10 2454353.56390072    59  filtro desconhecido   targ_cat_global_reduction_sat_gr1                  Lysithea              2044  4098
  -0.054  -0.091  607.78    3.56 1.632     96.01    220.67 24.901 24.672 99.999 19.199 18.806 99.999 99.999 99.999  0.324 99.999 99.999 99.999 99.999  99.999  99.999  99.999  99.999  0.026  0.026  0.002  0.002  0.033  0.033 1803 1518 -0.000  0.000    0  16.722407454 -22.157427537  1 18 45.94 2007  9 10 2454353.56567638    59  filtro desconhecido   targ_cat_global_reduction_sat_gr1                  Lysithea              2044  4098
  -0.044  -0.073  607.78    3.56 1.503     96.01    220.67 24.901 24.672 99.999 19.175 18.736 99.999 99.999 99.999  0.324 99.999 99.999 99.999 99.999  99.999  99.999  99.999  99.999  0.004  0.004  0.002  0.002  0.033  0.035 1803 1452 -0.000  0.000    0  16.722420962 -22.157437184  1 18 45.94 2007  9 10 2454353.56749974    59  filtro desconhecido   targ_cat_global_reduction_sat_gr1                  Lysithea              2044  4098
  -0.067  -0.091  607.78    3.56 1.376     96.01    220.67 24.901 24.672 99.999 19.202 18.769 99.999 99.999 99.999  0.324 99.999 99.999 99.999 99.999  99.999  99.999  99.999  99.999  0.015  0.015  0.002  0.002  0.035  0.035 1803 1397 -0.000  0.000    0  16.722433222 -22.157456338  1 18 45.94 2007  9 10 2454353.56923915    59  filtro desconhecido   targ_cat_global_reduction_sat_gr1                  Lysithea              2044  4098
   0.051  -0.185  226.67    4.53 1.754    129.11    194.75 24.699 24.301 99.999 19.393 18.798 99.999 99.999 99.999  0.609 99.999 99.999 99.999 99.999  99.999  99.999  99.999  99.999  0.017  0.017  0.004  0.004  0.034  0.033 1331  874  0.000 -0.000    0  16.722455818 -22.157505247  1 43 41.84 2007  9 10 2454353.57201206    59  filtro desconhecido   targ_cat_global_reduction_sat_gr1                  Lysithea              2044  4098
   0.103  -0.166  226.67    4.53 1.624    129.11    194.75 24.699 24.301 99.999 19.405 18.809 99.999 99.999 99.999  0.609 99.999 99.999 99.999 99.999  99.999  99.999  99.999  99.999  0.016  0.016  0.004  0.004  0.034  0.033 1331  827  0.000 -0.000    0  16.722470253 -22.157514595  1 43 41.84 2007  9 10 2454353.57384213    59  filtro desconhecido   targ_cat_global_reduction_sat_gr1                  Lysithea              2044  4098
   0.065  -0.178  226.67    4.53 2.011    129.11    194.75 24.699 24.301 99.999 19.292 18.736 99.999 99.999 99.999  0.609 99.999 99.999 99.999 99.999  99.999  99.999  99.999  99.999  0.019  0.019  0.004  0.004  0.035  0.035 1331  767  0.000 -0.000    0  16.722482892 -22.157533099  1 43 41.84 2007  9 10 2454353.57567279    59  filtro desconhecido   targ_cat_global_reduction_sat_gr1                  Lysithea              2044  4098
   0.026  -0.154  226.67    4.53 1.617    129.11    194.75 24.699 24.301 99.999 19.349 18.775 99.999 99.999 99.999  0.609 99.999 99.999 99.999 99.999  99.999  99.999  99.999  99.999  0.016  0.016  0.004  0.004  0.034  0.032 1331  889  0.000 -0.000    0  16.722495708 -22.157541522  1 43 41.84 2007  9 10 2454353.57753274    59  filtro desconhecido   targ_cat_global_reduction_sat_gr1                  Lysithea              2044  4098
   0.061  -0.147  226.67    4.53 1.702    129.11    194.75 24.699 24.301 99.999 19.284 18.686 99.999 99.999 99.999  0.609 99.999 99.999 99.999 99.999  99.999  99.999  99.999  99.999  0.018  0.018  0.003  0.004  0.031  0.034 1331  854  0.000 -0.000    0  16.722509378 -22.157553873  1 43 41.84 2007  9 10 2454353.57930851    59  filtro desconhecido   targ_cat_global_reduction_sat_gr1                  Lysithea              2044  4098
   0.073  -0.201  226.67    4.53 1.901    129.11    194.75 24.699 24.301 99.999 19.197 18.584 99.999 99.999 99.999  0.609 99.999 99.999 99.999 99.999  99.999  99.999  99.999  99.999  0.000  0.000  0.004  0.004  0.034  0.033 1331  876  0.000 -0.000    0  16.722523067 -22.157583569  1 43 41.84 2007  9 10 2454353.58114276    59  filtro desconhecido   targ_cat_global_reduction_sat_gr1                  Lysithea              2044  4098
   0.052  -0.171  226.67    4.53 1.701    129.11    194.75 24.699 24.301 99.999 19.355 18.793 99.999 99.999 99.999  0.609 99.999 99.999 99.999 99.999  99.999  99.999  99.999  99.999  0.018  0.018  0.004  0.004  0.037  0.035 1331  776  0.000 -0.000    0  16.722535570 -22.157589860  1 43 41.84 2007  9 10 2454353.58290788    59  filtro desconhecido   targ_cat_global_reduction_sat_gr1                  Lysithea              2044  4098
   0.081  -0.165  226.67    4.53 1.797    129.11    194.75 24.699 24.301 99.999 19.386 18.832 99.999 99.999 99.999  0.609 99.999 99.999 99.999 99.999  99.999  99.999  99.999  99.999  0.022  0.021  0.004  0.004  0.035  0.037 1331  776  0.000 -0.000    0  16.722549666 -22.157603071  1 43 41.84 2007  9 10 2454353.58475543    59  filtro desconhecido   targ_cat_global_reduction_sat_gr1                  Lysithea              2044  4098
   0.106  -0.157  226.67    4.53 1.814    129.11    194.75 24.699 24.301 99.999 19.420 18.884 99.999 99.999 99.999  0.609 99.999 99.999 99.999 99.999  99.999  99.999  99.999  99.999  0.002  0.002  0.004  0.004  0.035  0.034 1331  742  0.000 -0.000    0  16.722562958 -22.157614944  1 43 41.84 2007  9 10 2454353.58650018    59  filtro desconhecido   targ_cat_global_reduction_sat_gr1                  Lysithea              2044  4098
  -0.007  -0.106  998.43    9.41 0.838  24638.25   2019.16 25.308 25.199 99.999 18.055 17.850 99.999 99.999 99.999  0.317 99.999  0.020  0.000  0.020  99.999  99.999   0.002   0.002  0.015  0.015  0.001  0.001  0.018  0.012 1052 1913 -0.000 -0.000    0  19.576241314 -22.019354227  8 45  1.42 2008  6  4 2454621.86793985    99  filtro desconhecido   targ_cat_global_reduction_sat_gr1                  Lysithea              2044  4098
   0.002  -0.120  998.43    9.41 0.678  24638.25   2019.16 25.308 25.199 99.999 18.257 18.125 99.999 99.999 99.999  0.317 99.999  0.020  0.000  0.020  99.999  99.999   0.002   0.002  0.005  0.005  0.001  0.001  0.015  0.012 1052 1479 -0.000 -0.000    0  19.576226980 -22.019365507  8 45  1.42 2008  6  4 2454621.87124871    99  filtro desconhecido   targ_cat_global_reduction_sat_gr1                  Lysithea              2044  4098
   0.087  -0.178 1970.21  113.67 1.004    761.97    412.48 99.999 99.999 99.999 18.938 18.202 99.999 99.999 99.999  0.136 99.999  0.040  0.080  0.100  99.999  99.999  99.999  99.999  0.047  0.047  0.009  0.010  0.034  0.037   98   94 -0.001 -0.001    0  21.906546602 -13.180478362  9 59 50.99 2009  5 20 2454971.91773082    39  filtro desconhecido   targ_cat_global_reduction_sat_gr1                  Lysithea              2044  4098
   0.051  -0.190 1970.21  113.67 0.852    761.97    412.48 99.999 99.999 99.999 18.744 17.942 99.999 99.999 99.999  0.136 99.999  0.040  0.080  0.100  99.999  99.999  99.999  99.999  0.026  0.027  0.007  0.006  0.030  0.026   98   95 -0.001 -0.001    0  21.906550560 -13.180466203  9 59 50.99 2009  5 20 2454971.91888314    39  filtro desconhecido   targ_cat_global_reduction_sat_gr1                  Lysithea              2044  4098
   0.044  -0.175 1970.21  113.67 1.054    761.97    412.48 99.999 99.999 99.999 18.838 18.077 99.999 99.999 99.999  0.136 99.999  0.040  0.080  0.100  99.999  99.999  99.999  99.999  0.016  0.016  0.007  0.007  0.034  0.032   98  125 -0.001 -0.001    0  21.906555085 -13.180446027  9 59 50.99 2009  5 20 2454971.92004507    39  filtro desconhecido   targ_cat_global_reduction_sat_gr1                  Lysithea              2044  4098
   0.061  -0.199 1970.21  113.67 0.761    761.97    412.48 99.999 99.999 99.999 18.756 17.985 99.999 99.999 99.999  0.136 99.999  0.040  0.080  0.100  99.999  99.999  99.999  99.999  0.003  0.003  0.007  0.007  0.030  0.031   98  108 -0.001 -0.001    0  21.906564624 -13.180421460  9 59 50.99 2009  5 20 2454971.92234266    39  filtro desconhecido   targ_cat_global_reduction_sat_gr1                  Lysithea              2044  4098
   0.072  -0.179 1970.21  113.67 1.132    761.97    412.48 99.999 99.999 99.999 18.563 17.678 99.999 99.999 99.999  0.136 99.999  0.040  0.080  0.100  99.999  99.999  99.999  99.999  0.019  0.019  0.008  0.006  0.036  0.031   98  150 -0.001 -0.001    0  21.906569374 -13.180400147  9 59 50.99 2009  5 20 2454971.92347137    39  filtro desconhecido   targ_cat_global_reduction_sat_gr1                  Lysithea              2044  4098
   0.001  -0.137 1970.21  113.67 1.068    761.97    412.48 99.999 99.999 99.999 18.760 17.970 99.999 99.999 99.999  0.136 99.999  0.040  0.080  0.100  99.999  99.999  99.999  99.999  0.019  0.019  0.006  0.006  0.029  0.029   98  152 -0.001 -0.001    0  21.906577264 -13.180357023  9 59 50.99 2009  5 20 2454971.92578064    39  filtro desconhecido   targ_cat_global_reduction_sat_gr1                  Lysithea              2044  4098
   0.036  -0.183 1970.21  113.67 0.928    761.97    412.48 99.999 99.999 99.999 18.646 17.861 99.999 99.999 99.999  0.136 99.999  0.040  0.080  0.100  99.999  99.999  99.999  99.999  0.011  0.011  0.006  0.007  0.033  0.035   98  187 -0.001 -0.001    0  21.906582600 -13.180353931  9 59 50.99 2009  5 20 2454971.92694095    39  filtro desconhecido   targ_cat_global_reduction_sat_gr1                  Lysithea              2044  4098
   0.059  -0.160 1970.21  113.67 0.868    761.97    412.48 99.999 99.999 99.999 18.630 17.855 99.999 99.999 99.999  0.136 99.999  0.040  0.080  0.100  99.999  99.999  99.999  99.999  0.009  0.009  0.005  0.005  0.036  0.037   98  278 -0.001 -0.001    0  21.906593962 -13.180310414  9 59 50.99 2009  5 20 2454971.92966440    39  filtro desconhecido   targ_cat_global_reduction_sat_gr1                  Lysithea              2044  4098
   0.031  -0.182 1970.21  113.67 1.056    761.97    412.48 99.999 99.999 99.999 18.630 17.849 99.999 99.999 99.999  0.136 99.999  0.040  0.080  0.100  99.999  99.999  99.999  99.999  0.010  0.010  0.005  0.005  0.035  0.036   98  244 -0.001 -0.001    0  21.906598066 -13.180300445  9 59 50.99 2009  5 20 2454971.93081788    39  filtro desconhecido   targ_cat_global_reduction_sat_gr1                  Lysithea              2044  4098
   0.021  -0.142 1970.21  113.67 1.313    761.97    412.48 99.999 99.999 99.999 18.707 17.961 99.999 99.999 99.999  0.136 99.999  0.040  0.080  0.100  99.999  99.999  99.999  99.999  0.016  0.017  0.006  0.006  0.044  0.039   98  254 -0.001 -0.001    0  21.906602482 -13.180273568  9 59 50.99 2009  5 20 2454971.93196581    39  filtro desconhecido   targ_cat_global_reduction_sat_gr1                  Lysithea              2044  4098
   0.047  -0.219 1970.21  113.67 1.231    761.97    412.48 99.999 99.999 99.999 18.742 18.037 99.999 99.999 99.999  0.136 99.999  0.040  0.080  0.100  99.999  99.999  99.999  99.999  0.003  0.003  0.008  0.008  0.038  0.040   98  133 -0.001 -0.001    0  21.906612228 -13.180263437  9 59 50.99 2009  5 20 2454971.93427231    39  filtro desconhecido   targ_cat_global_reduction_sat_gr1                  Lysithea              2044  4098
   0.016   0.025  732.07   53.37 0.938     76.83    315.33 24.753 24.047 99.999 19.375 18.603 99.999 99.999 99.999  0.224 99.999 99.999 99.999 99.999  99.999  99.999  99.999  99.999  0.043  0.042  0.011  0.008  0.034  0.025  231  282  0.000 -0.000    0  21.913983311 -13.157298483  6 22 16.07 2009  5 22 2454973.76546379    39  filtro desconhecido   targ_cat_global_reduction_sat_gr1                  Lysithea              2044  4098
   0.094   0.044  732.07   53.37 0.837     76.83    315.33 24.753 24.047 99.999 19.211 18.488 99.999 99.999 99.999  0.224 99.999 99.999 99.999 99.999  99.999  99.999  99.999  99.999  0.013  0.013  0.011  0.010  0.030  0.027  231  274  0.000 -0.000    0  21.913989142 -13.157280868  6 22 16.07 2009  5 22 2454973.76663197    39  filtro desconhecido   targ_cat_global_reduction_sat_gr1                  Lysithea              2044  4098
   0.062   0.032  732.07   53.37 0.981     76.83    315.33 24.753 24.047 99.999 19.280 18.573 99.999 99.999 99.999  0.224 99.999 99.999 99.999 99.999  99.999  99.999  99.999  99.999  0.016  0.017  0.014  0.015  0.029  0.031  231  225  0.000 -0.000    0  21.913992874 -13.157272002  6 22 16.07 2009  5 22 2454973.76779136    39  filtro desconhecido   targ_cat_global_reduction_sat_gr1                  Lysithea              2044  4098
   0.105   0.044  732.07   53.37 0.913     76.83    315.33 24.753 24.047 99.999 19.216 18.399 99.999 99.999 99.999  0.224 99.999 99.999 99.999 99.999  99.999  99.999  99.999  99.999  0.019  0.018  0.010  0.011  0.023  0.026  231  228  0.000 -0.000    0  21.913997992 -13.157256490  6 22 16.07 2009  5 22 2454973.76894426    39  filtro desconhecido   targ_cat_global_reduction_sat_gr1                  Lysithea              2044  4098
   0.099   0.047  732.07   53.37 0.871     76.83    315.33 24.753 24.047 99.999 19.313 18.451 99.999 99.999 99.999  0.224 99.999 99.999 99.999 99.999  99.999  99.999  99.999  99.999  0.024  0.024  0.010  0.008  0.028  0.023  231  287  0.000 -0.000    0  21.914002075 -13.157243541  6 22 16.07 2009  5 22 2454973.77006880    39  filtro desconhecido   targ_cat_global_reduction_sat_gr1                  Lysithea              2044  4098
   0.025   0.011  732.07   53.37 1.232     76.83    315.33 24.753 24.047 99.999 19.189 18.340 99.999 99.999 99.999  0.224 99.999 99.999 99.999 99.999  99.999  99.999  99.999  99.999  0.029  0.028  0.012  0.008  0.034  0.024  231  304  0.000 -0.000    0  21.914005006 -13.157241037  6 22 16.07 2009  5 22 2454973.77122946    39  filtro desconhecido   targ_cat_global_reduction_sat_gr1                  Lysithea              2044  4098
   0.087  -0.009  732.07   53.37 0.897     76.83    315.33 24.753 24.047 99.999 18.608 17.894 99.999 99.999 99.999  0.224 99.999 99.999 99.999 99.999  99.999  99.999  99.999  99.999  0.022  0.022  0.001  0.001  0.011  0.009  231 1120  0.000  0.000    0  21.914015685 -13.157219650  6 22 16.07 2009  5 22 2454973.77377140    39  filtro desconhecido   targ_cat_global_reduction_sat_gr1                  Lysithea              2044  4098
   0.097  -0.007  732.07   53.37 0.848     76.83    315.33 24.753 24.047 99.999 18.624 17.922 99.999 99.999 99.999  0.224 99.999 99.999 99.999 99.999  99.999  99.999  99.999  99.999  0.014  0.014  0.001  0.001  0.011  0.011  231 1074  0.000  0.000    0  21.914020149 -13.157206823  6 22 16.07 2009  5 22 2454973.77492164    39  filtro desconhecido   targ_cat_global_reduction_sat_gr1                  Lysithea              2044  4098
   0.098   0.022  732.07   53.37 0.990     76.83    315.33 24.753 24.047 99.999 18.518 17.839 99.999 99.999 99.999  0.224 99.999 99.999 99.999 99.999  99.999  99.999  99.999  99.999  0.013  0.013  0.001  0.001  0.011  0.010  231 1017  0.000  0.000    0  21.914024396 -13.157186935  6 22 16.07 2009  5 22 2454973.77605116    39  filtro desconhecido   targ_cat_global_reduction_sat_gr1                  Lysithea              2044  4098
   0.073   0.023  732.07   53.37 0.856     76.83    315.33 24.753 24.047 99.999 18.534 17.732 99.999 99.999 99.999  0.224 99.999 99.999 99.999 99.999  99.999  99.999  99.999  99.999  0.011  0.011  0.001  0.001  0.010  0.011  231 1032  0.000  0.000    0  21.914028213 -13.157174311  6 22 16.07 2009  5 22 2454973.77720811    39  filtro desconhecido   targ_cat_global_reduction_sat_gr1                  Lysithea              2044  4098
   0.061   0.028  732.07   53.37 0.898     76.83    315.33 24.753 24.047 99.999 18.451 17.601 99.999 99.999 99.999  0.224 99.999 99.999 99.999 99.999  99.999  99.999  99.999  99.999  0.011  0.011  0.001  0.001  0.012  0.010  231  929  0.000 -0.000    0  21.914032308 -13.157160773  6 22 16.07 2009  5 22 2454973.77836414    39  filtro desconhecido   targ_cat_global_reduction_sat_gr1                  Lysithea              2044  4098
   0.126  -0.012  732.07   53.37 0.921     76.83    315.33 24.753 24.047 99.999 18.552 17.747 99.999 99.999 99.999  0.224 99.999 99.999 99.999 99.999  99.999  99.999  99.999  99.999  0.014  0.014  0.001  0.001  0.011  0.010  231  961  0.000  0.000    0  21.914037822 -13.157159818  6 22 16.07 2009  5 22 2454973.77951368    39  filtro desconhecido   targ_cat_global_reduction_sat_gr1                  Lysithea              2044  4098
   0.071   0.013  732.07   53.37 0.737     76.83    315.33 24.753 24.047 99.999 18.467 17.704 99.999 99.999 99.999  0.224 99.999 99.999 99.999 99.999  99.999  99.999  99.999  99.999  0.009  0.009  0.001  0.001  0.011  0.012  231 1031  0.000  0.000    0  21.914041096 -13.157140230  6 22 16.07 2009  5 22 2454973.78067943    39  filtro desconhecido   targ_cat_global_reduction_sat_gr1                  Lysithea              2044  4098
   0.213  -0.006   36.07   56.50 1.003     58.54    154.55 24.841 24.295 99.999 18.396 17.740 99.999 99.999 99.999  0.157 99.999 99.999 99.999 99.999  99.999  99.999  99.999  99.999  0.016  0.016  0.002  0.001  0.010  0.009  212  301  0.001  0.000    0  21.917697657 -13.146859567  6 17 48.28 2009  5 23 2454974.76236432    39  filtro desconhecido   targ_cat_global_reduction_sat_gr1                  Lysithea              2044  4098
   0.217  -0.021   36.07   56.50 1.068     58.54    154.55 24.841 24.295 99.999 18.382 17.666 99.999 99.999 99.999  0.157 99.999 99.999 99.999 99.999  99.999  99.999  99.999  99.999  0.014  0.014  0.002  0.002  0.011  0.011  212  203  0.001  0.000    0  21.917701882 -13.146852746  6 17 48.28 2009  5 23 2454974.76353377    39  filtro desconhecido   targ_cat_global_reduction_sat_gr1                  Lysithea              2044  4098
   0.211  -0.030   36.07   56.50 1.300     58.54    154.55 24.841 24.295 99.999 18.824 18.142 99.999 99.999 99.999  0.157 99.999 99.999 99.999 99.999  99.999  99.999  99.999  99.999  0.026  0.027  0.004  0.003  0.019  0.013  212  260  0.001  0.000    0  21.917709920 -13.146834029  6 17 48.28 2009  5 23 2454974.76584398    39  filtro desconhecido   targ_cat_global_reduction_sat_gr1                  Lysithea              2044  4098
   0.194   0.009   36.07   56.50 1.087     58.54    154.55 24.841 24.295 99.999 18.622 18.055 99.999 99.999 99.999  0.157 99.999 99.999 99.999 99.999  99.999  99.999  99.999  99.999  0.019  0.019  0.005  0.005  0.015  0.015  212  219  0.001  0.000    0  21.917717778 -13.146802041  6 17 48.28 2009  5 23 2454974.76815754    39  filtro desconhecido   targ_cat_global_reduction_sat_gr1                  Lysithea              2044  4098
   0.198  -0.005   36.07   56.50 0.944     58.54    154.55 24.841 24.295 99.999 18.489 17.876 99.999 99.999 99.999  0.157 99.999 99.999 99.999 99.999  99.999  99.999  99.999  99.999  0.010  0.009  0.004  0.004  0.013  0.011  212  251  0.001  0.000    0  21.917721813 -13.146795520  6 17 48.28 2009  5 23 2454974.76928034    39  filtro desconhecido   targ_cat_global_reduction_sat_gr1                  Lysithea              2044  4098
   0.187   0.007   36.07   56.50 0.946     58.54    154.55 24.841 24.295 99.999 18.506 18.022 99.999 99.999 99.999  0.157 99.999 99.999 99.999 99.999  99.999  99.999  99.999  99.999  0.017  0.016  0.005  0.004  0.020  0.013  212  201  0.001  0.000    0  21.917725648 -13.146781793  6 17 48.28 2009  5 23 2454974.77042884    39  filtro desconhecido   targ_cat_global_reduction_sat_gr1                  Lysithea              2044  4098
   0.236   0.019   36.07   56.50 0.911     58.54    154.55 24.841 24.295 99.999 18.593 17.911 99.999 99.999 99.999  0.157 99.999 99.999 99.999 99.999  99.999  99.999  99.999  99.999  0.014  0.014  0.005  0.005  0.017  0.015  212  270  0.001  0.000    0  21.917730659 -13.146767555  6 17 48.28 2009  5 23 2454974.77158510    39  filtro desconhecido   targ_cat_global_reduction_sat_gr1                  Lysithea              2044  4098
   0.229   0.005   36.07   56.50 0.900     58.54    154.55 24.841 24.295 99.999 18.507 17.939 99.999 99.999 99.999  0.157 99.999 99.999 99.999 99.999  99.999  99.999  99.999  99.999  0.010  0.010  0.005  0.004  0.020  0.015  212  212  0.001  0.000    0  21.917734614 -13.146760757  6 17 48.28 2009  5 23 2454974.77274506    39  filtro desconhecido   targ_cat_global_reduction_sat_gr1                  Lysithea              2044  4098
   0.182   0.035   36.07   56.50 1.059     58.54    154.55 24.841 24.295 99.999 18.622 17.958 99.999 99.999 99.999  0.157 99.999 99.999 99.999 99.999  99.999  99.999  99.999  99.999  0.013  0.014  0.005  0.004  0.034  0.029  212  254  0.001  0.000    0  21.917738908 -13.146738841  6 17 48.28 2009  5 23 2454974.77422115    39  filtro desconhecido   targ_cat_global_reduction_sat_gr1                  Lysithea              2044  4098
   0.191  -0.003   36.07   56.50 0.764     58.54    154.55 24.841 24.295 99.999 18.716 18.035 99.999 99.999 99.999  0.157 99.999 99.999 99.999 99.999  99.999  99.999  99.999  99.999  0.006  0.006  0.004  0.003  0.027  0.023  212  276  0.001  0.000    0  21.917743160 -13.146738625  6 17 48.28 2009  5 23 2454974.77538273    39  filtro desconhecido   targ_cat_global_reduction_sat_gr1                  Lysithea              2044  4098
   0.222   0.027   36.07   56.50 1.097     58.54    154.55 24.841 24.295 99.999 18.683 17.864 99.999 99.999 99.999  0.157 99.999 99.999 99.999 99.999  99.999  99.999  99.999  99.999  0.033  0.033  0.005  0.003  0.040  0.023  212  311  0.001  0.000    0  21.917747837 -13.146719736  6 17 48.28 2009  5 23 2454974.77653853    39  filtro desconhecido   targ_cat_global_reduction_sat_gr1                  Lysithea              2044  4098
   0.186  -0.001   36.07   56.50 0.843     58.54    154.55 24.841 24.295 99.999 18.571 17.825 99.999 99.999 99.999  0.157 99.999 99.999 99.999 99.999  99.999  99.999  99.999  99.999  0.008  0.008  0.004  0.004  0.033  0.027  212  303  0.001  0.000    0  21.917751206 -13.146716839  6 17 48.28 2009  5 23 2454974.77769641    39  filtro desconhecido   targ_cat_global_reduction_sat_gr1                  Lysithea              2044  4098
   0.171   0.025   36.07   56.50 0.806     58.54    154.55 24.841 24.295 99.999 18.644 17.897 99.999 99.999 99.999  0.157 99.999 99.999 99.999 99.999  99.999  99.999  99.999  99.999  0.014  0.015  0.004  0.004  0.028  0.027  212  300  0.001  0.000    0  21.917754983 -13.146699006  6 17 48.28 2009  5 23 2454974.77884966    39  filtro desconhecido   targ_cat_global_reduction_sat_gr1                  Lysithea              2044  4098
   0.221  -0.005   36.07   56.50 0.464     58.54    154.55 24.841 24.295 99.999 19.044 18.372 99.999 99.999 99.999  0.157 99.999 99.999 99.999 99.999  99.999  99.999  99.999  99.999  0.016  0.016  0.004  0.004  0.031  0.027  212  298  0.001  0.000    0  21.917760017 -13.146696762  6 17 48.28 2009  5 23 2454974.78000997    39  filtro desconhecido   targ_cat_global_reduction_sat_gr1                  Lysithea              2044  4098
   0.216  -0.015   36.07   56.50 0.676     58.54    154.55 24.841 24.295 99.999 18.769 18.028 99.999 99.999 99.999  0.157 99.999 99.999 99.999 99.999  99.999  99.999  99.999  99.999  0.000  0.000  0.005  0.004  0.033  0.027  212  285  0.001  0.000    0  21.917763993 -13.146688783  6 17 48.28 2009  5 23 2454974.78116854    39  filtro desconhecido   targ_cat_global_reduction_sat_gr1                  Lysithea              2044  4098
   0.196   0.006   36.07   56.50 1.059     58.54    154.55 24.841 24.295 99.999 18.625 17.897 99.999 99.999 99.999  0.157 99.999 99.999 99.999 99.999  99.999  99.999  99.999  99.999  0.019  0.019  0.005  0.004  0.038  0.029  212  331  0.001  0.000    0  21.917767667 -13.146672309  6 17 48.28 2009  5 23 2454974.78232723    39  filtro desconhecido   targ_cat_global_reduction_sat_gr1                  Lysithea              2044  4098
   0.203   0.008   36.07   56.50 0.605     58.54    154.55 24.841 24.295 99.999 18.917 18.180 99.999 99.999 99.999  0.157 99.999 99.999 99.999 99.999  99.999  99.999  99.999  99.999  0.001  0.001  0.004  0.004  0.031  0.027  212  319  0.001  0.000    0  21.917771852 -13.146661048  6 17 48.28 2009  5 23 2454974.78348279    39  filtro desconhecido   targ_cat_global_reduction_sat_gr1                  Lysithea              2044  4098
   0.060   0.057 1036.83    9.20 1.327   2075.08    520.53 23.708 23.240 99.999 19.197 18.578 99.999 99.999 99.999  0.199 99.999  0.030  0.050  0.060  99.999  99.999   0.005   0.003  0.011  0.011  0.016  0.018  0.033  0.036  257  185 -0.000  0.000    0  21.921219344 -13.137755869  6 21 35.51 2009  5 24 2454975.76499427    39  filtro desconhecido   targ_cat_global_reduction_sat_gr1                  Lysithea              2044  4098
   0.081   0.032 1036.83    9.20 1.325   2075.08    520.53 23.708 23.240 99.999 18.649 18.071 99.999 99.999 99.999  0.199 99.999  0.030  0.050  0.060  99.999  99.999   0.005   0.003  0.007  0.007  0.002  0.002  0.009  0.010  257  492 -0.000 -0.000    0  21.921233240 -13.137731230  6 21 35.51 2009  5 24 2454975.76906311    39  filtro desconhecido   targ_cat_global_reduction_sat_gr1                  Lysithea              2044  4098
   0.004   0.004 1036.83    9.20 2.217   2075.08    520.53 23.708 23.240 99.999 18.464 17.910 99.999 99.999 99.999  0.199 99.999  0.030  0.050  0.060  99.999  99.999   0.005   0.003  0.009  0.008  0.006  0.006  0.037  0.035  257  190 -0.000  0.000    0  21.921239321 -13.137721248  6 21 35.51 2009  5 24 2454975.77134033    39  filtro desconhecido   targ_cat_global_reduction_sat_gr1                  Lysithea              2044  4098
   0.064   0.054 1036.83    9.20 1.462   2075.08    520.53 23.708 23.240 99.999 18.693 18.076 99.999 99.999 99.999  0.199 99.999  0.030  0.050  0.060  99.999  99.999   0.005   0.003  0.038  0.040  0.006  0.005  0.041  0.031  257  161 -0.000  0.000    0  21.921252777 -13.137678269  6 21 35.51 2009  5 24 2454975.77505867    39  filtro desconhecido   targ_cat_global_reduction_sat_gr1                  Lysithea              2044  4098
   0.000   0.057 1036.83    9.20 0.880   2075.08    520.53 23.708 23.240 99.999 19.010 18.630 99.999 99.999 99.999  0.199 99.999  0.030  0.050  0.060  99.999  99.999   0.005   0.003  0.088  0.088  0.004  0.004  0.020  0.020  257  226 -0.000  0.000    0  21.921263342 -13.137649840  6 21 35.51 2009  5 24 2454975.77861831    39  filtro desconhecido   targ_cat_global_reduction_sat_gr1                  Lysithea              2044  4098
   0.053   0.062 1036.83    9.20 1.676   2075.08    520.53 23.708 23.240 99.999 18.208 17.455 99.999 99.999 99.999  0.199 99.999  0.030  0.050  0.060  99.999  99.999   0.005   0.003  0.022  0.021  0.006  0.005  0.034  0.031  257  169 -0.001 -0.001    0  21.921268572 -13.137638301  6 21 35.51 2009  5 24 2454975.77989715    39  filtro desconhecido   targ_cat_global_reduction_sat_gr1                  Lysithea              2044  4098
  -0.010   0.021 1036.83    9.20 1.362   2075.08    520.53 23.708 23.240 99.999 18.481 17.857 99.999 99.999 99.999  0.199 99.999  0.030  0.050  0.060  99.999  99.999   0.005   0.003  0.021  0.021  0.007  0.007  0.036  0.036  257  163 -0.000  0.000    0  21.921278499 -13.137623402  6 21 35.51 2009  5 24 2454975.78327195    39  filtro desconhecido   targ_cat_global_reduction_sat_gr1                  Lysithea              2044  4098
  -0.002   0.029 1036.83    9.20 1.396   2075.08    520.53 23.708 23.240 99.999 18.602 17.930 99.999 99.999 99.999  0.199 99.999  0.030  0.050  0.060  99.999  99.999   0.005   0.003  0.018  0.018  0.006  0.006  0.031  0.034  257  165 -0.000  0.000    0  21.921289509 -13.137595536  6 21 35.51 2009  5 24 2454975.78656210    39  filtro desconhecido   targ_cat_global_reduction_sat_gr1                  Lysithea              2044  4098
  -0.023   0.023 1036.83    9.20 1.384   2075.08    520.53 23.708 23.240 99.999 18.434 17.724 99.999 99.999 99.999  0.199 99.999  0.030  0.050  0.060  99.999  99.999   0.005   0.003  0.016  0.016  0.005  0.005  0.032  0.030  257  245 -0.000  0.000    0  21.921294109 -13.137585319  6 21 35.51 2009  5 24 2454975.78807904    39  filtro desconhecido   targ_cat_global_reduction_sat_gr1                  Lysithea              2044  4098
  -0.022   0.030 1036.83    9.20 1.633   2075.08    520.53 23.708 23.240 99.999 18.522 17.809 99.999 99.999 99.999  0.199 99.999  0.030  0.050  0.060  99.999  99.999   0.005   0.003  0.004  0.004  0.005  0.005  0.033  0.030  257  252 -0.000  0.000    0  21.921297879 -13.137574480  6 21 35.51 2009  5 24 2454975.78922419    39  filtro desconhecido   targ_cat_global_reduction_sat_gr1                  Lysithea              2044  4098
   0.020   0.026 1036.83    9.20 1.566   2075.08    520.53 23.708 23.240 99.999 18.423 17.716 99.999 99.999 99.999  0.199 99.999  0.030  0.050  0.060  99.999  99.999   0.005   0.003  0.018  0.018  0.007  0.006  0.036  0.031  257  194 -0.000  0.000    0  21.921302403 -13.137566803  6 21 35.51 2009  5 24 2454975.79035301    39  filtro desconhecido   targ_cat_global_reduction_sat_gr1                  Lysithea              2044  4098
   0.009   0.022 1036.83    9.20 1.373   2075.08    520.53 23.708 23.240 99.999 18.414 17.649 99.999 99.999 99.999  0.199 99.999  0.030  0.050  0.060  99.999  99.999   0.005   0.003  0.015  0.015  0.005  0.005  0.032  0.030  257  301 -0.000  0.000    0  21.921306002 -13.137558871  6 21 35.51 2009  5 24 2454975.79150881    39  filtro desconhecido   targ_cat_global_reduction_sat_gr1                  Lysithea              2044  4098
   0.045   0.016 1036.83    9.20 1.243   2075.08    520.53 23.708 23.240 99.999 18.513 17.730 99.999 99.999 99.999  0.199 99.999  0.030  0.050  0.060  99.999  99.999   0.005   0.003  0.010  0.010  0.004  0.004  0.025  0.027  257  361 -0.000  0.000    0  21.921310415 -13.137551665  6 21 35.51 2009  5 24 2454975.79263613    39  filtro desconhecido   targ_cat_global_reduction_sat_gr1                  Lysithea              2044  4098
   0.001   0.037 1036.83    9.20 1.387   2075.08    520.53 23.708 23.240 99.999 18.455 17.750 99.999 99.999 99.999  0.199 99.999  0.030  0.050  0.060  99.999  99.999   0.005   0.003  0.011  0.011  0.006  0.005  0.038  0.032  257  234 -0.000  0.000    0  21.921324635 -13.137510108  6 21 35.51 2009  5 24 2454975.79721891    39  filtro desconhecido   targ_cat_global_reduction_sat_gr1                  Lysithea              2044  4098
  -0.048   0.022 1036.83    9.20 1.163   2075.08    520.53 23.708 23.240 99.999 18.767 18.275 99.999 99.999 99.999  0.199 99.999  0.030  0.050  0.060  99.999  99.999   0.005   0.003  0.004  0.004  0.003  0.004  0.018  0.021  257  338 -0.000  0.000    0  21.921335836 -13.137485163  6 21 35.51 2009  5 24 2454975.80092359    39  filtro desconhecido   targ_cat_global_reduction_sat_gr1                  Lysithea              2044  4098
  -0.000   0.017 1036.83    9.20 1.200   2075.08    520.53 23.708 23.240 99.999 18.335 17.624 99.999 99.999 99.999  0.199 99.999  0.030  0.050  0.060  99.999  99.999   0.005   0.003  0.011  0.011  0.004  0.004  0.032  0.029  257  202 -0.000  0.000    0  21.921343743 -13.137470074  6 21 35.51 2009  5 24 2454975.80305252    39  filtro desconhecido   targ_cat_global_reduction_sat_gr1                  Lysithea              2044  4098
  -0.002   0.038 1036.83    9.20 1.221   2075.08    520.53 23.708 23.240 99.999 18.479 17.789 99.999 99.999 99.999  0.199 99.999  0.030  0.050  0.060  99.999  99.999   0.005   0.003  0.011  0.011  0.004  0.004  0.029  0.027  257  271  0.000  0.000    0  21.921347378 -13.137455317  6 21 35.51 2009  5 24 2454975.80417822    39  filtro desconhecido   targ_cat_global_reduction_sat_gr1                  Lysithea              2044  4098
  -0.002   0.046 1036.83    9.20 1.002   2075.08    520.53 23.708 23.240 99.999 18.423 17.656 99.999 99.999 99.999  0.199 99.999  0.030  0.050  0.060  99.999  99.999   0.005   0.003  0.007  0.007  0.004  0.004  0.029  0.028  257  303 -0.000  0.000    0  21.921351104 -13.137444121  6 21 35.51 2009  5 24 2454975.80530786    39  filtro desconhecido   targ_cat_global_reduction_sat_gr1                  Lysithea              2044  4098
   0.016   0.027 1036.83    9.20 1.225   2075.08    520.53 23.708 23.240 99.999 18.301 17.583 99.999 99.999 99.999  0.199 99.999  0.030  0.050  0.060  99.999  99.999   0.005   0.003  0.011  0.011  0.004  0.003  0.031  0.024  257  197 -0.000  0.000    0  21.921355187 -13.137440672  6 21 35.51 2009  5 24 2454975.80645544    39  filtro desconhecido   targ_cat_global_reduction_sat_gr1                  Lysithea              2044  4098
  -0.024   0.043 1036.83    9.20 1.043   2075.08    520.53 23.708 23.240 99.999 18.323 17.621 99.999 99.999 99.999  0.199 99.999  0.030  0.050  0.060  99.999  99.999   0.005   0.003  0.001  0.001  0.004  0.004  0.030  0.026  257  207 -0.000  0.000    0  21.921358104 -13.137427631  6 21 35.51 2009  5 24 2454975.80757639    39  filtro desconhecido   targ_cat_global_reduction_sat_gr1                  Lysithea              2044  4098
  -0.016   0.051 1036.83    9.20 1.325   2075.08    520.53 23.708 23.240 99.999 18.378 17.673 99.999 99.999 99.999  0.199 99.999  0.030  0.050  0.060  99.999  99.999   0.005   0.003  0.012  0.012  0.006  0.005  0.037  0.036  257  204 -0.000  0.000    0  21.921361995 -13.137416185  6 21 35.51 2009  5 24 2454975.80872188    39  filtro desconhecido   targ_cat_global_reduction_sat_gr1                  Lysithea              2044  4098
  -0.009   0.039 1036.83    9.20 1.278   2075.08    520.53 23.708 23.240 99.999 18.442 17.803 99.999 99.999 99.999  0.199 99.999  0.030  0.050  0.060  99.999  99.999   0.005   0.003  0.021  0.021  0.004  0.004  0.026  0.027  257  243 -0.000  0.000    0  21.921365810 -13.137410793  6 21 35.51 2009  5 24 2454975.80984458    39  filtro desconhecido   targ_cat_global_reduction_sat_gr1                  Lysithea              2044  4098
  -0.017   0.042 1036.83    9.20 1.215   2075.08    520.53 23.708 23.240 99.999 18.341 17.629 99.999 99.999 99.999  0.199 99.999  0.030  0.050  0.060  99.999  99.999   0.005   0.003  0.011  0.011  0.004  0.004  0.032  0.028  257  197 -0.000  0.000    0  21.921369405 -13.137400776  6 21 35.51 2009  5 24 2454975.81099228    39  filtro desconhecido   targ_cat_global_reduction_sat_gr1                  Lysithea              2044  4098
  -0.017   0.040 1036.83    9.20 1.277   2075.08    520.53 23.708 23.240 99.999 18.416 17.759 99.999 99.999 99.999  0.199 99.999  0.030  0.050  0.060  99.999  99.999   0.005   0.003  0.016  0.016  0.005  0.004  0.032  0.029  257  184 -0.000  0.000    0  21.921373176 -13.137392567  6 21 35.51 2009  5 24 2454975.81214969    39  filtro desconhecido   targ_cat_global_reduction_sat_gr1                  Lysithea              2044  4098
  -0.019   0.015 1036.83    9.20 1.157   2075.08    520.53 23.708 23.240 99.999 18.402 17.534 99.999 99.999 99.999  0.199 99.999  0.030  0.050  0.060  99.999  99.999   0.005   0.003  0.010  0.010  0.005  0.005  0.034  0.031  257  219 -0.000  0.000    0  21.921376924 -13.137390393  6 21 35.51 2009  5 24 2454975.81330803    39  filtro desconhecido   targ_cat_global_reduction_sat_gr1                  Lysithea              2044  4098
   0.046   0.067 1160.86   31.65 1.687     44.14    275.89 24.366 23.613 99.999 18.595 18.020 99.999 99.999 99.999  0.150 99.999 99.999 99.999 99.999  99.999  99.999  99.999  99.999  0.021  0.021  0.006  0.007  0.027  0.033  168  174 -0.000 -0.000    0  21.921495076 -13.137092482  8 20 58.09 2009  5 24 2454975.84930392    39  filtro desconhecido   targ_cat_global_reduction_sat_gr1                  Lysithea              2044  4098
   0.069   0.053 1160.86   31.65 1.727     44.14    275.89 24.366 23.613 99.999 18.812 18.204 99.999 99.999 99.999  0.150 99.999 99.999 99.999 99.999  99.999  99.999  99.999  99.999  0.028  0.028  0.006  0.009  0.026  0.036  168  191 -0.000 -0.000    0  21.921514027 -13.137050978  8 20 58.09 2009  5 24 2454975.85504308    39  filtro desconhecido   targ_cat_global_reduction_sat_gr1                  Lysithea              2044  4098
   0.073   0.030 1160.86   31.65 1.055     44.14    275.89 24.366 23.613 99.999 18.736 17.972 99.999 99.999 99.999  0.150 99.999 99.999 99.999 99.999  99.999  99.999  99.999  99.999  0.017  0.017  0.005  0.005  0.026  0.028  168  197 -0.000 -0.000    0  21.921523269 -13.137035130  8 20 58.09 2009  5 24 2454975.85788484    39  filtro desconhecido   targ_cat_global_reduction_sat_gr1                  Lysithea              2044  4098
   0.072   0.063 1160.86   31.65 1.315     44.14    275.89 24.366 23.613 99.999 18.724 18.139 99.999 99.999 99.999  0.150 99.999 99.999 99.999 99.999  99.999  99.999  99.999  99.999  0.016  0.016  0.006  0.007  0.029  0.031  168  183 -0.000 -0.000    0  21.921527676 -13.137015094  8 20 58.09 2009  5 24 2454975.85925360    39  filtro desconhecido   targ_cat_global_reduction_sat_gr1                  Lysithea              2044  4098
