   0.060   0.057 1036.83    9.20 1.327   2075.08    520.53 23.708 23.240 99.999 19.197 18.578 99.999 99.999 99.999  0.199 99.999  0.030  0.050  0.060  99.999  99.999   0.005   0.003  0.011  0.011  0.016  0.018  0.033  0.036  257  185 -0.000  0.000    0  21.921219344 -13.137755869  6 21 35.51 2009  5 24 2454975.76499427    39  filtro desconhecido   targ_cat_global_reduction_sat_gr1                  Lysithea              2044  4098
   0.081   0.032 1036.83    9.20 1.325   2075.08    520.53 23.708 23.240 99.999 18.649 18.071 99.999 99.999 99.999  0.199 99.999  0.030  0.050  0.060  99.999  99.999   0.005   0.003  0.007  0.007  0.002  0.002  0.009  0.010  257  492 -0.000 -0.000    0  21.921233240 -13.137731230  6 21 35.51 2009  5 24 2454975.76906311    39  filtro desconhecido   targ_cat_global_reduction_sat_gr1                  Lysithea              2044  4098
   0.004   0.004 1036.83    9.20 2.217   2075.08    520.53 23.708 23.240 99.999 18.464 17.910 99.999 99.999 99.999  0.199 99.999  0.030  0.050  0.060  99.999  99.999   0.005   0.003  0.009  0.008  0.006  0.006  0.037  0.035  257  190 -0.000  0.000    0  21.921239321 -13.137721248  6 21 35.51 2009  5 24 2454975.77134033    39  filtro desconhecido   targ_cat_global_reduction_sat_gr1                  Lysithea              2044  4098
   0.064   0.054 1036.83    9.20 1.462   2075.08    520.53 23.708 23.240 99.999 18.693 18.076 99.999 99.999 99.999  0.199 99.999  0.030  0.050  0.060  99.999  99.999   0.005   0.003  0.038  0.040  0.006  0.005  0.041  0.031  257  161 -0.000  0.000    0  21.921252777 -13.137678269  6 21 35.51 2009  5 24 2454975.77505867    39  filtro desconhecido   targ_cat_global_reduction_sat_gr1                  Lysithea              2044  4098
   0.000   0.057 1036.83    9.20 0.880   2075.08    520.53 23.708 23.240 99.999 19.010 18.630 99.999 99.999 99.999  0.199 99.999  0.030  0.050  0.060  99.999  99.999   0.005   0.003  0.088  0.088  0.004  0.004  0.020  0.020  257  226 -0.000  0.000    0  21.921263342 -13.137649840  6 21 35.51 2009  5 24 2454975.77861831    39  filtro desconhecido   targ_cat_global_reduction_sat_gr1                  Lysithea              2044  4098
   0.053   0.062 1036.83    9.20 1.676   2075.08    520.53 23.708 23.240 99.999 18.208 17.455 99.999 99.999 99.999  0.199 99.999  0.030  0.050  0.060  99.999  99.999   0.005   0.003  0.022  0.021  0.006  0.005  0.034  0.031  257  169 -0.001 -0.001    0  21.921268572 -13.137638301  6 21 35.51 2009  5 24 2454975.77989715    39  filtro desconhecido   targ_cat_global_reduction_sat_gr1                  Lysithea              2044  4098
  -0.010   0.021 1036.83    9.20 1.362   2075.08    520.53 23.708 23.240 99.999 18.481 17.857 99.999 99.999 99.999  0.199 99.999  0.030  0.050  0.060  99.999  99.999   0.005   0.003  0.021  0.021  0.007  0.007  0.036  0.036  257  163 -0.000  0.000    0  21.921278499 -13.137623402  6 21 35.51 2009  5 24 2454975.78327195    39  filtro desconhecido   targ_cat_global_reduction_sat_gr1                  Lysithea              2044  4098
  -0.002   0.029 1036.83    9.20 1.396   2075.08    520.53 23.708 23.240 99.999 18.602 17.930 99.999 99.999 99.999  0.199 99.999  0.030  0.050  0.060  99.999  99.999   0.005   0.003  0.018  0.018  0.006  0.006  0.031  0.034  257  165 -0.000  0.000    0  21.921289509 -13.137595536  6 21 35.51 2009  5 24 2454975.78656210    39  filtro desconhecido   targ_cat_global_reduction_sat_gr1                  Lysithea              2044  4098
  -0.023   0.023 1036.83    9.20 1.384   2075.08    520.53 23.708 23.240 99.999 18.434 17.724 99.999 99.999 99.999  0.199 99.999  0.030  0.050  0.060  99.999  99.999   0.005   0.003  0.016  0.016  0.005  0.005  0.032  0.030  257  245 -0.000  0.000    0  21.921294109 -13.137585319  6 21 35.51 2009  5 24 2454975.78807904    39  filtro desconhecido   targ_cat_global_reduction_sat_gr1                  Lysithea              2044  4098
  -0.022   0.030 1036.83    9.20 1.633   2075.08    520.53 23.708 23.240 99.999 18.522 17.809 99.999 99.999 99.999  0.199 99.999  0.030  0.050  0.060  99.999  99.999   0.005   0.003  0.004  0.004  0.005  0.005  0.033  0.030  257  252 -0.000  0.000    0  21.921297879 -13.137574480  6 21 35.51 2009  5 24 2454975.78922419    39  filtro desconhecido   targ_cat_global_reduction_sat_gr1                  Lysithea              2044  4098
   0.020   0.026 1036.83    9.20 1.566   2075.08    520.53 23.708 23.240 99.999 18.423 17.716 99.999 99.999 99.999  0.199 99.999  0.030  0.050  0.060  99.999  99.999   0.005   0.003  0.018  0.018  0.007  0.006  0.036  0.031  257  194 -0.000  0.000    0  21.921302403 -13.137566803  6 21 35.51 2009  5 24 2454975.79035301    39  filtro desconhecido   targ_cat_global_reduction_sat_gr1                  Lysithea              2044  4098
   0.009   0.022 1036.83    9.20 1.373   2075.08    520.53 23.708 23.240 99.999 18.414 17.649 99.999 99.999 99.999  0.199 99.999  0.030  0.050  0.060  99.999  99.999   0.005   0.003  0.015  0.015  0.005  0.005  0.032  0.030  257  301 -0.000  0.000    0  21.921306002 -13.137558871  6 21 35.51 2009  5 24 2454975.79150881    39  filtro desconhecido   targ_cat_global_reduction_sat_gr1                  Lysithea              2044  4098
   0.045   0.016 1036.83    9.20 1.243   2075.08    520.53 23.708 23.240 99.999 18.513 17.730 99.999 99.999 99.999  0.199 99.999  0.030  0.050  0.060  99.999  99.999   0.005   0.003  0.010  0.010  0.004  0.004  0.025  0.027  257  361 -0.000  0.000    0  21.921310415 -13.137551665  6 21 35.51 2009  5 24 2454975.79263613    39  filtro desconhecido   targ_cat_global_reduction_sat_gr1                  Lysithea              2044  4098
   0.001   0.037 1036.83    9.20 1.387   2075.08    520.53 23.708 23.240 99.999 18.455 17.750 99.999 99.999 99.999  0.199 99.999  0.030  0.050  0.060  99.999  99.999   0.005   0.003  0.011  0.011  0.006  0.005  0.038  0.032  257  234 -0.000  0.000    0  21.921324635 -13.137510108  6 21 35.51 2009  5 24 2454975.79721891    39  filtro desconhecido   targ_cat_global_reduction_sat_gr1                  Lysithea              2044  4098
  -0.048   0.022 1036.83    9.20 1.163   2075.08    520.53 23.708 23.240 99.999 18.767 18.275 99.999 99.999 99.999  0.199 99.999  0.030  0.050  0.060  99.999  99.999   0.005   0.003  0.004  0.004  0.003  0.004  0.018  0.021  257  338 -0.000  0.000    0  21.921335836 -13.137485163  6 21 35.51 2009  5 24 2454975.80092359    39  filtro desconhecido   targ_cat_global_reduction_sat_gr1                  Lysithea              2044  4098
  -0.000   0.017 1036.83    9.20 1.200   2075.08    520.53 23.708 23.240 99.999 18.335 17.624 99.999 99.999 99.999  0.199 99.999  0.030  0.050  0.060  99.999  99.999   0.005   0.003  0.011  0.011  0.004  0.004  0.032  0.029  257  202 -0.000  0.000    0  21.921343743 -13.137470074  6 21 35.51 2009  5 24 2454975.80305252    39  filtro desconhecido   targ_cat_global_reduction_sat_gr1                  Lysithea              2044  4098
  -0.002   0.038 1036.83    9.20 1.221   2075.08    520.53 23.708 23.240 99.999 18.479 17.789 99.999 99.999 99.999  0.199 99.999  0.030  0.050  0.060  99.999  99.999   0.005   0.003  0.011  0.011  0.004  0.004  0.029  0.027  257  271  0.000  0.000    0  21.921347378 -13.137455317  6 21 35.51 2009  5 24 2454975.80417822    39  filtro desconhecido   targ_cat_global_reduction_sat_gr1                  Lysithea              2044  4098
  -0.002   0.046 1036.83    9.20 1.002   2075.08    520.53 23.708 23.240 99.999 18.423 17.656 99.999 99.999 99.999  0.199 99.999  0.030  0.050  0.060  99.999  99.999   0.005   0.003  0.007  0.007  0.004  0.004  0.029  0.028  257  303 -0.000  0.000    0  21.921351104 -13.137444121  6 21 35.51 2009  5 24 2454975.80530786    39  filtro desconhecido   targ_cat_global_reduction_sat_gr1                  Lysithea              2044  4098
   0.016   0.027 1036.83    9.20 1.225   2075.08    520.53 23.708 23.240 99.999 18.301 17.583 99.999 99.999 99.999  0.199 99.999  0.030  0.050  0.060  99.999  99.999   0.005   0.003  0.011  0.011  0.004  0.003  0.031  0.024  257  197 -0.000  0.000    0  21.921355187 -13.137440672  6 21 35.51 2009  5 24 2454975.80645544    39  filtro desconhecido   targ_cat_global_reduction_sat_gr1                  Lysithea              2044  4098
  -0.024   0.043 1036.83    9.20 1.043   2075.08    520.53 23.708 23.240 99.999 18.323 17.621 99.999 99.999 99.999  0.199 99.999  0.030  0.050  0.060  99.999  99.999   0.005   0.003  0.001  0.001  0.004  0.004  0.030  0.026  257  207 -0.000  0.000    0  21.921358104 -13.137427631  6 21 35.51 2009  5 24 2454975.80757639    39  filtro desconhecido   targ_cat_global_reduction_sat_gr1                  Lysithea              2044  4098
  -0.016   0.051 1036.83    9.20 1.325   2075.08    520.53 23.708 23.240 99.999 18.378 17.673 99.999 99.999 99.999  0.199 99.999  0.030  0.050  0.060  99.999  99.999   0.005   0.003  0.012  0.012  0.006  0.005  0.037  0.036  257  204 -0.000  0.000    0  21.921361995 -13.137416185  6 21 35.51 2009  5 24 2454975.80872188    39  filtro desconhecido   targ_cat_global_reduction_sat_gr1                  Lysithea              2044  4098
  -0.009   0.039 1036.83    9.20 1.278   2075.08    520.53 23.708 23.240 99.999 18.442 17.803 99.999 99.999 99.999  0.199 99.999  0.030  0.050  0.060  99.999  99.999   0.005   0.003  0.021  0.021  0.004  0.004  0.026  0.027  257  243 -0.000  0.000    0  21.921365810 -13.137410793  6 21 35.51 2009  5 24 2454975.80984458    39  filtro desconhecido   targ_cat_global_reduction_sat_gr1                  Lysithea              2044  4098
  -0.017   0.042 1036.83    9.20 1.215   2075.08    520.53 23.708 23.240 99.999 18.341 17.629 99.999 99.999 99.999  0.199 99.999  0.030  0.050  0.060  99.999  99.999   0.005   0.003  0.011  0.011  0.004  0.004  0.032  0.028  257  197 -0.000  0.000    0  21.921369405 -13.137400776  6 21 35.51 2009  5 24 2454975.81099228    39  filtro desconhecido   targ_cat_global_reduction_sat_gr1                  Lysithea              2044  4098
  -0.017   0.040 1036.83    9.20 1.277   2075.08    520.53 23.708 23.240 99.999 18.416 17.759 99.999 99.999 99.999  0.199 99.999  0.030  0.050  0.060  99.999  99.999   0.005   0.003  0.016  0.016  0.005  0.004  0.032  0.029  257  184 -0.000  0.000    0  21.921373176 -13.137392567  6 21 35.51 2009  5 24 2454975.81214969    39  filtro desconhecido   targ_cat_global_reduction_sat_gr1                  Lysithea              2044  4098
  -0.019   0.015 1036.83    9.20 1.157   2075.08    520.53 23.708 23.240 99.999 18.402 17.534 99.999 99.999 99.999  0.199 99.999  0.030  0.050  0.060  99.999  99.999   0.005   0.003  0.010  0.010  0.005  0.005  0.034  0.031  257  219 -0.000  0.000    0  21.921376924 -13.137390393  6 21 35.51 2009  5 24 2454975.81330803    39  filtro desconhecido   targ_cat_global_reduction_sat_gr1                  Lysithea              2044  4098
   0.046   0.067 1160.86   31.65 1.687     44.14    275.89 24.366 23.613 99.999 18.595 18.020 99.999 99.999 99.999  0.150 99.999 99.999 99.999 99.999  99.999  99.999  99.999  99.999  0.021  0.021  0.006  0.007  0.027  0.033  168  174 -0.000 -0.000    0  21.921495076 -13.137092482  8 20 58.09 2009  5 24 2454975.84930392    39  filtro desconhecido   targ_cat_global_reduction_sat_gr1                  Lysithea              2044  4098
   0.069   0.053 1160.86   31.65 1.727     44.14    275.89 24.366 23.613 99.999 18.812 18.204 99.999 99.999 99.999  0.150 99.999 99.999 99.999 99.999  99.999  99.999  99.999  99.999  0.028  0.028  0.006  0.009  0.026  0.036  168  191 -0.000 -0.000    0  21.921514027 -13.137050978  8 20 58.09 2009  5 24 2454975.85504308    39  filtro desconhecido   targ_cat_global_reduction_sat_gr1                  Lysithea              2044  4098
   0.073   0.030 1160.86   31.65 1.055     44.14    275.89 24.366 23.613 99.999 18.736 17.972 99.999 99.999 99.999  0.150 99.999 99.999 99.999 99.999  99.999  99.999  99.999  99.999  0.017  0.017  0.005  0.005  0.026  0.028  168  197 -0.000 -0.000    0  21.921523269 -13.137035130  8 20 58.09 2009  5 24 2454975.85788484    39  filtro desconhecido   targ_cat_global_reduction_sat_gr1                  Lysithea              2044  4098
   0.072   0.063 1160.86   31.65 1.315     44.14    275.89 24.366 23.613 99.999 18.724 18.139 99.999 99.999 99.999  0.150 99.999 99.999 99.999 99.999  99.999  99.999  99.999  99.999  0.016  0.016  0.006  0.007  0.029  0.031  168  183 -0.000 -0.000    0  21.921527676 -13.137015094  8 20 58.09 2009  5 24 2454975.85925360    39  filtro desconhecido   targ_cat_global_reduction_sat_gr1                  Lysithea              2044  4098
