   0.159  -0.193 1970.21  113.67 1.281    761.97    412.48 99.999 99.999 99.999 18.662 17.939 99.999 99.999 99.999  0.136 99.999  0.040  0.080  0.100  99.999  99.999  99.999  99.999  0.033  0.033  0.012  0.010  0.045  0.038   98   83 -0.001 -0.001    0  21.906543274 -13.180498701  9 59 50.99 2009  5 20 2454971.91656241    39  filtro desconhecido   targ_cat_global_reduction_sat_gr1                  Lysithea              2044  4098
   0.126   0.087  732.07   53.37 1.031     76.83    315.33 24.753 24.047 99.999 19.224 18.503 99.999 99.999 99.999  0.224 99.999 99.999 99.999 99.999  99.999  99.999  99.999  99.999  0.001  0.001  0.012  0.010  0.030  0.025  231  260  0.000 -0.000    0  21.914011294 -13.157207650  6 22 16.07 2009  5 22 2454973.77239428    39  filtro desconhecido   targ_cat_global_reduction_sat_gr1                  Lysithea              2044  4098
   0.196   0.057   36.07   56.50 0.912     58.54    154.55 24.841 24.295 99.999 18.749 18.203 99.999 99.999 99.999  0.157 99.999 99.999 99.999 99.999  99.999  99.999  99.999  99.999  0.014  0.014  0.004  0.003  0.019  0.015  212  272  0.001  0.000    0  21.917705568 -13.146820623  6 17 48.28 2009  5 23 2454974.76468841    39  filtro desconhecido   targ_cat_global_reduction_sat_gr1                  Lysithea              2044  4098
   0.250   0.014   36.07   56.50 1.115     58.54    154.55 24.841 24.295 99.999 18.489 17.976 99.999 99.999 99.999  0.157 99.999 99.999 99.999 99.999  99.999  99.999  99.999  99.999  0.010  0.010  0.004  0.003  0.019  0.014  212  287  0.001  0.000    0  21.917714747 -13.146811207  6 17 48.28 2009  5 23 2454974.76699885    39  filtro desconhecido   targ_cat_global_reduction_sat_gr1                  Lysithea              2044  4098
   0.274   0.017   36.07   56.50 0.775     58.54    154.55 24.841 24.295 99.999 18.687 17.890 99.999 99.999 99.999  0.157 99.999 99.999 99.999 99.999  99.999  99.999  99.999  99.999  0.011  0.005  0.004  0.004  0.030  0.026  212  298  0.001  0.000    0  21.917777267 -13.146647829  6 17 48.28 2009  5 23 2454974.78463778    39  filtro desconhecido   targ_cat_global_reduction_sat_gr1                  Lysithea              2044  4098
  -0.385  -0.100 1036.83    9.20 0.549   2075.08    520.53 23.708 23.240 99.999 19.359 18.962 99.999 99.999 99.999  0.199 99.999  0.030  0.050  0.060  99.999  99.999   0.005   0.003  0.026  0.027  0.003  0.003  0.018  0.018  257  488 -0.000  0.000    0  21.921250095 -13.137707198  6 21 35.51 2009  5 24 2454975.77683142    39  filtro desconhecido   targ_cat_global_reduction_sat_gr1                  Lysithea              2044  4098
   0.124   0.057 1036.83    9.20 0.773   2075.08    520.53 23.708 23.240 99.999 18.641 18.407 99.999 99.999 99.999  0.199 99.999  0.030  0.050  0.060  99.999  99.999   0.005   0.003  0.021  0.021  0.007  0.006  0.027  0.023  257  105 -0.000  0.000    0  21.921287776 -13.137597562  6 21 35.51 2009  5 24 2454975.78530641    39  filtro desconhecido   targ_cat_global_reduction_sat_gr1                  Lysithea              2044  4098
  -0.011  -0.030 1036.83    9.20 1.452   2075.08    520.53 23.708 23.240 99.999 18.551 17.866 99.999 99.999 99.999  0.199 99.999  0.030  0.050  0.060  99.999  99.999   0.005   0.003  0.029  0.029  0.005  0.005  0.033  0.030  257  267 -0.000  0.000    0  21.921313009 -13.137555758  6 21 35.51 2009  5 24 2454975.79375558    39  filtro desconhecido   targ_cat_global_reduction_sat_gr1                  Lysithea              2044  4098
  -0.014  -0.019 1036.83    9.20 1.392   2075.08    520.53 23.708 23.240 99.999 18.474 17.687 99.999 99.999 99.999  0.199 99.999  0.030  0.050  0.060  99.999  99.999   0.005   0.003  0.013  0.013  0.005  0.005  0.030  0.034  257  256 -0.000  0.000    0  21.921316728 -13.137543707  6 21 35.51 2009  5 24 2454975.79490408    39  filtro desconhecido   targ_cat_global_reduction_sat_gr1                  Lysithea              2044  4098
  -0.006  -0.001 1036.83    9.20 1.452   2075.08    520.53 23.708 23.240 99.999 18.345 17.613 99.999 99.999 99.999  0.199 99.999  0.030  0.050  0.060  99.999  99.999   0.005   0.003  0.022  0.022  0.006  0.005  0.031  0.030  257  202 -0.000  0.000    0  21.921320697 -13.137529730  6 21 35.51 2009  5 24 2454975.79606138    39  filtro desconhecido   targ_cat_global_reduction_sat_gr1                  Lysithea              2044  4098
  -0.043  -0.009 1036.83    9.20 1.457   2075.08    520.53 23.708 23.240 99.999 18.449 17.789 99.999 99.999 99.999  0.199 99.999  0.030  0.050  0.060  99.999  99.999   0.005   0.003  0.017  0.017  0.005  0.005  0.027  0.026  257  193 -0.000  0.000    0  21.921327461 -13.137514300  6 21 35.51 2009  5 24 2454975.79834125    39  filtro desconhecido   targ_cat_global_reduction_sat_gr1                  Lysithea              2044  4098
   0.049   0.132 1036.83    9.20 1.085   2075.08    520.53 23.708 23.240 99.999 18.954 18.633 99.999 99.999 99.999  0.199 99.999  0.030  0.050  0.060  99.999  99.999   0.005   0.003  0.053  0.053  0.003  0.003  0.018  0.016  257  296 -0.000  0.000    0  21.921333912 -13.137463916  6 21 35.51 2009  5 24 2454975.79976699    39  filtro desconhecido   targ_cat_global_reduction_sat_gr1                  Lysithea              2044  4098
   0.087   0.080 1160.86   31.65 1.393     44.14    275.89 24.366 23.613 99.999 18.690 18.030 99.999 99.999 99.999  0.150 99.999 99.999 99.999 99.999  99.999  99.999  99.999  99.999  0.015  0.015  0.006  0.006  0.023  0.024  168  201 -0.000 -0.000    0  21.921491285 -13.137100042  8 20 58.09 2009  5 24 2454975.84789451    39  filtro desconhecido   targ_cat_global_reduction_sat_gr1                  Lysithea              2044  4098
