   0.087  -0.178 1970.21  113.67 1.004    761.97    412.48 99.999 99.999 99.999 18.938 18.202 99.999 99.999 99.999  0.136 99.999  0.040  0.080  0.100  99.999  99.999  99.999  99.999  0.047  0.047  0.009  0.010  0.034  0.037   98   94 -0.001 -0.001    0  21.906546602 -13.180478362  9 59 50.99 2009  5 20 2454971.91773082    39  filtro desconhecido   targ_cat_global_reduction_sat_gr1                  Lysithea              2044  4098
   0.051  -0.190 1970.21  113.67 0.852    761.97    412.48 99.999 99.999 99.999 18.744 17.942 99.999 99.999 99.999  0.136 99.999  0.040  0.080  0.100  99.999  99.999  99.999  99.999  0.026  0.027  0.007  0.006  0.030  0.026   98   95 -0.001 -0.001    0  21.906550560 -13.180466203  9 59 50.99 2009  5 20 2454971.91888314    39  filtro desconhecido   targ_cat_global_reduction_sat_gr1                  Lysithea              2044  4098
   0.044  -0.175 1970.21  113.67 1.054    761.97    412.48 99.999 99.999 99.999 18.838 18.077 99.999 99.999 99.999  0.136 99.999  0.040  0.080  0.100  99.999  99.999  99.999  99.999  0.016  0.016  0.007  0.007  0.034  0.032   98  125 -0.001 -0.001    0  21.906555085 -13.180446027  9 59 50.99 2009  5 20 2454971.92004507    39  filtro desconhecido   targ_cat_global_reduction_sat_gr1                  Lysithea              2044  4098
   0.061  -0.199 1970.21  113.67 0.761    761.97    412.48 99.999 99.999 99.999 18.756 17.985 99.999 99.999 99.999  0.136 99.999  0.040  0.080  0.100  99.999  99.999  99.999  99.999  0.003  0.003  0.007  0.007  0.030  0.031   98  108 -0.001 -0.001    0  21.906564624 -13.180421460  9 59 50.99 2009  5 20 2454971.92234266    39  filtro desconhecido   targ_cat_global_reduction_sat_gr1                  Lysithea              2044  4098
   0.072  -0.179 1970.21  113.67 1.132    761.97    412.48 99.999 99.999 99.999 18.563 17.678 99.999 99.999 99.999  0.136 99.999  0.040  0.080  0.100  99.999  99.999  99.999  99.999  0.019  0.019  0.008  0.006  0.036  0.031   98  150 -0.001 -0.001    0  21.906569374 -13.180400147  9 59 50.99 2009  5 20 2454971.92347137    39  filtro desconhecido   targ_cat_global_reduction_sat_gr1                  Lysithea              2044  4098
   0.001  -0.137 1970.21  113.67 1.068    761.97    412.48 99.999 99.999 99.999 18.760 17.970 99.999 99.999 99.999  0.136 99.999  0.040  0.080  0.100  99.999  99.999  99.999  99.999  0.019  0.019  0.006  0.006  0.029  0.029   98  152 -0.001 -0.001    0  21.906577264 -13.180357023  9 59 50.99 2009  5 20 2454971.92578064    39  filtro desconhecido   targ_cat_global_reduction_sat_gr1                  Lysithea              2044  4098
   0.036  -0.183 1970.21  113.67 0.928    761.97    412.48 99.999 99.999 99.999 18.646 17.861 99.999 99.999 99.999  0.136 99.999  0.040  0.080  0.100  99.999  99.999  99.999  99.999  0.011  0.011  0.006  0.007  0.033  0.035   98  187 -0.001 -0.001    0  21.906582600 -13.180353931  9 59 50.99 2009  5 20 2454971.92694095    39  filtro desconhecido   targ_cat_global_reduction_sat_gr1                  Lysithea              2044  4098
   0.059  -0.160 1970.21  113.67 0.868    761.97    412.48 99.999 99.999 99.999 18.630 17.855 99.999 99.999 99.999  0.136 99.999  0.040  0.080  0.100  99.999  99.999  99.999  99.999  0.009  0.009  0.005  0.005  0.036  0.037   98  278 -0.001 -0.001    0  21.906593962 -13.180310414  9 59 50.99 2009  5 20 2454971.92966440    39  filtro desconhecido   targ_cat_global_reduction_sat_gr1                  Lysithea              2044  4098
   0.031  -0.182 1970.21  113.67 1.056    761.97    412.48 99.999 99.999 99.999 18.630 17.849 99.999 99.999 99.999  0.136 99.999  0.040  0.080  0.100  99.999  99.999  99.999  99.999  0.010  0.010  0.005  0.005  0.035  0.036   98  244 -0.001 -0.001    0  21.906598066 -13.180300445  9 59 50.99 2009  5 20 2454971.93081788    39  filtro desconhecido   targ_cat_global_reduction_sat_gr1                  Lysithea              2044  4098
   0.021  -0.142 1970.21  113.67 1.313    761.97    412.48 99.999 99.999 99.999 18.707 17.961 99.999 99.999 99.999  0.136 99.999  0.040  0.080  0.100  99.999  99.999  99.999  99.999  0.016  0.017  0.006  0.006  0.044  0.039   98  254 -0.001 -0.001    0  21.906602482 -13.180273568  9 59 50.99 2009  5 20 2454971.93196581    39  filtro desconhecido   targ_cat_global_reduction_sat_gr1                  Lysithea              2044  4098
   0.047  -0.219 1970.21  113.67 1.231    761.97    412.48 99.999 99.999 99.999 18.742 18.037 99.999 99.999 99.999  0.136 99.999  0.040  0.080  0.100  99.999  99.999  99.999  99.999  0.003  0.003  0.008  0.008  0.038  0.040   98  133 -0.001 -0.001    0  21.906612228 -13.180263437  9 59 50.99 2009  5 20 2454971.93427231    39  filtro desconhecido   targ_cat_global_reduction_sat_gr1                  Lysithea              2044  4098
