  -0.008  -0.041  607.78    3.56 1.562     96.01    220.67 24.901 24.672 99.999 19.319 18.886 99.999 99.999 99.999  0.324 99.999 99.999 99.999 99.999  99.999  99.999  99.999  99.999  0.015  0.015  0.002  0.002  0.032  0.033 1803 1472 -0.000  0.000    0  16.722328263 -22.157323764  1 18 45.94 2007  9 10 2454353.55469836    59  filtro desconhecido   targ_cat_global_reduction_sat_gr1                  Lysithea              2044  4098
   0.015  -0.031  607.78    3.56 1.528     96.01    220.67 24.901 24.672 99.999 19.188 18.776 99.999 99.999 99.999  0.324 99.999 99.999 99.999 99.999  99.999  99.999  99.999  99.999  0.014  0.014  0.002  0.002  0.032  0.032 1803 1618 -0.000  0.000    0  16.722341874 -22.157335933  1 18 45.94 2007  9 10 2454353.55650366    59  filtro desconhecido   targ_cat_global_reduction_sat_gr1                  Lysithea              2044  4098
  -0.042  -0.009  607.78    3.56 1.518     96.01    220.67 24.901 24.672 99.999 19.246 18.821 99.999 99.999 99.999  0.324 99.999 99.999 99.999 99.999  99.999  99.999  99.999  99.999  0.014  0.014  0.002  0.002  0.031  0.033 1803 1507 -0.000  0.000    0  16.722354015 -22.157344627  1 18 45.94 2007  9 10 2454353.55832273    59  filtro desconhecido   targ_cat_global_reduction_sat_gr1                  Lysithea              2044  4098
  -0.030  -0.055  607.78    3.56 1.369     96.01    220.67 24.901 24.672 99.999 19.253 18.846 99.999 99.999 99.999  0.324 99.999 99.999 99.999 99.999  99.999  99.999  99.999  99.999  0.000  0.000  0.002  0.002  0.032  0.033 1803 1534 -0.000  0.000    0  16.722368852 -22.157373518  1 18 45.94 2007  9 10 2454353.56032289    59  filtro desconhecido   targ_cat_global_reduction_sat_gr1                  Lysithea              2044  4098
  -0.033  -0.056  607.78    3.56 1.364     96.01    220.67 24.901 24.672 99.999 19.217 18.820 99.999 99.999 99.999  0.324 99.999 99.999 99.999 99.999  99.999  99.999  99.999  99.999  0.000  0.000  0.002  0.002  0.033  0.033 1803 1421 -0.000  0.000    0  16.722381535 -22.157388231  1 18 45.94 2007  9 10 2454353.56207134    59  filtro desconhecido   targ_cat_global_reduction_sat_gr1                  Lysithea              2044  4098
  -0.038  -0.086  607.78    3.56 1.418     96.01    220.67 24.901 24.672 99.999 19.326 18.918 99.999 99.999 99.999  0.324 99.999 99.999 99.999 99.999  99.999  99.999  99.999  99.999  0.006  0.006  0.002  0.002  0.034  0.033 1803 1204 -0.000  0.000    0  16.722394798 -22.157411574  1 18 45.94 2007  9 10 2454353.56390072    59  filtro desconhecido   targ_cat_global_reduction_sat_gr1                  Lysithea              2044  4098
  -0.054  -0.091  607.78    3.56 1.632     96.01    220.67 24.901 24.672 99.999 19.199 18.806 99.999 99.999 99.999  0.324 99.999 99.999 99.999 99.999  99.999  99.999  99.999  99.999  0.026  0.026  0.002  0.002  0.033  0.033 1803 1518 -0.000  0.000    0  16.722407454 -22.157427537  1 18 45.94 2007  9 10 2454353.56567638    59  filtro desconhecido   targ_cat_global_reduction_sat_gr1                  Lysithea              2044  4098
  -0.044  -0.073  607.78    3.56 1.503     96.01    220.67 24.901 24.672 99.999 19.175 18.736 99.999 99.999 99.999  0.324 99.999 99.999 99.999 99.999  99.999  99.999  99.999  99.999  0.004  0.004  0.002  0.002  0.033  0.035 1803 1452 -0.000  0.000    0  16.722420962 -22.157437184  1 18 45.94 2007  9 10 2454353.56749974    59  filtro desconhecido   targ_cat_global_reduction_sat_gr1                  Lysithea              2044  4098
  -0.067  -0.091  607.78    3.56 1.376     96.01    220.67 24.901 24.672 99.999 19.202 18.769 99.999 99.999 99.999  0.324 99.999 99.999 99.999 99.999  99.999  99.999  99.999  99.999  0.015  0.015  0.002  0.002  0.035  0.035 1803 1397 -0.000  0.000    0  16.722433222 -22.157456338  1 18 45.94 2007  9 10 2454353.56923915    59  filtro desconhecido   targ_cat_global_reduction_sat_gr1                  Lysithea              2044  4098
   0.051  -0.185  226.67    4.53 1.754    129.11    194.75 24.699 24.301 99.999 19.393 18.798 99.999 99.999 99.999  0.609 99.999 99.999 99.999 99.999  99.999  99.999  99.999  99.999  0.017  0.017  0.004  0.004  0.034  0.033 1331  874  0.000 -0.000    0  16.722455818 -22.157505247  1 43 41.84 2007  9 10 2454353.57201206    59  filtro desconhecido   targ_cat_global_reduction_sat_gr1                  Lysithea              2044  4098
   0.103  -0.166  226.67    4.53 1.624    129.11    194.75 24.699 24.301 99.999 19.405 18.809 99.999 99.999 99.999  0.609 99.999 99.999 99.999 99.999  99.999  99.999  99.999  99.999  0.016  0.016  0.004  0.004  0.034  0.033 1331  827  0.000 -0.000    0  16.722470253 -22.157514595  1 43 41.84 2007  9 10 2454353.57384213    59  filtro desconhecido   targ_cat_global_reduction_sat_gr1                  Lysithea              2044  4098
   0.065  -0.178  226.67    4.53 2.011    129.11    194.75 24.699 24.301 99.999 19.292 18.736 99.999 99.999 99.999  0.609 99.999 99.999 99.999 99.999  99.999  99.999  99.999  99.999  0.019  0.019  0.004  0.004  0.035  0.035 1331  767  0.000 -0.000    0  16.722482892 -22.157533099  1 43 41.84 2007  9 10 2454353.57567279    59  filtro desconhecido   targ_cat_global_reduction_sat_gr1                  Lysithea              2044  4098
   0.026  -0.154  226.67    4.53 1.617    129.11    194.75 24.699 24.301 99.999 19.349 18.775 99.999 99.999 99.999  0.609 99.999 99.999 99.999 99.999  99.999  99.999  99.999  99.999  0.016  0.016  0.004  0.004  0.034  0.032 1331  889  0.000 -0.000    0  16.722495708 -22.157541522  1 43 41.84 2007  9 10 2454353.57753274    59  filtro desconhecido   targ_cat_global_reduction_sat_gr1                  Lysithea              2044  4098
   0.061  -0.147  226.67    4.53 1.702    129.11    194.75 24.699 24.301 99.999 19.284 18.686 99.999 99.999 99.999  0.609 99.999 99.999 99.999 99.999  99.999  99.999  99.999  99.999  0.018  0.018  0.003  0.004  0.031  0.034 1331  854  0.000 -0.000    0  16.722509378 -22.157553873  1 43 41.84 2007  9 10 2454353.57930851    59  filtro desconhecido   targ_cat_global_reduction_sat_gr1                  Lysithea              2044  4098
   0.073  -0.201  226.67    4.53 1.901    129.11    194.75 24.699 24.301 99.999 19.197 18.584 99.999 99.999 99.999  0.609 99.999 99.999 99.999 99.999  99.999  99.999  99.999  99.999  0.000  0.000  0.004  0.004  0.034  0.033 1331  876  0.000 -0.000    0  16.722523067 -22.157583569  1 43 41.84 2007  9 10 2454353.58114276    59  filtro desconhecido   targ_cat_global_reduction_sat_gr1                  Lysithea              2044  4098
   0.052  -0.171  226.67    4.53 1.701    129.11    194.75 24.699 24.301 99.999 19.355 18.793 99.999 99.999 99.999  0.609 99.999 99.999 99.999 99.999  99.999  99.999  99.999  99.999  0.018  0.018  0.004  0.004  0.037  0.035 1331  776  0.000 -0.000    0  16.722535570 -22.157589860  1 43 41.84 2007  9 10 2454353.58290788    59  filtro desconhecido   targ_cat_global_reduction_sat_gr1                  Lysithea              2044  4098
   0.081  -0.165  226.67    4.53 1.797    129.11    194.75 24.699 24.301 99.999 19.386 18.832 99.999 99.999 99.999  0.609 99.999 99.999 99.999 99.999  99.999  99.999  99.999  99.999  0.022  0.021  0.004  0.004  0.035  0.037 1331  776  0.000 -0.000    0  16.722549666 -22.157603071  1 43 41.84 2007  9 10 2454353.58475543    59  filtro desconhecido   targ_cat_global_reduction_sat_gr1                  Lysithea              2044  4098
   0.106  -0.157  226.67    4.53 1.814    129.11    194.75 24.699 24.301 99.999 19.420 18.884 99.999 99.999 99.999  0.609 99.999 99.999 99.999 99.999  99.999  99.999  99.999  99.999  0.002  0.002  0.004  0.004  0.035  0.034 1331  742  0.000 -0.000    0  16.722562958 -22.157614944  1 43 41.84 2007  9 10 2454353.58650018    59  filtro desconhecido   targ_cat_global_reduction_sat_gr1                  Lysithea              2044  4098
