   0.016   0.025  732.07   53.37 0.938     76.83    315.33 24.753 24.047 99.999 19.375 18.603 99.999 99.999 99.999  0.224 99.999 99.999 99.999 99.999  99.999  99.999  99.999  99.999  0.043  0.042  0.011  0.008  0.034  0.025  231  282  0.000 -0.000    0  21.913983311 -13.157298483  6 22 16.07 2009  5 22 2454973.76546379    39  filtro desconhecido   targ_cat_global_reduction_sat_gr1                  Lysithea              2044  4098
   0.094   0.044  732.07   53.37 0.837     76.83    315.33 24.753 24.047 99.999 19.211 18.488 99.999 99.999 99.999  0.224 99.999 99.999 99.999 99.999  99.999  99.999  99.999  99.999  0.013  0.013  0.011  0.010  0.030  0.027  231  274  0.000 -0.000    0  21.913989142 -13.157280868  6 22 16.07 2009  5 22 2454973.76663197    39  filtro desconhecido   targ_cat_global_reduction_sat_gr1                  Lysithea              2044  4098
   0.062   0.032  732.07   53.37 0.981     76.83    315.33 24.753 24.047 99.999 19.280 18.573 99.999 99.999 99.999  0.224 99.999 99.999 99.999 99.999  99.999  99.999  99.999  99.999  0.016  0.017  0.014  0.015  0.029  0.031  231  225  0.000 -0.000    0  21.913992874 -13.157272002  6 22 16.07 2009  5 22 2454973.76779136    39  filtro desconhecido   targ_cat_global_reduction_sat_gr1                  Lysithea              2044  4098
   0.105   0.044  732.07   53.37 0.913     76.83    315.33 24.753 24.047 99.999 19.216 18.399 99.999 99.999 99.999  0.224 99.999 99.999 99.999 99.999  99.999  99.999  99.999  99.999  0.019  0.018  0.010  0.011  0.023  0.026  231  228  0.000 -0.000    0  21.913997992 -13.157256490  6 22 16.07 2009  5 22 2454973.76894426    39  filtro desconhecido   targ_cat_global_reduction_sat_gr1                  Lysithea              2044  4098
   0.099   0.047  732.07   53.37 0.871     76.83    315.33 24.753 24.047 99.999 19.313 18.451 99.999 99.999 99.999  0.224 99.999 99.999 99.999 99.999  99.999  99.999  99.999  99.999  0.024  0.024  0.010  0.008  0.028  0.023  231  287  0.000 -0.000    0  21.914002075 -13.157243541  6 22 16.07 2009  5 22 2454973.77006880    39  filtro desconhecido   targ_cat_global_reduction_sat_gr1                  Lysithea              2044  4098
   0.025   0.011  732.07   53.37 1.232     76.83    315.33 24.753 24.047 99.999 19.189 18.340 99.999 99.999 99.999  0.224 99.999 99.999 99.999 99.999  99.999  99.999  99.999  99.999  0.029  0.028  0.012  0.008  0.034  0.024  231  304  0.000 -0.000    0  21.914005006 -13.157241037  6 22 16.07 2009  5 22 2454973.77122946    39  filtro desconhecido   targ_cat_global_reduction_sat_gr1                  Lysithea              2044  4098
   0.087  -0.009  732.07   53.37 0.897     76.83    315.33 24.753 24.047 99.999 18.608 17.894 99.999 99.999 99.999  0.224 99.999 99.999 99.999 99.999  99.999  99.999  99.999  99.999  0.022  0.022  0.001  0.001  0.011  0.009  231 1120  0.000  0.000    0  21.914015685 -13.157219650  6 22 16.07 2009  5 22 2454973.77377140    39  filtro desconhecido   targ_cat_global_reduction_sat_gr1                  Lysithea              2044  4098
   0.097  -0.007  732.07   53.37 0.848     76.83    315.33 24.753 24.047 99.999 18.624 17.922 99.999 99.999 99.999  0.224 99.999 99.999 99.999 99.999  99.999  99.999  99.999  99.999  0.014  0.014  0.001  0.001  0.011  0.011  231 1074  0.000  0.000    0  21.914020149 -13.157206823  6 22 16.07 2009  5 22 2454973.77492164    39  filtro desconhecido   targ_cat_global_reduction_sat_gr1                  Lysithea              2044  4098
   0.098   0.022  732.07   53.37 0.990     76.83    315.33 24.753 24.047 99.999 18.518 17.839 99.999 99.999 99.999  0.224 99.999 99.999 99.999 99.999  99.999  99.999  99.999  99.999  0.013  0.013  0.001  0.001  0.011  0.010  231 1017  0.000  0.000    0  21.914024396 -13.157186935  6 22 16.07 2009  5 22 2454973.77605116    39  filtro desconhecido   targ_cat_global_reduction_sat_gr1                  Lysithea              2044  4098
   0.073   0.023  732.07   53.37 0.856     76.83    315.33 24.753 24.047 99.999 18.534 17.732 99.999 99.999 99.999  0.224 99.999 99.999 99.999 99.999  99.999  99.999  99.999  99.999  0.011  0.011  0.001  0.001  0.010  0.011  231 1032  0.000  0.000    0  21.914028213 -13.157174311  6 22 16.07 2009  5 22 2454973.77720811    39  filtro desconhecido   targ_cat_global_reduction_sat_gr1                  Lysithea              2044  4098
   0.061   0.028  732.07   53.37 0.898     76.83    315.33 24.753 24.047 99.999 18.451 17.601 99.999 99.999 99.999  0.224 99.999 99.999 99.999 99.999  99.999  99.999  99.999  99.999  0.011  0.011  0.001  0.001  0.012  0.010  231  929  0.000 -0.000    0  21.914032308 -13.157160773  6 22 16.07 2009  5 22 2454973.77836414    39  filtro desconhecido   targ_cat_global_reduction_sat_gr1                  Lysithea              2044  4098
   0.126  -0.012  732.07   53.37 0.921     76.83    315.33 24.753 24.047 99.999 18.552 17.747 99.999 99.999 99.999  0.224 99.999 99.999 99.999 99.999  99.999  99.999  99.999  99.999  0.014  0.014  0.001  0.001  0.011  0.010  231  961  0.000  0.000    0  21.914037822 -13.157159818  6 22 16.07 2009  5 22 2454973.77951368    39  filtro desconhecido   targ_cat_global_reduction_sat_gr1                  Lysithea              2044  4098
   0.071   0.013  732.07   53.37 0.737     76.83    315.33 24.753 24.047 99.999 18.467 17.704 99.999 99.999 99.999  0.224 99.999 99.999 99.999 99.999  99.999  99.999  99.999  99.999  0.009  0.009  0.001  0.001  0.011  0.012  231 1031  0.000  0.000    0  21.914041096 -13.157140230  6 22 16.07 2009  5 22 2454973.78067943    39  filtro desconhecido   targ_cat_global_reduction_sat_gr1                  Lysithea              2044  4098
