8.158411842912000429e+04 9.554348846440697818e-01
8.158877541452000150e+04 9.488110836124918901e-01
8.159350924522000423e+04 9.535456538206977806e-01
8.159827510148000147e+04 9.520206451384665147e-01
8.160296314685999823e+04 9.497069942193588910e-01
8.160763477713000611e+04 9.517489047686644721e-01
8.161240063339000335e+04 9.528317031804733883e-01
8.161715087918999780e+04 9.486623017511456313e-01
8.162182339458999922e+04 9.492487823513547918e-01
8.162650975019000180e+04 9.496362251573231550e-01
8.163126088113000151e+04 9.498170071300793271e-01
8.163591698140000517e+04 9.520615357115893573e-01
8.164057308165999711e+04 9.498857131609371729e-01
8.164530779747999622e+04 9.461398344550389083e-01
8.165007361351000145e+04 9.424234950251545451e-01
8.165474612892000005e+04 9.511611413269455140e-01
8.165943332938999811e+04 9.525913862601524951e-01
8.166419914543000050e+04 9.480959765646564952e-01
8.166894943146999867e+04 9.459206011582806939e-01
8.167363663197000278e+04 9.514383091031348716e-01
8.167832467734999955e+04 9.541926561696330022e-01
8.168308964849000040e+04 9.479793829236914382e-01
8.168785634964000201e+04 9.543623859693822764e-01
8.169252797989999817e+04 9.519799087530251835e-01
8.169721602529000666e+04 9.486802306947454966e-01
8.170198188156000106e+04 9.455797446183880073e-01
8.170674681245000102e+04 9.453507820789297522e-01
8.171141932785999961e+04 9.492947302804293219e-01
8.171610741347000294e+04 9.447234386593805766e-01
8.172087322948999645e+04 9.507369401777174822e-01
8.172563904552999884e+04 1.005726774105897281e+00
8.173032624602000578e+04 1.001475788890556107e+00
8.173499791652000567e+04 9.986114782533955792e-01
8.173976373253999918e+04 1.000232151140710846e+00
8.174453039348000311e+04 1.004442544907031110e+00
8.174920206398000300e+04 9.965013643250736353e-01
8.175388926445000106e+04 1.003478471009945139e+00
8.175865508050000062e+04 1.001242441253437310e+00
8.176396782576999976e+04 1.004231585321259779e+00
8.176862392604000343e+04 1.001077879824770367e+00
8.177337417183999787e+04 9.982103867538645314e-01
8.177803115726000397e+04 1.004758845516774635e+00
8.178268725751999591e+04 1.001668289127103151e+00
8.178742197335000674e+04 1.006447354816424333e+00
8.179206338853000489e+04 1.005697632634101391e+00
8.179670303345000139e+04 1.007469680819565117e+00
8.180140664904000005e+04 1.006782157947942791e+00
8.180604721934000554e+04 1.008347471290107045e+00
8.181068774937999842e+04 1.006753818252090760e+00
8.181545356542000081e+04 1.000285167033103439e+00
8.182020385145000182e+04 1.008320951008896404e+00
8.182487636685000325e+04 1.001264354406725898e+00
8.182954799710999941e+04 1.003657960889930756e+00
8.183429828314999759e+04 1.007379450188375936e+00
8.183893881320000219e+04 1.005362644477365341e+00
8.184359491348000302e+04 1.002310746023189036e+00
8.184836072952000541e+04 1.005998175262799998e+00
8.185300214469000639e+04 1.004746966897795080e+00
8.185765824497000722e+04 1.004089504456549653e+00
8.186234633056999883e+04 1.009107924935059408e+00
8.186698686063000059e+04 1.007433909277466899e+00
8.187164296091000142e+04 1.003977912663971184e+00
8.187639324694999959e+04 1.006197416584780457e+00
8.188103377700000419e+04 1.001599826712782138e+00
8.188569072215999768e+04 1.006883860142632647e+00
8.189037792265000462e+04 1.002585008903459807e+00
8.189501933783000277e+04 1.003222732237724735e+00
8.189967455296999833e+04 1.002294266443794823e+00
8.190442572415000177e+04 1.004731862672519460e+00
8.190908178418000170e+04 1.002311933268336119e+00
8.191372319935999985e+04 1.000000000000000000e+00
8.191844238520000363e+04 1.004207131154980726e+00
8.192319178609999653e+04 1.003159333346862692e+00
8.192786430149000080e+04 9.997602381553323259e-01
8.193253593177000585e+04 1.004147368009647323e+00
8.193728621781000402e+04 1.002073821231860284e+00
8.194194231806999596e+04 1.003749625466557660e+00
8.194659926324000116e+04 1.002598830287225518e+00
8.195131756393999967e+04 9.983684969699391232e-01
8.195595813421999628e+04 9.979192033174305587e-01
8.196061507939000148e+04 9.970729688977757466e-01
8.196536536543999682e+04 1.001843834886196882e+00
8.197000589549000142e+04 9.987237854768161727e-01
8.197464731066999957e+04 9.948840373104461676e-01
8.197935004114000185e+04 9.976721237254009278e-01
8.198399061141999846e+04 9.988597173367897986e-01
8.198866312681999989e+04 9.962115932478019520e-01
8.199339695752000262e+04 9.988995902712148878e-01
8.199816281377999985e+04 9.942641473234185012e-01
