81584.11842912 3.09828540000
81588.77541452 3.07680573000
81593.50924522 3.09215900000
81598.27510148 3.08721370000
81602.96314686 3.07971099000
81607.63477713 3.08633250000
81612.40063339 3.08984380000
81617.15087919 3.07632326000
81621.82339459 3.07822510000
81626.50975019 3.07948150000
81631.26088113 3.08006774000
81635.91698140 3.08734630000
81640.57308166 3.08029054000
81645.30779748 3.06814340000
81650.07361351 3.05609205000
81654.74612892 3.08442650000
81659.43332939 3.08906450000
81664.19914543 3.07448678000
81668.94943147 3.06743247000
81673.63663197 3.08532530000
81678.32467735 3.09425710000
81683.08964849 3.07410869000
81687.85634964 3.09480750000
81692.52797990 3.08708160000
81697.21602529 3.07638140000
81701.98188156 3.06632714000
81706.74681245 3.06558466000
81711.41932786 3.07837410000
81716.10741347 3.06355031000
81720.87322949 3.08305090000
81725.63904553 3.26137200000
81730.32624602 3.24758690000
81734.99791652 3.23829851000
81739.76373254 3.24355403000
81744.53039348 3.25720750000
81749.20206398 3.23145583000
81753.88926445 3.25408120000
81758.65508050 3.24683020000
81763.96782577 3.25652340000
81768.62392604 3.24629656000
81773.37417184 3.23699785000
81778.03115726 3.25823320000
81782.68725752 3.24821114000
81787.42197335 3.26370870000
81792.06338853 3.26127750000
81796.70303345 3.26702390000
81801.40664904 3.26479440000
81806.04721934 3.26987040000
81810.68774938 3.26470250000
81815.45356542 3.24372595000
81820.20385145 3.26978440000
81824.87636685 3.24690126000
81829.54799711 3.25466325000
81834.29828315 3.26673130000
81838.93881320 3.26019120000
81843.59491348 3.25029450000
81848.36072952 3.26225210000
81853.00214469 3.25819468000
81857.65824497 3.25606266000
81862.34633057 3.27233640000
81866.98686063 3.26690790000
81871.64296091 3.25570079000
81876.39324695 3.26289820000
81881.03377700 3.24798913000
81885.69072216 3.26512420000
81890.37792265 3.25118388000
81895.01933783 3.25325189000
81899.67455297 3.25024106000
81904.42572415 3.25814570000
81909.08178418 3.25029835000
81913.72319936 3.24280121000
81918.44238520 3.25644410000
81923.19178610 3.25304630000
81927.86430149 3.24202371000
81932.53593177 3.25625030000
81937.28621781 3.24952620000
81941.94231807 3.25496050000
81946.59926324 3.25122870000
81951.31756394 3.23751057000
81955.95813422 3.23605360000
81960.61507939 3.23330943000
81965.36536544 3.24878040000
81970.00589549 3.23866270000
81974.64731067 3.22621116000
81979.35004114 3.23525237000
81983.99061142 3.23910350000
81988.66312682 3.23051616000
81993.39695752 3.23923280000
81998.16281378 3.22420098000
