   0.098  -0.098 1312.48    8.50 0.961     66.18     76.80 24.867 24.396 99.999 17.708 17.312 99.999 99.999 99.999  0.518 99.999 99.999 99.999 99.999  99.999  99.999  99.999  99.999  0.011  0.011  0.009  0.008  0.028  0.024  255  222 -0.000  0.000    0  21.942083367 -13.290328338  7 49 22.35 2009  5 22 2454973.82595317    39  filtro desconhecido   targ_cat_global_reduction_sat_gr1                  Pasiphae              2044  4098
   0.091  -0.083 1312.48    8.50 0.731     66.18     76.80 24.867 24.396 99.999 17.724 17.192 99.999 99.999 99.999  0.518 99.999 99.999 99.999 99.999  99.999  99.999  99.999  99.999  0.006  0.006  0.006  0.006  0.023  0.023  255  253 -0.000  0.000    0  21.942092395 -13.290267409  7 49 22.35 2009  5 22 2454973.82829289    39  filtro desconhecido   targ_cat_global_reduction_sat_gr1                  Pasiphae              2044  4098
   0.099  -0.076 1312.48    8.50 0.787     66.18     76.80 24.867 24.396 99.999 17.720 17.322 99.999 99.999 99.999  0.518 99.999 99.999 99.999 99.999  99.999  99.999  99.999  99.999  0.010  0.010  0.006  0.006  0.025  0.024  255  264 -0.000  0.000    0  21.942097113 -13.290237282  7 49 22.35 2009  5 22 2454973.82945459    39  filtro desconhecido   targ_cat_global_reduction_sat_gr1                  Pasiphae              2044  4098
   0.104  -0.101 1312.48    8.50 0.723     66.18     76.80 24.867 24.396 99.999 17.804 17.310 99.999 99.999 99.999  0.518 99.999 99.999 99.999 99.999  99.999  99.999  99.999  99.999  0.000  0.000  0.004  0.003  0.026  0.021  255  284 -0.000  0.000    0  21.942116197 -13.290126407  7 49 22.35 2009  5 22 2454973.83430395    39  filtro desconhecido   targ_cat_global_reduction_sat_gr1                  Pasiphae              2044  4098
   0.111  -0.106 1312.48    8.50 0.796     66.18     76.80 24.867 24.396 99.999 17.789 17.253 99.999 99.999 99.999  0.518 99.999 99.999 99.999 99.999  99.999  99.999  99.999  99.999  0.013  0.013  0.005  0.004  0.032  0.024  255  279 -0.000  0.000    0  21.942120925 -13.290099047  7 49 22.35 2009  5 22 2454973.83547306    39  filtro desconhecido   targ_cat_global_reduction_sat_gr1                  Pasiphae              2044  4098
   0.105  -0.116 1312.48    8.50 0.693     66.18     76.80 24.867 24.396 99.999 17.744 17.267 99.999 99.999 99.999  0.518 99.999 99.999 99.999 99.999  99.999  99.999  99.999  99.999  0.006  0.008  0.005  0.004  0.029  0.025  255  290 -0.000  0.000    0  21.942125335 -13.290073996  7 49 22.35 2009  5 22 2454973.83662874    39  filtro desconhecido   targ_cat_global_reduction_sat_gr1                  Pasiphae              2044  4098
   0.107  -0.100 1312.48    8.50 0.710     66.18     76.80 24.867 24.396 99.999 17.771 17.197 99.999 99.999 99.999  0.518 99.999 99.999 99.999 99.999  99.999  99.999  99.999  99.999  0.005  0.005  0.005  0.004  0.029  0.026  255  302 -0.000  0.000    0  21.942129899 -13.290041456  7 49 22.35 2009  5 22 2454973.83778396    39  filtro desconhecido   targ_cat_global_reduction_sat_gr1                  Pasiphae              2044  4098
   0.113  -0.102 1312.48    8.50 0.807     66.18     76.80 24.867 24.396 99.999 17.852 17.345 99.999 99.999 99.999  0.518 99.999 99.999 99.999 99.999  99.999  99.999  99.999  99.999  0.014  0.014  0.005  0.003  0.031  0.021  255  312 -0.000  0.000    0  21.942134406 -13.290014631  7 49 22.35 2009  5 22 2454973.83890930    39  filtro desconhecido   targ_cat_global_reduction_sat_gr1                  Pasiphae              2044  4098
   0.113  -0.085 1312.48    8.50 0.676     66.18     76.80 24.867 24.396 99.999 17.730 17.333 99.999 99.999 99.999  0.518 99.999 99.999 99.999 99.999  99.999  99.999  99.999  99.999  0.007  0.007  0.005  0.004  0.033  0.023  255  285 -0.000  0.000    0  21.942138874 -13.289981809  7 49 22.35 2009  5 22 2454973.84005433    39  filtro desconhecido   targ_cat_global_reduction_sat_gr1                  Pasiphae              2044  4098
   0.110  -0.085 1312.48    8.50 0.804     66.18     76.80 24.867 24.396 99.999 17.854 17.391 99.999 99.999 99.999  0.518 99.999 99.999 99.999 99.999  99.999  99.999  99.999  99.999  0.022  0.022  0.005  0.004  0.031  0.026  255  301 -0.000  0.000    0  21.942143373 -13.289953914  7 49 22.35 2009  5 22 2454973.84121349    39  filtro desconhecido   targ_cat_global_reduction_sat_gr1                  Pasiphae              2044  4098
   0.131  -0.111 1813.03   16.02 0.854     89.60    201.04 26.316 25.745 99.999 17.760 17.434 99.999 99.999 99.999  0.361 99.999 99.999 99.999 99.999  99.999  99.999  99.999  99.999  0.010  0.010  0.004  0.004  0.029  0.025  496  388 -0.000  0.001    0  21.942157069 -13.289878354  8 16 15.02 2009  5 22 2454973.84461827    79  filtro desconhecido   targ_cat_global_reduction_sat_gr1                  Pasiphae              2044  4098
   0.138  -0.110 1813.03   16.02 0.789     89.60    201.04 26.316 25.745 99.999 17.735 17.415 99.999 99.999 99.999  0.361 99.999 99.999 99.999 99.999  99.999  99.999  99.999  99.999  0.006  0.006  0.004  0.004  0.026  0.025  496  383 -0.000  0.001    0  21.942164815 -13.289830683  8 16 15.02 2009  5 22 2454973.84656987    79  filtro desconhecido   targ_cat_global_reduction_sat_gr1                  Pasiphae              2044  4098
   0.139  -0.113 1813.03   16.02 0.828     89.60    201.04 26.316 25.745 99.999 17.781 17.391 99.999 99.999 99.999  0.361 99.999 99.999 99.999 99.999  99.999  99.999  99.999  99.999  0.007  0.007  0.004  0.005  0.028  0.029  496  391 -0.000  0.001    0  21.942172395 -13.289784123  8 16 15.02 2009  5 22 2454973.84850306    79  filtro desconhecido   targ_cat_global_reduction_sat_gr1                  Pasiphae              2044  4098
   0.113  -0.114 1813.03   16.02 0.775     89.60    201.04 26.316 25.745 99.999 17.679 17.446 99.999 99.999 99.999  0.361 99.999 99.999 99.999 99.999  99.999  99.999  99.999  99.999  0.009  0.009  0.004  0.004  0.026  0.026  496  403 -0.000  0.001    0  21.942179457 -13.289737317  8 16 15.02 2009  5 22 2454973.85044239    79  filtro desconhecido   targ_cat_global_reduction_sat_gr1                  Pasiphae              2044  4098
   0.136  -0.118 1813.03   16.02 0.845     89.60    201.04 26.316 25.745 99.999 17.777 17.475 99.999 99.999 99.999  0.361 99.999 99.999 99.999 99.999  99.999  99.999  99.999  99.999  0.006  0.006  0.005  0.004  0.029  0.024  496  395 -0.000  0.001    0  21.942187168 -13.289692999  8 16 15.02 2009  5 22 2454973.85230463    79  filtro desconhecido   targ_cat_global_reduction_sat_gr1                  Pasiphae              2044  4098
   0.118  -0.105 1813.03   16.02 0.750     89.60    201.04 26.316 25.745 99.999 17.696 17.407 99.999 99.999 99.999  0.361 99.999 99.999 99.999 99.999  99.999  99.999  99.999  99.999  0.008  0.008  0.004  0.004  0.023  0.024  496  381 -0.000  0.001    0  21.942194356 -13.289642405  8 16 15.02 2009  5 22 2454973.85423852    79  filtro desconhecido   targ_cat_global_reduction_sat_gr1                  Pasiphae              2044  4098
   0.108  -0.101 1813.03   16.02 0.779     89.60    201.04 26.316 25.745 99.999 17.716 17.503 99.999 99.999 99.999  0.361 99.999 99.999 99.999 99.999  99.999  99.999  99.999  99.999  0.014  0.011  0.004  0.004  0.027  0.026  496  409 -0.000  0.001    0  21.942201508 -13.289595441  8 16 15.02 2009  5 22 2454973.85611673    79  filtro desconhecido   targ_cat_global_reduction_sat_gr1                  Pasiphae              2044  4098
   0.112  -0.106 1813.03   16.02 0.708     89.60    201.04 26.316 25.745 99.999 17.661 17.497 99.999 99.999 99.999  0.361 99.999 99.999 99.999 99.999  99.999  99.999  99.999  99.999  0.006  0.006  0.004  0.004  0.026  0.024  496  383 -0.000  0.001    0  21.942209903 -13.289545039  8 16 15.02 2009  5 22 2454973.85825214    79  filtro desconhecido   targ_cat_global_reduction_sat_gr1                  Pasiphae              2044  4098
   0.133  -0.076 1813.03   16.02 0.670     89.60    201.04 26.316 25.745 99.999 17.760 17.396 99.999 99.999 99.999  0.361 99.999 99.999 99.999 99.999  99.999  99.999  99.999  99.999  0.004  0.004  0.005  0.004  0.023  0.022  496  478 -0.000  0.001    0  21.942220453 -13.289472998  8 16 15.02 2009  5 22 2454973.86085995    79  filtro desconhecido   targ_cat_global_reduction_sat_gr1                  Pasiphae              2044  4098
   0.127  -0.107 1813.03   16.02 0.623     89.60    201.04 26.316 25.745 99.999 17.746 17.435 99.999 99.999 99.999  0.361 99.999 99.999 99.999 99.999  99.999  99.999  99.999  99.999  0.004  0.004  0.004  0.005  0.021  0.025  496  495 -0.000  0.001    0  21.942227914 -13.289434100  8 16 15.02 2009  5 22 2454973.86280657    79  filtro desconhecido   targ_cat_global_reduction_sat_gr1                  Pasiphae              2044  4098
   0.135  -0.095 1813.03   16.02 0.563     89.60    201.04 26.316 25.745 99.999 17.609 17.445 99.999 99.999 99.999  0.361 99.999 99.999 99.999 99.999  99.999  99.999  99.999  99.999  0.005  0.005  0.004  0.004  0.024  0.022  496  513 -0.000  0.001    0  21.942235606 -13.289383961  8 16 15.02 2009  5 22 2454973.86474092    79  filtro desconhecido   targ_cat_global_reduction_sat_gr1                  Pasiphae              2044  4098
   0.118  -0.106 1813.03   16.02 0.582     89.60    201.04 26.316 25.745 99.999 17.717 17.474 99.999 99.999 99.999  0.361 99.999 99.999 99.999 99.999  99.999  99.999  99.999  99.999  0.006  0.006  0.005  0.004  0.025  0.021  496  450 -0.000  0.001    0  21.942242829 -13.289339462  8 16 15.02 2009  5 22 2454973.86667956    79  filtro desconhecido   targ_cat_global_reduction_sat_gr1                  Pasiphae              2044  4098
   0.131  -0.088 1813.03   16.02 0.565     89.60    201.04 26.316 25.745 99.999 17.814 17.392 99.999 99.999 99.999  0.361 99.999 99.999 99.999 99.999  99.999  99.999  99.999  99.999  0.005  0.005  0.005  0.004  0.025  0.022  496  480 -0.000  0.001    0  21.942250327 -13.289289070  8 16 15.02 2009  5 22 2454973.86854492    79  filtro desconhecido   targ_cat_global_reduction_sat_gr1                  Pasiphae              2044  4098
   0.137  -0.090 1813.03   16.02 0.570     89.60    201.04 26.316 25.745 99.999 17.692 17.490 99.999 99.999 99.999  0.361 99.999 99.999 99.999 99.999  99.999  99.999  99.999  99.999  0.004  0.004  0.004  0.004  0.024  0.025  496  459 -0.000  0.001    0  21.942257941 -13.289242418  8 16 15.02 2009  5 22 2454973.87047765    79  filtro desconhecido   targ_cat_global_reduction_sat_gr1                  Pasiphae              2044  4098
   0.146  -0.083 1813.03   16.02 0.587     89.60    201.04 26.316 25.745 99.999 17.612 17.455 99.999 99.999 99.999  0.361 99.999 99.999 99.999 99.999  99.999  99.999  99.999  99.999  0.004  0.004  0.003  0.003  0.021  0.021  496  454 -0.000  0.001    0  21.942265417 -13.289194808  8 16 15.02 2009  5 22 2454973.87235355    79  filtro desconhecido   targ_cat_global_reduction_sat_gr1                  Pasiphae              2044  4098
   0.138  -0.090 1813.03   16.02 0.602     89.60    201.04 26.316 25.745 99.999 17.639 17.500 99.999 99.999 99.999  0.361 99.999 99.999 99.999 99.999  99.999  99.999  99.999  99.999  0.004  0.004  0.005  0.004  0.026  0.023  496  472 -0.000  0.001    0  21.942272756 -13.289149545  8 16 15.02 2009  5 22 2454973.87428731    79  filtro desconhecido   targ_cat_global_reduction_sat_gr1                  Pasiphae              2044  4098
