   0.039  -0.119 2018.99    9.23 0.801     33.71    154.46 25.685 24.871 99.999 18.370 17.570 99.999 99.999 99.999  0.489 99.999 99.999 99.999 99.999  99.999  99.999  99.999  99.999  0.013  0.013  0.008  0.007  0.027  0.026  448  364 -0.000 -0.000    0  21.862653325 -14.007538011  7 46 20.91 2009  5 23 2454974.82385310    39  filtro desconhecido   targ_cat_global_reduction_sat_gr1                  Carme                 2044  4098
   0.009  -0.110 2018.99    9.23 0.717     33.71    154.46 25.685 24.871 99.999 18.258 17.543 99.999 99.999 99.999  0.489 99.999 99.999 99.999 99.999  99.999  99.999  99.999  99.999  0.002  0.002  0.008  0.008  0.029  0.030  448  387 -0.000 -0.000    0  21.862656639 -14.007524103  7 46 20.91 2009  5 23 2454974.82497799    39  filtro desconhecido   targ_cat_global_reduction_sat_gr1                  Carme                 2044  4098
   0.006  -0.110 2018.99    9.23 0.755     33.71    154.46 25.685 24.871 99.999 18.272 17.481 99.999 99.999 99.999  0.489 99.999 99.999 99.999 99.999  99.999  99.999  99.999  99.999  0.004  0.004  0.007  0.007  0.027  0.025  448  374 -0.000 -0.000    0  21.862660642 -14.007512540  7 46 20.91 2009  5 23 2454974.82615267    39  filtro desconhecido   targ_cat_global_reduction_sat_gr1                  Carme                 2044  4098
   0.001  -0.111 2018.99    9.23 0.875     33.71    154.46 25.685 24.871 99.999 18.398 17.555 99.999 99.999 99.999  0.489 99.999 99.999 99.999 99.999  99.999  99.999  99.999  99.999  0.017  0.017  0.007  0.006  0.031  0.026  448  356 -0.000 -0.000    0  21.862664518 -14.007501443  7 46 20.91 2009  5 23 2454974.82729873    39  filtro desconhecido   targ_cat_global_reduction_sat_gr1                  Carme                 2044  4098
   0.037  -0.126 2018.99    9.23 0.694     33.71    154.46 25.685 24.871 99.999 18.202 17.532 99.999 99.999 99.999  0.489 99.999 99.999 99.999 99.999  99.999  99.999  99.999  99.999  0.004  0.004  0.007  0.008  0.026  0.028  448  342 -0.000 -0.000    0  21.862669071 -14.007494261  7 46 20.91 2009  5 23 2454974.82842419    39  filtro desconhecido   targ_cat_global_reduction_sat_gr1                  Carme                 2044  4098
   0.009  -0.110 2018.99    9.23 0.696     33.71    154.46 25.685 24.871 99.999 18.398 17.552 99.999 99.999 99.999  0.489 99.999 99.999 99.999 99.999  99.999  99.999  99.999  99.999  0.020  0.020  0.008  0.006  0.031  0.026  448  399 -0.000 -0.000    0  21.862672451 -14.007478425  7 46 20.91 2009  5 23 2454974.82955846    39  filtro desconhecido   targ_cat_global_reduction_sat_gr1                  Carme                 2044  4098
   0.019  -0.119 2018.99    9.23 0.640     33.71    154.46 25.685 24.871 99.999 18.231 17.612 99.999 99.999 99.999  0.489 99.999 99.999 99.999 99.999  99.999  99.999  99.999  99.999  0.005  0.005  0.006  0.007  0.025  0.027  448  327 -0.000 -0.000    0  21.862676593 -14.007469493  7 46 20.91 2009  5 23 2454974.83070511    39  filtro desconhecido   targ_cat_global_reduction_sat_gr1                  Carme                 2044  4098
   0.031  -0.118 2018.99    9.23 0.608     33.71    154.46 25.685 24.871 99.999 18.150 17.633 99.999 99.999 99.999  0.489 99.999 99.999 99.999 99.999  99.999  99.999  99.999  99.999  0.005  0.005  0.006  0.006  0.025  0.026  448  354 -0.000 -0.000    0  21.862680666 -14.007457645  7 46 20.91 2009  5 23 2454974.83182560    39  filtro desconhecido   targ_cat_global_reduction_sat_gr1                  Carme                 2044  4098
   0.051  -0.106 2018.99    9.23 0.712     33.71    154.46 25.685 24.871 99.999 18.400 17.516 99.999 99.999 99.999  0.489 99.999 99.999 99.999 99.999  99.999  99.999  99.999  99.999  0.013  0.013  0.006  0.006  0.029  0.026  448  411 -0.000 -0.000    0  21.862685024 -14.007443108  7 46 20.91 2009  5 23 2454974.83297063    39  filtro desconhecido   targ_cat_global_reduction_sat_gr1                  Carme                 2044  4098
   0.058  -0.123 2018.99    9.23 0.610     33.71    154.46 25.685 24.871 99.999 18.266 17.491 99.999 99.999 99.999  0.489 99.999 99.999 99.999 99.999  99.999  99.999  99.999  99.999  0.007  0.007  0.007  0.007  0.028  0.027  448  363 -0.000 -0.000    0  21.862689167 -14.007435974  7 46 20.91 2009  5 23 2454974.83413268    39  filtro desconhecido   targ_cat_global_reduction_sat_gr1                  Carme                 2044  4098
   0.068  -0.145 2018.99    9.23 0.670     33.71    154.46 25.685 24.871 99.999 18.272 17.841 99.999 99.999 99.999  0.489 99.999 99.999 99.999 99.999  99.999  99.999  99.999  99.999  0.007  0.007  0.004  0.003  0.022  0.022  448  315 -0.000 -0.000    0  21.862697304 -14.007418794  7 46 20.91 2009  5 23 2454974.83644508    39  filtro desconhecido   targ_cat_global_reduction_sat_gr1                  Carme                 2044  4098
   0.053  -0.168 2018.99    9.23 0.773     33.71    154.46 25.685 24.871 99.999 18.350 17.860 99.999 99.999 99.999  0.489 99.999 99.999 99.999 99.999  99.999  99.999  99.999  99.999  0.011  0.011  0.004  0.004  0.025  0.026  448  352 -0.000 -0.000    0  21.862701058 -14.007413665  7 46 20.91 2009  5 23 2454974.83762368    39  filtro desconhecido   targ_cat_global_reduction_sat_gr1                  Carme                 2044  4098
   0.065  -0.141 2018.99    9.23 0.651     33.71    154.46 25.685 24.871 99.999 18.287 17.801 99.999 99.999 99.999  0.489 99.999 99.999 99.999 99.999  99.999  99.999  99.999  99.999  0.004  0.004  0.004  0.004  0.025  0.022  448  287 -0.000 -0.000    0  21.862705298 -14.007394580  7 46 20.91 2009  5 23 2454974.83878353    39  filtro desconhecido   targ_cat_global_reduction_sat_gr1                  Carme                 2044  4098
   0.057  -0.156 2018.99    9.23 0.661     33.71    154.46 25.685 24.871 99.999 18.363 17.876 99.999 99.999 99.999  0.489 99.999 99.999 99.999 99.999  99.999  99.999  99.999  99.999  0.005  0.005  0.003  0.004  0.022  0.024  448  317 -0.000 -0.000    0  21.862709119 -14.007387041  7 46 20.91 2009  5 23 2454974.83994140    39  filtro desconhecido   targ_cat_global_reduction_sat_gr1                  Carme                 2044  4098
   0.054  -0.134 2018.99    9.23 0.789     33.71    154.46 25.685 24.871 99.999 18.367 17.755 99.999 99.999 99.999  0.489 99.999 99.999 99.999 99.999  99.999  99.999  99.999  99.999  0.024  0.022  0.005  0.004  0.030  0.024  448  350 -0.000 -0.000    0  21.862712950 -14.007369498  7 46 20.91 2009  5 23 2454974.84107266    39  filtro desconhecido   targ_cat_global_reduction_sat_gr1                  Carme                 2044  4098
   0.065  -0.152 2018.99    9.23 0.676     33.71    154.46 25.685 24.871 99.999 18.310 17.868 99.999 99.999 99.999  0.489 99.999 99.999 99.999 99.999  99.999  99.999  99.999  99.999  0.004  0.004  0.003  0.004  0.021  0.026  448  316 -0.000 -0.000    0  21.862717011 -14.007363165  7 46 20.91 2009  5 23 2454974.84219477    39  filtro desconhecido   targ_cat_global_reduction_sat_gr1                  Carme                 2044  4098
   0.031  -0.153 2018.99    9.23 1.053     33.71    154.46 25.685 24.871 99.999 18.430 17.859 99.999 99.999 99.999  0.489 99.999 99.999 99.999 99.999  99.999  99.999  99.999  99.999  0.017  0.017  0.005  0.004  0.031  0.028  448  307 -0.000 -0.000    0  21.862720311 -14.007351915  7 46 20.91 2009  5 23 2454974.84334177    39  filtro desconhecido   targ_cat_global_reduction_sat_gr1                  Carme                 2044  4098
   0.059  -0.157 2018.99    9.23 0.676     33.71    154.46 25.685 24.871 99.999 18.301 17.791 99.999 99.999 99.999  0.489 99.999 99.999 99.999 99.999  99.999  99.999  99.999  99.999  0.009  0.006  0.003  0.003  0.025  0.024  448  331 -0.000 -0.000    0  21.862724829 -14.007341496  7 46 20.91 2009  5 23 2454974.84450023    39  filtro desconhecido   targ_cat_global_reduction_sat_gr1                  Carme                 2044  4098
   0.065  -0.164 2018.99    9.23 0.717     33.71    154.46 25.685 24.871 99.999 18.382 17.896 99.999 99.999 99.999  0.489 99.999 99.999 99.999 99.999  99.999  99.999  99.999  99.999  0.005  0.005  0.003  0.004  0.023  0.024  448  322 -0.000 -0.000    0  21.862728899 -14.007331715  7 46 20.91 2009  5 23 2454974.84565429    39  filtro desconhecido   targ_cat_global_reduction_sat_gr1                  Carme                 2044  4098
   0.052  -0.169 2018.99    9.23 0.779     33.71    154.46 25.685 24.871 99.999 18.415 17.873 99.999 99.999 99.999  0.489 99.999 99.999 99.999 99.999  99.999  99.999  99.999  99.999  0.010  0.010  0.004  0.004  0.030  0.026  448  315 -0.000 -0.000    0  21.862732651 -14.007321453  7 46 20.91 2009  5 23 2454974.84681472    39  filtro desconhecido   targ_cat_global_reduction_sat_gr1                  Carme                 2044  4098
