   0.156  -0.058 1013.41 1026.72 1.276    333.66   1356.44 24.004 24.080 99.999 17.696 17.771 99.999 99.999 99.999  0.238 99.999 99.999 99.999 99.999  99.999  99.999  99.999  99.999  0.017  0.018  0.007  0.006  0.062  0.055  106   73 99.999 99.999   99  16.521152574 -21.243403834  0 58 17.75 2007  8 22 2454334.54048322    60    Clear               elara0001.fits                                     Elara                 2045  2050     1   0.000   0.000
   0.132  -0.087 1011.67 1026.17 1.376    313.40   1371.40 23.964 24.009 99.999 17.724 17.768 99.999 99.999 99.999  0.260 99.999 99.999 99.999 99.999  99.999  99.999  99.999  99.999  0.023  0.023  0.007  0.006  0.058  0.053  110   75 99.999 99.999   99  16.521155091 -21.243412441  0 59 50.42 2007  8 22 2454334.54155579    60    Clear               elara0002.fits                                     Elara                 2045  2050     1   0.000   0.000
   0.115  -0.149 1017.69 1025.78 1.922    295.66   1309.94 23.798 23.936 99.999 17.621 17.759 99.999 99.999 99.999  0.224 99.999 99.999 99.999 99.999  99.999  99.999  99.999  99.999  0.027  0.027  0.007  0.007  0.061  0.058  106   77 99.999 99.999   99  16.521157794 -21.243430316  1  1 23.60 2007  8 22 2454334.54263426    60    Clear               elara0003.fits                                     Elara                 2045  2050     1   0.000   0.000
   0.140  -0.115 1015.53 1025.22 1.873    277.85   1318.02 23.784 23.890 99.999 17.674 17.780 99.999 99.999 99.999  0.241 99.999 99.999 99.999 99.999  99.999  99.999  99.999  99.999  0.022  0.022  0.007  0.006  0.061  0.054  106   75 99.999 99.999   99  16.521161305 -21.243421728  1  2 56.78 2007  8 22 2454334.54371273    60    Clear               elara0004.fits                                     Elara                 2045  2050     1   0.000   0.000
   0.052  -0.129 1018.24 1024.59 2.697    308.07   1214.57 23.457 23.674 99.999 17.236 17.452 99.999 99.999 99.999  0.278 99.999 99.999 99.999 99.999  99.999  99.999  99.999  99.999  0.046  0.036  0.008  0.007  0.062  0.051   92   62 99.999 99.999   99  16.521162596 -21.243426084  1  4 29.42 2007  8 22 2454334.54478495    60    Clear               elara0005.fits                                     Elara                 2045  2050     1   0.000   0.000
   0.155  -0.108 1019.09 1024.07 1.466    280.34   1316.72 23.788 23.945 99.999 17.668 17.826 99.999 99.999 99.999  0.247 99.999 99.999 99.999 99.999  99.999  99.999  99.999  99.999  0.024  0.024  0.007  0.006  0.059  0.055  101   73 99.999 99.999   99  16.521167669 -21.243420877  1  6  2.64 2007  8 22 2454334.54586389    60    Clear               elara0006.fits                                     Elara                 2045  2050     1   0.000   0.000
   0.122  -0.067 1011.37 1023.15 1.517    261.55   1304.84 23.718 23.861 99.999 17.674 17.818 99.999 99.999 99.999  0.281 99.999 99.999 99.999 99.999  99.999  99.999  99.999  99.999  0.027  0.028  0.007  0.006  0.058  0.054  110   79 99.999 99.999   99  16.521170038 -21.243410054  1  7 35.83 2007  8 22 2454334.54694248    60    Clear               elara0007.fits                                     Elara                 2045  2050     1   0.000   0.000
   0.105  -0.122 1014.58 1022.43 1.596    193.73   1263.97 23.556 23.768 99.999 17.838 18.050 99.999 99.999 99.999  0.294 99.999 99.999 99.999 99.999  99.999  99.999  99.999  99.999  0.038  0.038  0.007  0.007  0.060  0.056  106   74 99.999 99.999   99  16.521172717 -21.243425728  1  9  9.01 2007  8 22 2454334.54802095    60    Clear               elara0008.fits                                     Elara                 2045  2050     1   0.000   0.000
   0.084  -0.166 1009.87 1022.12 1.874    239.33   1136.81 23.498 23.678 99.999 17.551 17.730 99.999 99.999 99.999  0.250 99.999 99.999 99.999 99.999  99.999  99.999  99.999  99.999  0.013  0.013  0.006  0.007  0.057  0.060  106   78 99.999 99.999   99  16.521175304 -21.243438654  1 10 41.36 2007  8 22 2454334.54908982    60    Clear               elara0009.fits                                     Elara                 2045  2050     1   0.000   0.000
   0.118  -0.066 1006.20 1021.46 1.373    237.04   1140.43 23.567 23.693 99.999 17.630 17.756 99.999 99.999 99.999  0.207 99.999 99.999 99.999 99.999  99.999  99.999  99.999  99.999  0.029  0.029  0.007  0.006  0.063  0.056  108   81 99.999 99.999   99  16.521179040 -21.243411521  1 12 14.56 2007  8 22 2454334.55016852    60    Clear               elara0010.fits                                     Elara                 2045  2050     1   0.000   0.000
   0.160  -0.067 1008.13 1021.01 1.378    197.67   1137.79 23.558 23.671 99.999 17.818 17.931 99.999 99.999 99.999  0.217 99.999 99.999 99.999 99.999  99.999  99.999  99.999  99.999  0.042  0.042  0.007  0.007  0.061  0.059  108   79 99.999 99.999   99  16.521182906 -21.243412120  1 13 47.75 2007  8 22 2454334.55124711    60    Clear               elara0011.fits                                     Elara                 2045  2050     1   0.000   0.000
   0.052  -0.105 1003.74 1020.65 2.419    252.41   1114.87 23.440 23.595 99.999 17.435 17.590 99.999 99.999 99.999  0.224 99.999 99.999 99.999 99.999  99.999  99.999  99.999  99.999  0.034  0.034  0.007  0.007  0.061  0.058  109   76 99.999 99.999   99  16.521183813 -21.243423329  1 15 20.95 2007  8 22 2454334.55232581    60    Clear               elara0012.fits                                     Elara                 2045  2050     1   0.000   0.000
   0.188  -0.111 1007.43 1019.95 2.673    355.30   1221.40 23.522 23.661 99.999 17.145 17.285 99.999 99.999 99.999  0.259 99.999 99.999 99.999 99.999  99.999  99.999  99.999  99.999  0.037  0.035  0.007  0.006  0.059  0.056  109   76 99.999 99.999   99  16.521189515 -21.243425693  1 16 53.30 2007  8 22 2454334.55339468    60    Clear               elara0013.fits                                     Elara                 2045  2050     1   0.000   0.000
   0.159   0.001 1004.42 1019.18 1.120    142.14   1434.28 23.500 23.604 99.999 18.118 18.223 99.999 99.999 99.999  0.235 99.999 99.999 99.999 99.999  99.999  99.999  99.999  99.999  0.051  0.053  0.007  0.006  0.059  0.051  106   73 99.999 99.999   99  16.521191998 -21.243394996  1 18 26.51 2007  8 22 2454334.55447350    60    Clear               elara0014.fits                                     Elara                 2045  2050     1   0.000   0.000
   0.030  -0.083 1008.35 1018.19 1.840    195.06   1290.64 23.503 23.598 99.999 17.778 17.873 99.999 99.999 99.999  0.250 99.999 99.999 99.999 99.999  99.999  99.999  99.999  99.999  0.024  0.024  0.007  0.006  0.062  0.051  104   73 99.999 99.999   99  16.521195519 -21.243419476  1 21 32.89 2007  8 22 2454334.55663067    60    Clear               elara0016.fits                                     Elara                 2045  2050     1   0.000   0.000
   0.171  -0.065 1006.43 1017.97 3.163    297.65   1100.72 23.283 23.490 99.999 17.099 17.306 99.999 99.999 99.999  0.243 99.999 99.999 99.999 99.999  99.999  99.999  99.999  99.999  0.002  0.003  0.007  0.006  0.065  0.056  109   81 99.999 99.999   99  16.521201378 -21.243414626  1 23  6.08 2007  8 22 2454334.55770926    60    Clear               elara0017.fits                                     Elara                 2045  2050     1   0.000   0.000
   0.031  -0.081 1009.37 1017.44 3.146    303.77   1020.17 23.230 23.421 99.999 17.023 17.215 99.999 99.999 99.999  0.206 99.999 99.999 99.999 99.999  99.999  99.999  99.999  99.999  0.002  0.002  0.007  0.007  0.060  0.057  105   72 99.999 99.999   99  16.521201644 -21.243419787  1 24 39.39 2007  8 22 2454334.55878924    60    Clear               elara0018.fits                                     Elara                 2045  2050     1   0.000   0.000
   0.193  -0.080 1006.68 1016.55 1.794    165.19   1155.13 23.158 23.334 99.999 17.613 17.789 99.999 99.999 99.999  0.211 99.999 99.999 99.999 99.999  99.999  99.999  99.999  99.999  0.042  0.041  0.007  0.007  0.059  0.058  107   74 99.999 99.999   99  16.521207913 -21.243419963  1 26 12.98 2007  8 22 2454334.55987245    60    Clear               elara0019.fits                                     Elara                 2045  2050     1   0.000   0.000
   0.126  -0.089  998.12 1016.07 2.128    211.68   1109.49 23.334 23.486 99.999 17.520 17.672 99.999 99.999 99.999  0.226 99.999 99.999 99.999 99.999  99.999  99.999  99.999  99.999  0.029  0.030  0.007  0.006  0.064  0.056  108   78 99.999 99.999   99  16.521209699 -21.243422932  1 27 47.39 2007  8 22 2454334.56096516    60    Clear               elara0020.fits                                     Elara                 2045  2050     1   0.000   0.000
   0.092  -0.044 1096.57  926.68 2.375   1443.06   3145.07 24.052 24.162 99.999 16.154 16.264 99.999 99.999 99.999  0.248 99.999 99.999 99.999 99.999  99.999  99.999  99.999  99.999  0.029  0.029  0.007  0.006  0.061  0.049   90   69 99.999 99.999   99  16.524079074 -21.245002929 23 59 52.87 2007  8 22 2454335.49991748    60    Clear               Elara0007.fits                                     Elara                 2045  2050     1   0.000   0.000
   0.043  -0.069 1090.68  921.24 0.839    345.63   4210.38 24.198 24.313 99.999 17.852 17.967 99.999 99.999 99.999  0.259 99.999 99.999 99.999 99.999  99.999  99.999  99.999  99.999  0.035  0.035  0.007  0.006  0.060  0.051   90   67 99.999 99.999   99  16.524100846 -21.245019681  0 10 48.77 2007  8 23 2454335.50750891    60    Clear               Elara0014.fits                                     Elara                 2045  2050     1   0.000   0.000
   0.154  -0.082 1090.51  918.94 1.084    391.24   4072.19 24.018 24.152 99.999 17.537 17.671 99.999 99.999 99.999  0.281 99.999 99.999 99.999 99.999  99.999  99.999  99.999  99.999  0.013  0.015  0.007  0.006  0.058  0.048   88   66 99.999 99.999   99  16.524112802 -21.245027270  0 15 29.14 2007  8 23 2454335.51075394    60    Clear               Elara0017.fits                                     Elara                 2045  2050     1   0.000   0.000
   0.017  -0.096 1095.73  916.43 0.762    267.58   4131.04 24.013 24.109 99.999 17.945 18.040 99.999 99.999 99.999  0.262 99.999 99.999 99.999 99.999  99.999  99.999  99.999  99.999  0.043  0.043  0.008  0.006  0.062  0.050   91   68 99.999 99.999   99  16.524119859 -21.245035229  0 20  9.62 2007  8 23 2454335.51400023    60    Clear               Elara0020.fits                                     Elara                 2045  2050     1   0.000   0.000
   0.105  -0.073 1096.35 1020.57 1.583    248.03    604.51 23.710 23.704 99.999 17.723 17.718 99.999 99.999 99.999  0.188 99.999 99.999 99.999 99.999  99.999  99.999  99.999  99.999  0.016  0.016  0.007  0.006  0.059  0.051   99   76 99.999 99.999   99  16.527373457 -21.247232733  0  9 43.68 2007  8 24 2454336.50675556    60    Clear               elara0005.fits                                     Elara                 2045  2050     1   0.000   0.000
   0.082  -0.074 1095.90 1018.92 1.682    178.39    611.19 23.321 23.360 99.999 17.692 17.732 99.999 99.999 99.999  0.192 99.999 99.999 99.999 99.999  99.999  99.999  99.999  99.999  0.003  0.003  0.007  0.005  0.059  0.045  100   73 99.999 99.999   99  16.527379990 -21.247237131  0 12 50.77 2007  8 24 2454336.50892095    60    Clear               elara0007.fits                                     Elara                 2045  2050     1   0.000   0.000
   0.115  -0.113 1098.59 1018.17 1.644    236.87    620.21 23.628 23.612 99.999 17.691 17.676 99.999 99.999 99.999  0.197 99.999 99.999 99.999 99.999  99.999  99.999  99.999  99.999  0.020  0.020  0.007  0.005  0.058  0.045   98   69 99.999 99.999   99  16.527384124 -21.247249929  0 14 23.49 2007  8 24 2454336.50999410    60    Clear               elara0008.fits                                     Elara                 2045  2050     1   0.000   0.000
   0.132  -0.029 1097.34 1016.80 1.421    251.73    639.37 23.750 23.730 99.999 17.747 17.728 99.999 99.999 99.999  0.203 99.999 99.999 99.999 99.999  99.999  99.999  99.999  99.999  0.023  0.024  0.007  0.006  0.056  0.051  101   73 99.999 99.999   99  16.527387985 -21.247228641  0 15 57.09 2007  8 24 2454336.51107743    60    Clear               elara0009.fits                                     Elara                 2045  2050     1   0.000   0.000
   0.016  -0.068 1104.19 1016.43 1.581    209.36    630.83 23.558 23.551 99.999 17.756 17.749 99.999 99.999 99.999  0.193 99.999 99.999 99.999 99.999  99.999  99.999  99.999  99.999  0.032  0.031  0.007  0.005  0.059  0.046   96   72 99.999 99.999   99  16.527389128 -21.247241463  0 17 29.68 2007  8 24 2454336.51214907    60    Clear               elara0010.fits                                     Elara                 2045  2050     1   0.000   0.000
   0.074  -0.101 1099.46 1015.81 1.751    261.11    605.48 23.686 23.646 99.999 17.644 17.604 99.999 99.999 99.999  0.198 99.999 99.999 99.999 99.999  99.999  99.999  99.999  99.999  0.027  0.027  0.007  0.006  0.060  0.049  103   73 99.999 99.999   99  16.527393794 -21.247252592  0 19  3.14 2007  8 24 2454336.51323079    60    Clear               elara0011.fits                                     Elara                 2045  2050     1   0.000   0.000
   0.107  -0.071 1097.89 1014.03 1.914    209.11    627.37 23.561 23.600 99.999 17.760 17.800 99.999 99.999 99.999  0.196 99.999 99.999 99.999 99.999  99.999  99.999  99.999  99.999  0.003  0.003  0.007  0.006  0.056  0.047   99   71 99.999 99.999   99  16.527401451 -21.247248061  0 22 10.09 2007  8 24 2454336.51539456    60    Clear               elara0013.fits                                     Elara                 2045  2050     1   0.000   0.000
   0.108  -0.132 1090.93 1012.14 1.513    237.64    640.06 23.634 23.644 99.999 17.694 17.704 99.999 99.999 99.999  0.193 99.999 99.999 99.999 99.999  99.999  99.999  99.999  99.999  0.031  0.058  0.007  0.006  0.058  0.049  102   75 99.999 99.999   99  16.527411973 -21.247270444  0 26 49.59 2007  8 24 2454336.51862951    60    Clear               elara0016.fits                                     Elara                 2045  2050     1   0.000   0.000
   0.149  -0.116 1088.70 1011.07 1.498    221.79    663.26 23.707 23.647 99.999 17.842 17.782 99.999 99.999 99.999  0.197 99.999 99.999 99.999 99.999  99.999  99.999  99.999  99.999  0.021  0.021  0.007  0.005  0.059  0.045  100   71 99.999 99.999   99  16.527416289 -21.247268184  0 28 22.87 2007  8 24 2454336.51970914    60    Clear               elara0017.fits                                     Elara                 2045  2050     1   0.000   0.000
   0.091  -0.039 1092.61 1010.07 1.734    241.40    637.14 23.698 23.654 99.999 17.741 17.697 99.999 99.999 99.999  0.193 99.999 99.999 99.999 99.999  99.999  99.999  99.999  99.999  0.021  0.021  0.007  0.005  0.062  0.045   99   73 99.999 99.999   99  16.527418676 -21.247248488  0 29 56.13 2007  8 24 2454336.52078854    60    Clear               elara0018.fits                                     Elara                 2045  2050     1   0.000   0.000
   0.107  -0.086 1089.46 1009.17 1.487    219.86    662.96 23.598 23.594 99.999 17.743 17.738 99.999 99.999 99.999  0.195 99.999 99.999 99.999 99.999  99.999  99.999  99.999  99.999  0.026  0.026  0.007  0.006  0.059  0.047   99   72 99.999 99.999   99  16.527422486 -21.247263607  0 31 29.32 2007  8 24 2454336.52186713    60    Clear               elara0019.fits                                     Elara                 2045  2050     1   0.000   0.000
   0.081  -0.028 1092.19 1008.55 6.020    777.24      8.14 23.165 23.303 99.999 15.939 16.077 99.999 99.999 99.999  0.185 99.999 99.999 99.999 99.999  99.999  99.999  99.999  99.999  0.056  0.049  0.008  0.005  0.064  0.042   90   64 99.999 99.999   99  16.527425464 -21.247249517  0 33  2.56 2007  8 24 2454336.52294630    60    Clear               elara0020.fits                                     Elara                 2045  2050     1   0.000   0.000
   0.086  -0.079 1077.64 1010.24 1.138    555.20    514.33 24.397 24.366 99.999 17.535 17.505 99.999 99.999 99.999  0.175 99.999 99.999 99.999 99.999  99.999  99.999  99.999  99.999  0.014  0.014  0.007  0.006  0.056  0.048   92   62 99.999 99.999   99  16.530849289 -21.250005457 23 58 23.68 2007  8 24 2454337.49888518    60    Clear               elara0001.fits                                     Elara                 2045  2050     1   0.000   0.000
   0.062  -0.081 1072.85 1004.59 1.444    353.31    515.96 23.854 23.921 99.999 17.484 17.551 99.999 99.999 99.999  0.198 99.999 99.999 99.999 99.999  99.999  99.999  99.999  99.999  0.047  0.047  0.007  0.007  0.048  0.048   81   55 99.999 99.999   99  16.530874928 -21.250024524  0  9 15.00 2007  8 25 2454337.50642361    60    Clear               elara0008.fits                                     Elara                 2045  2050     1   0.000   0.000
   0.104  -0.080 1076.44 1003.53 1.132    512.10    538.96 24.330 24.241 99.999 17.557 17.468 99.999 99.999 99.999  0.174 99.999 99.999 99.999 99.999  99.999  99.999  99.999  99.999  0.021  0.021  0.007  0.007  0.057  0.053   92   63 99.999 99.999   99  16.530879492 -21.250026669  0 10 48.19 2007  8 25 2454337.50750220    60    Clear               elara0009.fits                                     Elara                 2045  2050     1   0.000   0.000
   0.078  -0.088 1074.63 1003.40 1.005    596.04    557.99 24.465 24.429 99.999 17.527 17.491 99.999 99.999 99.999  0.185 99.999 99.999 99.999 99.999  99.999  99.999  99.999  99.999  0.015  0.015  0.007  0.007  0.057  0.051   88   61 99.999 99.999   99  16.530882720 -21.250031525  0 12 21.40 2007  8 25 2454337.50858102    60    Clear               elara0010.fits                                     Elara                 2045  2050     1   0.000   0.000
   0.101  -0.091 1080.75 1002.27 1.074    529.96    561.17 24.319 24.284 99.999 17.508 17.474 99.999 99.999 99.999  0.166 99.999 99.999 99.999 99.999  99.999  99.999  99.999  99.999  0.029  0.029  0.007  0.007  0.056  0.052   84   59 99.999 99.999   99  16.530886904 -21.250034823  0 13 54.18 2007  8 25 2454337.50965486    60    Clear               elara0011.fits                                     Elara                 2045  2050     1   0.000   0.000
   0.089  -0.100 1077.03 1001.10 1.102    469.97    554.11 24.241 24.201 99.999 17.560 17.520 99.999 99.999 99.999  0.168 99.999 99.999 99.999 99.999  99.999  99.999  99.999  99.999  0.025  0.025  0.007  0.006  0.051  0.047   88   57 99.999 99.999   99  16.530890401 -21.250039911  0 15 27.39 2007  8 25 2454337.51073368    60    Clear               elara0012.fits                                     Elara                 2045  2050     1   0.000   0.000
   0.071  -0.097 1071.74 1000.73 1.166    539.53    524.65 24.299 24.240 99.999 17.469 17.410 99.999 99.999 99.999  0.175 99.999 99.999 99.999 99.999  99.999  99.999  99.999  99.999  0.019  0.019  0.007  0.006  0.056  0.051   90   62 99.999 99.999   99  16.530893746 -21.250041702  0 16 59.75 2007  8 25 2454337.51180266    60    Clear               elara0013.fits                                     Elara                 2045  2050     1   0.000   0.000
   0.043  -0.082 1069.14  998.90 1.448    391.49    510.12 24.029 24.013 99.999 17.547 17.531 99.999 99.999 99.999  0.156 99.999 99.999 99.999 99.999  99.999  99.999  99.999  99.999  0.026  0.026  0.007  0.006  0.058  0.049   91   66 99.999 99.999   99  16.530900679 -21.250042527  0 20  6.15 2007  8 25 2454337.51396007    60    Clear               elara0015.fits                                     Elara                 2045  2050     1   0.000   0.000
   0.093  -0.090 1070.52  998.28 1.266    338.53    572.93 23.897 23.976 99.999 17.573 17.652 99.999 99.999 99.999  0.162 99.999 99.999 99.999 99.999  99.999  99.999  99.999  99.999  0.057  0.058  0.007  0.006  0.058  0.050   87   63 99.999 99.999   99  16.530905426 -21.250047198  0 21 39.39 2007  8 25 2454337.51503924    60    Clear               elara0016.fits                                     Elara                 2045  2050     1   0.000   0.000
   0.099  -0.119 1065.42  997.51 1.193    509.87    532.06 24.308 24.196 99.999 17.540 17.427 99.999 99.999 99.999  0.172 99.999 99.999 99.999 99.999  99.999  99.999  99.999  99.999  0.015  0.015  0.007  0.007  0.054  0.054   90   62 99.999 99.999   99  16.530913056 -21.250060410  0 24 45.80 2007  8 25 2454337.51719676    60    Clear               elara0018.fits                                     Elara                 2045  2050     1   0.000   0.000
   0.065  -0.088 1070.02  996.41 1.059    539.51    560.46 24.370 24.325 99.999 17.540 17.495 99.999 99.999 99.999  0.184 99.999 99.999 99.999 99.999  99.999  99.999  99.999  99.999  0.014  0.014  0.007  0.006  0.056  0.050   91   61 99.999 99.999   99  16.530916121 -21.250054583  0 26 19.00 2007  8 25 2454337.51827546    60    Clear               elara0019.fits                                     Elara                 2045  2050     1   0.000   0.000
   0.113   0.010 1892.60  705.55 2.253    988.03   2210.63 23.692 23.618 99.999 16.205 16.131 99.999 99.999 99.999  0.311 99.999 99.999 99.999 99.999  99.999  99.999  99.999  99.999  0.053  0.052  0.012  0.010  0.056  0.045  111   78 99.999 99.999   99   6.870776623  23.573254212  1  5  3.94 2014  2 10 2456698.54518453   200    I                   elara_01.06.49_0001.fits                           Elara                 2048  2048     1   0.000   0.000
   0.094   0.029 1893.06  707.18 1.903    471.81   2690.07 23.735 23.708 99.999 17.051 17.024 99.999 99.999 99.999  0.273 99.999 99.999 99.999 99.999  99.999  99.999  99.999  99.999  0.019  0.018  0.011  0.010  0.050  0.045  114   76 99.999 99.999   99   6.870763862  23.573286238  1  8 28.93 2014  2 10 2456698.54755707   200    I                   elara_01.10.14_0002.fits                           Elara                 2048  2048     1   0.000   0.000
   0.034  -0.045 1893.16  708.63 2.564    909.54   2271.40 23.758 23.733 99.999 16.361 16.336 99.999 99.999 99.999  0.273 99.999 99.999 99.999 99.999  99.999  99.999  99.999  99.999  0.005  0.004  0.011  0.010  0.051  0.046  115   80 99.999 99.999   99   6.870750304  23.573292618  1 11 53.89 2014  2 10 2456698.54992925   200    I                   elara_01.13.39_0003.fits                           Elara                 2048  2048     1   0.000   0.000
  -0.038  -0.017 1893.05  711.57 1.408    351.67   2909.58 23.807 23.876 99.999 17.442 17.510 99.999 99.999 99.999  0.296 99.999 99.999 99.999 99.999  99.999  99.999  99.999  99.999  0.002  0.001  0.009  0.011  0.044  0.051  108   78 99.999 99.999   99   6.870736456  23.573326933  1 15 18.86 2014  2 10 2456698.55230161   200    I                   elara_01.17.03_0004.fits                           Elara                 2048  2048     1   0.000   0.000
  -0.040  -0.079 1893.83  714.07 1.545    527.26   2829.28 23.809 23.811 99.999 17.004 17.006 99.999 99.999 99.999  0.261 99.999 99.999 99.999 99.999  99.999  99.999  99.999  99.999  0.002  0.002  0.010  0.010  0.045  0.044  110   75 99.999 99.999   99   6.870724047  23.573336477  1 18 43.83 2014  2 10 2456698.55467398   200    I                   elara_01.20.28_0005.fits                           Elara                 2048  2048     1   0.000   0.000
  -0.040  -0.041 1893.16  716.35 2.132    737.42   2661.69 23.843 23.867 99.999 16.673 16.697 99.999 99.999 99.999  0.290 99.999 99.999 99.999 99.999  99.999  99.999  99.999  99.999  0.043  0.041  0.010  0.010  0.048  0.046  115   79 99.999 99.999   99   6.870711682  23.573373513  1 22  8.80 2014  2 10 2456698.55704634   200    I                   elara_01.23.53_0006.fits                           Elara                 2048  2048     1   0.000   0.000
   0.055  -0.039 1894.00  717.89 1.913    521.79   3072.26 23.783 23.815 99.999 16.990 17.021 99.999 99.999 99.999  0.298 99.999 99.999 99.999 99.999  99.999  99.999  99.999  99.999  0.008  0.007  0.010  0.010  0.045  0.044  117   78 99.999 99.999   99   6.870701277  23.573400814  1 25 33.78 2014  2 10 2456698.55941870   200    I                   elara_01.27.18_0007.fits                           Elara                 2048  2048     1   0.000   0.000
   0.015  -0.082 1893.46  719.71 2.489    937.43   2511.98 23.698 23.698 99.999 16.268 16.269 99.999 99.999 99.999  0.323 99.999 99.999 99.999 99.999  99.999  99.999  99.999  99.999  0.028  0.029  0.010  0.011  0.047  0.050  108   72 99.999 99.999   99   6.870688112  23.573415278  1 28 58.76 2014  2 10 2456698.56179125   200    I                   elara_01.30.43_0008.fits                           Elara                 2048  2048     1   0.000   0.000
  -0.036  -0.099 1893.20  722.80 0.953    291.37   3096.77 23.710 23.682 99.999 17.549 17.521 99.999 99.999 99.999  0.323 99.999 99.999 99.999 99.999  99.999  99.999  99.999  99.999  0.045  0.045  0.011  0.010  0.051  0.048  113   80 99.999 99.999   99   6.870674710  23.573437328  1 32 23.75 2014  2 10 2456698.56416380   200    I                   elara_01.34.08_0009.fits                           Elara                 2048  2048     1   0.000   0.000
   0.043  -0.040 1894.00  723.98 1.848    520.11   2840.56 23.772 23.734 99.999 16.982 16.943 99.999 99.999 99.999  0.282 99.999 99.999 99.999 99.999  99.999  99.999  99.999  99.999  0.002  0.002  0.011  0.010  0.052  0.049  113   80 99.999 99.999   99   6.870663945  23.573479892  1 35 48.71 2014  2 10 2456698.56653597   200    I                   elara_01.37.33_0010.fits                           Elara                 2048  2048     1   0.000   0.000
